501344
501021
499444
500961
501066
499673
501386
501741
500446
500264
500371
500604
500178
499688
500045
498941
501638
501238
499415
499313
498572
498085
499467
498960
500361
500147
500151
500251
497937
498931
499737
501109
499637
499624
498740
499364
499213
498493
499718
500019
498249
499413
500931
500891
499821
499216
499987
501808
498976
498484
500688
498503
499837
498788
499587
499459
498796
499535
498257
501414
502233
500637
499945
500031
499769
499265
500498
499853
500944
499112
500409
499947
500383
499697
499567
500988
499765
502689
501302
498353
497587
502611
502015
500413
499498
501147
499330
498491
498304
500059
499165
501788
500125
500854
499632
501827
500943
499795
500340
498629
500398
500473
501036
499430
500827
501473
500312
498516
498450
500167
501319
500997
500052
499835
499911
501588
498565
501051
500035
501895
498911
500681
500769
500828
500402
499733
500740
500643
500666
501783
501119
499826
499647
498314
500296
499920
496981
499010
498568
497973
498443
498567
500324
501126
499771
500596
498983
501622
498860
500177
500397
499906
499692
500966
497153
497942
499369
499823
499571
500378
498651
497703
497905
499725
501056
498581
500121
498169
499807
499513
498873
501481
501198
499952
500792
501090
499471
499026
498327
500392
501073
497846
501259
498200
499908
499721
501710
499613
500571
499960
499928
500095
498441
499861
499539
500116
501536
501256
500201
499676
498543
500120
499860
499251
500237
501360
498062
499434
499954
499633
499869
501946
499370
500377
499479
499294
499681
499871
500273
499831
500368
497822
498707
498823
499785
498546
501692
500709
501136
501049
499511
500083
502013
500574
499043
499375
499495
499473
500248
500576
500307
499411
498756
499964
500479
500231
499275
499549
499683
500806
500268
499336
500364
499409
499593
500018
499281
499541
501363
502329
499703
499349
497894
500952
501011
499573
497845
502043
500720
497791
499374
500852
499552
500404
499674
500188
498463
501992
500217
499762
500829
499304
499739
499909
499814
500370
500887
498017
500346
499796
497268
501097
501102
501936
499631
500367
501239
500785
499959
501383
501375
499614
498853
499915
500508
500594
500331
500463
500344
497634
498468
498072
500009
498287
499429
499982
499912
500187
499671
501063
499652
500559
499787
500922
500322
500843
499757
500836
501315
500549
500921
503032
502009
499356
499730
501631
500683
499194
499849
501494
499774
500266
498238
501440
498324
498992
501843
498863
500352
497884
500939
501575
500623
500349
501514
497926
499985
500795
499090
500164
499547
500186
499030
498215
499575
499797
497264
499386
499584
498345
499344
499866
500674
500298
499240
499602
500557
499738
500387
499611
497499
502187
500824
498334
500160
498832
499078
500583
501434
500130
500760
499618
499524
499181
500524
501019
500326
499476
500873
498834
499531
500653
500909
500490
500396
500055
500965
497994
501214
500060
499460
500295
499746
500136
499150
500263
499932
502232
501043
499123
499038
500513
501027
500850
500658
501269
499980
499655
499574
499822
500733
500613
497442
499406
499422
499585
500682
499628
500995
500012
498160
498575
501572
501381
499040
502107
499810
499564
500726
502615
498647
501264
499501
498607
497911
499596
500904
500488
500320
499416
499938
500474
499306
500834
501567
502319
500941
500131
499532
500495
499827
499716
501391
499220
500327
501643
499523
499431
499310
498747
500270
500374
500260
498360
498724
500509
499191
499255
501189
499743
498667
500519
500855
499309
501665
498622
501502
498874
499394
500037
500868
501254
499811
499428
500282
498592
500566
501657
500496
499682
501679
500933
499382
501838
501654
498975
500967
500787
499508
497627
500358
498731
499022
500902
500228
500789
500276
500954
499816
496821
499443
498362
499882
500823
498785
499999
502063
500407
500826
499039
501770
500323
501793
501730
503100
498772
499905
500560
501797
499768
499393
499497
498341
499561
501023
500333
499244
499122
499527
499451
502878
501396
500153
499158
500536
500503
500532
501672
499937
499843
498330
500588
499477
500516
499782
498504
499834
499855
497875
499808
498970
500272
500482
500342
499840
499629
500784
500006
501461
501167
500920
502094
502074
500199
500951
503480
499223
499488
497677
502102
502343
498812
500545
501197
499863
498821
498972
500487
499398
501523
499082
499072
497666
499558
499829
497243
499017
498106
501409
499379
502244
499463
501139
498298
500156
497670
498907
501307
498331
499231
499714
501009
499622
501158
500022
500089
500017
499266
501515
500706
500774
501203
498638
501637
501101
501753
499452
500049
500591
501095
500973
498340
499109
501132
502231
498576
501509
500293
498750
500172
498418
498288
500001
499124
501206
498591
500771
500805
501365
500569
500373
500597
499699
500426
499328
500258
501507
500514
500814
499211
498780
499542
498263
499079
499042
499505
498556
499383
498509
498184
500663
500339
500602
499442
498751
502166
500584
499267
500335
499850
498285
500747
499601
500971
501016
498749
499237
501875
499929
499286
500764
498820
501798
500804
498462
498445
500851
498797
499936
498984
500229
501453
499874
501994
499280
500146
501157
498896
502040
500428
501058
500084
500072
500547
498925
502364
500079
499792
500347
499748
500708
500963
499969
500507
500122
499134
497509
500898
500069
499616
498901
501833
498753
502206
499935
500185
500304
501040
499425
499586
500415
500316
500356
499151
499926
499533
500092
499701
499657
499092
501322
499625
501081
500013
498243
498344
502560
501429
500353
499340
499445
500701
501694
498962
498668
500722
498952
498996
498841
499333
500450
500677
502168
499623
500607
498387
500680
501418
498903
498220
498870
498111
498686
498790
498851
499293
499401
501303
500140
498959
500799
501089
499119
501113
502116
499359
500421
499852
500107
500612
500562
499717
500234
500539
500381
501881
500470
498795
499154
501062
501092
500645
499481
500648
498642
500277
501026
501107
497628
501035
500982
501364
499939
500940
502265
502339
500830
500048
501594
499071
499560
500318
501764
499802
500424
499540
498918
499650
499489
500240
499891
498408
498843
499350
498881
496583
500928
499461
498645
498746
500070
500646
500321
501030
497669
499758
500336
499838
501350
