79778
970915
564756
13151
51066
917031
164553
458513
147816
615332
991301
632928
998394
382100
607133
841923
890516
276917
253204
203681
700851
414330
132449
320215
231733
533164
293478
414270
935066
31094
160030
767311
938863
863147
563704
76281
306804
692884
652520
232950
780748
548979
748212
774494
772511
295020
188414
113826
18529
846207
392177
421344
994776
993473
193669
161149
249945
184094
371002
9882
746620
347262
589793
674112
119201
873335
832714
108260
435291
941390
223138
187517
501321
864493
477731
361377
725437
268475
831385
68837
734121
283245
240746
270229
377733
2239
584594
415942
743486
446649
334139
187237
747156
82298
440319
710275
344464
71611
693514
543450
369605
148100
450244
739591
204023
207584
423768
198337
709192
478458
197822
760965
266006
108749
882350
126502
625659
86361
603944
203002
121544
204921
165282
683336
628023
602556
77349
888649
629935
643787
359725
266075
847311
127094
679432
342461
533627
17370
590206
32102
175948
657301
38277
448188
988757
760573
243236
517243
765866
995045
347860
332321
424471
327409
331104
329172
206736
942125
424467
937466
582374
826644
601877
148578
465975
649704
325845
79109
351914
363243
498282
929242
351385
64559
426555
175386
259457
538119
960180
509616
517203
47052
289473
972018
239041
471906
673657
72300
37777
665924
56270
400485
301609
193762
642901
848767
461395
153671
809680
771154
195214
862191
348055
627695
526759
745739
608264
530335
213204
420502
548702
517666
481357
334473
569053
807796
28641
549354
364547
954392
727648
378288
374368
457407
91399
274289
13452
137834
434037
755956
578320
582294
196625
619505
750976
941378
921057
579825
867114
915939
70135
595499
194258
567261
549049
595771
618870
189464
716261
6511
185735
489365
215121
408438
911691
822615
260909
37356
952392
278959
831685
715483
731402
546713
123261
786159
884660
896701
942486
899712
442961
289724
940974
134971
857926
789956
78859
821574
842267
183449
166321
723345
879347
875088
208193
53046
177098
680276
744536
420022
405701
862918
88147
174618
498588
781372
748706
243232
290268
633535
302226
19105
220966
596328
919293
768542
124168
479821
378389
690124
909130
124001
368600
679780
983400
938695
483386
139600
446298
364295
541255
82420
931415
973600
278429
373261
219768
926307
556905
681210
227739
583696
842024
861835
679704
379227
674992
768771
160750
440113
233150
628509
217227
182504
369957
835874
667018
400615
558691
350253
481123
13878
944813
615617
449156
76090
853170
774760
212766
67016
293268
134553
526872
533195
566687
196775
214844
278344
568853
180218
854039
107599
808183
195231
736695
727968
637273
684403
49553
849242
709869
551351
190921
917745
163351
161486
552470
162963
888875
892196
669466
266857
770640
966205
645070
321106
955690
529120
807979
535401
12013
370879
793009
276593
509094
240257
986744
570217
755107
661606
287851
446095
190413
550628
331903
567735
407806
489757
537634
640786
113103
417426
563899
439517
486560
935173
353848
296275
5957
710701
906600
372281
182339
842535
603044
579538
948387
528716
261046
894414
243513
998199
73829
775855
499681
789707
496873
139438
356162
257395
835191
623173
435219
354641
382770
740160
880923
497773
613551
356690
641828
314691
386826
182549
580061
632938
86124
937367
389700
312219
291150
58989
408169
226741
855519
597421
961830
935691
699138
119621
384903
68850
409768
533606
260572
400564
158572
636557
776777
846842
172170
846964
809678
279428
992686
165364
613985
148365
679109
56296
979183
60198
691953
304012
556410
65263
414909
256162
201251
319385
244418
721719
616490
298206
727952
939635
793893
739761
383965
609076
696571
52015
362379
325229
125478
908334
355437
896123
432355
637466
679321
822897
833835
580355
400985
64438
472793
460257
461063
168633
741865
643934
760881
822872
890710
146232
306034
220154
488646
205781
237279
739717
627969
646264
206810
852143
606535
428814
762351
10655
476096
644471
566899
757270
29296
48509
717537
57426
113282
941721
667904
320339
224807
946676
47492
296534
344608
513058
4467
226571
948522
506092
908932
421412
242059
296878
37022
769256
419641
208715
268923
815749
358850
798853
898476
823176
843165
996677
875807
218118
686377
89143
799638
508940
808609
386684
940519
794612
194360
78020
399568
584205
201882
492809
246761
956738
373181
978108
771242
879995
86676
268705
834631
658702
581478
424325
937942
124819
492844
290236
141811
810192
612490
616004
145968
661906
166194
22300
550552
423799
196785
972440
143366
623636
335110
633066
32894
830069
911098
574604
602041
418914
774573
91659
821593
664410
746660
843117
518856
289439
892567
914042
264954
249471
870822
129729
594915
47240
591996
723410
169541
866999
923548
656173
816962
232108
482945
653332
294636
2845
277755
208708
689300
314583
739385
572585
314015
124470
736397
296717
46067
989200
607097
600619
999292
122779
874428
448347
999131
660062
572402
143069
280579
257473
871701
904009
773347
914574
310477
634022
167613
851781
496515
328110
907191
221477
447552
842642
646766
428564
310000
49022
221086
805134
678189
225119
504724
827135
679796
989950
932551
738784
352869
399380
77865
592026
337169
806525
281080
645720
510737
552241
300889
543585
743160
608540
891403
873624
999726
894295
260119
181038
228778
692305
289458
610542
993202
809200
565630
926829
358474
334852
824130
168132
335021
956907
469580
609231
159342
171941
737436
339648
884567
328737
10220
323277
729587
406645
122376
317362
273375
210657
909467
303044
213376
861639
427612
154188
863227
748759
758112
219260
426447
773238
463010
979616
723657
353268
374286
296655
662211
796819
739232
828678
218814
388683
520455
656127
309014
580339
896871
372585
970413
825661
808810
995789
55322
627651
704583
905695
115911
775559
962515
799187
40270
884622
840892
178880
429410
783143
87707
106516
100305
401278
215403
800081
558048
740428
491102
936935
616644
23692
782031
538278
475278
496609
609717
714876
829394
620932
84466
53037
499097
126163
83376
615839
377977
451490
444082
727462
85657
276952
980325
90282
130783
281863
897522
737200
556644
373178
722598
965033
340199
50321
571631
829018
716644
215434
879902
980753
380695
841720
885935
716994
590409
971414
611260
807841
323153
100399
328563
482360
749607
718609
106778
52142
480700
795964
414892
276625
367784
510109
958411
688703
712772
144349
182354
64527
277207
801310
354222
680211
581001
167968
398287
960328
902224
726693
381016
276261
864656
473132
376893
266895
64975
940604
664769
490888
237672
639812
183219
162848
194698
96301
925988
940097
4348
576997
655842
393935
477904
701376
594972
269748
241058
662452
224956
507595
965708
289456
209584
616102
549402
648368
30459
315858
719802
184684
963248
314168
72714
681629
644809
130053
918619
232573
738711
45563
745415
480741
334259
759027
352918
62948
839403
919397
957581
660335
774975
6545
249100
290620
920206
546387
326928
29871
285070
958344
543810
293460
496852
15205
240693
866414
731410
670280
573515
991203
564743
