2501630
2498718
2502519
2498827
2499396
2500066
2500254
2500315
2502934
2498758
2500525
2499148
2499963
2498448
2499418
2499604
2501207
2500521
2500266
2500081
2498741
2498809
2498462
2500438
2500217
2500578
2498941
2500136
2501279
2500584
2499814
2498916
2500502
2499507
2500717
2500847
2499757
2499932
2500281
2499884
2498917
2500507
2499500
2499729
2503563
2499589
2500031
2500504
2500195
2498413
2498603
2501116
2499777
2500647
2501609
2500100
2499191
2500088
2502290
2502231
2501304
2501615
2501943
2499322
2498567
2500029
2500606
2499103
2499227
2501635
2499286
2501108
2499444
2499859
2499373
2499331
2500437
2499111
2499139
2500897
2500134
2500656
2499408
2499222
2499340
2500850
2499506
2500366
2499955
2500275
2499018
2501534
2499137
2499889
2499303
2500535
2500034
2499515
2498600
2501399
2500553
2500270
2500512
2499099
2500814
2498586
2499469
2501128
2498841
2500289
2500471
2499420
2499964
2499869
2500425
2500640
2498998
2499440
2501138
2500032
2500308
2501417
2500299
2499221
2499737
2500110
2499291
2499126
2501225
2500452
2498629
2501674
2498895
2499376
2500590
2499819
2498627
2501097
2501177
2499598
2500001
2499917
2499584
2501720
2499555
2500279
2499675
2500555
2499121
2501325
2499347
2499661
2500543
2500311
2501712
2499773
2499942
2500930
2500712
2500007
2499482
2498096
2499242
2500397
2500062
2498461
2501474
2500170
2499784
2499821
2499833
2498738
2500613
2500155
2499293
2500636
2502033
2498945
2498914
2499764
2498040
2498843
2498691
2501144
2497951
2500577
2499267
2498314
2500608
2500117
2500558
2499612
2498437
2501783
2499473
2500661
2499681
2499921
2498625
2499231
2500421
2500667
2499742
2499699
2498609
2499723
2500985
2500948
2501263
2500817
2500148
2498835
2501594
2499344
2501187
2499659
2499864
2500457
2500946
2500840
2500467
2499967
2499384
2499697
2499550
2499509
2500470
2500506
2500582
2500611
2499061
2499393
2500079
2500728
2499306
2498445
2500090
2502618
2498814
2501710
2500588
2499153
2501058
2501264
2499765
2499688
2498769
2500567
2499634
2499611
2499025
2501818
2500539
2500332
2499079
2499872
2500116
2500801
2500412
2498368
2500420
2499335
2500209
2499083
2499798
2499021
2501657
2500181
2498404
2501030
2500113
2501565
2499801
2499820
2499890
2499974
2499395
2501004
2500508
2500541
2501868
2500532
2499571
2500970
2500143
2501338
2500789
2502350
2498411
2499309
2500202
2500396
2500304
2501768
2499531
2498179
2498976
2498110
2498214
2499635
2500288
2500476
2502043
2501484
2500047
2499919
2500490
2499553
2499628
2498293
2500216
2500436
2499182
2500030
2499090
2500956
2498878
2501352
2500603
2499257
2500350
2498575
2499067
2499788
2498443
2501245
2499288
2499858
2499503
2500284
2499516
2498834
2500986
2499400
2500238
2499674
2501044
2499639
2499779
2499381
2502346
2499935
2499564
2501794
2498605
2501605
2499617
2499838
2500084
2499164
2498874
2499189
2501344
2496353
2499685
2500159
2499607
2499052
2501336
2501265
2498324
2501246
2500186
2502813
2503363
2500808
2499668
2499480
2499653
2499070
2499161
2499962
2500655
2499547
2500220
2498713
2500429
2498273
2501182
2500580
2498502
2501287
2500292
2501131
2499960
2500722
2501235
2499759
2499389
2498671
2499180
2500060
2501623
2500432
2500199
2501843
2499519
2500125
2498459
2500205
2500222
2501458
2499332
2498025
2499957
2500290
2499690
2499585
2498888
2499797
2499518
2498922
2499450
2498930
2498504
2499958
2499313
2500674
2500947
2500540
2497410
2500416
2500403
2499903
2500112
2498208
2499624
2497903
2501708
2501476
2501155
2500365
2498680
2499207
2498937
2500150
2502497
2502277
2500657
2499916
2498341
2499253
2499386
2500102
2500297
2500718
2501153
2500707
2498850
2500080
2498640
2501806
2499603
2499541
2498310
2500797
2501614
2497316
2498009
2501136
2501289
2498956
2499599
2500900
2499510
2501006
2500336
2500360
2500131
2500623
2499836
2498371
2496135
2500690
2500487
2501755
2501010
2500723
2500662
2497821
2499117
2500370
2498522
2499517
2499382
2499146
2500812
2499679
2499560
2497908
2500201
2499298
2500044
2499281
2498345
2499089
2500123
2501133
2497328
2497886
2499705
2500184
2498661
2503040
2498306
2500305
2498951
2502475
2500910
2499096
2498925
2501610
2499743
2500798
2499276
2498803
2499537
2501380
2501539
2499056
2500915
2499596
2499435
2499906
2499054
2498545
2499023
2501067
2499220
2499700
2498170
2498210
2500809
2496273
2499489
2501815
2500318
2499543
2499998
2499666
2499724
2500589
2501367
2500824
2500478
2501326
2500156
2497780
2500208
2501723
2500751
2498853
2500072
2500546
2499972
2499970
2499202
2502286
2500695
2498771
2500330
2499351
2498868
2500269
2498973
2499178
2499781
2498768
2501034
2499925
2501913
2499879
2500645
2497842
2499703
2499897
2499024
2501406
2501653
2499205
2498367
2499762
2500916
2500149
2500422
2502057
2501784
2498879
2499896
2499010
2499403
2499902
2500440
2499195
2500036
2500087
2498823
2499493
2499827
2499874
2502983
2500984
2498407
2499875
2502341
2499601
2500161
2499643
2499572
2501176
2499129
2499640
2498900
2499494
2498140
2499530
2499709
2500826
2499310
2501513
2500165
2500804
2500247
2499156
2499809
2498620
2498584
2500644
2499548
2498477
2501431
2500194
2498022
2500126
2500248
2500890
2501416
2500433
2500658
2500024
2501022
2500449
2499107
2499446
2499424
2499370
2500892
2498873
2500000
2501766
2500488
2498840
2500841
2502592
2499297
2500528
2499334
2499398
2501754
2501157
2498716
2499934
2500407
2500187
2500955
2497649
2499936
2500987
2500891
2500932
2501220
2498550
2499451
2500379
2500002
2502903
2499087
2499486
2499602
2500703
2499377
2498684
2500106
2499036
2499409
2499554
2500076
2497364
2499230
2499065
2500738
2500022
2500005
2498908
2501882
2499263
2499320
2498262
2498899
2499498
2501737
2501878
2500533
2499746
2499789
2499774
2498950
2499720
2501002
2500836
2502140
2499630
2501792
2499250
2502243
2500249
2498631
2499726
2500922
2497308
2499854
2500073
2500326
2500258
2499608
2500752
2499646
2499817
2499756
2501438
2499388
2500665
2499434
2500077
2499551
2499676
2501062
2501939
2501143
2500253
2498232
2499837
2499264
2498353
2499300
2500736
2499151
2499308
2501368
2500045
2500211
2499627
2501081
2500082
2501626
2500857
2500141
2499956
2499670
2500519
2500182
2499246
2500827
2500633
2499199
2500231
2500832
2499991
2500862
2499114
2498824
2498652
2499847
2499923
2499775
2500173
2499813
2501083
2497712
2501345
2499912
2498458
2498350
2500729
2500503
2499118
2499269
2500538
2499285
2499546
2500046
2499848
2500724
2500411
2499529
2499867
2500019
2499535
2499822
2499839
2498595
2499026
2502723
2500364
2500218
2500458
2499545
2498316
2500474
2500831
2499200
2499933
2500464
2498905
2501735
2502107
2500759
2499877
2501377
2499949
2501481
2499871
2499468
2500791
2499556
2501533
2500021
2499590
2500851
2500321
2500473
2499652
2501844
2501705
2499713
2500776
2500010
2501616
2500765
2500320
2498820
2502562
2500980
2497823
2500618
2498123
2501748
2500472
2500880
2498564
2498720
2500243
2500056
2499939
2498181
2501960
2499663
2499692
2499290
2501831
2500762
2499583
2499116
2500564
2500748
2498642
2499725
2499544
2499731
2499979
2498898
2500139
2500224
2498553
2499721
2498787
2500006
2498894
2501589
2502190
2500848
2502212
2500671
2499730
2500450
2500595
2499610
2500911
2498724
2498126
2499965
2499080
2498028
2501333
2500242
2498366
2499233
2500362
2498508
2497533
2501358
2500252
2501202
2499834
2501068
2499487
2499144
2500369
2499198
2501542
2499655
2500415
2498977
2498904
2501170
2501791
2499913
2499172
2500312
2499597
2498838
2498881
2500197
2498833
2498727
2499678
2501478
2500486
2498426
2499706
2499245
2500481
2500778
2499513
2499327
2499171
2500137
2500534
2498981
2498983
2499826
2501597
2500938
2498552
2498669
2500065
2498363
2498936
2499412
2500523
2498697
2499387
2500744
2499413
2500114
2500101
2501364
2498754
2501700
2500501
2500259
2499978
2499747
2499158
2499128
2499430
2500571
2500124
2498818
2500735
2499573
2500348
2499910
2501168
2498828
2500343
2498294
2500513
2501037
2498485
2498923
2499866
2500240
2500039
2500221
2499741
2500204
2499667
2497944
2500230
2500870
2498863
2500129
2500324
2500914
2500375
2499525
2500389
2499338
2499654
2499904
2497802
2498215
2501127
2500635
2498348
2498760
2499704
2499940
2500746
2498519
2500815
2500734
2499150
2500725
2498918
2499046
2500025
2499349
2499491
2498058
2500740
2500630
2500092
2500152
2498418
2498842
2498772
2502137
2499086
2498812
2501288
2501026
2500537
2501429
2501535
2501500
2497373
2499895
2501215
2499051
2499192
2499484
2501716
2501355
2499187
2498328
2500668
2500951
2497900
2499524
2500581
2501042
2499405
2499950
2499886
2500669
2499102
2498703
2500453
2498755
2500865
2499574
2499345
2500629
2499994
2501552
2499127
2499633
2501887
2500048
2498337
2502001
2501111
2500391
2500960
2501036
2501413
2498656
2500285
2499459
2499106
2499754
2500203
2499170
2500566
2499319
2498408
2500462
2501129
2502416
2500587
2499637
2500844
2500386
2499125
2500166
2500463
2500278
2499501
2499528
2498063
2498498
2499536
2499251
2502664
2501525
2500367
2501151
2499028
2499213
2500638
2500475
2500937
2500769
2499470
2499909
2500371
2500958
2500272
2498068
2500095
2498456
2499885
2501353
2497940
2499098
2500245
2502074
2497411
2498999
2498890
2498574
2500887
2499738
2500225
2498199
2500063
2500424
2499595
2500833
2502781
2500782
2500344
2499492
2499577
2497705
2499954
2500061
2499001
2500015
2500232
2500334
2501558
2499445
2498466
2501528
2500663
2499578
2500178
2499770
2501891
2499228
2498647
2500941
2500356
2502478
2499658
2498159
2500756
2499119
2500830
2499481
2498892
2498527
2498621
2501832
2499429
2499778
2497973
2499477
2499210
2499945
2500950
2499806
2500967
2499846
2500895
2501479
2498583
2501066
2500626
2500431
2500753
2499997
2500122
2499341
2501197
2501814
2500679
2501145
2500933
2501185
2500020
2498791
2501382
2499273
2499995
2500766
2501475
2500469
2500004
2500301
2498390
2501410
2500028
2500536
2499883
2500522
2500996
2499900
2498029
2501607
2498209
2500697
2499407
2499000
2501379
2499063
2498675
2501137
2500328
2500568
2500691
2499750
2502822
2501090
2500683
2498749
2500069
2498440
2499651
2499662
2499880
2498915
2498753
2499353
2501159
2498559
2499261
2499996
2500190
2501617
2499027
2499457
2501303
2500925
2497240
2500244
2500241
2498074
2500096
2499181
2500879
2500358
2500349
2501685
2499499
2501350
2498944
2498590
2498666
2498233
2497759
2499739
2499803
2499115
2500654
2496637
2498282
2499174
2499745
2500339
2499449
2500995
2499641
2498663
2501130
2500448
2500098
2499368
2498641
2500093
2500317
2501274
2500142
2499968
2501649
2499716
2500819
2501322
2500730
2500346
2499397
2499094
2502821
2499693
2499532
2501194
2499294
2500731
2499825
2498696
2499422
2500944
2499358
2499456
2500264
2499279
2499787
2499985
2497785
2499569
2501184
2499003
2498729
2498308
2501244
2499059
2499311
2499033
2500737
2499728
2500721
2500376
2499460
2500119
2500300
2501140
2498551
2500733
2502262
2499287
2497922
2498516
2501428
2502248
2500223
2500562
2501019
2498425
2500631
2500465
2499238
2498311
2501069
2499248
2502000
2499816
2500689
2498228
2500294
2499980
2498535
2499152
2498689
2498480
2499337
2499625
2500693
2499462
2500498
2501556
2498386
2499796
2502850
2500650
2499495
2499015
2500388
2497845
2497847
2500147
2498885
2499901
2499262
2498632
2499438
2499733
2501055
2499378
2499244
2500227
2500702
2498555
2499689
2500352
2497936
2500909
2500963
2499359
2499973
2501798
2499371
2499132
2500805
2499702
2500368
2501391
2500517
2500516
2500158
2498623
2499193
2499579
2499392
2501954
2497909
2499110
2499032
2501240
2500067
2498938
2500442
2500594
2498571
2499135
2497585
2501123
2502456
2499783
2499324
2499755
2499497
2500115
2498807
2499203
2500229
2501061
2501619
2499454
2498247
2500091
2500246
2502251
2500706
2499305
2499749
2498561
2498130
2500549
2499219
2501179
2500434
2496454
2502530
2499009
2500755
2499234
2499275
2499504
2498284
2500390
2500460
2501516
2501161
2499878
2500385
2498902
2500727
2501340
2500591
2499989
2499587
2500133
2502175
2497868
2502375
2500499
2499576
2498245
2499006
2498882
2498960
2499321
2497791
2500466
2500237
2498303
2501299
2500882
2498966
2498046
2500359
2498851
2500070
2500309
2501070
2499623
2498481
2501901
2498934
2497766
2500505
2499758
2500382
2499039
2498830
2500400
2499301
2498676
2497929
2501093
2499981
2501266
2498213
2501402
2500684
2499893
2500419
2498952
2501228
2499092
2498907
2502260
2500337
2501332
2500965
2499732
2500381
2500659
2501394
2498867
2498866
2497999
2500554
2499851
2500696
2501388
2498989
2497112
2499792
2499881
2499682
2500972
2499649
2499959
2501691
2499876
2500174
2500127
2501218
2500296
2501546
2501833
2501970
2500758
2498410
2499614
2500206
2500145
2500859
2499520
2500781
2500492
2499272
2498719
2500918
2499888
2499005
2498509
2500699
2501839
2499237
2502076
2500441
2501538
2499992
2500692
2500489
2498765
2500050
2499186
2498726
2499891
2498949
2501295
2500686
2499526
2499140
2499316
2498618
2499467
2496892
2499606
2499197
2497688
2500233
2500392
2497933
2499439
2500399
2501115
2502577
2501017
2499664
2498591
2499016
2502196
2497803
2501611
2497583
2499918
2499795
2499058
2498921
2501173
2499686
2500617
2500255
2500057
2500957
2500959
2501154
2501357
2499899
2501234
2498062
2498295
2500132
2500802
2499476
2501392
2500524
2500280
2498105
2498596
2498660
2501550
2500545
2499615
2502617
2500193
2498540
2499100
2500130
2501020
2502119
2502522
2499375
2501742
2500793
2500883
2500374
2501104
2497363
2501096
2499805
2500384
2498685
2498570
2500905
2500051
2499567
2498657
2500559
2501517
2499479
2498597
2499485
2500168
2500787
2499710
2498115
2500482
2501007
2498929
2500893
2500818
2500672
2499831
2499753
2500261
2500040
2499808
2500298
2499982
2501307
2498090
2500520
2501835
2497841
2499017
2500404
2499415
2501772
2499856
2499280
2502474
2498365
2498974
2498264
2499212
2500003
2498789
2499835
2499842
2498955
2500325
2501183
2500913
2501335
2500401
2501071
2500934
2499711
2500557
2500104
2500171
2498764
2498903
2497104
2501493
2499552
2500085
2501049
2500276
2498794
2500175
2500678
2500461
2499799
2500901
2499683
2499588
2498715
2502733
2502109
2502167
2501238
2500074
2501209
2499928
2499122
2500446
2501518
2500602
2499644
2501316
2499108
2500053
2498572
2499502
2499394
2497979
2500688
2500579
2499609
2499452
2498887
2498957
2500855
2500286
2500598
2500902
2499818
2500430
2501278
2499863
2501408
2501922
2497755
2501731
2499333
2500456
2500099
2499488
2497971
2500726
2501312
2498971
2500307
2498127
2498670
2498770
2497924
2499317
2499176
2501381
2499712
2501655
2500277
2499695
2500842
2497611
2499194
2499557
2500754
2500542
2500977
2501940
2498619
2499419
2500283
2501056
2502087
2500314
2500169
2498602
2501571
2499505
2499278
2501100
2499534
2500935
2500961
2499952
2501821
2500625
2499314
2501014
2499236
2501242
2498690
2498616
2500825
2498528
2500796
2501697
2500118
2499401
2498042
2500714
2502067
2498826
2501471
2498406
2498176
2499471
2500926
2499062
2500779
2500447
2499744
2500327
2501906
2499861
2500497
2499768
2499113
2498792
2502030
2497769
2498420
2498817
2499669
2501384
2499616
2501085
2498693
2500694
2501869
2499095
2498184
2501076
2499632
2500981
2500378
2499660
2502725
2502178
2501667
2497742
2499168
2501463
2502014
2498978
2501544
2500861
2501132
2501580
2502009
2500966
2500410
2498450
2501270
2500643
2500078
2500652
2499828
2502134
2501226
2499734
2500180
2499810
2499112
2501642
2499832
2499575
2498706
2500912
2497718
2500982
2498520
2501253
2499790
2502095
2500670
2501180
2498416
2500906
2501028
2497996
2501728
2498615
2500138
2499145
2498568
2500664
2500329
2501409
2499586
2500164
2497846
2499068
2501767
2499938
2499352
2498979
2499931
2498223
2501237
2501537
2500172
2501452
2499735
2500942
2500599
2499811
2499463
2501925
2499379
2499206
2500257
2498901
2500921
2498423
2500971
2499355
2499907
2499650
2499943
2498059
2501526
2499800
2500792
2501124
2502071
2500426
2498372
2499804
2500177
2500454
2499241
2499987
2499672
2500444
2499030
2499673
2498821
2498357
2500214
2500749
2501106
2500111
2502696
2499085
2498030
2499752
2501008
2501946
2499975
2498169
2498752
2502424
2502002
2498506
2498495
2499037
2499830
2501016
2498389
2502201
2499892
2500637
2500011
2499523
2500822
2500267
2500408
2498581
2500043
2501057
2501536
2499049
2500347
2498521
2501063
2499002
2498756
2500510
2497699
2500837
2499011
2499701
2498910
2499162
2497460
2501178
2498474
2498933
2501272
2502679
2500251
2500037
2499862
2498839
2501050
2500800
2500583
2499208
2498667
2499722
2501166
2498589
2499472
2501273
2500988
2498056
2499069
2497448
2501407
2500491
2499772
2500529
2498207
2498424
2499425
2498825
2501639
2499369
2499421
2499042
2499687
2500610
2497644
2499656
2498415
2498927
2498101
2500561
2499969
2501403
2501118
2499648
2501251
2498985
2499566
2501305
2499339
2501547
2498844
2498338
2502193
2499270
2499986
2501200
2499255
2500455
2500310
2500660
2500183
2499582
2499081
2499600
2498837
2501853
2500715
2501213
2501588
2501009
2499299
2501764
2498226
2500565
2499591
2500939
2501778
2500210
2500964
2498948
2500484
2501260
2501150
2501426
2497884
2499295
2501059
2500894
2498146
2498872
2499971
2501311
2500531
2501262
2500405
2499348
2499088
2499031
2499190
2501271
2499829
2500651
2499983
2499539
2501393
2501996
2499621
2499563
2497634
2501974
2499568
2501422
2502036
2500393
2501233
2501601
2500340
2499274
2499365
2500176
2502102
2498802
2501343
2497449
2498708
2500648
2500835
2497095
2499642
2501420
2499944
2499019
2499592
2500219
2500345
2500451
2501593
2500417
2499453
2498783
2500550
2498149
2499785
2499417
2500511
2497920
2502373
2499782
2499364
2499282
2502194
2500585
2499629
2499007
2501397
2499947
2501637
2498912
2498926
2501135
2500013
2501204
2500620
2501738
2498832
2499990
2499328
2501424
2499988
2498773
2499091
2501072
2502735
2501254
2500167
2500641
2501829
2500409
2499433
2499844
2497988
2501870
2499184
2503278
2500666
2499708
2498986
2498168
2501427
2498796
2500548
2499926
2499390
2501681
2500923
2499922
2498778
2501776
2502807
2500614
2498860
2500333
2500885
2498924
2499047
2502007
2501912
2501229
2501376
2500816
2499014
2500282
2500154
2500302
2501171
2499416
2500234
2499399
2501000
2498394
2500144
2498141
2500342
2501641
2502010
2499908
2500479
2500354
2501387
2500592
2501689
2498963
2500732
2500075
2501687
2498793
2501451
2498854
2498801
2500530
2501411
2499793
2500621
2498859
2500500
2499771
2501293
2500128
2498678
2499815
2499478
2499045
2500068
2498331
2501405
2498710
2500552
2501622
2497050
2500160
2499966
2499211
2501741
2499218
2502156
2501973
2500701
2499155
2499066
2500107
2502003
2499215
2500600
2499929
2499035
2497911
2498992
2498889
2500634
2497960
2499645
2498470
2499402
2499350
2498735
2500428
2501005
2501953
2500931
2500398
2500719
2498523
2500823
2499930
2498135
2499163
2497502
2501464
2499618
2502105
2501786
2498044
2499714
2500953
2501825
2499271
2501432
2499423
2500646
2499694
2500064
2501080
2499558
2498633
2499521
2500605
2497586
2497509
2501683
2499342
2498798
2499594
2500012
2499266
2500236
2500207
2501569
2499496
2499354
2498544
2500821
2500185
2501527
2499719
2499165
2498094
2498402
2497747
2500515
2501040
2498681
2498099
2498928
2501275
2500213
2502204
2501041
2501256
2502053
2501283
2501822
2500509
2499527
2498698
2501496
2498897
2500924
2500097
2497969
2500875
2499123
2500200
2500341
2500033
2499013
2498747
2499124
2501163
2499823
2501632
2499240
2500228
2499385
2501205
2498405
2497428
2499329
2498478
2502856
2498804
2499254
2502713
2498810
2498745
2501775
2499055
2500035
2502084
2497715
2502246
2501296
2500514
2499580
2499057
2500303
2501206
2499265
2498573
2500795
2499289
2502536
2498276
2501548
2498385
2499976
2500263
2501025
2498257
2500700
2498608
2498011
2501389
2502019
2500560
2497935
2500889
2501084
2499012
2501021
2498990
2498500
2500764
2500743
2500239
2501830
2501306
2498080
2500527
2499776
2501587
2498811
2500969
2498212
2499105
2497229
2502693
2499101
2501733
2498484
2502717
2501779
2502379
2501540
2498782
2500681
2501319
2500055
2497972
2498539
2501747
2497686
2498634
2498650
2498558
2501404
2500760
2498071
2501230
2499953
2500338
2501563
2498145
2499696
2499229
2497997
2499075
2499325
2499343
2499511
2500351
2499911
2498465
2501523
2501400
2500395
2501023
2500596
2501867
2498547
2500556
2499845
2500869
2499680
2499490
2501290
2497733
2497941
2500763
2500135
2500709
2501359
2498829
2501498
2498352
2501141
2500675
2499791
2501439
2499216
2500089
2501086
2501576
2500265
2500439
2499570
2498598
2498980
2500335
2501826
2498344
2499855
2498931
2499383
2499873
2501752
2500563
2501692
2501348
2500820
2498864
2501199
2501521
2500741
2500943
2501152
2498541
2499109
2501753
2500843
2502117
2498286
2499072
2498880
2502578
2501449
2499951
2500394
2500976
2497869
2499915
2501726
2498891
2498815
2500058
2501686
2497320
2499807
2498287
2501858
2498362
2500790
2500235
2501509
2499483
2500357
2501329
2499894
2497928
2500157
2502325
2498196
2498439
2500576
2501758
2501846
2500477
2502150
2501109
2502454
2500609
2498265
2500573
2498855
2502678
2500949
2500042
2502047
2501401
2501365
2501704
2501101
2499761
2499620
2500316
2500018
2501596
2499214
2500604
2500094
2499540
2501113
2501690
2501581
2501935
2498235
2498748
2498224
2497992
2501102
2500383
2501031
2498512
2499466
2500518
2501702
2499175
2502292
2499020
2501193
2498319
2499154
2498388
2501054
2500829
2500361
2501107
2498120
2500867
2500274
2501717
2498813
2498248
2501423
2501440
2500027
2497706
2500198
2498870
2499166
2500483
2497888
2501285
2499318
2501469
2500750
2502342
2499740
2502517
2500387
2500105
2500624
2501224
2498579
2500256
2498795
2501448
2499751
2500908
2500026
2498668
2501515
2499361
2499336
2498301
2498218
2498534
2502005
2500179
2499448
2498511
2499684
2501437
2499961
2499159
2500757
2501811
2498530
2503694
2501950
2502605
2501372
2499315
2499084
2500059
2501664
2501269
2499559
2498909
2502020
2500162
2498191
2501241
2501330
2501385
2501013
2501239
2502263
2498940
2499225
2498275
2501039
2500866
2498993
2500120
2500355
2500575
2500720
2502532
2498383
2499927
2501512
2501386
2498692
2502160
2499428
2501745
2498845
2497762
2498856
2498557
2500146
2501121
2499549
2499060
2498606
2500192
2499217
2499924
2498964
2498494
2498585
2499812
2499565
2500023
2499780
2500945
2500962
2498943
2502008
2500215
2498227
2499905
2500597
2501047
2499636
2498086
2501201
2499860
2500853
2498014
2499512
2501627
2500713
2499849
2501507
2497485
2498116
2499865
2498556
2497499
2501219
2502921
2500485
