4908222
2084517
4529158
1960215
1160484
703609
3168490
425640
3788502
4826548
313743
842207
4548346
43082
269010
1929531
186833
4653699
4861327
2581002
1550582
1184984
2096591
359472
2204900
2297365
442497
2974782
697751
2506158
4417221
1743254
4943370
1510570
4066129
2484449
4543366
2564077
3655860
238996
3472864
3812889
3898793
3191776
3722308
2175635
4537335
4244082
338671
4764872
1644641
442114
3980277
1696854
873326
1873935
4843606
569520
65247
261005
1230714
1251052
2046686
388774
4627441
1844335
3300564
434586
2313156
4314822
3615451
4184752
591081
162670
3716003
4764436
4616924
4943022
2102683
1585906
3685255
674318
4594856
458965
4414580
1904575
4341884
236149
1323610
3704372
522757
1362037
4638426
2617535
3286004
1044526
2701603
4243050
342512
1197164
1611924
4709434
1662578
676003
4305179
911545
1084869
2921532
504900
3806527
3190297
1860563
3343021
401833
24238
4124288
986622
2832320
4043553
2017623
1346089
891685
1699176
3397962
3780809
2812985
793329
454052
2986571
3958153
534766
824918
58960
4159126
1552643
1542410
1742474
1256494
276281
4885461
212282
621834
4409552
4362919
3668044
3665666
992534
4577243
1188490
2308236
4559752
1271996
1087512
304328
400980
1211732
4006179
4687590
2470767
640537
2148697
3555907
1761794
4720978
1300760
188933
3144858
1133270
3212126
737883
18627
1846665
607367
3579805
2638493
4831401
2980301
2391469
4111087
268748
691241
4944520
4820578
4578975
2201021
1182912
1012348
4808247
1821505
2908447
964938
3624447
3336477
3867862
4783151
1197223
3774360
38783
2818227
4239561
1580716
1486833
4219344
4588444
2784371
4059899
3268956
3066823
25824
3317428
3026379
2139553
1689505
886281
2305181
3458503
4256859
3692126
1542001
1687077
4275166
3803751
3910718
2919875
89706
4672246
3714056
1638422
1329500
4408307
4513752
1549621
4039298
4235028
2199872
2063046
1302868
253579
941968
234509
4442141
1614387
2937518
4328020
727857
4963199
4688554
3978817
2979721
4854835
1371814
1943747
3936321
1027963
1373865
4223018
4539661
1029898
749113
4015352
4218279
1971515
1409783
3253612
2546951
1424580
2181803
964170
1659799
783299
94234
266159
2939961
4959565
910386
2331517
236019
3195658
4109208
4664519
2550953
4882924
4762285
2059508
2366521
3003727
3327479
1848429
2125794
242974
3226300
1572481
4055023
4638367
3020979
521948
943445
585140
2962994
1320200
855767
1877142
2778291
4195583
346354
67150
1040284
252620
1594093
2973990
4729267
2857986
1664734
1249789
3139632
1755073
515150
612393
4516046
588873
2545518
2329060
2487465
1626426
1811317
263454
261111
679435
1355204
2280183
1360582
4036130
869385
363936
4035248
4146279
4821796
4058729
4685977
3001920
1918017
1106233
1164642
4408278
1847943
1888952
2237757
1889268
4563291
3327273
2290501
1570197
3828464
4687973
822722
737365
3663518
643603
4864803
3835603
3167410
2587256
4127187
3067387
1635307
4609822
2838795
2344516
111716
382874
3791043
2045418
4809990
3392937
713833
1287826
2130258
4565539
450987
4752557
4525823
1744223
855436
4915797
2526464
2321276
3664827
2934334
2109240
1808005
1189264
4017662
3590546
3880749
4821217
4312151
2637943
3611148
543920
2827827
2495158
4619633
2018355
686456
1035214
4171684
4424356
1181558
2884424
2342272
2614161
3795656
153892
1161458
2513690
3163737
750647
3845098
657871
3824253
1549010
4198356
4880664
1677189
449219
4836200
2746741
2509384
2369354
2670863
2950051
429331
2885724
2296826
4334044
3133561
3400373
3384351
361095
2433112
1758033
4069417
2719663
3155010
1722043
4228336
1017360
4671792
3927240
3787515
2026427
2313269
1875343
2964802
1918315
3485334
1485861
2841096
940197
3356668
98196
4241584
1892491
4636768
791891
1186580
607102
1038239
1948325
2377346
2479591
3286751
3815685
1410558
4056256
806572
4917864
1052813
700413
1512869
2485332
58088
4739317
3259737
2370583
4082059
332599
1503215
1717596
2805879
2472751
2891559
4217805
4571302
3737520
3283515
186933
929841
4899713
2676230
3756813
4296401
550746
4010195
1238170
514030
1781693
3901264
3397410
787666
3301053
3557579
1193091
1644065
2976833
2210308
3867789
4806208
2918530
490571
720020
2993122
2756939
3421478
3996737
917881
304782
3380666
4564803
3322447
2199109
4462741
1799458
4929022
855446
2243114
1508182
2470123
2476895
406929
3079595
4962488
4081955
4932368
1440300
4364054
4120957
3189571
3908207
3887923
1662570
838335
120563
1825265
645186
4705285
3608940
2211690
863503
4312123
1734686
2976419
3023568
2508742
2403792
1464483
1623554
3752745
1470968
4944621
2236727
3991596
1486212
4772762
3042492
3901555
2251704
1252589
4104158
4144777
2586154
1893458
3168180
863090
4041767
396971
2475219
1912866
2247705
1680972
3544406
4098557
3204249
954257
2417806
751873
4502349
4341630
3878063
2637771
3627016
1887356
2589645
2535959
4923891
2028302
1646503
1269551
4821109
4577999
961268
3825204
266931
3584529
2827159
4987263
3735060
4032130
3604773
63799
3378616
3452052
682268
1962694
508522
2775981
2599572
1491182
4852019
2988713
633492
4867552
700743
430135
1813723
2578364
25843
4086984
4678694
2341764
3133796
1279679
1495029
4519190
2183244
431873
4330899
3918185
1577985
4782967
1206801
230183
1269377
4228100
1372223
1599599
1698937
4106537
416788
2874741
3825842
1819389
3742000
1566381
4678674
3613191
213227
4814577
449532
161244
260739
4099984
2122729
522782
2085537
291322
3044543
1931192
1413829
3053437
3104158
1139060
4068142
2898366
2284023
3017584
636518
4974541
3858768
1190617
3376151
2726263
4340508
1702253
1784360
73715
4793584
4562098
4669201
1878013
3098600
2611936
87251
3373706
260518
904309
1628603
2017213
1110885
2555028
2182369
1351705
221723
3149934
2561333
3736855
3541259
402521
1700950
3658749
3029184
1880047
3814894
1943770
3134860
815070
3675859
1759645
4529917
2325138
1917687
2156985
4146956
1137123
304540
2388829
2386314
3457640
4334771
3958928
3253680
4779602
3322204
3161238
1974850
1588691
3191706
2333501
1174626
878073
2889019
874071
3078675
1993799
759050
2011712
112105
4299725
2734973
1778949
4394632
2175976
1236558
3952959
5286
690636
4707817
296516
4094293
4932109
1621859
2555291
4709777
3158957
151687
3805593
1067048
3348782
3938719
3226446
357647
782468
3187088
2622693
4657162
364745
3060000
1245710
4225824
1843588
1181835
1955373
4536697
4105740
4658914
2602792
2365429
3068230
4646589
3744264
4343571
2262764
54548
1984764
1030324
2274077
547684
1293524
3121153
200210
133231
3425378
1453169
1448202
3622868
4958698
1579810
1843629
756925
2142378
243331
1600984
4971066
2125954
2861864
3292039
3880108
1282836
3777577
1545825
174276
2841198
2543838
1460128
490379
4271160
4242578
3384934
658987
4826612
3789185
398682
674590
3381654
4315704
3497111
1790233
2953721
3643261
4662202
819105
2495210
3229984
4021938
4955127
2220691
2184262
1454136
4801516
1326894
2812252
3623449
142348
3484690
3811355
275161
4645104
1111556
1469891
844388
3852834
82257
25607
2479234
4369905
621037
2133241
2061215
4270782
571157
3662164
4370203
1781905
3702529
2184529
302140
421174
1690707
4671640
2876703
1024014
1515501
235450
1045711
375722
2187399
3499320
2537279
3795170
3917485
4690284
3389062
4146159
529638
360922
371491
2423558
1313500
3504119
300660
799314
3959444
2423632
3733443
62781
325201
3096513
1289003
504634
4343613
2236859
4742720
4672933
4198377
3175210
2644506
1682188
2727847
3227109
2984926
814868
4013653
2479495
3051567
3398217
1197369
995516
2738691
1782992
1342229
411996
3072914
2296866
416741
4549645
3544616
999685
2945757
69732
1578493
2481459
2157062
2998830
723262
3025787
769692
3247192
4084630
570158
4931883
2882875
2342805
160800
1838368
4133691
4101134
436491
1492291
610220
900013
1405271
4588113
620391
3858926
166410
4486795
4902477
3552577
4067709
1987680
3033669
3742598
300237
4834235
717098
384197
2979264
2641194
958721
4026591
435072
4442219
2933160
982196
1856306
903442
1828111
3355210
2893606
4959272
3248139
26707
1244149
4697422
311453
1249168
2113708
1948614
3969763
2967251
3999168
603958
895990
3175331
1976124
4477024
419041
3570016
3777204
4417518
2446024
881850
4296524
3365707
2174498
659610
1740646
551207
3537704
2606851
2973099
2619857
2995683
3561186
2277115
4307266
3306836
2548537
4297984
4582211
992913
4662052
603567
4207104
356633
29735
488251
1139859
4543666
1809725
1265159
2094919
3729865
2311326
2944385
659340
1909212
2789490
1726202
633885
1607881
4570720
1503700
2880089
2274058
4914727
1464686
3765071
1318879
4911973
4461422
4730345
2176502
4979691
2791050
4930034
1963616
657255
3597321
4928537
3080786
1176351
270216
3411821
9710
1461635
668269
2532720
1556484
804530
4375534
608734
1577411
1063225
3419134
2566409
714742
1376122
1469420
3165615
2662927
4784176
878283
3302250
1869656
2864721
2237642
2505089
2453677
3269502
2365096
1522173
2039105
4595610
1751097
3879528
4293181
1183141
1323377
4004127
3305997
679477
3574430
2872171
3807176
3704339
680920
3231443
4208489
1896355
163981
3889902
3195197
1301663
4259130
3056618
1423312
2188834
4462919
3323146
2568042
2023563
692462
508016
1877382
2877267
2812524
3841740
1985133
952015
1110171
4727088
4029574
799476
783324
1840937
2415914
3342673
1871990
3119602
1316274
4868192
4906455
2094697
1077934
752676
4353383
3607816
1315132
3117604
4459042
1182988
262838
3111367
3900723
456669
332866
1951197
3311426
2984788
1295403
2147598
1903891
3225702
228674
1491619
4982353
620212
1876899
3640966
4406348
1953478
21602
1606806
2607731
4060625
63299
957237
2970711
3268414
4147751
3217135
1246304
4947681
2694515
4344157
3730206
4192659
2118939
2301785
428609
3263690
1212498
3846424
894912
768037
175867
416769
4122812
392857
3133340
1193556
4732653
2501867
2670568
4785509
1851334
2494151
600575
3073452
2010642
4915574
1545013
1495885
784562
3705428
3487674
4096203
4135002
847549
1615019
1849953
193027
3650180
4154684
2312717
1476542
2685502
17762
4626629
4491470
4152468
2016320
374742
4350122
2983958
351170
255601
1321968
4397508
4815524
500515
2352583
1229553
2623921
2447034
4082272
4977076
4279385
2654588
2845730
4912645
2038359
4321619
1208104
4524080
358161
1312764
2062645
4494001
3618687
1610968
4579490
3772183
4405811
4370084
2669610
941881
3069982
4291736
550113
3048820
173618
3280783
1509468
3497183
1612535
3854106
3506281
2388213
3650729
4025805
3219434
2670052
1481361
941042
51423
4812948
524319
1442735
3522419
3637923
2369262
3051157
2955214
4239723
3864865
4972092
645966
2745349
2273068
3826722
4271085
1436846
4522038
877584
2002192
3820955
3956975
3861412
3374240
3924101
3889643
4464039
3633748
1549912
2963632
721206
2366343
4727475
2417731
3937544
1752867
1353809
609380
679803
4693439
3002696
1058337
1755734
4268368
1448569
2795117
3833101
2258594
3947726
99845
1519135
1589608
3697896
1337809
1774819
3003566
2498902
1239512
175785
28103
3498941
4318500
4905224
3166816
4792496
975633
987124
2866062
2438123
1693722
1964437
2009935
3337332
513168
1085910
4584698
2764854
3470239
1956764
259643
1294366
2649799
2327233
4130579
1244712
1311218
354762
126730
4447354
1816085
3717966
3859715
771035
1469968
4979325
2629784
4756541
1433190
1149622
1877495
3416957
1324338
2057967
2567427
3408697
2485304
661979
4934097
3895125
2035730
1428562
3795769
3796410
4990380
340734
1086586
1106670
1412535
1656208
3112125
2249264
1689545
1335970
4931987
1085614
3918036
2961435
53424
441438
786845
620430
4571150
1077056
2071141
2304455
1693820
4845130
682472
2159607
2959792
1606964
2848197
3356394
149074
3107491
2890313
763810
3568225
1484884
4948568
2779389
4130564
4156754
3361619
553349
2966484
813863
1490189
34832
19141
2110781
2453672
1415477
4840267
4795674
2467745
3541740
2834916
154535
1764905
4074931
4646595
1765580
282603
3794353
1253244
2763453
1383824
278679
3483378
1453400
2687526
3941744
129981
2466597
2757916
2995297
4780796
3254424
2050530
4000013
2583384
4778292
4646946
2243738
4815403
1973015
3650273
2424746
4489608
3805104
3910961
2457993
3296600
3831670
804152
4524942
2493639
2171745
1819811
3878326
4529643
2519486
3860564
739711
1706565
3543849
1546427
1370282
1017513
2726557
3627103
2898758
1798015
3960524
2725396
947589
4563559
2135824
532844
2184915
284080
4694402
1518023
3724951
2029329
4584607
729294
34889
3733182
767784
2754397
2099515
927353
849796
1837412
335294
3537798
2072645
213294
65188
3485893
1035978
770760
276453
3272074
145362
797323
1321475
4181112
616732
4368047
4857414
392896
3832169
1938791
5365
3053383
16229
3395380
3759345
4248336
4726900
494328
2459906
1401267
4430279
3587244
2584694
904233
2071730
2240987
1805748
4036652
3958768
3068428
4921418
1078156
1691491
3944596
2292567
328454
3085511
1642246
3467078
3499324
4474280
4313436
2286880
24552
744420
4069599
1630080
1206117
934586
2249235
3832356
1266915
267295
4972566
2291674
4568984
2523268
1122226
3637189
3568622
1615782
3950063
972038
2505957
800484
2926835
4703388
2683311
3472971
913708
4425391
3268494
552675
1404132
3522758
2062727
2790937
2942703
293696
2225680
4098681
842087
4668749
887155
2355721
2183412
3268048
626290
3815776
4104909
881543
1378367
960023
3726563
2257600
3724224
2839061
577698
3678315
2614394
902018
4390391
2715755
3400011
2112521
1232436
3608934
4914719
3910065
39605
1408215
2142715
3609131
870260
216773
3620277
1518713
3154291
434580
4383095
2729513
3855081
1272457
1965995
3048504
3721818
1561587
3272515
4056206
3842500
4334272
1439445
2999628
4196054
3900181
3281956
2493980
2762949
905210
3833788
1490259
3992098
1651784
2530839
3582001
1491200
727710
778376
709948
592002
4598635
3549420
3917976
2702950
4565708
847792
4353542
2855762
2514451
426917
4211704
3506206
4834676
2924205
4288081
4494103
3861677
4286128
4107928
678626
4020220
4581437
2012196
2856630
1063593
3125794
610714
3066176
3547314
3241036
2433764
980556
4799715
3091415
4905806
1716866
150770
1057784
1445063
3363686
1114102
1943573
3149350
3132540
2692222
4689048
1308939
307895
4156013
2288557
2157382
3967566
4143046
1121488
73867
392054
1867222
833041
2012326
3792221
2000792
2429333
2759192
613947
3458315
4456171
2093784
4915473
1005263
3593132
1346788
2275549
1527707
1930378
4654407
3438017
3451135
2550381
2819365
2985767
1567043
4649003
1464115
1068833
951346
67374
3248501
751077
2579971
804132
3478123
775627
4490936
684659
1710854
2187445
4213373
2924196
1346265
1792734
1875493
804643
4279883
2641108
2332586
2786195
4533313
4698177
3032463
4135275
742392
3419452
2025082
3933250
3421872
3356346
143584
1006989
2267120
1075966
1484514
1151882
1818110
2746430
2825981
77345
4739205
1443737
3214057
4375612
517732
685691
4983937
4715211
864756
747660
279164
1634046
150330
4514730
2197858
726322
2510661
2081830
1442861
1738176
3260517
906305
4935460
4166875
1012757
4839988
2083420
4289605
3732158
1653406
1527250
414688
4479554
2323454
4016954
597710
1088104
3661714
1161463
841391
4993964
2545016
3324107
2090277
1270074
2815736
4412472
1922094
4517532
762887
1853217
4861248
3398581
4443809
1355637
1972291
4837447
358537
3966307
1427839
4249603
959247
1070328
3053370
1122832
4976626
221726
4432553
1956020
1564574
3471194
3390431
3601508
1879984
2403674
1001483
2992747
3566407
4047967
1782889
50029
4227699
41842
605844
1412698
387448
4820689
2576566
3261273
2389029
3796028
1999832
2356159
2267769
3127326
4128519
4232674
2458983
4343349
2892426
4432134
3943480
3265679
4081160
158979
2634932
35259
3258755
3833207
3945341
2104558
4801290
4775274
4457433
308527
2386572
4254440
2886384
3372764
1968133
3304975
4739671
3028580
829502
1825870
4061741
3775418
2049650
3592591
4948090
669709
93614
185006
3626530
4901450
486873
1150199
2314683
3196572
834927
1571604
3748231
4892324
1881824
1107533
2348284
4415339
190365
4716564
3761401
4363836
2641114
3386217
936422
795040
3733548
3388539
4135095
144632
1755655
2917295
2861357
3393866
1972758
2245668
1274952
2178134
979124
2985571
4339190
482271
1240744
605705
3560808
186233
2509564
2535807
280689
3097714
1132390
3903917
2462111
1315233
1785609
3759386
4581331
830171
2849691
3263728
3923871
3570155
4598504
852154
4679256
696179
2814431
531730
153373
2286800
1827198
3567640
1142041
1761661
4430717
3367288
375538
4266787
1753453
4727688
1321393
4194690
4402147
3924355
787394
4767974
2899410
1122856
223355
3428019
1518150
2438103
695494
772035
3744344
2509528
4242684
74561
770061
2141663
2345860
3545431
92123
3060059
3071531
1997414
1042881
157070
3451478
3569650
1800808
4494979
1821373
1515215
2244535
4836240
3697112
3511898
954915
600702
1694669
987231
1490347
1484793
2802129
2469169
49783
2654117
155528
4499012
71798
1501284
4775824
514386
2395376
1501682
2487516
177601
2164509
3703661
2316958
541686
1575441
3116240
4276829
3584082
4168619
489308
4614102
299800
2988753
4464154
2145051
502071
4312195
4012688
1716784
351995
1598580
348790
200343
3127203
1033004
3724304
2791394
4084859
1537812
2037500
162677
1672655
4060199
1739055
4586861
96599
645227
946562
59048
4026244
4912182
2387425
4499778
1209962
4937341
1776194
3683842
758962
2381981
1957287
1263191
3815216
2617010
3645348
4286126
713309
492656
3636516
2022694
2760452
651874
3644686
4829875
1903828
2976375
4185334
4133248
1021006
124052
3562725
2601045
3386407
4280569
4839476
356438
3451583
4944090
3011989
4995777
4133363
1611939
4272541
850176
1366141
4560582
354537
4510819
2674451
2553731
4688960
3541841
2533665
3097582
975140
4767256
2762871
1985204
3920833
1495005
2918587
4685120
381701
840597
66274
3734731
4095595
2752118
1145109
771225
2288360
2992659
2896970
1890363
740413
4816439
3916746
1495163
2337814
2422165
157570
1941918
1820977
4479674
2410645
765385
370827
3757636
4056109
3545101
3081155
3247472
4664770
2826614
2538961
3831280
1912720
2389187
1549273
3798764
862211
715398
476746
564284
3199289
1517850
216049
2429802
4546643
2201523
3094952
32139
4166250
2831940
587365
849060
820175
4072956
4220555
4299930
4016879
3978245
1647490
2748442
1083510
3270258
2911183
165087
2406795
2526218
1163169
1630451
4548786
1047626
132240
3977023
1375393
605076
4218876
696566
3881781
576880
4204544
1764886
2584221
1475992
2387004
4970244
3190810
1391206
2459540
3181392
2712686
1887913
3817836
3745739
4926183
231847
470275
2596330
2980556
2415880
563346
3820127
4450924
4928806
1872480
2099603
3936771
3471126
4681661
2355810
311520
4945183
4296599
3738428
1581643
4558222
3704270
1138972
877422
1396901
839178
2540488
2026111
2270957
3506390
4568416
1075559
611990
3042398
1831187
4897492
4686619
4619572
3465377
1193180
40244
3733934
553537
461135
2301967
1568088
4891190
400224
1047064
3948519
2415061
1541567
310086
295545
4496712
757640
1701463
4775496
1776123
287746
2604521
3562926
4277460
4512260
1562808
3130062
3594945
128826
3285676
3123163
1922515
4681881
3050797
189201
555187
3627025
2634049
2801177
4624445
4283941
258952
1324568
727018
1225146
4246221
1025679
3552296
1658668
4551793
2983153
3143144
4036216
2184635
2983925
4665144
4050136
4746472
1322293
106183
3715070
857019
3626179
2254529
4051765
2155511
507306
2255593
514343
4737752
3549451
1089831
4518647
4978522
4417264
686492
2745801
1992957
4584318
188227
1546788
3784525
4601229
4423471
3453821
388965
4864793
2814258
2300531
2071535
963328
2891907
1110797
2414272
3257267
1581981
1306488
1640636
4019212
2631263
1293844
1281901
3776854
2556206
471598
1446369
2770588
116851
399344
2880803
3507159
1987368
4144622
409249
1880987
3753301
76342
3454384
2526348
3336795
2874226
2247569
3773276
940167
287437
904379
4381592
4803064
2573214
3020057
4608304
2957711
3979921
374392
532360
3592766
1894873
2778649
3346442
179797
153558
4550540
1919107
2057286
1336766
1706136
4238059
4879425
4013561
1243001
2378493
3521145
910845
1973811
2483710
323682
3936488
2991569
2632262
2865541
59143
3999269
1418523
958214
2043042
956783
387758
415382
4864725
1212651
3636265
4756304
3174434
1318408
1266798
2973277
127524
3289310
4240851
2222285
4679496
4694742
1865802
4539038
4609051
675271
3430308
2959495
3023155
1932190
204572
490524
1124799
2335611
4166213
4083753
2264794
2404437
1473575
1299911
1437106
3615992
4154935
1216870
4903828
709039
2516066
2138905
361608
455077
4523229
2069766
663483
50929
3797759
2651700
4384742
4662727
2635047
4601741
4778817
296628
2827166
3311280
4823789
76259
2251907
586650
752188
484469
2924933
4188848
1807781
1400942
979967
4305045
3930972
351196
3956547
2422966
4451003
3267431
4747272
2747518
4127763
1595760
1716336
225977
938832
3527425
4054915
1348561
4691728
3915860
3202849
1905178
1560368
186660
1903273
3650075
1963028
4371539
234694
1694218
3470432
68394
1892921
4522745
2538317
1857716
4635757
1553449
3885184
75028
4843662
2633515
217563
3312731
668167
47462
4796447
3520298
4269842
1027039
3655517
2266511
706349
3907934
1193945
3339248
2824698
2826716
1936035
2671109
733492
4432657
624039
2589588
882356
3095339
4719567
3394098
4787805
2060725
1571554
2936267
2174191
1880568
2760064
3356259
1589629
3765824
4215633
1591007
3590576
1657651
1678805
1943666
2375414
565954
2595245
1295597
4255148
2031576
4912499
4795573
839402
321048
2779665
4643228
2823416
2086534
1265396
1859195
609926
3725893
2582194
244984
3609710
123948
457058
762824
2072133
2479896
4234643
766792
3173994
4544203
1561866
4847767
4935716
3551355
4525096
4511888
1905293
2716929
3928440
1945879
2122087
690413
2417432
3580913
4308941
4391573
3161202
4954747
1839747
104947
2682426
488056
583711
3006875
1115039
2560384
372607
3464345
537359
734085
2591856
2868122
126216
3883899
4228973
420515
3019076
715674
2096026
4691900
1780403
2852060
3868796
3552352
174741
3469553
4511070
3055690
1944956
419628
1554346
364683
1815531
2970476
1155286
1526719
2606489
2899962
4989941
708039
2186873
1398283
1701168
4829259
713928
2242090
1030873
1678868
1642931
3243456
4819005
4550665
3376270
4211854
4037563
216099
3231841
4244806
2841254
2156945
1306303
526039
3707289
4306873
3375360
3805673
2335238
4300103
1968643
1443650
3122140
4110076
4244264
1751810
2009196
4849320
1176359
4023079
1912339
1688568
147612
24407
1365028
4313976
230390
1993936
1632466
1516852
4696513
3700240
4792707
432319
4354414
1247994
1619404
1592551
2340066
1622853
760297
4915368
1092407
2993235
2735998
2519511
4305536
3795866
3259954
463510
443939
908944
575649
795207
3888377
1546525
2151252
2773786
1940582
3681750
1115305
4897521
795772
4550842
1499953
3653790
3204061
4127511
2418661
3992007
2412223
3971219
3999891
1473180
1520360
4813743
2801995
3965003
464037
348006
1842730
432026
3453876
1863536
868125
946435
1576223
3582238
3783551
3217781
347020
2426385
1091888
3059070
63402
1788789
1158063
667800
4734179
2533552
4836940
4809074
778981
911430
4284176
4565447
2726645
1491394
1687213
206037
2948867
868335
2293372
4537526
2758359
524742
2168442
3524148
1678977
1555203
428808
4394603
2705130
4509809
1409617
4762228
2062339
677354
4173352
418090
4310005
2129414
3841616
2772400
4897804
1929714
1877827
4895903
1008047
3785547
4076015
3393402
4777220
711119
3906594
244038
4847504
2796118
3786316
418801
838413
4662283
3918780
444673
4249424
2315008
3082603
3363032
2961127
659708
4780356
2677519
2526691
3254324
1235605
2215956
1409201
4839634
1661081
3479322
4863087
3980443
370589
4264708
2207601
41438
3863522
3788051
2800803
4350698
2762531
4934623
606050
3415933
2704964
1468975
1474005
2730297
1692952
809234
4388716
1111252
1284028
2141417
4698636
661184
2450619
2863583
1769198
4829185
643260
413002
837929
3750803
4656703
1879923
3343962
2024147
1036893
1151304
1389144
1182240
1195444
4004375
3675505
871391
790653
4744744
4270749
361218
400462
3219356
1198454
4799405
1760743
4982398
4930521
385498
2772119
4165915
170567
639132
3793715
3496773
4701968
3198094
2682562
1590931
4112457
4930566
527290
763964
546480
1226990
3634917
3646963
1321363
2826162
2404349
1035520
1357679
3265185
762335
703921
1481605
4491127
3465233
2199272
865929
2583038
2235649
2176441
603088
2401661
4743827
3276320
56585
4188134
3262473
4686498
4973849
189728
4273206
1528385
3433440
4760552
851820
1209035
2130211
2460229
4747782
1434444
515683
1173621
2628209
2704006
87015
3464984
4896802
3594296
1279372
2795925
1468767
1422413
4674986
3565743
2043989
4307055
3837314
2602848
936301
1444773
2822695
184312
4448089
2278715
3673879
3437673
2369871
2540708
4157220
4596515
4712597
1306486
417812
3757001
1810103
1393480
3116571
3498602
2718208
3253604
3746543
2338218
277214
938653
4764000
2441053
1753248
550088
4901280
1927013
1199772
1152686
1365281
4877398
4620050
3525198
2513633
224903
2525216
187683
3242335
683331
254523
1422954
2929842
3518217
4958353
3541308
2466437
1637719
2776292
4621939
3703182
3515091
4236420
1574724
290832
1142710
3929666
2231596
2430660
526768
1304382
4400994
3330535
3544583
3224959
2697913
4971554
4877577
2230773
2298680
1595856
2421359
1067729
3637656
1515494
1307954
1733132
948531
3670304
542483
2048705
1016230
4902347
4439664
1197891
79855
3248116
4579075
3528537
3058145
2123084
136876
315451
3328713
588140
3519166
3845140
1744301
2089893
630641
1843984
570167
2290928
1660081
4190274
2259150
1443980
3000692
2634852
4347368
887
1497060
1050969
4367484
1987874
114249
3647248
3328748
548575
2993472
1578196
318225
655135
1517288
2955471
4323691
2398838
3332574
4507286
1197618
1188785
2051015
2258737
1244003
4061240
1512724
1989520
3867983
3207335
2887692
3437995
1309046
1689316
593630
4596732
1837817
2501808
3506253
4832436
3422398
757032
507937
4957288
1300019
2556570
1002222
4178382
4724896
1425776
3502744
2483596
3500778
1413243
4725517
3818787
1203007
1054901
821169
1524003
2834321
988588
287491
2218840
1756808
4447512
2578940
1417770
4584115
3047513
2014642
4946433
4463608
3407700
3715563
485484
1314130
1104294
3223266
3374858
4245120
181013
4672684
3830863
3964755
4282182
2925913
3487601
3809480
2637441
3321800
4791820
4837799
2433703
772399
1995402
2016867
4785991
3164883
4103634
691684
4205369
987697
446239
175352
4493932
3048329
580040
537201
3869186
1948454
3139802
3335480
1682474
3577081
514430
2175104
759112
2351878
3418828
189057
1144076
3704082
4568783
4697400
4947641
3315768
4653719
3303003
4202447
1511538
4246532
2115404
2465742
4463915
3456416
3478206
3608861
4000462
2619935
2544646
1903673
3449696
4370319
770328
528947
1723817
2422467
3272598
2615542
1927977
1709222
4700378
4612289
1749915
1017638
1953949
4707920
4285725
3439488
2970410
1181265
3785322
3923852
2138591
3619679
2425028
2741289
3645807
3192818
630347
3531150
3609492
1979641
639859
3149620
3621814
4857544
3313263
813926
451626
3657704
3459813
3144872
2000774
152184
3975372
2387729
3173400
4863390
2055274
1327244
4091997
2945859
483486
2495377
3101366
1032542
1399375
668816
4896782
3089100
1120782
589284
3508965
4422917
126471
1851804
593100
3671444
3330312
71383
2386615
1193970
4620278
4585010
3227164
853535
1297379
1968721
44310
2572089
3448665
3208776
1837977
4992682
4702566
2607724
4341778
82625
3216502
4778267
4168195
640819
4631904
2722391
3663459
1038078
793077
1012206
1134990
3005979
4004403
4593429
4673822
981247
777764
3216355
2413574
1830899
2542916
3160698
2404823
2426897
4421888
4303416
3974744
1989849
4194228
2559347
2097978
2262884
4520254
1725368
3368117
2869417
944653
2085043
456220
4058875
123484
1881498
4567764
2540211
1882374
4159941
1107296
4911927
1472958
1495106
2101525
3851802
55913
4467386
791759
2564547
3830805
2545034
3423006
1530591
1251725
759538
3291291
2011190
3684754
2706061
371451
2824337
2744184
4074858
2189969
1929875
2941709
2610251
2777773
1875916
2287428
413773
975135
1553769
241576
1733047
1504837
354664
1075478
697390
2816601
1550096
2343952
1938645
1150465
1451927
714628
3152557
1830246
194003
3944015
4463774
1933890
3261505
2522556
3306537
4436727
3471533
2400830
4323743
411650
125180
2801323
164110
4124184
1738494
3134448
2911692
156322
1397204
4712198
1772393
2977046
595961
46092
4165367
4918295
1079880
2888575
2657731
4683869
1905432
344319
3042161
4367473
18633
552235
3143336
3546797
4018608
3201854
679377
340983
613970
3059986
3462523
4277535
4979254
4373439
500074
4943721
2624373
805353
1944360
3028148
302543
2550302
4113386
1951679
2945099
3391399
2882089
1519709
170516
1290921
3467453
1300178
4524460
2747684
1668042
3339622
3791118
140609
857656
885561
1706119
4578713
2710545
1440624
1584610
693285
1660416
3175558
4231000
4933310
2738279
2137513
1150886
4519215
2042974
1064018
2663252
4746094
3359817
896899
134729
4537326
4382823
4350851
4793482
4111167
2340515
3392973
129926
2394887
615652
3030650
2364823
3761947
3060348
311111
4812533
243445
4433863
1375836
3052986
4442196
2138254
3250650
570736
771858
2139098
3072187
1394014
4134591
1476395
3268064
4225682
3426032
2816185
615805
500364
2497825
2137441
923301
3805635
3905624
3284203
1381901
1494485
3936582
4084779
3440326
3621952
515777
227133
4415363
4104795
3183357
4441942
4423196
1564320
2741565
1667328
1171508
2949780
3600916
1043645
4841797
2409335
3813201
3529012
954227
3485698
3401786
3391266
2303202
1233335
133103
937451
4967348
963407
2713085
2682632
3542795
4855419
1105911
2619543
3020563
4683617
803044
2674268
1122252
3062851
2738461
3763746
3926081
4997697
4644294
830784
3973719
201477
3897931
2223971
2295911
4994224
3884929
3010037
4337361
2649800
3052366
3471808
3968451
1720398
3726856
4095469
767203
2630048
4556442
1344759
4654863
804815
1220476
4010156
3117656
2032393
3450732
2257425
1140313
2929568
3810483
2536070
3721428
3492322
330597
1609437
3177244
1924529
4583896
4178434
4620725
2274220
2955233
4595210
1517663
72167
1386166
862652
527213
3026434
641303
4422420
3606094
2439143
702474
2191228
3893963
4664470
300144
1682088
3164391
180300
1806020
1557160
3819751
2896954
4962028
4788486
4837387
4409761
105647
98304
2126719
2355014
3865315
2937233
4010860
450267
4134569
1651922
3965136
2916078
3915214
1889772
579131
4630885
4339015
437326
821341
585317
166690
1797400
4704222
1631405
3726162
593216
100381
1930486
4795032
4277498
3234849
4383443
3034034
893467
4546922
2490483
4049135
801077
1288280
3916076
2412880
1746714
4341071
4028618
4736225
87642
4534228
4965798
1155250
786540
71589
1495893
1811620
2664450
2745354
1952013
3880912
399386
874246
945293
1699157
1389913
1856378
2030369
2691080
801292
2261035
2813215
958865
48781
53149
854422
3857748
643076
4052534
1553514
3464540
951184
2644831
564547
3642006
1671629
2688458
41782
3204561
3325345
3091303
2569434
95658
1284209
4248987
757642
3407749
3504177
1513430
1684853
3397342
2209645
4433944
1186941
4748530
3196420
1885805
180655
476147
615446
4335703
1112136
2855300
518528
399220
3472102
896145
1309660
1488702
4925664
3119019
4604934
2402697
262764
3545418
1404701
77720
2673212
1298043
2139168
2867309
172440
4168395
3687312
450074
1284325
4395553
4531558
1490191
3115996
1449015
4689455
2732981
195556
3043740
544394
3258953
1060525
671096
3675522
4976423
512985
3706495
627242
691656
3563730
3461317
1975154
1710610
2288036
186384
1247674
4683783
2135094
1737823
2342178
3845446
1810006
471795
2324968
4382475
3452513
3072175
862833
270973
65289
4659121
3436174
2998903
3403218
2434793
4768486
104384
1741715
4507608
1102962
390819
2927844
524597
1789309
1954543
3591752
4954183
1324221
4685994
4019310
3779679
4074640
2830029
851454
4900624
3716853
1590412
654264
3479909
4263363
314834
2161117
4180789
3015555
1193776
2240151
1309421
729735
856317
2487877
2045604
2956094
1247343
2805272
3807409
2008908
4986150
4138412
752471
4088570
2236350
4722354
2162651
2766446
3846872
1239237
3676524
1130549
3875134
275063
1683274
573323
172802
4312862
848655
2174588
3491425
4784601
104910
1958082
3134126
1988624
3494484
2740385
2159395
3914967
1180296
1197145
3478967
2690070
3678284
2793362
2414920
1262511
2183497
548577
2373882
3637032
3473762
2963005
4195549
1276720
4572376
4013308
3505460
2523726
3841067
1917823
2851125
4401039
506929
3373557
4168764
421824
2758602
735495
1534655
3592084
4944233
4703534
39828
2006725
1799876
2506698
4353408
1641423
3126472
3577680
552153
3102660
3669563
4088294
3827341
3342326
3679914
4872993
1987146
374858
4912985
4568663
1785204
3178269
287537
3078935
4391025
535826
442250
543609
2109017
4607501
2774765
1646929
1912422
3554793
3950268
4563481
2424571
1704564
3885003
4640107
2768951
1416222
4240999
423070
899073
3804518
1970063
3821683
2815942
2061651
4164287
2388379
197459
3041536
1066188
1947871
377886
3691761
2924366
2004330
730353
2936482
593618
4478726
4986527
316002
1148123
289484
3010990
984894
1224787
4087841
1184329
2699540
1008313
2181770
219636
3049530
2787082
2649223
3109215
1778995
154377
2435249
3388273
441901
4983066
4318268
4556395
890876
2731082
2144014
4928890
1426648
48233
797245
1341052
3668813
2583347
4533528
1612489
1132434
4800945
1544557
1992728
2207961
3212140
3546079
4412803
598554
4448428
2866586
4317183
4991261
2685015
4499907
1506087
3310979
4563718
1725574
1600334
551990
4781668
511250
2266607
4667913
1929989
4426368
4471804
3330691
4015248
4184239
2016978
114975
4080629
2660659
3831510
1206012
2272674
4817340
737897
3085704
3683070
2791414
960348
1316061
3550251
4230086
3729164
1558030
1580739
1149148
4253302
2017885
1822550
4325385
4034311
3648821
454979
2306558
4786650
3394297
815197
4344087
2282601
4150552
2419082
3345586
4204352
382800
2793537
3375191
2897415
4971199
465462
1517055
4203302
3760886
2546318
3645766
940647
4139034
2737401
1771473
3094987
2814468
1289866
92613
3972492
213061
3765494
2956778
1273875
4620210
36269
2005916
85434
3898268
1296311
3369037
68988
4597467
476476
2766675
3665879
1170256
1462668
1454837
3428146
4417302
1181866
1003074
2775798
4945870
3018267
4495845
578404
1430546
1300299
2740171
3119418
4539946
404128
2874078
1859558
812570
4585043
2554115
2433186
3455581
1118994
3259711
4400339
4445369
1803755
2676520
4386289
2431822
675389
2346819
2324768
1648098
1028670
4602265
2928738
3424122
4829936
4994999
3443445
126435
1481212
3828626
549392
476025
830470
4473830
474452
2819768
4325673
3086141
1906032
3917321
3874017
3710533
4937535
4165859
1173717
4119469
3099335
2400548
220296
4610714
3026579
1355652
3349457
3919449
3789176
1171897
2322225
71873
3571700
184257
1678934
2991485
4145000
2021391
4878685
1310224
4129051
3536040
1205427
1909151
4714456
3962117
2893510
951809
4288518
3390970
299883
3795719
4149731
4938012
3336654
330394
2975393
1971745
4216509
430330
1867048
4401112
3305925
820029
2741905
2146825
2600406
3703366
1027430
4084510
4889327
4962877
189197
2981290
3312849
4502940
1945660
4254032
3988163
2222098
396814
25038
2598622
1882114
1872901
2689728
2309416
1786710
3787120
4835484
2505264
2836500
4077886
372152
4100218
4728140
1386557
560850
4695433
792411
3996259
2328516
701039
3046535
627040
2800207
632285
3640378
4578751
3643917
459990
1813792
820995
4134898
1423936
4237421
1107540
1845990
598263
756382
4607768
2613801
837988
1145710
1709271
3053731
746860
4546905
369240
1221383
1634195
1688868
3893641
4755072
1647548
3895294
1421637
3254712
386521
3374432
923552
2268020
1541897
4982013
1739823
4826441
3963144
3469008
3111009
1072895
4030630
1666807
4401819
4923665
2699577
3951647
595800
3208661
2744656
2462658
1268596
1685577
1280383
3952924
595427
1301483
1467286
2176839
3823154
1849839
1640720
154599
1277811
4612957
1911596
3962654
3758519
3024629
923569
4322055
693847
2495680
3101020
901736
293104
1057976
739320
2147292
2494200
2086449
4521770
295514
4071142
1111525
2743004
3808587
3427270
3691469
1708045
1464041
254580
1718831
1569223
3576396
2172959
1435565
4932111
2876168
3737173
2737116
2121713
3949
3849277
2193528
2678842
2840216
1400042
3881811
3224371
447422
932406
4864486
4645258
1462039
3457389
3826561
4630934
1362798
3075062
4044352
3447074
2701930
3130659
922238
82908
1339520
2132835
2427537
1319388
3671049
3782756
3826099
1720727
757384
4755362
3128562
858188
1087464
1124904
1039907
4922330
4212817
3034031
63002
1753831
580645
4468590
3813652
3702335
2527511
4990510
4149421
3622833
2961503
2128350
4134442
840479
1537201
947215
2542709
434329
532654
3904812
115638
4582432
2952654
3245426
1203703
1677883
1716411
3453814
2455213
4292528
295178
1922507
608926
2030394
2146635
2387532
1485806
3144619
1288227
3527468
4067939
4965391
638907
2790914
4861378
1947808
2435776
2758180
1126646
1608045
3756572
1785250
2966264
2390810
2356484
2700433
1750814
1702134
500812
4569830
400032
1123668
2313934
3392949
2033947
354621
3709825
2934010
762923
529095
2468598
1323217
1375955
4552803
2726715
4481804
2741697
3383810
4643157
3944504
4202014
2620505
4123806
3659155
813346
3429348
4895880
1111717
3599902
588577
4968908
4374419
3101634
4934706
3583369
735997
4112267
2251059
3213323
767954
456307
1654412
2181847
4840593
996641
2751547
731335
1727035
3301951
2626770
1593756
2788472
2436976
3952134
3427104
4836201
4933992
4090102
1164298
563570
3302246
1772635
3531248
2492602
3341239
1011626
2545692
1211591
4840014
3329949
4285145
667153
1346710
4778243
3701628
1264381
2363203
2323211
1793814
3965932
3160952
1476196
4112635
4443161
3891551
4038765
4076291
4398763
716014
2955232
4103044
3431534
4657970
753353
2765987
3293529
188951
1531758
642033
3055360
2623292
4369476
983987
975355
2121906
862277
2791891
416607
1917921
2659056
1076083
2062773
2390265
3218624
1997650
4161466
1478527
3505814
4483788
2012946
1342955
2685307
1300264
2365279
1532825
4547093
1974069
1330698
2193988
515889
758605
4100204
480679
3821007
64161
4122368
1666202
4102633
2396810
1945489
1679653
2947363
1036384
2135273
1738863
1100048
4895621
545048
1749063
3152799
2088696
2664008
4287467
38154
3090510
1436047
1691995
3304099
4146650
4852102
2423765
3829798
2865014
3006602
2470161
19848
2566375
4357002
3984441
2261983
4975386
3061328
1208269
3290461
2755972
3517181
3759650
4930193
2843052
899457
124819
1584092
315974
162339
1744930
395523
4771334
4519821
2622307
3507008
4969431
4174901
970960
85750
4532763
319630
4714156
135234
1012369
464268
1628904
2009112
2041900
1796472
3218421
2793497
426933
873997
382754
4779772
1695616
2660726
3540316
2507963
316811
1191302
1735905
1813100
2661606
1841363
2180005
4792350
3110173
1691137
4821401
233347
2462280
561067
3983356
1529145
1021231
4682764
1500937
986013
1914645
411463
4932925
1663052
71298
842681
3515247
807238
142674
3063710
2165955
2082116
2339774
4116963
4014545
267250
303605
3285937
3215520
4959637
861242
3083920
1494193
2972797
4307413
560566
1412556
730068
4411575
3693475
3742143
2775486
1437781
395479
2645446
3745639
2877387
4513472
4229503
133574
314129
1596885
1396845
1030493
2094104
1067777
1609048
2695594
1691517
1252557
3668554
2230814
158266
2161162
4561301
4884320
1549737
4561359
144437
4202822
3265020
2792826
3622415
1919047
410911
1599218
2769560
4225336
1460312
3804175
882853
1655262
938870
3630051
4532258
4131506
3127110
3426799
266789
468546
29526
980325
2875631
4548
4809158
572643
2530703
2883879
2517369
2108395
2274625
3772565
1207887
92360
2293048
2933321
3456675
918730
2327005
1881383
1635038
2774845
2360085
4592857
854187
3796226
3907649
4924509
2226492
3585935
4105181
4268020
2245350
2617635
4687844
436864
3561924
1252588
1341707
1643468
2405756
287832
3114942
1050822
2128162
2790104
2493401
4307714
2850367
4148116
2014523
2003915
4990825
190192
421047
3527031
3049447
1535138
3666420
3403539
2041212
2948110
3279760
1196117
3701224
4650781
3313033
1328373
4067607
1671242
4531585
