2499337
2498997
2500029
2500214
2500328
2500973
2500706
2500116
2499133
2498620
2499454
2498111
2499099
2498686
2499016
2500845
2500236
2500033
2500235
2501588
2499838
2499321
2500319
2499375
2498625
2502257
2501356
2497376
2501135
2499027
2500673
2500365
2500524
2500724
2498670
2500441
2500406
2501332
2498754
2499140
2499895
2499250
2500734
2499569
2500222
2499780
2500080
2500228
2499808
2500149
2498410
2499478
2499612
2499849
2501066
2499713
2500545
2500380
2500781
2500140
2500447
2500403
2498883
2499647
2500423
2500569
2499038
2500293
2501460
2500421
2499106
2499283
2499568
2499520
2500809
2499926
2499539
2499907
2500143
2499666
2499644
2501035
2498481
2500224
2499312
2498769
2501017
2499392
2499280
2500243
2501418
2501209
2500471
2499874
2498966
2501497
2499858
2499021
2498312
2499175
2498551
2499046
2499149
2500659
2498073
2500104
2500965
2499096
2500112
2499586
2499288
2499172
2500485
2500107
2501548
2500169
2499717
2499790
2502190
2500618
2500739
2499503
2501016
2501482
2499588
2500215
2500216
2500410
2500596
2497568
2498624
2499452
2499530
2498990
2500882
2498492
2501815
2497960
2498715
2500589
2500294
2497452
2498616
2499706
2500360
2500597
2500232
2499639
2501141
2501412
2499733
2499567
2499559
2498755
2500233
2499673
2500002
2499188
2501868
2500688
2500638
2499616
2498538
2497971
2500967
2499584
2501866
2499534
2500313
2500333
2499347
2501257
2501198
2501237
2500500
2499886
2501113
2501660
2500780
2500690
2501208
2499903
2499427
2499730
2499334
2499684
2500923
2498380
2500961
2501397
2500692
2498392
2498648
2502303
2500056
2501971
2500601
2500238
2500055
2501147
2500420
2499884
2500191
2498490
2499349
2498274
2501510
2498580
2500850
2498440
2498018
2499996
2500384
2499867
2498301
2498191
2498888
2501443
2498711
2501614
2499890
2499930
2499043
2498171
2501221
2501377
2500568
2501167
2499702
2500758
2499976
2498269
2500629
2499883
2498758
2500700
2499119
2498585
2500184
2499891
2498487
2498891
2500332
2499949
2499239
2500062
2501291
2499216
2500697
2501042
2498244
2499081
2498381
2500764
2498916
2500995
2500030
2500681
2500167
2499110
2498294
2498601
2500123
2500021
2500093
2502535
2499791
2501158
2499139
2498086
2500536
2500325
2500719
2500244
2498890
2500168
2500957
2500311
2499915
2500605
2498794
2500590
2499796
2502205
2500386
2501264
2500455
2500111
2498638
2499993
2499983
2499731
2502039
2501689
2500073
2500686
2500573
2499448
2500465
2500363
2501999
2500867
2500439
2500372
2500827
2501901
2498351
2500797
2500975
2499462
2501088
2499690
2499597
2501608
2500128
2501476
2500231
2500320
2500650
2500058
2502010
2498241
2498664
2499842
2500234
2498835
2499878
2500732
2499809
2500371
2498814
2498422
2499035
2499863
2499736
2499798
2499202
2500956
2499340
2497016
2499709
2500185
2500142
2499868
2499426
2499400
2499480
2499683
2501448
2500528
2500796
2500195
2500713
2499401
2500072
2500825
2501845
2500417
2499746
2499423
2499360
2499192
2498439
2502646
2499653
2500627
2500154
2500326
2499502
2500260
2497874
2499703
2499265
2500361
2500409
2501502
2501538
2500268
2499168
2498875
2500054
2497890
2499304
2498788
2500550
2500464
2499627
2500634
2500060
2500741
2500136
2498954
2501206
2500549
2499290
2500035
2499284
2499841
2500000
2501192
2501246
2499359
2500841
2498278
2501031
2500264
2500146
2497927
2500358
2499421
2499727
2499379
2500987
2498387
2500575
2498880
2500521
2498778
2499981
2499415
2501756
2500397
2500287
2499589
2499676
2500992
2500887
2499276
2501551
2499974
2499783
2502860
2499305
2499695
2501210
2499023
2499777
2500190
2499657
2500139
2500086
2502049
2499420
2499457
2502475
2499678
2497707
2498329
2500176
2501537
2500702
2499899
2499787
2501227
2499432
2500323
2500890
2499300
2499364
2499875
2499230
2500292
2499261
2499674
2499682
2499407
2500462
2500398
2501727
2499772
2500005
2501360
2498702
2499861
2499701
2500677
2501790
2500896
2498467
2500526
2498003
2501058
2498553
2500207
2500274
2498671
2500240
2500007
2500040
2499654
2499541
2500220
2499228
2499286
2498987
2500327
2501549
2500989
2499604
2500565
2499270
2500446
2499315
2499802
2500431
2499633
2499573
2500609
2497647
2497352
2500026
2500186
2500012
2502082
2499029
2499577
2499399
2501033
2501832
2501996
2500497
2499217
2499658
2498763
2499737
2499056
2499501
2500034
2499446
2499797
2502422
2500671
2499450
2501139
2497533
2499430
2501521
2500179
2501267
2499998
2501505
2499447
2501536
2499487
2499741
2499327
2499348
2500108
2500914
2498775
2498955
2501651
2499582
2499956
2498733
2499786
2500025
2498025
2500936
2500727
2500716
2501168
2498603
2497924
2498981
2500626
2500506
2500010
2500452
2500068
2500261
2499761
2499740
2499166
2499253
2500636
2499241
2499406
2499834
2499587
2499605
2500227
2502427
2500221
2500009
2498815
2501392
2502951
2497554
2499571
2500342
2499424
2498571
2500913
2496922
2498146
2501145
2499538
2498282
2501100
2501101
2499255
2499822
2499905
2500756
2499164
2498474
2499197
2499843
2500962
2500943
2499583
2499093
2499862
2498722
2500399
2498524
2499850
2499794
2500019
2499922
2502442
2498843
2501391
2500370
2501523
2500998
2499816
2500522
2500964
2498798
2496474
2500198
2500210
2497826
2499291
2501587
2499485
2500928
2500122
2499618
2501368
2501454
2500317
2501583
2498491
2499004
2500710
2500258
2500152
2499317
2500959
2499408
2500878
2499900
2501043
2499648
2501052
2498537
2501079
2500924
2500888
2500586
2500687
2498937
2500041
2500542
2499781
2499881
2500451
2500783
2499229
2498208
2497825
2500879
2501781
2500389
2499636
2499621
2499999
2500357
2500539
2500121
2500648
2499479
2497654
2500120
2499773
2499595
2500178
2500931
2500794
2499215
2500018
2499138
2499523
2499852
2500102
2500350
2500811
2500450
2501372
2501333
2500564
2501603
2500006
2499311
2498082
2498592
2500070
2498858
2500899
2499176
2499465
2499532
2499441
2500039
2502433
2500101
2501488
2499686
2499896
2502110
2504554
2499208
2500939
2500008
2499681
2499651
2499285
2499821
2499065
2500718
2498768
2500571
2500652
2501089
2499601
2499565
2499240
2499749
2499490
2501048
2499873
2500356
2501631
2500242
2501399
2499097
2498986
2500001
2501607
2501539
2500103
2499620
2500262
2500587
2501060
2502201
2501231
2499366
2499012
2499913
2501601
2501813
2499608
2501329
2500854
2500665
2500381
2500310
2498734
2498431
2499959
2501682
2500898
2498576
2499670
2499778
2499517
2500098
2499824
2499832
2499788
2499837
2500161
2498849
2501729
2499632
2500662
2499774
2500282
2499592
2500339
2500115
2499282
2500302
2499425
2499354
2499828
2499917
2501097
2500442
2499518
2498619
2500192
2501030
2500217
2501681
2500735
2500298
2501230
2497892
2498716
2501082
2499560
2500680
2501002
2500981
2498925
2499049
2499743
2500493
2500815
2499965
2498236
2499298
2501102
2500942
2501244
2500630
2500110
2500694
2500114
2501852
2500717
2500254
2498764
2499602
2498430
2500541
2500460
2500265
2497675
2500639
2500109
2501235
2501725
2498799
2499390
2500918
2499115
2499272
2498776
2498864
2502009
2501143
2500335
2497846
2499009
2499972
2500583
2498678
2502022
2498343
2500028
2498159
2501090
2499759
2500270
2499277
2501547
2499174
2499810
2499831
2500331
2499745
2500560
2498189
2500063
2499924
2500842
2500064
2500603
2500074
2500314
2497962
2501489
2500117
2499833
2497911
2499257
2498791
2500949
2500593
2499160
2498841
2498575
2498684
2499482
2501934
2499944
2499476
2498873
2500657
2500817
2501542
2501355
2500678
2501570
2500266
2500731
2500099
2500061
2499784
2500824
2499877
2499398
2499365
2500157
2499970
2500777
2500379
2499212
2498974
2498707
2500388
2500160
2500043
2500592
2499853
2499393
2500162
2500467
2499948
2500997
2500674
2499113
2500257
2500011
2501785
2499646
2501070
2499484
2500577
2501038
2499675
2498245
2499953
2499758
2501074
2501774
2498027
2499025
2499916
2499762
2499542
2499934
2502211
2501440
2499554
2500248
2500141
2501251
2499813
2498694
2501494
2500468
2500986
2499704
2499975
2497713
2500470
2500082
2500562
2500177
2501666
2499707
2499711
2498691
2500374
2499721
2499546
2502006
2500938
2499755
2500484
2499403
2500383
2499847
2501894
2500202
2501353
2500940
2497565
2501020
2500412
2499610
2501153
2501180
2499281
2500091
2498542
2499098
2500747
2499919
2499075
2499911
2498926
2500078
2500052
2499705
2501453
2502328
2499266
2497463
2500616
2500482
2500083
2500504
2499574
2498510
2499411
2498532
2500273
2499042
2499002
2499547
2499080
2500071
2499309
2499206
2500683
2499431
2501243
2499708
2500187
2498349
2499386
2499992
2498134
2500340
2500241
2500891
2500422
2499870
2498886
2498749
2499851
2500345
2502114
2498861
2499826
2498051
2499331
2500315
2500708
2501509
2499083
2500660
2500620
2499361
2499048
2499846
2500301
2500277
2498246
2498836
2501056
2498363
2500336
2500530
2500020
2498756
2497691
2499227
2500150
2499271
2501592
2498058
2499564
2498931
2499014
2500685
2500037
2498281
2498915
2500980
2501075
2501702
2499857
2499544
2498934
2499041
2499804
2500778
2499010
2498032
2502047
2501161
2500473
2498956
2499767
2499734
2499194
2500503
2498502
2498723
2497879
2499946
2500250
2498418
2498896
2500076
2501576
2499844
2499274
2499615
2502036
2500684
2500438
2501354
2497820
2501132
2497914
2499533
2500529
2500066
2498719
2499714
2500428
2499769
2500494
2499776
2498698
2497278
2497179
2498444
2500193
2499671
2500779
2500130
2500584
2499622
2499609
2498801
2500950
2500079
2499829
2500329
2501919
2500762
2499750
2498595
2499663
2500848
2501341
2501080
2499866
2501437
2501922
2499693
2498984
2499191
2503158
2501419
2500085
2501124
2499279
2501766
2499152
2501674
2498834
2500699
2498394
2501021
2499792
2500925
2500489
2500492
2501673
2499289
2498472
2500134
2500955
2500366
2501286
2500537
2500933
2500396
2500053
2500612
2499617
2502564
2500646
2499068
2501668
2498446
2500774
2499811
2500642
2498833
2498130
2497983
2500206
2499950
2499937
2500906
2500889
2499473
2499856
2500581
2498256
2499006
2499945
2501018
2498348
2500725
2499324
2500362
2501320
2500499
2499652
2500786
2498839
2499840
2500508
2501025
2500330
2501771
2502340
2501172
2499129
2497497
2499763
2502064
2499966
2501015
2498324
2497844
2501788
2500621
2500863
2501373
2500255
2500059
2499923
2501039
2499770
2499070
2499244
2501104
2501185
2503114
2499117
2500127
2498464
2500230
2498116
2499052
2500862
2499576
2501976
2500868
2501119
2499428
2497797
2498971
2499910
2498692
2499962
2500304
2500591
2498927
2499044
2500608
2499196
2501401
2499313
2498017
2498139
2501177
2498633
2500672
2498851
2499219
2501262
2499906
2502208
2499579
2500669
2499477
2500829
2500402
2500387
2499112
2498178
2498695
2500245
2498885
2499369
2500543
2499914
2499453
2497711
2500753
2498700
2500820
2499248
2499649
2501232
2501415
2500457
2498232
2500703
2500723
2499262
2498930
2500145
2499079
2498865
2497557
2499224
2498635
2501310
2498899
2499978
2498766
2501973
2498947
2499760
2499553
2501794
2499951
2497578
2499474
2497598
2502276
2499461
2500196
2501240
2499512
2497488
2500382
2498929
2501714
2500502
2499184
2499692
2502090
2501155
2501318
2501913
2500910
2501530
2498860
2500156
2500948
2502435
2500533
2501094
2500096
2498434
2499909
2499982
2497530
2502119
2499493
2499008
2499815
2501339
2502559
2499067
2501269
2499677
2500749
2499931
2501163
2500014
2501093
2500498
2499591
2498731
2502129
2499757
2501120
2500885
2501173
2500378
2499031
2501152
2500748
2497766
2501321
2499470
2499603
2501757
2499775
2499642
2499747
2500505
2500823
2499600
2499287
2499659
2500490
2498016
2500966
2501475
2500679
2502425
2498105
2498223
2500458
2498359
2499180
2498747
2502460
2500013
2499306
2500125
2500903
2498944
2499997
2498964
2500303
2501625
2501159
2499555
2499122
2499971
2499718
2499836
2500281
2500092
2499380
2498460
2501512
2501968
2500211
2498504
2499516
2498850
2501944
2501115
2498893
2498945
2501029
2499500
2499384
2499557
2498169
2500625
2500295
2498268
2500249
2499935
2499638
2500515
2499665
2500765
2500746
2499146
2499957
2501402
2501986
2499524
2500376
2499510
2501447
2501596
2502738
2500937
2500453
2499908
2500895
2501298
2500647
2500017
2500414
2499551
2500359
2498876
2500375
2498921
2500999
2498904
2501364
2498918
2500729
2498287
2499301
2500751
2502358
2499562
2497637
2501765
2499433
2499594
2499376
2499662
2501347
2499181
2501378
2501438
2499754
2499768
2500316
2500408
2499812
2499748
2501644
2498594
2500623
2500090
2499089
2501579
2501239
2498091
2499716
2500767
2500822
2498640
2498416
2499463
2501027
2498519
2500237
2500670
2501304
2500745
2501449
2501422
2497824
2498943
2500081
2497540
2500352
2501708
2501229
2501103
2499416
2498995
2500305
2498462
2499630
2501112
2497704
2499374
2499383
2499259
2501336
2500300
2499335
2501394
2499357
2498340
2499572
2501236
2498482
2500225
2500344
2500089
2499001
2498631
2499472
2499275
2500509
2499157
2501552
2498407
2500921
2499455
2499153
2499057
2501533
2500483
2499614
2499700
2500391
2499303
2499429
2500795
2499264
2498785
2500433
2502112
2499548
2500557
2497812
2500651
2499624
2499362
2498887
2499405
2500582
2501726
2498680
2500259
2500256
2497866
2498975
2500784
2500588
2500432
2502146
2498765
2499871
2500106
2498530
2497959
2499231
2500488
2499439
2499058
2499418
2498978
2501621
2499310
2499606
2497813
2499563
2498326
2500874
2498475
2499319
2498513
2499131
2499486
2500218
2500324
2501023
2500883
2502099
2499233
2499552
2497916
2500401
2501958
2498973
2499471
2499020
2498701
2501265
2498960
2500821
2501698
2499643
2499497
2501858
2501022
2501110
2498857
2501272
2499154
2500893
2499876
2499221
2500832
2500047
2501484
2501636
2500856
2499667
2499495
2499845
2499318
2501385
2501388
2499299
2498667
2498561
2497913
2498717
2501764
2500567
2500790
2498353
2499356
2500969
2498149
2500173
2500419
2500203
2500750
2500930
2501514
2498729
2501024
2498350
2501540
2501638
2499880
2501679
2499885
2499120
2501750
2498690
2499170
2499351
2500743
2500075
2501007
2500595
2499753
2499504
2500038
2499201
2498675
2498465
2498054
2498239
2499363
2501528
2500057
2499378
2498548
2498072
2500606
2498818
2500517
2502533
2498478
2499687
2497901
2500520
2499689
2500755
2500548
2500594
2500278
2500306
2499037
2500415
2500285
2497466
2502911
2499607
2499026
2502334
2499267
2498942
2499967
2498738
2498728
2500892
2501626
2499078
2501076
2498322
2500069
2500511
2498112
2499126
2500857
2500585
2499818
2499242
2498477
2501010
2499232
2498869
2498071
2499764
2498781
2499522
2503214
2498946
2498782
2500632
2500166
2500338
2499860
2502118
2500479
2500555
2498543
2501582
2501335
2498325
2499464
2500201
2498345
2500280
2501061
2500049
2499492
2500604
2499623
2498980
2500364
2499060
2500341
2497256
2502389
2499634
2500042
2501234
2500556
2498780
2501062
2500812
2499585
2500546
2501755
2501028
2501293
2501517
2499358
2500945
2500437
2499414
2498085
2500194
2498805
2498402
2500067
2498590
2500395
2499387
2500448
2499698
2501407
2499104
2498498
2500449
2502103
2499550
2503508
2498688
2501746
2500932
2498419
2501462
2500518
2500337
2500425
2499187
2498360
2499719
2501201
2499904
2501816
2501456
2499330
2500172
2499127
2499344
2501990
2500289
2498767
2500263
2501395
2501091
2502284
2501897
2500858
2500872
2499499
2499125
2499958
2502127
2500024
2501087
2500284
2499626
2501217
2499332
2497117
2501166
2501184
2500496
2500318
2501187
2499940
2501477
2499254
2501288
2500813
2499030
2502109
2498777
2501358
2501116
2500553
2498911
2500563
2499735
2499540
2500247
2500205
2499685
2499827
2501319
2501203
2497953
2500031
2498642
2499872
2499556
2500904
2501362
2499732
2498823
2499211
2500912
2499823
2502663
2501920
2496737
2500640
2498527
2498906
2499897
2500846
2498570
2500566
2501188
2501154
2498797
2501345
2498779
2501393
2498753
2500894
2502602
2499443
2499213
2502901
2499581
2500175
2499005
2500831
2502315
2500105
2502020
2502705
2499394
2499316
2500251
2500963
2501215
2501825
2499199
2499101
2497857
2499543
2499370
2501248
2498963
2502220
2500170
2500426
2498535
2497514
2500570
2501099
2498643
2500367
2499159
2498802
2498316
2500551
2501130
2501351
2499195
2499725
2501857
2500952
2500653
2501807
2498632
2499395
2498567
2501515
2499578
2501271
2500219
2501278
2498923
2501606
2501671
2500870
2500119
2499820
2499247
2499148
2498565
2501590
2499003
2501959
2499561
2499367
2500275
2502233
2498406
2498250
2499090
2501149
2500552
2499807
2498951
2499925
2500835
2500979
2500334
2501942
2501520
2497645
2500045
2499105
2502196
2499178
2501730
2501242
2500204
2500771
2498238
2497774
2500444
2501869
2497769
2500180
2500814
2501098
2500459
2496939
2500036
2499402
2498838
2499185
2498319
2499668
2498837
2499236
2498977
2500297
2500004
2499467
2501238
2499744
2501389
2499385
2499645
2499323
2500802
2500197
2499526
2500276
2502234
2498496
2499964
2501408
2499894
2499050
2499537
2499889
2500637
2501313
2501761
2503409
2498273
2499669
2498736
2500816
2499920
2498939
2499580
2500404
2499171
2497841
2497873
2500701
2501226
2501009
2500800
2500023
2498992
2499977
2500271
2499007
2500976
2501534
2498895
2501467
2500766
2497464
2500763
2499328
2498521
2498328
2497847
2500666
2501260
2501045
2500148
2500946
2498651
2501122
2498064
2500171
2499336
2501125
2499505
2501204
2499404
2500993
2500920
2500691
2497923
2500547
2502218
2500373
2500693
2499322
2500759
2499805
2498480
2498093
2498820
2499507
2498053
2499084
2498509
2498484
2501176
2500113
2501493
2499933
2502562
2498262
2499333
2501565
2499766
2498327
2497323
2501659
2498826
2499817
2501148
2502125
2497223
2499371
2499246
2499326
2501259
2498196
2498629
2500793
2501455
2501743
2499024
2497881
2500740
2498855
2498656
2500628
2499475
2498856
2500296
2500155
2499494
2498213
2501121
2500525
2502332
2497669
2498060
2501562
2500757
2498194
2501330
2499396
2500996
2501839
2498668
2501654
2498867
2501386
2499466
2499901
2499045
2500876
2498957
2499726
2498386
2499295
2499724
2499435
2500929
2499650
2498177
2498129
2499928
2499921
2500411
2501575
2499756
2499355
2498078
2501723
2502635
2498004
2501191
2498985
2500272
2498772
2501851
2499527
2498377
2501108
2498993
2499053
2501218
2499528
2500658
2498356
2497673
2498730
2498388
2499109
2500527
2501196
2501383
2501352
2501170
2501059
2500884
2499955
2500916
2500443
2498030
2498369
2500535
2500051
2499973
2500538
2500377
2500392
2500288
2500664
2501164
2499506
2499134
2500828
2498900
2499440
2502183
2500635
2500580
2498795
2498703
2501946
2499986
2498002
2498578
2501645
2498584
2501136
2500644
2498468
2500663
2499000
2498961
2501989
2499273
2500772
2500574
2500709
2498526
2500615
2499011
2499294
2498452
2501165
2499879
2501006
2500791
2499434
2498905
2499442
2500309
2498792
2500579
2498845
2498184
2500348
2500631
2499864
2501532
2498489
2497447
2501439
2501589
2500229
2500843
2499345
2500861
2500983
2501186
2498520
2500826
2501054
2500084
2500705
2500971
2500707
2500137
2501034
2500847
2499514
2498074
2501032
2500649
2498714
2501281
2498941
2499062
2501796
2498120
2498046
2499207
2501416
2498884
2501331
2498193
2499210
2499456
2502137
2498827
2500027
2498554
2498225
2500540
2498902
2499341
2501131
2499511
2501222
2498076
2498284
2498044
2499226
2497515
2499417
2501241
2500476
2498774
2498136
2500752
2499855
2500830
2500513
2499987
2501040
2498413
2498959
2500853
2501224
2501142
2500393
2499118
2499779
2501823
2501200
2499509
2499631
2500909
2501724
2499193
2501328
2501429
2498341
2499190
2498724
2499015
2500871
2500803
2501276
2499237
2503016
2500461
2497363
2501577
2498829
2499656
2498622
2500775
2501486
2502509
2498821
2501001
2499036
2498258
2499628
2501978
2500807
2501322
2501522
2499444
2499238
2501233
2499969
2498958
2499961
2501181
2499898
2500321
2500770
2500022
2500153
2502139
2500654
2500839
2501889
2498215
2498920
2498453
2497741
2500475
2499752
2499353
2497230
2500413
2501128
2500675
2500124
2500463
2500512
2499985
2501436
2500252
2501578
2499498
2500416
2501637
2502724
2498704
2498745
2498505
2502156
2499223
2499412
2502880
2499234
2498634
2501691
2500456
2500394
2502143
2497216
2497180
2500668
2498679
2497456
2498936
2499513
2501300
2501282
2498562
2497092
2501280
2500129
2499410
2498314
2500982
2499865
2501067
2497852
2501909
2502304
2500118
2500199
2501653
2499848
2499459
2502516
2499521
2501326
2499095
2502662
2500722
2500507
2502326
2499635
2501095
2500655
2500837
2500267
2499728
2499854
2500208
2498693
2499243
2499302
2500915
2500769
2500799
2498737
2499225
2499599
2498511
2502222
2498862
2500922
2500960
2496661
2500972
2499888
2500353
2502001
2500744
2502313
2499738
2498283
2501055
2500754
2501092
2501064
2500454
2501140
2502428
2500787
2500792
2500369
2502188
2497303
2501085
2498967
2499625
2500246
2498552
2498401
2499723
2498147
2498804
2500851
2498364
2502043
2499795
2499519
2501604
2501411
2501806
2501228
2500354
2500859
2500283
2498914
2498098
2499339
2498721
2498950
2501854
2498683
2500046
2501878
2500212
2498979
2497155
2501874
2502012
2498840
2499409
2501338
2498162
2498261
2499819
2498949
2501414
2500430
2499076
2499481
2499575
2501044
2499296
2499963
2499995
2499742
2499801
2498104
2500291
2498582
2498953
2499496
2501435
2499072
2499640
2501051
2498652
2499108
2496604
2501620
2499912
2501297
2501077
2498653
2501556
2501597
2501404
2503148
2500721
2501574
2500290
2499942
2502407
2499941
2499508
2499661
2498313
2498748
2499054
2498247
2497808
2498242
2499598
2501256
2501211
2501749
2498894
2499491
2498528
2501431
2501829
2499549
2501346
2501427
2499388
2501716
2501451
2498972
2502066
2496602
2498167
2501220
2498807
2501519
2500478
2499771
2499869
2499073
2501655
2499198
2498581
2500712
2498235
2500602
2499252
2498787
2497737
2498563
2501406
2499729
2497475
2499372
2499803
2499720
2499570
2501611
2500188
2501263
2500100
2498541
2500561
2498940
2501672
2499751
2500279
2499220
2499100
2501650
2498996
2499943
2499789
2501273
2498600
2500440
2497310
2498735
2500466
2501496
2498536
2499167
2501118
2500617
2500875
2501648
2498249
2498047
2498063
2498485
2500941
2500523
2500578
2500418
2497855
2501580
2498752
2499800
2501107
2499927
2498658
2500953
2501461
2497433
2501444
2500689
2498617
2499988
2498170
2500474
2500645
2499343
2498114
2499680
2499173
2498508
2498260
2500147
2498901
2499825
2500159
2498531
2499069
2501078
2501558
2500164
2498803
2498762
2500016
2498976
2501694
2500738
2498589
2502018
2501005
2501275
2498028
2500788
2500864
2501782
2501545
2502416
2496166
2498518
2502034
2497035
2501457
2499145
2497970
2498305
2499468
2499593
