4278365
3282041
3070876
2610374
3968597
1513180
2917055
531225
3449556
2374473
3208232
4793432
4053906
4134736
4071900
2060588
2431405
827657
4689036
1147243
2139438
631404
3457262
32562
2322163
2819801
1558790
2773500
83756
1602463
2156491
1551988
4111417
3322913
1685246
815379
1523511
3565199
915178
3602224
2678146
699341
150487
3002816
1016947
1174594
4460026
3211120
831064
3220900
3189734
4317864
955489
3725951
1430725
4034748
4694696
4811715
3077842
3450550
1607897
2849186
626832
1370527
933384
231922
2669772
2361585
1617267
3229103
4367552
2347599
379387
974502
1042290
2367096
1652678
4048282
4689465
1450367
3612984
2591277
73474
917332
1772135
2307613
909838
1435531
3883833
1516735
1965864
2638919
1333509
3854290
4220759
4413148
2317734
2910530
4768174
2326396
3300326
4277249
520255
4891232
2302524
935679
1648411
523081
3244892
538804
3263701
2246065
4561856
3252366
4661391
669121
955355
1766531
1966450
2490727
1596737
4441850
1138689
2133610
2601649
1318297
1889944
66024
1967238
1237456
303668
659805
1524159
1894025
2172490
2954637
4874971
1211696
957623
1505400
4252294
3184533
2508478
1930431
1858765
1616738
1896743
1458142
1659197
976158
3255044
1989953
2664064
4710752
2005785
451486
4056469
3312895
3999636
66454
1900675
3440971
4494282
3711732
2429745
2718668
2220306
3805284
1742009
2612381
552069
1635257
208235
1012417
148248
2557961
3969531
691120
2123799
735370
479937
2991989
4779979
2902514
4497835
1238625
3684907
2621456
3764021
2465717
577843
1365197
4277622
2053844
4556548
2129366
2234600
2704268
2322919
4209266
4928236
4140217
3325863
3201899
2861451
1577642
2192768
507025
2765585
135908
4910668
1303748
541485
1911568
4762265
2361587
3797085
18854
3529286
2608376
3088579
934119
322580
673418
4565649
3594328
341793
687696
477312
1739054
4631229
2963933
4780628
4660561
3299
3631507
3852611
4453165
4363042
2206846
3469127
4598578
2951478
4691335
4324424
3546745
3343603
3419930
340667
2403295
3526822
1270417
1705257
3193169
3898071
3955209
2567078
2865814
3460003
2779959
4149106
3184012
411183
2843274
2096957
4520887
1792363
4047706
2768347
2455305
1514621
3576068
1577458
319364
3642659
1494708
3261110
122062
4496856
1971855
4992855
3199979
4840129
4406141
1933577
4482349
2846161
315427
294804
2945483
3008115
1705495
2268860
4922314
4895849
4214247
209552
3997471
1312343
2824617
1494366
2062851
1203298
625549
2655868
2248358
1769857
1797335
2510104
1058047
3611347
4721311
1067011
1421212
3892351
3645567
3231016
4851948
3577411
2091482
4570594
233958
4619057
2069167
2389118
2500271
4438274
955730
2269622
1125082
1525027
169270
4148350
4428429
191896
4885817
2727743
2586647
1487921
71949
3885419
1359344
1268052
3854196
4367956
4143758
2497724
4614004
1350762
25840
2248095
4520333
1218604
1505711
234410
2551701
427910
945902
1665135
601121
4510683
4716024
543008
2320810
3584129
4085668
4369934
2476294
3097521
349723
665327
250107
1962775
4321343
4049640
2308496
2558086
3982508
3644396
3312733
4659795
1325476
1105880
3140558
3739937
4211626
1123936
3725712
2380165
4523311
2627684
3897331
3569030
4244787
4192466
2900205
1628938
3833110
2553365
4957835
3777569
2519954
4319288
1169195
2635908
445179
3897164
3695631
2539187
2428678
648901
3197963
3307850
4844656
1793480
2322787
4987362
2738101
2014670
1102202
2390792
4704588
2952467
3940588
3980659
4695387
4440771
1445033
2817321
749961
3611534
3642786
1479582
1564064
2091214
1004983
3918797
3444896
4966693
3069500
2236123
3524145
512864
403268
4121996
1394973
104396
3432130
1027049
1487781
1186135
4542193
4613844
2259800
977433
3076116
4168640
2127535
1151892
4739161
4719917
502899
2644441
3144112
2297520
3618928
4788801
606907
1690346
67697
819344
4148996
3508517
611586
1585000
257668
348234
4484561
2682123
931010
1869277
2948318
3811705
4510118
2986015
1906482
5391
2879120
706641
4024940
1145595
2451033
68741
2425887
4622313
786392
279082
2882580
4066243
2613556
3429151
3964355
921880
4764697
1773046
176061
1632955
2839533
2289251
2590880
2424696
2324140
158200
495688
607305
3941274
3372223
4705360
66874
1546814
3269938
4958089
1220971
4207948
163947
1555226
113144
1446361
1243191
2878963
3709357
1554046
4814204
915923
634671
4979142
1624752
4165500
4949490
3170342
3096218
1651371
2865780
4217013
2290996
1320011
3244096
2381337
1167937
1683017
2595405
1659590
2610198
3614383
1461315
1523800
4755959
2458514
2786611
2096230
1176652
3745687
1036544
1907515
2521883
321895
1301478
1862452
76238
2326183
4713999
983771
4593081
1953533
2933550
505870
1118176
1701750
3790211
3180188
1582068
1828192
4113716
428129
1874930
339511
1683423
1944008
140294
2785829
4291423
1532239
1346603
3265924
2144435
4187101
4221576
3083110
4657004
3909922
4679119
1836156
4268011
4051700
4815769
1876950
4416600
4009253
4607636
4381104
4131792
129056
3462578
1808774
1395955
4841919
4949887
1467828
4899427
2908221
897311
4508391
1502163
4332891
23798
4309322
4153234
460638
2855582
959365
1611920
1469746
26139
3895761
4353666
3103548
707174
4511453
680837
698557
3757370
3257402
3628667
1432149
3429363
131450
1530520
3212957
123099
902941
1642829
751299
2207600
3145956
72802
4761292
1414274
1602851
3512508
4679900
550792
243724
3807100
4680288
4208413
3967874
2699268
800205
1323865
2840787
563500
3610181
4610906
2106407
806725
193682
1950684
2095403
538444
1631667
4646447
3341526
3899218
385741
2756351
1932085
1360953
3260868
87580
2400006
4015843
1408951
774859
2048197
1274657
2312433
3213610
1764436
3380119
350200
4385596
3296717
1371969
3251699
4094117
2924884
2482469
2382251
14176
2362726
3623326
4548568
3340515
4109731
4398623
2543944
1987257
1493199
662723
312655
4809682
1572348
2783513
4175487
4597536
4389786
4105159
3083518
1246133
3069827
1949610
2873004
4871581
2392913
4467906
2089650
4848511
26939
4195956
1289461
65536
4603599
2151299
1453555
1869928
1831262
1723437
4057984
2129663
4851320
1030473
2827710
2956921
1710847
4653356
2636657
3055645
3072770
345424
987881
256736
2340520
2463501
977106
1773242
3710053
3587144
2025413
1060454
1789779
4868517
3999178
725405
1952666
739413
2315285
1754278
367487
3774292
2421965
4196698
280944
2727700
3552928
564791
706107
1272085
3275781
3742253
2475328
4978569
1968212
3140480
3841906
1165106
1112183
1814659
2666329
4108528
4460691
973943
186382
2515554
4146019
4170795
2723043
715955
3992132
339332
3781944
2044571
182544
3631156
376033
581572
941173
1787610
3839653
3616280
4176010
4338746
4663789
1055360
3226632
4831025
3460629
1329418
4607685
1562667
1976969
2930683
2401990
2750466
3936074
50886
4195659
2340720
1169873
1650545
2317794
368718
2683878
2434833
3223495
1938143
2319702
4673046
2117436
1682202
2056893
755472
1074581
1983265
1794451
1975903
2484270
3599103
3433127
732638
4462684
4353872
3017199
4296521
3129837
701445
2981717
2147588
3751129
315892
1449766
4612911
1490382
4616850
2733360
2103532
2728889
1274425
2297108
1881408
1460204
2646618
3488923
1891154
2191319
826236
4866380
4067079
4834122
2589404
3297936
3381157
1593782
802427
1306130
1566249
2830297
4255122
1580453
3498969
874446
3346236
3784772
4208592
2746969
2306948
2832446
4852194
3947004
3136850
3194712
4251130
387426
4592408
4087351
3632554
1899665
2070802
828788
582452
1276332
2481360
4198593
3773591
446744
2017517
2260178
3665874
3071472
1202289
4684519
2302229
2712054
3231351
2110349
748202
3559108
3615297
3199203
138246
1036880
3831429
2368616
4654158
1606789
3756939
4293492
4709230
4395199
4510589
965161
4400464
1886758
4080036
1805740
1654858
3678670
2868281
3980501
1101533
514723
162342
3737637
3146006
1197203
400111
3173937
2277440
2202127
2662003
4721863
3748843
74401
152806
2621771
3227050
322166
1595413
4543119
2330496
1709956
280635
3073985
3090939
1091598
1918113
3777784
1433330
1448093
3497583
1360281
2660337
4708917
1797519
2241150
3428560
3814851
3679178
2583553
3164392
2161640
1621597
2712224
4377865
2761237
131595
237017
262001
2249884
4110974
1676892
1568066
2107769
1589568
4734868
2557373
1882222
4811054
2971084
4092035
2911841
640878
3032726
1421907
4185391
331376
2697706
4934724
922525
1201441
136449
2228874
4818038
1385576
2384311
3505196
3183252
445155
1608550
4201312
1988391
501052
1987039
4268891
4654713
4598451
978557
846284
1476953
102969
1745969
4204837
4206563
1150923
4923723
2955154
4326231
3295295
466818
56908
2722106
554354
3682849
286916
4307776
778925
4598869
4366486
1278979
749018
1606487
2582156
1376667
3608009
1188195
4505878
4739358
3342178
106423
3326577
3672749
3106645
2931159
3658453
2306804
4770418
2780009
2945200
643778
1158867
4965670
2246637
2893452
3436755
201392
1666448
1417657
2069169
4862205
768419
4870559
2052731
4930986
2133154
2363084
4964983
3553992
4391344
2706010
460885
4481420
3212294
4753956
2855147
2092668
1621734
2472866
851717
1137318
1579743
1127993
662431
4983943
2400477
4510157
2810276
2418951
4261685
948668
1786403
2531641
1757522
1887377
2237063
4014242
2773365
2202875
881137
76291
1439131
304055
3501143
1048691
2252131
3829039
1422259
1980057
1449758
3678959
810552
396378
1204486
2464961
114326
1177010
2371557
1333884
743850
2545690
3723045
4772288
1121639
1636062
3068467
762600
1272458
4912982
1482012
3446850
855061
1080434
2713755
1421508
2759564
4916680
3986941
3162891
1753958
867798
3113249
3380158
2612108
3493316
1139126
1113362
4301835
1898050
2373440
4274149
2446277
1696167
3017208
1189360
438047
2391252
1032339
589678
3017150
926335
4144433
2929634
4513936
4681201
1009712
3455804
621772
4554446
4539075
905223
651340
349364
1645258
2510644
3456075
1099406
2119432
4965309
1874075
1436056
3494100
1118833
1704684
1061097
149373
151151
3747664
2214116
4264795
1905112
2789927
2009106
4842954
4626910
3762766
3951568
4936713
2220793
4499704
4149303
329457
2888690
1899498
3561908
3229237
3825577
4560626
2094810
2198340
4739144
2030581
2327669
4174058
3566855
4548479
788263
3081026
127838
55418
3306826
512220
991057
1296688
3944301
233869
4830888
189826
503135
4136550
40653
1016149
4491453
4975482
3418991
101807
103382
3333656
298189
3741025
4361466
2105580
2589943
210867
4207174
4389835
878539
1298293
1795468
3651316
1333357
551889
3231600
4827742
1047395
481399
4711477
399779
1678095
127744
1948875
2925787
2163867
4526247
2946328
3654786
3679405
4887123
421556
3068839
1175121
961404
3267235
1400000
451045
2190141
3720429
2875570
4934332
2070268
4429884
1125128
661823
3172707
135579
2171962
622405
2315224
736313
3632181
2176884
2098652
549966
3589630
2879295
1132425
4405814
1468813
1911811
3058655
2301769
450751
2216130
4895134
2956110
3627614
2126422
53419
430580
203668
3396388
4961857
1613134
596273
3626074
1513031
4833429
2459602
1694773
4902241
466734
2820819
3914160
413818
2274560
2045630
535210
635565
32298
2124662
4528329
3969925
1881713
901123
2458769
301204
4326714
659512
3928080
4947432
4067840
4797439
4839247
1354427
2796401
3300363
4322320
3191109
2622439
4173623
1890783
560723
4306110
3801325
2591301
2470087
925619
42125
982536
1072845
2584365
4127731
4280014
3282700
1892174
436687
4573597
4601314
4452892
2507164
4919650
280708
3650616
1813535
3335334
4660537
4170840
3022889
4109756
1738643
3418499
4546349
2010858
3256317
4371275
4440855
1552782
114075
2722828
3413582
242733
3489291
1881179
3459373
2932229
2057732
4749679
4451575
3428317
1859662
3306828
1710518
273018
1579987
4214710
4599158
2006464
1876465
1552520
2648498
1938748
2072685
664818
2583038
2578012
2415617
1168963
4446766
1681455
2673880
36188
1324197
1444102
396672
4174124
4903328
1865933
3393986
2689504
2431947
177979
398486
3009382
185646
4308782
3951829
1174514
2511559
2499961
2632993
4453196
1955556
4949701
3485960
4807017
4229823
1984600
4772900
3848042
3510686
658216
2280939
3928040
4882074
1125032
1177794
2210933
3090756
2201397
3737027
369204
4835085
277828
432899
733258
1380882
881920
3307483
4336146
3427999
1151217
4520459
767950
3345859
3223544
1605151
3635683
1200236
3474319
2426670
4906193
3579457
2676807
1841626
1410469
4812339
1563200
4761545
3556994
1784746
1970404
913629
4693945
4277211
921703
2769524
1617611
3618345
999018
301238
824543
11724
266839
544971
1545319
1470956
3170075
1897012
1978411
4305536
4184885
1901731
2376842
4389592
1393634
873185
4500573
2349326
3711387
1330332
1280730
2420562
2965799
3940288
2127845
1267256
3908258
1608554
3677087
820976
4781662
1278964
1600617
1028114
1797166
4562404
2133892
3191048
684977
3266620
4284881
4248811
1159588
3310422
4366941
3384882
4967423
1062842
4517378
3451702
1597546
3846330
1476181
3409981
335136
2383056
257795
341556
3601749
273914
3646199
762123
1434677
3343558
4021461
3598807
4074690
716241
4652600
2455647
3524650
3796333
4756171
391852
583279
4741364
3131853
873688
401979
3592199
1043937
1738508
4459259
3178934
4191235
406918
963852
3836173
4688479
2095973
1992988
246288
2128886
4403205
2282957
2553051
681219
1774200
1117079
50363
2418928
2308145
2076352
2222378
1267623
2196486
4707539
1185548
4920898
4381760
1768508
3771901
1032872
1231020
1283656
4623661
2349262
1712288
2081866
3430551
266802
3596336
2732839
2865680
2475425
4788413
3085625
2185443
3250583
4933353
1945261
2305711
1447560
940392
1770361
3747634
3173968
819297
431063
483115
4200659
3154242
1295727
193280
2334672
300119
40205
1462560
3829848
1551125
3193085
3141763
301599
4304536
916031
3751990
2329022
4363174
3647168
135454
866362
1420478
3906871
3385635
4125445
1894529
3133085
2635095
565949
2375298
3591920
4503636
2820828
3032111
3536422
4442575
4920957
3026734
4292271
3413095
4718078
252543
4470265
4238872
3162622
1129841
3550965
871422
343083
2083935
3008907
2746224
1386526
2893599
2402949
4060458
3130664
4175008
4417861
4969127
419149
4572468
1052232
242240
1438642
4617334
1962995
3269140
3138202
3686599
4894894
2597532
4822338
2411531
4291281
1032439
3695265
3563487
4392925
989259
1193773
371031
2043076
3628479
2561506
3040434
1479411
4832957
961871
2130048
4542681
3508283
2035142
720741
2625104
4879716
2945268
3842290
2890300
3886995
543093
4099333
3086244
4738280
609672
3340813
4670814
2917233
2627136
2493400
2147337
3369124
4541741
608123
3278915
3662080
2462745
2843354
3121687
3840576
3810163
1029241
2276832
4914895
1788710
1709897
2125152
1507892
4556796
2639961
2854408
2274853
2802031
4537562
3283667
4619408
3038693
1358466
4276053
2138615
3006483
3126484
2316893
3400881
4928972
2879925
951819
1606560
2211621
1111927
1657836
3310415
557691
2855108
158657
574491
2279424
1718564
177298
1234110
3368573
2122031
304130
2627940
3525958
120604
3017876
2027190
4172156
1015618
4727320
1328414
438701
3477278
505324
3275860
450571
4287787
1235384
2870189
305598
1000461
4887936
4697597
2287467
4607552
1047259
896106
481777
936278
2946099
1408052
956519
601468
2808695
3129649
4961362
1272904
1322246
4937123
2795426
557227
4219516
2659132
3294436
3164349
3997857
1636357
1589841
50375
2895354
4815211
2394050
3272354
1407130
959834
4884564
4716511
2626968
1501865
1459165
4295990
3189340
2126280
3264381
3453181
1553014
1174567
353789
131437
2721095
23347
3348310
4200991
157219
4186316
1063022
1658813
4053776
4533023
1222033
1565617
770612
351101
2887678
1989395
120579
2843997
1815151
4622268
4692307
1843856
2837207
1121434
4146626
4771082
2836883
2812492
3118611
2845305
4704963
2325088
1597080
1476748
667161
3747214
2015772
3835509
4173684
2570955
1186909
3957718
1458510
4395019
3435792
973502
3410589
1058538
1291451
364499
3990684
2704167
1759694
4302961
4666063
731985
1956669
4181829
997317
4872850
4683433
4732488
4811584
200572
2667972
2052278
3998298
3001595
955935
2668247
2846315
4091229
2695105
3274668
1462990
756767
1127970
2757877
4809603
2634346
1982856
1456063
1867194
2858458
1556432
2656071
807227
4054217
1120960
1793309
2190101
361889
4331330
412818
1464322
1569023
514551
2040747
2511811
1298403
2927212
1084468
542208
1859434
34609
1062817
1121867
3220256
2841576
2691715
1153430
1810598
3164474
4067679
4265298
1430893
4533780
3512810
3421594
3605004
3999886
1386349
4185820
738664
3933830
1427263
1999392
3425957
1216060
2747857
4976151
3562711
1141157
3060783
1740043
1387266
2758479
3519479
3143500
4956390
2908648
3138447
3401364
1507472
1722777
1861685
2665447
2052075
2952802
2974754
4570245
4722111
2603453
2666101
1753790
1003412
3101770
396898
4298735
2725604
895832
3408980
3117328
3228892
4939465
4322601
1290292
782369
4365562
4446156
1676261
2266229
529140
1973786
2502120
4229541
3293251
4906963
425360
1199447
2151234
3354950
2524379
883786
3960879
286021
2379132
2321258
2659857
589860
2798187
907763
65512
2905383
4943563
844539
1457952
2897994
484196
2964860
898808
1331816
3144299
1578990
3828246
4409071
661048
1506567
3660858
1815949
363711
2999173
1295754
2925273
651332
3989979
1713151
4554522
1152639
1663019
644178
2653551
342288
1779918
4622266
361692
1150433
2293349
2863755
1883482
1969988
4377407
3879230
946230
2867702
3175193
748877
4148999
189908
1416059
2001656
781078
4762046
2161903
1419524
2207808
4926119
3298970
2591976
4743
3338416
3002023
773446
4558787
1273929
3053630
3337191
2529731
2815242
4609834
1561933
2542434
2494122
1890701
1588032
3281369
2213416
3748857
2364041
4845940
2396176
4946818
2792329
2388759
1606767
4840903
648207
1823920
499222
3580249
1313319
1156741
4057839
3362705
3373593
2662347
4483160
3899751
1788998
4970403
2421833
2024833
1353551
3341577
1890238
274212
564529
3920473
1612106
471048
3674611
4960230
2374538
2023885
2492714
3693842
3027112
3443220
4218756
3604631
4761076
1106679
2825252
1817254
3208130
4970644
641237
1215391
1091662
277106
2956659
1757099
2731645
669383
796625
1633313
290364
4875780
3860767
1830457
2434652
1126916
273681
1106928
833639
279879
160045
3152197
3617998
2428921
2456958
4368337
1547223
2070039
2824505
3826095
3716510
869552
715357
3951129
4968325
1680969
2095570
2614043
3476168
1320536
209189
3842827
288258
2661373
1791339
1609944
4467297
1377952
261018
866660
4725256
1617693
1526482
3009141
3563922
539722
1178046
664965
671553
2905788
3045553
2097554
3808630
3846030
4219279
3259558
3532300
3629172
3349847
1103620
4022656
4394684
1752067
1127079
2017121
1846030
1027283
2669348
3970524
4996891
3608904
91199
289709
4207034
3491036
2296886
3722929
2977996
2143653
1037106
969443
4393233
3989798
2173691
878682
2658435
4722786
4480303
4150520
1055868
2392548
65998
804299
3645758
3445233
1657109
4517494
1935342
1907999
229483
4547833
4712986
1813346
2436097
736717
871269
4842430
501381
2615195
1561007
2076087
838111
3018862
121094
3308800
1757066
3476047
127496
943988
260723
1442627
3118713
213605
2243479
1853029
42007
2850618
2622640
4048105
4574884
3120567
1358636
3622198
3579312
3761119
1797984
646227
552841
3884959
3335589
2030808
1819635
1806702
1117316
3502725
305511
2785757
1980143
2054820
1831732
2186915
1865930
4323918
224757
2639811
2790267
19387
3563997
4484956
3113909
1193920
2271661
2137112
2885400
3985039
4809271
1112720
3472070
4763876
1421586
2990454
1312737
866473
4765288
2615341
1796574
719057
1799950
3115169
4718752
4810888
1544952
2192255
4268482
376390
4143174
978162
2439058
3219776
992454
4462554
4891834
3958979
1464995
385107
3055827
1646739
2218532
3994139
3512650
1101826
750698
293990
3213383
1775527
4576010
1654721
1781927
4188195
1132494
4075086
2361260
655956
4345395
1955565
2661676
1955156
143632
4809442
2020408
8446
3366670
1985515
3492612
2817375
3367753
301542
1606843
3204498
4841660
1772186
4607955
1134831
532785
4852986
2254598
3006753
2468593
4327295
3148219
160721
428710
1655776
3088192
1487435
2284820
2905447
3308281
4256831
903899
1933333
2882485
3671019
3158110
722821
3786190
979746
153183
4055148
692530
2518073
3613859
107426
3990136
4211262
866422
1288808
1927902
2603047
2367744
4080820
1909779
1350857
4427369
1277043
266853
4981875
4515809
892489
1515331
4929716
2479644
192428
2445577
11208
4058404
3500598
4423493
3579092
3987467
1910428
2225814
743814
2586414
3290518
1723549
2567400
4986905
3380776
3971457
1220091
2030242
3368112
4962172
4427124
4920370
1745044
3212633
1664897
1350318
4496209
1967715
4516830
4302317
4930801
1524741
4788466
4037935
2669412
1860547
4305579
215730
2580758
4940480
2615353
1959436
2060910
3249189
1634072
3666143
3024597
2275475
4386242
4803685
4766720
4583052
3707358
4399118
3196788
1269787
4889152
3872306
1971407
2636670
2187418
94112
331125
1775384
668508
165050
804991
2042706
2192528
2217178
4754140
2624421
4241930
3860163
1056416
777485
1442065
2011420
796050
4451466
2651284
2577145
3473703
4370714
760436
3795660
1106353
4357271
968407
810618
503789
3895628
3984187
3328687
175717
2018593
525160
2290591
4349731
3851712
2607502
2074001
213573
2557437
4277369
420528
2838771
4797172
2542112
1291378
787721
3820856
2515326
209590
4200628
4647733
4001043
3320490
2050139
2914792
2595492
976976
2664454
3505803
1074948
861425
1211414
1083133
728834
327671
4576569
4843122
4239411
3960276
4015419
2924078
2190153
416492
4594099
2794333
147019
1146551
4746320
4507914
3745169
1000568
463306
4062912
2992485
640209
939447
4020280
1593508
2870022
3812585
2254831
4404260
2700772
1046187
4542103
4132434
1315023
2156382
852634
909198
2735722
1831711
3370495
215948
2923551
558244
3812016
407325
2330853
4641705
3565168
1766970
3489082
4581811
2542326
673988
3081768
3365012
1506534
4656829
1564083
4749063
18223
3352151
306463
4216085
3610374
2192881
2597984
1918914
1503396
2466104
3926849
2116837
456262
1545084
356905
185120
498466
3953574
2222222
2825066
4496292
913972
4791775
1080601
569471
4758451
1726140
4493643
3274786
2902167
4743582
3545681
1948113
1120040
524042
3553955
3124250
2026925
1794910
291702
982986
3074360
2311022
3362883
3540504
3476514
2397719
1237064
2093908
1015997
2717064
3259760
765828
4034827
3572265
2631557
1996934
4233290
2499131
891500
213482
215864
4358352
977111
1113685
1844402
4608567
3463508
1774487
506030
4846225
1706341
2554515
2196651
4824411
1101704
3235431
1223441
3585828
2267208
3888732
126171
4918692
2663266
3262526
4954773
845077
1813224
2563682
4577629
4371533
1194812
2670193
4954502
2597822
4505969
3552991
4318102
536736
218238
4304685
2264692
2546406
2740069
4246644
1536509
2094812
4345527
4238936
3851282
4152839
835217
3059562
3298837
4006525
2288842
4488975
4197383
4783686
180875
4011250
3786134
2921141
2939192
1052998
2955092
4006397
3980880
177802
3712131
3257594
315174
3550308
1638944
197588
2839019
3241955
1969533
3892385
1338907
1468690
2765796
1646632
3456044
434534
402221
3632047
4618609
3676387
4531919
3664284
2260295
2228304
1335687
4185562
4842762
4419171
2248612
4868169
3841333
2574940
40972
1404947
4333878
4915809
2169615
1889508
2313944
26481
546429
2645558
942398
4347974
671951
1055232
1583378
307855
2482708
3221248
2637144
381582
4806154
2605691
968798
1182719
1382396
4009628
4141682
2271497
1331808
3769988
40376
1339976
1885440
2806622
191876
3036151
3275013
1040749
4270890
4951007
3787935
4813329
200884
572056
2729000
2243843
4571933
2902837
1430944
4821
107219
3355003
4529046
32364
4949200
4354976
2339589
4427173
3843780
2590881
4413598
4050465
1060953
4944952
2169641
3131029
1204279
4270516
1721874
3080402
2055058
2641574
4293998
3647869
2206497
2430120
784626
3631536
4693677
370830
1524818
822010
605188
1478715
3608764
4528464
1603316
4026703
1990541
4630360
2952496
2876264
2758147
3141298
1216054
1468986
1556553
3282728
3967308
200251
993513
1287619
1680006
2943977
118695
4653833
998411
4207014
3924471
4169161
3343289
1121087
3675654
1148197
4803194
3816060
4917834
2851315
8678
406852
4939911
2086203
2101441
1154066
3332814
958258
2196299
1074452
3020459
1436457
4266363
2508971
1285508
2382312
2798686
1970726
267195
4575474
1994558
1801007
2945542
3206535
1856833
348199
2447796
648885
3316262
4710572
4070515
4222918
3327711
4445101
3644966
1388042
719350
1254472
4257498
4710987
3235666
2265314
4347871
3566517
1247307
1901456
899414
3086373
3297986
1565802
228421
2597660
277535
1058153
809108
4309150
1543087
3337058
1542281
176154
1167210
3480812
4719905
2164294
1169290
14163
3852804
3211311
478507
1125910
2050947
3061228
4713016
3663625
2540125
1138374
2943671
1681639
3886660
747868
4582396
2258734
2943551
1579676
2590418
473065
3168730
3556101
1599121
2867462
3054876
2893304
84499
3038485
542134
201329
4063787
512841
1009098
738733
3716434
4718721
879823
1149090
611408
1533757
3504222
2616
4626460
3287234
1689729
993144
4478104
3165320
4021130
315675
559719
1450116
2043467
4619522
195570
4101783
4029020
107965
3382256
2336968
923258
1356471
2385101
2178074
3673858
1475902
2767671
956214
4130791
2506428
1378870
306460
833225
3906761
4297487
1928383
2538345
2208664
3034514
4456480
2413192
4710834
4757549
3532654
823387
1968446
1434717
4606966
4885412
1645454
3363186
1883869
2017597
986874
1753678
2516143
2106738
1789782
2249767
1431432
2310733
2641221
4192484
4694053
2083164
4249046
1434954
1194882
887695
3303212
4742092
3545187
722186
4573344
4431015
664356
2854883
522261
1935759
1914365
792091
3918466
1791405
1128786
3369242
1129023
4593371
2361995
4407393
1351023
4134693
4716046
3928662
2354097
62460
1193277
4883863
3643941
807477
938694
2807743
2255320
1578339
1510387
1946077
3100304
1807910
1585540
2462300
4892459
5883
2796892
89365
1232307
2700576
4290074
3398106
3696007
2551014
1293826
1834315
2347070
4052984
1835943
2966815
1511085
1964147
2472052
3003808
1784652
811372
3999918
396943
2237975
943789
1874502
4278065
1969581
3303808
327379
2457574
1171278
3513584
4569751
44876
70908
3728329
978304
2121908
338758
2205480
2428319
4381986
258312
3772009
2463917
1329244
1725231
78856
4163376
2843839
4682755
1698469
1424642
921608
1984169
844110
3102704
2393476
4815405
4463298
2336117
4435648
2678296
3484570
2984132
3864074
3963294
927062
3526182
7939
1360739
2144893
4923493
3836930
1052097
2813050
3776535
4902711
1738547
1235077
4944804
814321
3986061
111489
476002
1738568
3457210
762947
1219885
4720288
2171182
3662838
2553246
3129507
735284
3867700
2929758
1417477
3857958
1856767
4904879
3946147
4881515
255542
2648337
3691402
1837488
3286919
1445738
1101980
928125
3889273
3567839
2286057
1063313
258505
2332368
3679963
3453548
2151914
573928
3738087
1390529
3691301
1213119
705484
4135990
2603624
4663621
2604296
3556400
2794504
2112958
4766192
2559335
217074
4181378
541950
1655467
4621184
904500
1502107
2427268
4870372
1508430
628040
3867859
1532655
2846530
2589809
2461756
2777551
532159
4772296
2876029
4379691
4465342
4079307
2619448
802215
1851370
2500557
1514027
783380
2217047
381215
101065
1006603
1332550
1096872
1055432
4332019
2871105
1420545
3058238
1547271
3404573
3660306
4182328
1738164
4448284
914302
4222964
3982282
4539391
3878604
2450347
4644467
388163
1939754
3515554
2362091
1667024
4775500
4812821
1301932
686605
4471670
1963982
1824350
3355277
4313664
2510370
4310818
2297192
993756
4571657
3513256
2753276
286376
3031080
1008633
2532031
2567274
1353176
2199437
4578740
4559165
447797
3710013
2996134
2439126
3964357
2209925
1999874
3430658
1019895
2245062
295282
2586015
685982
3009822
4926324
2952447
946493
3134587
3661415
4623441
4971020
3053862
3945106
3974255
2816275
2029016
529190
1718084
3973183
4904456
2326637
3985869
4447292
3735796
174652
1700054
956830
4739112
1277642
1122916
1504792
1933614
637047
3656110
3565080
1337301
1537881
4079281
4062213
4248427
3911297
909492
427700
131270
4297247
3013666
925685
4749022
4652950
434023
138847
2142943
3720701
1692778
2506365
1270202
4182760
4505121
3200036
338288
2728921
3824116
3960819
1567822
2846768
2811529
2185013
1207793
2251696
2083189
422277
855187
1820096
4229545
3716227
3204734
4667218
1829775
1638176
418234
1840664
2406195
4639987
3398
4902860
1891702
1593892
482233
20711
1675095
1773413
4104619
209336
637352
394194
4945998
4620001
2275722
1563219
1612316
3414641
3973243
174440
1022078
1647071
478599
639887
1994085
2903023
2980371
2105983
4985926
3357899
2117895
492189
4733311
1151797
3197733
392092
870386
4631188
2715266
1848472
2621962
1985269
4753916
2968399
3112586
3275823
1522981
3919468
2037752
3224565
1800387
3425866
786
3647843
3950931
4957570
243180
4534400
224984
3364790
2859517
3183645
3589095
3121786
1612519
691734
4781258
1679313
1463658
71669
1513244
197987
3305037
1188300
698656
2386032
1119075
4545382
4893610
1609411
4086433
1334712
2612201
4066875
2061030
1230078
2647436
2635922
3600036
155767
3906188
3841480
2436522
1564161
1500927
2778559
2063135
4220234
3341534
992755
4483676
148533
657807
1255529
3029610
2933902
2928835
2595021
355375
2411403
2105129
445773
2812348
2821791
3262172
846195
4414307
2361006
1921717
2141549
642559
3354482
2934409
2996389
2518680
1561840
4434589
4674878
332364
1490323
407155
3142940
792041
4054155
1535712
4154110
2193765
2617302
3644619
2510817
4513530
8767
3033548
578088
136966
4129426
2073271
3491776
1315123
4930743
3300361
2994154
2503707
668055
3065545
3605127
372741
3384834
649879
126913
4304946
2634321
736212
2746597
1578905
4671904
3989439
4765247
4126229
2961550
1785721
3098230
3162614
4373778
1856850
3174150
3162382
4274940
2821046
2534436
1515443
520350
264042
1517440
2542663
2401621
1780951
292731
4000892
26689
4204067
574119
4772864
3523226
2836420
4764404
4584825
4979278
2327242
512827
2787144
760255
1177422
403951
4684924
4279659
3159244
4757716
2124945
4937874
330012
4214640
3309114
1936400
1197172
1511521
767552
2003436
4095995
1638910
3385918
3045065
3542409
2252751
3856200
3699038
4386440
869593
2073101
1996123
2911206
2613083
4660506
4990978
4820148
423880
3394756
2850280
2420112
411266
3071958
738263
3265559
4968027
1882497
1533466
4563024
852696
4641246
1280536
1983164
3030345
535782
3650943
85067
1276562
4711442
3604216
4752631
2132658
3345237
1338807
4693739
3711338
1142248
3268497
1089608
3383078
4445090
4248392
1953370
4454030
3368774
4955530
788252
1611448
886012
1504538
4700812
1154989
4092082
1047180
3960346
2477379
2139223
2154846
3989106
3082592
4094481
3973741
2266619
3061679
88012
2844094
1666997
672708
453796
3500941
4363363
1075110
4295827
1974609
147263
4217663
1129775
3857033
489620
1797215
3552728
971094
2156406
4827494
4967393
472071
4134286
3287230
4887175
2066568
3771548
3799488
1246013
1553779
2043232
3247025
867955
2964342
3193970
1581980
1945186
3925122
4976884
91674
935476
3289353
1324615
4074494
165249
4527703
1643925
1395256
4236340
380630
4341544
484913
1036944
4407846
1392636
3353969
2656917
3140031
828863
860127
2780870
602725
560456
3507940
2261543
574943
953194
225830
4643017
1976406
2778970
119279
174737
4194399
1660126
3453623
3351025
684325
2938222
738257
2491781
4782772
4103985
1337858
2649291
3894347
2612043
240066
921058
3672278
1426667
4645076
4043823
4143789
3552481
4557023
3776001
473662
901667
4780624
3408134
1348117
4528084
2390543
2057512
22634
420823
3889234
132107
1000061
3091160
2665181
2972417
4866560
4605243
4382382
657649
4667036
2257048
1877998
3356557
1350981
2179431
703666
13678
165665
25650
1719763
1504733
389303
32595
4766447
1810755
3667891
1063993
2365375
2731840
3750194
3329957
2328023
3399339
2604223
4720433
2813924
986353
614009
1306385
3587486
1061665
2359285
4447828
1794221
4055963
3772955
1502885
3961252
658316
3195504
1638425
1806092
4707212
3932855
3859793
4510943
4601768
4468780
1173080
2240771
681159
4597674
1402436
3633852
197140
2459494
3540652
625293
4820694
3256472
3023564
2549014
3118701
3581809
77391
4446673
3414358
847843
4334303
898435
1426851
4020664
2654353
1422554
4836142
1067297
2826930
378707
1593605
2909518
128358
4534004
3821823
2105400
3857375
4769106
2003134
4757367
4961189
1820268
2161450
4935058
149536
3101166
4886921
2095222
218261
4208192
4952152
2452520
3270809
3579845
2959847
2296348
4076057
4639304
4585793
1628028
4775588
3749962
2812536
1938865
2899220
4389478
4468944
1832598
318280
4086777
2856437
1006070
2372886
577698
2345677
1141389
3831583
2763989
3657821
48088
180471
910658
537657
3685840
1586348
3975080
4673870
3482429
4678504
3969284
224977
1694960
3151950
3895441
1110889
1486615
42716
788570
1801990
248279
535094
116392
2131663
1452927
4306904
656713
4927906
932251
2671442
1431153
1959273
1163712
3732070
4989283
823220
3942346
4353425
3309646
2680800
2405921
3548428
2406297
2805129
3950874
1816846
4723543
276773
2367570
1300938
859188
4555388
4616106
1662358
3467659
2496534
3863504
3409723
4686034
4661612
4749014
4921295
2405476
669549
2857721
4399216
1694331
3366333
4104216
4469691
4168276
803103
3523456
1453799
3900182
4797920
3175251
4385589
1864029
970415
308469
3779644
2040834
4338933
2912222
1666737
2845984
914073
3067678
4583917
1525156
2630502
2670797
166538
942917
1507978
457061
4256126
3160375
3158537
4404937
1705415
1736395
1983661
257741
3049486
2969790
1146933
2237380
4662374
969224
2807207
3964516
1763164
2676132
2395245
4893105
132364
4262543
1080540
968915
2977501
3788238
412636
1801158
1885803
3160943
4466643
4423014
3502606
4052494
3655427
4547453
1677841
4821093
2556271
3337873
2547907
2750343
630131
3782548
3397756
2112099
3166521
1371800
1494808
4557498
3423979
2854218
2322094
960302
4698802
1814490
2518775
1244868
1561361
538240
789272
4355212
541031
1887498
4269531
2658236
1381616
1092966
1388745
2503946
4809474
1188065
2880661
935988
4508386
165443
1675510
4827233
1095521
941825
4976281
1729211
4135416
4246744
3818734
3602739
2141486
1186797
1665662
1021008
939670
3640297
3469023
2896297
182717
4791233
2406204
981430
3735400
3318023
722154
3190204
4933769
3049612
2948541
339515
4704282
4345095
180147
1858506
1685801
1779275
1634713
1543329
4971001
4647621
873362
4211469
2981680
146379
4815329
4980890
2149449
4950710
4326772
4513681
2216230
15414
1538361
4308688
4745456
2437410
4649741
3728875
3527962
314692
2851422
1396558
729861
228634
1326060
148680
2508374
3661240
4811355
3030777
2232975
3915017
4381133
4187267
3072420
3866739
1397235
1878557
606170
2507642
2708217
4418748
694904
929788
4435747
1039825
664809
4460143
4109628
2906090
3737710
1728217
773650
1185091
4997826
3323136
2802823
2261179
4444419
3891580
1067066
1745896
2176938
728860
4380843
4104710
2532704
1612086
4840293
4432742
3540189
2518722
1181431
4747641
4201687
867541
3507360
4311088
4860078
4547211
1393793
2499457
2452358
3790374
1307496
1636631
3644006
4803406
2578109
240710
2807279
451033
2057068
3322075
3167975
2557843
2989203
523491
2427123
3505837
4873146
1874900
4359264
1060222
4773240
4957962
1358698
3885368
2892204
3638898
2525354
3173842
4381136
2267379
2270064
815874
298074
20905
2349041
1627035
4333397
837573
62485
1835473
3291009
158805
1839441
4971936
2785642
2055162
3987471
4506722
3806752
1989531
4957326
2515991
480694
66998
4912004
4610556
1145737
196914
720100
1428946
2954698
1840304
1456935
2916651
218837
3445228
1875405
40748
2546971
1108035
3027098
1214626
259295
1174908
3041521
3986729
605920
2693090
316869
1226194
1223286
4693852
2543058
4494157
409795
4065654
722375
4975759
3612147
3018654
1053313
1169196
4940090
3492574
4624754
3802286
762457
4576690
3127602
4596733
564679
4157954
822931
1796158
4702123
2262530
4582227
2923436
886529
4664160
4650320
3286266
2561923
1555752
228253
3549689
4081434
2148961
1143175
1356898
646285
4322127
4120856
2632547
3998935
2928510
369695
279600
3057164
274241
3513790
2103084
1146133
1812150
3520310
790966
386767
3848443
3412097
935196
938726
3006371
72039
2065503
4275445
3784192
1000977
254243
811070
3287496
4696705
278021
1605137
1019976
4310167
1559497
3421037
218824
1037403
4338307
4092407
259828
4194267
1953268
2073518
313553
4452169
3512992
3135866
984968
1270010
1007030
1229890
1454513
4878224
1929431
1669195
3197913
648564
2154809
4543016
4410397
1969877
3069039
436851
2043292
289797
2807009
2541654
3088443
2865675
3111166
2197027
4617608
3697535
349438
2810858
3054550
204412
2975329
1231030
1412179
452500
4043557
2557927
1371678
1096992
739559
2784815
2572445
2074456
1478991
1287919
2923852
1983700
4484352
1817848
234620
3561683
1279562
4967323
4576553
1557807
1675226
2458591
2791513
2513923
3269206
2934212
93295
536723
987667
1512322
1131866
1820319
4780301
3181728
3430489
3365512
2292148
2524477
2159210
1064888
2595429
1959914
2478233
2307230
2760529
2623071
4734914
4017893
1253580
2350926
4159826
409789
4988702
4547731
4020720
3812656
1612089
2211531
4659875
463788
4727424
1295708
2593770
2502559
3420091
4096915
215661
706637
1662282
1128346
1347340
1707521
2734091
3002221
2081457
2440310
1866310
1263646
1393402
3331559
1669027
4293432
491166
4454009
1008244
3761642
2790816
4755207
698730
2590471
4153762
3024884
2167630
2093104
3960976
1569758
680003
4732798
2863031
3615852
1124771
4908975
4435395
254902
3544221
3948346
3202334
3263218
2651222
4845013
3933782
1216900
4167154
3468941
2398502
1147363
3366959
4753023
1260623
1618075
2942925
619655
4265789
3661641
313636
1974939
3015030
288981
2529396
258857
1888770
583369
3223235
2804185
1272893
3396394
337033
1297720
1341673
2110691
1349402
2301192
4580961
1987022
1651716
1545686
1745128
2495134
2280731
3895333
4464763
1862448
4448679
1874416
3481699
4132605
1620714
5963
2656373
4268706
2308599
651665
529453
1620911
2749765
40293
2120044
2263864
1801495
3076389
3896417
1536107
4119690
4566815
1995423
3383871
686359
4123593
2935372
3446955
1551975
3110704
4369169
2435120
2846152
3400843
121604
2139056
2210262
1276468
1188316
4658337
742428
4014251
1927761
3160746
4517254
3123694
3142485
492807
176237
4870516
3212528
3722198
4500352
1192615
1266671
3802009
689924
474880
3352232
2464450
2651271
2854037
3999107
4441237
180228
1331609
1436532
3064378
599474
4234985
239234
347922
1199954
1310873
3293704
2542085
3936985
846351
2684149
2141666
2674388
3816664
1927013
3314750
3759914
4978715
2825624
34840
3267537
4063941
2678199
574498
1054679
4720703
4047035
4164681
832256
2093855
1442085
4678071
3743936
2715667
4878905
3295986
2034720
2078078
2169137
3823820
611607
3918878
550599
939120
3848795
404740
4507827
771592
3456217
1318167
4771383
4296180
2593077
1228207
3446516
1381034
2010364
3385294
4137831
2938037
4977574
932562
4209278
442713
1380013
1041332
1973741
2690637
751167
782872
1500329
2115630
677247
304382
2077154
4026403
3442132
2867839
1945914
2563627
4429158
1637521
979978
4437463
4684883
4747270
180378
3793455
1336755
1973851
1215773
3022208
4795322
2638732
3457448
4242203
2078224
797297
3880432
887616
1666229
3239196
1651060
4755871
2957825
721604
2348125
3499588
664310
1140299
1827030
421168
993052
1031360
1902518
2517113
773137
4447192
4847080
4197015
509057
3028620
4617875
2864350
1043838
264422
1089195
55606
2184893
3862919
344114
4204588
3805174
1177268
1556786
2090647
1177698
119319
1866347
3229633
3126958
2553682
515234
471661
1614200
997262
148077
923150
1243515
3958925
574701
1063375
71925
1316603
402351
1417159
2376890
2750572
1893459
4637945
942488
36401
4244667
61615
2844009
2207892
1510423
3368462
853420
4361312
4285784
2478633
1750452
4597270
1137876
4879547
482647
2119619
1226795
783968
715649
1063147
4218962
3904759
2230211
1858126
3918992
4432140
4748667
3890892
507672
2656069
1943965
15544
698791
1310826
4359451
4482595
1057960
1502704
1855528
212416
1694001
2283510
2113468
3975605
1307729
1190044
4020427
3154883
3525138
4568860
518127
2871404
4189526
2049025
94761
1140672
1695250
2688581
1949243
3021412
2665148
3306778
765484
4739803
4458428
1044486
3797540
