1500137
1500428
1499168
1498655
1500019
1500240
1500738
1503110
1499239
1501024
1498481
1501029
1501461
1498673
1500741
1501696
1498760
1501185
1500272
1499235
1500037
1499985
1499803
1499468
1500730
1501457
1500178
1501573
1501544
1501190
1500630
1499884
1502177
1500096
1500385
1497220
1499511
1499515
1499557
1499420
1499073
1499165
1499611
1499487
1499049
1500011
1499355
1500396
1499948
1500012
1500594
1498453
1501483
1500669
1500166
1500515
1499474
1499662
1498581
1498376
1499350
1500744
1500959
1498364
1500472
1499842
1501184
1498085
1499406
1501127
1499930
1500040
1498282
1500924
1500426
1499991
1500637
1498537
1498709
1500781
1499619
1500237
1499653
1499832
1501345
1498593
1499958
1500449
1498922
1501146
1498636
1499720
1499051
1499556
1502598
1498772
1500051
1500254
1498558
1500016
1501455
1501145
1497694
1500592
1501474
1498940
1500292
1499911
1500877
1499631
1499837
1498828
1502370
1501399
1500195
1499368
1501611
1500835
1498212
1500499
1497841
1500349
1500217
1498886
1501229
1499646
1499202
1500748
1502338
1499605
1499613
1497866
1499850
1498240
1499865
1499763
1499243
1499623
1498448
1498780
1500101
1500273
1498407
1499824
1500425
1499702
1500677
1500550
1499530
1499036
1500560
1501018
1500570
1500581
1500641
1498827
1500502
1499935
1498121
1500811
1498036
1499523
1499874
1500884
1497746
1500683
1498905
1500003
1499541
1500627
1499069
1499764
1500540
1499326
1499582
1499248
1502254
1500889
1500255
1500389
1499697
1497956
1500057
1499917
1500056
1500393
1500081
1501975
1499586
1500552
1500264
1500450
1501228
1500774
1500545
1499937
1501553
1498708
1499492
1500826
1500456
1499806
1501361
1499987
1500280
1500158
1498987
1499615
1500231
1500818
1501046
1500987
1501966
1499062
1500866
1500461
1500667
1499481
1499117
1498724
1499020
1501973
1500009
1500212
1501953
1499993
1500186
1499843
1498462
1499869
1498970
1499642
1499232
1497268
1498183
1500557
1498793
1501299
1500107
1500460
1500200
1499640
1499356
1499636
1500737
1501100
1500121
1499045
1499308
1500062
1499274
1501597
1500243
1499715
1500149
1498497
1499432
1499055
1500256
1501189
1500544
1498189
1500028
1501733
1500996
1500390
1498286
1499701
1500201
1500918
1501438
1499896
1502106
1501149
1499866
1500824
1500078
1499396
1499090
1500478
1498937
1500945
1500286
1501170
1501215
1500668
1500069
1500133
1498410
1501712
1499408
1500457
1502071
1500610
1499325
1501425
1500597
1499154
1498409
1499116
1500365
1499457
1498910
1499728
1499853
1499528
1500498
1498027
1500638
1500326
1499452
1501292
1498664
1501352
1499768
1499760
1500872
1500106
1501270
1499963
1500467
1501470
1499949
1501075
1500104
1499095
1499814
1499974
1500601
1500395
1499689
1499894
1499779
1498395
1498030
1499057
1500607
1499926
1501266
1500516
1500782
1498784
1499151
1498995
1500802
1501264
1499688
1499783
1500883
1499424
1501121
1498203
1499394
1499743
1499460
1499447
1499916
1500177
1499890
1499132
1498669
1500153
1501218
1502835
1499047
1500860
1501102
1500895
1501030
1498614
1501647
1500014
1500065
1499658
1497477
1498122
1500780
1499163
1500921
1500547
1499475
1500042
1499848
1500718
1500046
1501505
1499718
1500541
1500102
1499433
1498860
1499369
1499237
1499678
1500564
1499446
1500156
1498301
1500294
1498627
1499822
1499675
1500713
1499965
1498024
1499825
1501476
1501705
1500346
1500927
1499233
1500433
1499980
1498779
1500246
1499637
1499603
1498344
1500260
1501132
1497246
1501618
1500944
1498274
1500648
1499342
1500772
1499907
1501197
1501004
1502169
1500007
1499100
1500318
1500070
1498411
1499098
1498569
1500409
1501524
1500815
1499086
1498071
1497714
1500204
1499454
1498357
1499535
1499241
1500612
1499992
1499140
1499847
1501028
1501421
1499428
1498868
1502319
1499387
1499392
1498568
1500779
1498521
1500733
1498876
1499924
1499533
1499959
1501839
1499776
1499147
1499735
1499777
1499954
1497907
1501217
1499242
1500845
1499545
1501493
1499982
1500143
1499070
1498985
1500675
1500690
1501136
1499938
1500208
1499466
1499562
1499152
1501439
1497665
1497894
1497879
1499622
1501335
1496756
1500190
1502720
1500755
1501533
1501195
1500888
1501395
1500804
1499372
1498487
1498254
1498909
1500126
1500771
1498616
1499808
1499025
1499209
1500910
1498173
1499696
1499027
1500161
1499751
1498482
1500235
1501564
1500867
1499594
1500241
1498368
1501061
1498447
1500767
1498988
1500579
1500830
1500569
1500344
1499318
1499767
1498729
1499712
1500220
1499361
1500282
1502301
1500598
1500369
1499546
1500688
1498834
1499828
1501902
1501967
1501020
1498954
1501850
1499617
1499793
1499402
1499305
1500034
1500953
1498351
1499676
1500225
1499579
1499895
1501592
1501525
1500035
1498961
1500833
1501044
1498440
1498849
1499839
1499513
1500335
1500482
1498495
1498667
1499867
1498639
1501126
1499225
1499344
1499019
1500351
1501260
1499088
1501464
1500378
1501273
1500647
1498732
1500305
1497529
1501291
1500284
1500806
1500099
1500304
1500851
1500567
1500334
1498256
1500651
1500169
1499443
1500061
1502113
1499693
1498443
1500023
1500341
1499495
1500693
1500082
1500708
1499845
1498565
1500232
1500538
1501033
1499364
1499817
1501669
1501339
1501798
1500477
1502012
1498231
1498527
1500364
1499478
1501658
1500229
1500909
1500879
1499265
1500347
1499483
1499649
1497991
1499946
1500533
1500443
1499791
1498893
1498790
1502090
1502320
1499143
1498786
1499008
1501103
1500776
1499193
1498148
1500219
1499967
1498973
1499438
1499664
1499395
1501198
1499257
1500142
1501320
1500892
1499453
1499983
1498101
1499781
1500901
1496291
1499353
1498379
1499137
1500387
1499416
1500809
1500847
1500368
1500799
1501064
1499476
1499833
1498680
1497352
1499661
1499208
1500274
1500518
1500897
1500496
1500590
1500289
1500846
1501237
1499017
1500045
1501151
1497944
1502277
1501032
1499435
1500692
1501916
1501141
1501726
1500188
1500920
1501051
1500375
1501752
1501287
1500745
1499772
1501587
1498460
1499419
1501083
1498902
1499698
1499882
1498926
1500245
1499328
1498467
1498841
1500911
1499507
1498530
1501092
1499961
1501418
1500094
1499404
1499748
1500252
1502126
1500501
1501501
1500453
1499910
1501150
1496763
1499296
1499918
1501000
1499914
1499941
1501414
1501685
1499879
1498735
1498285
1500469
1500631
1500391
1500800
1499601
1499451
1498520
1499939
1500315
1498805
1500855
1498965
1499750
1500394
1501290
1498643
1502013
1499330
1501010
1500734
1498232
1498158
1498555
1500439
1500076
1501550
1500049
1498004
1501005
1500739
1499881
1499632
1499249
1501867
1498506
1501307
1498710
1498743
1500495
1501666
1499569
1500276
1499227
1501071
1498266
1499224
1499788
1500122
1499575
1501368
1499067
1498634
1498796
1500050
1498223
1499626
1499337
1501354
1500423
1502193
1498782
1499142
1499357
1498787
1498503
1499284
1498570
1499887
1499892
1500336
1500108
1501247
1499043
1499245
1499015
1498887
1499747
1498466
1499365
1500283
1500165
1500151
1498803
1501700
1499700
1500451
1498394
1499599
1501797
1498516
1500864
1502018
1499888
1499727
1499878
1500506
1499273
1499373
1499002
1497854
1500681
1499674
1500635
1498703
1499040
1499280
1500192
1501500
1499960
1500281
1499363
1498182
1499734
1500253
1501172
1500743
1499844
1500697
1499641
1500348
1501211
1500671
1500699
1498953
1500386
1500531
1500574
1498362
1499234
1500551
1500080
1500383
1500659
1499473
1499580
1499175
1500695
1502445
1499736
1497947
1498920
1499942
1499014
1499464
1501362
1500795
1499762
1499873
1500053
1499876
1500150
1499327
1498969
1498383
1500302
1500947
1500608
1500338
1500930
1499270
1503140
1501523
1498532
1501819
1499638
1499957
1498606
1499297
1498535
1501154
1501760
1499109
1498900
1500401
1501677
1498700
1501582
1500967
1498578
1499566
1500438
1499831
1500021
1499407
1498984
1500388
1498446
1498237
1499975
1499221
1500366
1500528
1500679
1499639
1501147
1501743
1501468
1499953
1500962
1500405
1498668
1499721
1501530
1500068
1500288
1500686
1500135
1501870
1499537
1500709
1500753
1500407
1500890
1500583
1501250
1500479
1498542
1499608
1500539
1500566
1500125
1500520
1501628
1500905
1502006
1502102
1497985
1499030
1501502
1500431
1499021
1499007
1499919
1500481
1499870
1501848
1501608
1499510
1497943
1500757
1499951
1501035
1501114
1499022
1500605
1501062
1500512
1499595
1499549
1497431
1499692
1500093
1501778
1499267
1501391
1500707
1499517
1499303
1498925
1499366
1499591
1499756
1500993
1500865
1500356
1499913
1497027
1500312
1500244
1501278
1500791
1498889
1499056
1500684
1499654
1499990
1498678
1498797
1499212
1499996
1499856
1500576
1500055
1498356
1501825
1500720
1501233
1501219
1500960
1499780
1501082
1501492
1497945
1500655
1500268
1500139
1499600
1497873
1500466
1499219
1500247
1499264
1500861
1500928
1500904
1500030
1500362
1499388
1500333
1499427
1498028
1499838
1501007
1500311
1500801
1500257
1499347
1497869
1501084
1497340
1500206
1498600
1499497
1499445
1499651
1500018
1498388
1499244
1500427
1499111
1499409
1499087
1499000
1498461
1498633
1498846
1500446
1498463
1498652
1500262
1501497
1500483
1500615
1500794
1500419
1498798
1500609
1500445
1500113
1501180
1497169
1500803
1500582
1499807
1501191
1499726
1499068
1498508
1497740
1498416
1499102
1501235
1502002
1499826
1498170
1499978
1500636
1500173
1499559
1499393
1501134
1499498
1500561
1500357
1497859
1499775
1500345
1499577
1500314
1499717
1499851
1500777
1499358
1501706
1499064
1500746
1499198
1500508
1499089
1499519
1501538
1496712
1500058
1501942
1499904
1499307
1498431
1499412
1500956
1500384
1499183
1501369
1500111
1497824
1501301
1499936
1499480
1502247
1500913
1501614
1499359
1501393
1499205
1498977
1499254
1499554
1501129
1499398
1499351
1500103
1500732
1499809
1499792
1499171
1500914
1500116
1501298
1501617
1499920
1499236
1500548
1500604
1501569
1498524
1499994
1503208
1501111
1499733
1500808
1498825
1500090
1498891
1497965
1500167
1500694
1498607
1499504
1501120
1500228
1500633
1499757
1501572
1498997
1499063
1498882
1500115
1499263
1498873
1501479
1500223
1500981
1497526
1499120
1499286
1502072
1501507
1499875
1502059
1501563
1500293
1497179
1501773
1499883
1500537
1500874
1499502
1499334
1498851
1500577
1501336
1499805
1499176
1499118
1498799
1499995
1499010
1499798
1499173
1501724
1500147
1501304
1501181
1499390
1499155
1501367
1499614
1499597
1501681
1499737
1498185
1500727
1500002
1500759
1500015
1499885
1499527
1499214
1499153
1497612
1498930
1500760
1498526
1499411
1501089
1499440
1500100
1498519
1499572
1498255
1501763
1499126
1500682
1500114
1501405
1498688
1498993
1502104
1500047
1500719
1500643
1500155
1501068
1499929
1500578
1502299
1498914
1500285
1497366
1499518
1498740
1500380
1498863
1501317
1501202
1499581
1500203
1499899
1499292
1498436
1498705
1501555
1497720
1501926
1499114
1500793
1499729
1499413
1498848
1500180
1499565
1500154
1500529
1498690
1499238
1502466
1500353
1498934
1500974
1499668
1499673
1500896
1497969
1499669
1500197
1498536
1501486
1501300
1501210
1501231
1501387
1502331
1501079
1498820
1499081
1498741
1502201
1498545
1501241
1499220
1501283
1498731
1497515
1500786
1498597
1501077
1498624
1500176
1502056
1499710
1502054
1499133
1500278
1498888
1500455
1500440
1499230
1500218
1500063
1499561
1498391
1500233
1501996
1498802
1500798
1498220
1498222
1501381
1499672
1500492
1499522
1499277
1502017
1501905
1501238
1499635
1501060
1500074
1499005
1499819
1498844
1500702
1500940
1499258
1500820
1500559
1500261
1500337
1498964
1499745
1502028
1499548
1499191
1501866
1500546
1498561
1500024
1498823
1499576
1500324
1500701
1499846
1499610
1500350
1502117
1499931
1499657
1499195
1499578
1499829
1497594
1501708
1499289
1500442
1496722
1500705
1499448
1501416
1499322
1502081
1500494
1500922
1499981
1498806
1499275
1499500
1499659
1500098
1502290
1497620
1501723
1499602
1499643
1500784
1499003
1499667
1501467
1500183
1499542
1498539
1501655
1500300
1499682
1501452
1500599
1500595
1500005
1501234
1501738
1498763
1502348
1498480
1500899
1498665
1500511
1498904
1499316
1500406
1499486
1500059
1498956
1501635
1500711
1500205
1502046
1501133
1500089
1502566
1500535
1499129
1501460
1500657
1499618
1501442
1497424
1498927
1498816
1500640
1498322
1499616
1501901
1500144
1498818
1500234
1499099
1501534
1501175
1498172
1500071
1501603
1499184
1497903
1501739
1497309
1500127
1497975
1498184
1500629
1502515
1499246
1499908
1501080
1500033
1501986
1499403
1501376
1501276
1500238
1501380
1498318
1499752
1501568
1501275
1499190
1499462
1500239
1499260
1500141
1500761
1500174
1499345
1498575
1498929
1500988
1501946
1500485
1500020
1498913
1500886
1500563
1500565
1499912
1498155
1501585
1498272
1499730
1501108
1498706
1499299
1500352
1499240
1500484
1499050
1500507
1499971
1498208
1501049
1500145
1501842
1501268
1499329
1498777
1499082
1497825
1501485
1497924
1502521
1501279
1498814
1499218
1501271
1500249
1499039
1499097
1500580
1499571
1498890
1500321
1502495
1499397
1499091
1499496
1499108
1501576
1499467
1501473
1500316
1500004
1501941
1500109
1501067
1499256
1499434
1501254
1500303
1500915
1500480
1499585
1500313
1499138
1500432
1497730
1499685
1500624
1501288
1498869
1500275
1499956
1500236
1501821
1498687
1501346
1500628
1500160
1500554
1500912
1499840
1500263
1500418
1499423
1502272
1501143
1499169
1499922
1499731
1501454
1501720
1500611
1500758
1500725
1499973
1499484
1498300
1500680
1499821
1500414
1502132
1498132
1502147
1499999
1500674
1501604
1499199
1499029
1499125
1501676
1498924
1499855
1500360
1500549
1499703
1500704
1500372
1500374
1501073
1499955
1499835
1499997
1499531
1499925
1499804
1501561
1499374
1500054
1501776
1498831
1500513
1501379
1499444
1499927
1500770
1499976
1500519
1499449
1498830
1498604
1499950
1500130
1501001
1499213
1498675
1501165
1498781
1500398
1501607
1501451
1499550
1502026
1501838
1500729
1501003
1502052
1499732
1500131
1501549
1498897
1500972
1499852
1499331
1500935
1501985
1498450
1501636
1500942
1499744
1499197
1499787
1499742
1502577
1501590
1498153
1499469
1498775
1499283
1497164
1500399
1498699
1499298
1499066
1498459
1500420
1498840
1500216
1498499
1499525
1499755
1502344
1498478
1501224
1501775
1500880
1500392
1498642
1502611
1500723
1499739
1498005
1500118
1498611
1500022
1500526
1498866
1499426
1501466
1499377
1500083
1500452
1500077
1500072
1499725
1499092
1502293
1498855
1500619
1501246
1499223
1501410
1498551
1500402
1497753
1501041
1501396
1499713
1501398
1500458
1499031
1501096
1500606
1499765
1501820
1499441
1499271
1499291
1499491
1499499
1498921
1502300
1498358
1501584
1500756
1498773
1499801
1498750
1498666
1500593
1498233
1498589
1500248
1500437
1499514
1498968
1499604
1501158
1500530
1500497
1501047
1499185
1502130
1500717
1501072
1498955
1500790
1498191
1498207
1499863
1501356
1500359
1500881
1499551
1499923
1500182
1499590
1501203
1499041
1498751
1498625
1499813
1499278
1500170
1501970
1499891
1501929
1499670
1501039
1500664
1499037
1498284
1498269
1498544
1497357
1498422
1499943
1498165
1501344
1500209
1500129
1499418
1500687
1499984
1499352
1498714
1500134
1499573
1499376
1500175
1499933
1498693
1501409
1497644
1497968
1499524
1500025
1501481
1499785
1500251
1499079
1500906
1500036
1500958
1498493
1499794
1502160
1500332
1498268
1501931
1499644
1502264
1498192
1498103
1501056
1498683
1498477
1498105
1498345
1500159
1500665
1500470
1499773
1498662
1498270
1501480
1501484
1497664
1499141
1498430
1499753
1498941
1499340
1500670
1499543
1501426
1500600
1498865
1497731
1499314
1499332
1500415
1500307
1501372
1497974
1500517
1498278
1498586
1500857
1499320
1499210
1500992
1503147
1499989
1500984
1499827
1500361
1498674
1498199
1498975
1498638
1500242
1499266
1498692
1497480
1500742
1500298
1499968
1500832
1498107
1501313
1499699
1498090
1500146
1498336
1498862
1499810
1499709
1498234
1500424
1500769
1500652
1501644
1499112
1499666
1501249
1497578
1499706
1501624
1501296
1500464
1501495
1500454
1498794
1500714
1499836
1501341
1499042
1500092
1500994
1500194
1501085
1499660
1501135
1499558
1498957
1501462
1498810
1502179
1499818
1501694
1498629
1500222
1499796
1500724
1500917
1501070
1497455
1501419
1498577
1501403
1499134
1499192
1498281
1497632
1501642
1500073
1497832
1501883
1500476
1501930
1499677
1500086
1499790
1501166
1499382
1497993
1499898
1501333
1501221
1500162
1499789
1498228
1498011
1500828
1498599
1499680
1499115
1502639
1501465
1499567
1500230
1499771
1499156
1498704
1501305
1499430
1501052
1498837
1499229
1502159
1498381
1501316
1499758
1498489
1499136
1502154
1498804
1498486
1500985
1499389
1501323
1499080
1498853
1499319
1498494
1499849
1501831
1499317
1502993
1498147
1497905
