2085284
1489135
2864358
432244
467355
572037
616403
1385668
2406319
1389453
2290830
2910070
236378
1197764
2981467
2787505
1008870
2820090
2264449
1083927
2056872
2176136
2574547
755359
1380617
2976323
2119455
1434109
1713818
552166
2663918
2703090
1570865
2727953
1114499
695958
2129048
2771690
2195607
964439
768140
2560238
2453219
816354
2616303
2786122
2681112
964388
1045634
2552110
551197
689174
2548852
2838110
1479237
683639
621103
494905
1794804
968167
2539770
891065
2792860
2546817
309246
1464841
1696993
810736
1866457
1649354
1259782
1467775
1188506
2846614
1920165
2897678
2453280
2951824
468121
1906454
909198
1123570
2984706
2596257
2864591
1409665
1034701
2382362
2269842
498973
355250
755478
1045629
1770888
1707741
2004169
1560919
689025
2279826
2703108
2362443
1546992
2889716
2458999
1349241
247660
1070579
1918031
590516
2379000
2004942
1306091
1910037
2061830
743832
2829095
322811
2991756
1338056
1476020
88476
1652234
167167
969287
806274
2270866
56242
2811837
258589
855486
346673
287580
532470
825688
1292223
1862933
2024140
1928210
707564
1138365
950976
2844563
2049763
950355
2979972
1103435
1878090
713328
1169291
1136407
891148
1170253
2069493
285616
1534806
1812497
790872
1583926
2495414
608616
27026
1634365
2839033
1848277
1813681
2948186
656872
1812547
2916849
595752
2702147
1668866
2953396
394795
1260433
763196
1487836
1513208
2456861
1606010
116397
638946
580495
2289845
835140
2081077
2620383
2085462
2058606
112916
2393908
1213472
479479
365637
2247
1501338
2936016
824683
1936511
1162015
1017202
532991
2854162
759341
1554111
168778
184748
1921931
213526
2691724
2874837
2608393
1504463
1952918
407298
1638819
1343114
2186585
1169587
2883221
632332
2146807
1944070
2338938
1169463
197657
25321
1817897
2905365
1829477
1040436
2984155
626358
1464762
226634
1232494
719902
2615964
183789
2612565
1943771
2744611
616254
1308757
1800284
324756
2707306
1636488
745516
1994540
2626890
2222280
1388563
1512515
2286683
1634016
1725459
1263639
2329409
2000034
2758930
2999492
734460
1716051
595775
615745
1442418
2341568
2916415
1459224
982167
2585570
203640
2067351
1059110
936035
63426
1551505
2270598
272393
2483255
1397912
919179
1181932
1439328
525702
215788
164038
1536152
1570225
1885224
1920052
882193
2228413
2266696
1251396
1283637
2991544
889357
2453876
2700081
427167
1332206
1049804
579405
2113831
980217
1775074
2637817
1053624
887161
1000933
1117265
1985226
1395669
712516
2028554
2762106
1489269
2668078
2587259
1238213
2564780
471600
719733
2907636
2781566
1249786
2805050
2448076
937697
372518
1531227
1148332
1372300
567459
2385613
2691182
2373954
1656374
102476
1292739
2836248
2945692
174460
2317612
747303
223002
2412302
2653689
2117979
2440198
210640
1215064
810129
1908980
2769120
2257305
2200062
302480
1721240
1661378
414933
2658598
309396
1643240
1834512
1606007
958779
2591596
1509238
2384133
1554431
1158236
1271644
2189677
117230
743704
2056518
2522950
1002086
2435262
2057930
25449
2226531
1796972
715146
2064099
1201498
2753326
535431
795531
2518165
2165985
551676
1009382
1148466
2267520
825273
63609
1833105
2059623
1723611
2160918
2956261
750721
475049
245519
1947650
2784512
2058405
59145
1862269
2773535
1007017
29490
2148342
758739
942443
1005018
70627
2491055
1805560
1611400
294051
2308984
1825548
2490867
800185
1962043
640051
2221286
2392033
1594830
2158456
2046600
2146184
2434371
2311424
2021493
1223550
2053327
2348102
2549960
59720
1358326
1270286
1317417
2600775
1252970
1517319
2123083
2668834
1383984
549637
37682
884759
212721
1087911
2185722
1837816
2985133
1035540
174788
1083348
1253635
957103
1379480
1999181
1397227
543237
976278
1764547
190133
1555071
2346206
286354
1020535
2473034
2063792
2468493
2282298
1224083
1244970
701677
2900386
35789
1552524
861017
366004
2427444
1839674
565166
1348836
1933796
2907454
443326
1182635
1702336
1530829
72379
428234
427318
1690352
851052
1447491
1909667
1931409
2934299
229029
1524517
1078209
2058549
2498722
2804821
386405
2719320
125630
2113244
2140055
1146229
1056533
1023971
1921140
2856354
1008152
2164616
2115533
227362
2965061
1244812
1365651
2559954
2133936
398543
2474355
2570231
571482
756340
698616
1490909
1526425
2237140
2509849
1396433
2446050
437176
184010
2858069
1177503
2717174
2609239
2737684
2180061
2004172
220512
1881934
2624259
2501395
1462641
1322092
2046161
1354778
708173
671719
214033
2427049
563879
645877
2852828
1966345
2857929
1989755
2932218
2962461
1570902
209850
2531956
344811
885377
1172894
1111722
906879
1156316
275653
2825509
2991104
2895728
2320135
142684
2260599
2624013
2505207
1179083
2131684
2046319
1673677
222418
379547
1335022
1098146
1792078
807186
1606305
1707630
1731928
1126232
1367648
1864455
2398570
1277847
674554
2149322
1971743
2756903
2354574
2756874
1157349
2594085
105239
1241749
2517054
2616584
2094867
2800825
784486
425613
1010322
1769511
2587303
1029698
2790457
2804959
2663968
2142579
88549
718935
2390869
362957
1679939
1808885
1966615
2330292
632719
253729
130291
342570
2977415
1824920
2954200
2719737
2355203
1248235
2383880
854182
2624918
2185860
1554561
2718740
89455
1793538
2870172
1807230
159262
1848469
632974
2278915
989917
2715349
219993
2189556
640767
2655221
1681490
1173292
271228
1702497
1601735
2869461
2870479
769907
2158123
2412751
367878
1107969
1926949
1434223
2333041
2632237
2140660
2708249
712466
1563083
1765998
759962
795198
1972349
77788
1274613
2717323
1149306
910127
2998777
1924288
2491281
1680967
1932188
290708
1000978
1552660
2521149
2048816
482615
976071
2890673
1421906
817276
1334734
1078889
215526
520230
1234555
1376252
440437
2948727
1892590
1446655
1745524
2485345
1477855
2102991
1743470
913051
487839
205519
1924822
575501
1543311
202374
1238267
1816009
2318591
413519
590039
13828
2913265
654181
136289
627188
624477
1374548
2133444
2065796
835469
929940
2117605
1175039
1920648
1948223
2142719
844680
1859656
1461606
2332386
1787577
467871
952700
885565
1126013
42539
2822080
1732221
1482101
1853674
964123
1712943
1076756
2248295
260830
2838712
2708593
604006
1206883
1840766
1335486
2364370
1305581
1130504
695271
73498
1878210
777315
2119071
1016729
277894
1744593
668809
2639187
1472286
2417539
1495059
677398
2005205
1616514
1015094
811695
2889926
2529099
2224910
593638
1279992
396365
2443319
2765312
1352443
182313
1059509
197308
555911
214438
814270
2325596
1547233
138611
1635106
751074
1149951
1508277
1929282
816146
2001664
2939463
824941
1399744
1205355
1595090
1857928
1381240
1483071
932349
782564
1022519
1216327
1978561
1876431
2503964
2584391
1059827
1266668
317396
936974
2883064
2317453
1542365
2453441
333083
682143
591188
2874597
519124
2953875
2142201
2477176
2699769
199029
2343129
446819
2419531
2422582
2915187
2918712
2235793
400189
2069309
195486
2756137
703368
2884729
2733179
1217611
986805
2737844
1365186
520632
414213
2777099
500023
1062934
1496650
2847071
1839332
1066551
974672
2531231
2660470
1764871
701817
2678354
480685
1327461
909373
1561186
1465714
1361686
2135267
1819684
1687131
741376
2388667
430615
1221666
92228
1951323
1054801
1423980
2448437
2870285
1148624
1997425
2797244
1757446
214686
2256237
1843117
586117
1295249
1920899
2207510
141595
642299
583749
1701079
372687
1917689
1059549
2263023
2390882
2250996
2456396
1298141
2386547
603114
2627401
2557434
972089
200904
2992306
1637101
2545988
190714
1540716
2630036
2185066
1430738
217981
2312286
2425552
2899515
1075363
790253
437284
2060845
2770422
200202
578913
2255689
331540
1227410
1478484
2607675
2134838
2941697
1375002
950881
2650319
1561704
2727976
1986373
2584877
2930131
634936
862989
282522
1082793
1672642
2154313
533658
2327133
316945
2206817
2913428
60385
1707321
1642543
1197042
528788
2296541
1112526
2924292
373412
310985
2208021
624282
2709683
93706
477848
2611910
734440
1831601
870404
2178553
2574285
1353850
551611
626269
2924517
435042
20281
2526714
1713555
2063282
933966
696144
1505464
1356367
2477359
2044393
674746
2580376
1160959
458063
2489758
508639
1459401
1654633
464449
1519704
1482533
2237618
2648524
245626
2748140
1133926
1022810
2387398
1810518
134979
90207
166898
2759465
2968121
2324282
2275382
952557
2176414
2858654
1319595
1596992
809429
776213
2851655
1439368
474641
359718
492818
597400
804153
2010817
923744
141054
1617909
2911534
1172343
1649543
1724304
1477697
1699360
162802
265824
2759305
2128138
1213857
2030335
2635276
290735
2394579
653657
2233155
1250329
2456669
465052
2174600
1185729
1382280
715751
2460167
18839
1001600
1091216
1367382
2462285
2630789
1965135
668551
2314088
1670221
1709530
2136101
2346558
871763
2450643
37838
1386460
2219255
867054
2089186
997457
2628466
2799366
803943
1734228
952334
1074998
2716319
225758
728369
2190851
2700734
2227131
756975
2679328
2674333
1862211
1687254
1155100
1720663
129153
1674576
2619740
1267529
614694
607134
2464773
2072704
2735708
1956541
1926398
868
401362
2558579
2526305
1157647
2823378
1651803
2482223
391482
1913355
2136299
149617
2944391
2131558
2394057
2010110
993133
2679184
936347
743852
1407673
1780209
2830352
1170282
170440
684087
670390
353473
2958606
1790301
1480383
1615416
451314
2480287
1091808
2540269
735638
917753
614684
1561751
1614131
1046652
2722058
256911
242219
2112838
1074357
1440439
2494785
2991725
2777113
1756575
2568448
1618479
2098244
368119
2584677
920848
1106496
1331242
1491039
871088
1533755
1016428
1351520
2528763
794842
2188527
1123747
683730
1755023
2757601
129361
1413105
2137434
2623936
96878
1392448
1709000
1870848
2151861
1078712
336266
1591009
1996018
2829698
2913181
1776019
2197004
1482131
1059609
20438
386827
628881
2829193
1232496
2169655
2174876
1904818
937435
2194452
2763990
2656118
1168767
6106
1600760
1820035
1924506
909680
2549227
2208809
849457
2414250
171142
1966669
1818081
2561652
75424
1752644
580453
1237609
1086880
1571039
1254977
450037
1973662
2214130
919922
1989094
291555
338351
2849426
2234409
1361701
78119
2651083
944459
2943400
1118840
2449593
1621977
293007
1576439
938157
1141789
738519
762779
436786
2231561
2532928
2640021
2897979
2187029
2449628
1182876
2752942
48436
1374340
70463
2239172
438605
1989662
994214
437968
1478081
381481
527431
223293
2281886
2402647
1283283
1958530
2103875
555535
1499411
2743897
2317804
2119353
2174164
1284336
1118728
76935
1361484
794386
1983871
2374247
179810
744588
1333501
1385495
27431
15736
534308
1537491
1521843
185726
2890470
2931148
2689617
2462673
649824
2386698
1758911
352906
360075
2183168
1718006
1819881
1555332
214917
205484
424011
2792422
204238
1111322
2595539
1302758
850535
1121683
2595977
1798052
538530
298380
88013
2632920
1158494
1970787
2860774
593542
1825233
691996
232279
1797804
1634587
524766
1685228
2419336
760195
1877866
152799
2201014
1664549
52784
513257
1945817
1653489
1092116
2729923
2485824
1252606
953967
1132863
1396436
1981665
128151
2515634
1113891
2676252
1705205
1618345
238021
2331972
1506323
2120541
225603
567408
29578
771456
2590969
2169796
2212331
1904803
1154524
2657676
1403924
1998618
1821601
120337
684718
2627198
1829729
1670675
245744
1692318
1711572
2550023
692883
746235
23879
2228962
1230840
608829
843255
1822443
1550044
1476074
1257043
1484045
2312538
2097927
777319
1342452
2244411
2539021
2033540
486971
84613
1603571
2604743
1890734
1807814
1018681
881771
2549025
640284
812014
568457
849569
648643
2920152
460334
1556932
718902
1631860
1031124
2637486
2614067
692688
2428808
1304598
564135
2508840
1846669
660728
160004
1818300
1030997
2583049
1425206
2012264
1787824
2693126
2993843
265088
796164
434164
556028
240643
2228112
59451
1961275
