4500658
4500596
4500537
4501038
4501231
4498736
4500528
4500162
4498128
4501163
4499117
4501391
4499539
4499778
4499983
4500755
4499670
4499787
4499135
4499014
4499642
4499459
4500899
4498762
4500743
4500935
4499772
4501520
4498611
4500820
4499039
4499671
4499641
4500287
4499541
4500498
4500975
4499836
4501063
4500588
4500382
4499224
4498202
4498559
4501074
4499594
4498059
4498763
4499111
4500258
4499822
4498990
4499811
4499320
4500318
4502319
4500835
4499377
4501828
4500339
4499362
4499331
4500355
4500219
4500005
4500006
4500699
4502001
4499449
4496859
4499896
4500769
4499921
4500944
4500892
4502064
4499717
4498241
4499866
4502228
4499202
4498788
4498492
4500083
4499378
4497789
4500348
4499250
4500572
4500580
4498685
4500569
4501580
4499675
4500591
4499947
4498381
4500731
4501425
4500158
4498913
4500790
4499875
4500589
4501504
4500628
4499032
4499800
4500078
4498716
4500640
4498921
4499607
4500876
4499190
4499200
4501745
4500334
4498821
4498683
4499720
4499863
4499426
4500560
4500776
4498252
4499416
4499109
4499461
4500080
4499304
4498888
4501086
4500321
4501131
4500553
4500059
4500028
4500953
4501894
4498204
4500233
4499718
4500660
4499689
4499022
4500265
4500446
4498228
4501002
4501558
4500516
4501552
4498351
4498974
4500169
4499205
4501276
4500850
4501884
4500336
4498719
4499825
4499789
4502400
4500697
4499328
4500834
4500101
4499482
4500535
4499962
4500523
4498546
4500631
4499993
4501326
4499621
4499636
4500202
4500928
4501424
4499569
4500811
4500499
4501716
4499973
4498928
4500611
4501119
4500627
4499905
4499337
4500410
4500014
4499108
4499075
4499984
4499956
4500119
4500877
4500714
4500050
4498953
4499824
4496659
4500994
4499748
4499583
4499791
4500610
4499926
4498020
4498337
4500616
4498403
4499719
4500354
4499677
4501051
4501325
4501169
4501117
4499637
4499329
4500155
4499711
4501480
4499560
4500558
4498307
4499306
4500812
4498331
4499834
4500352
4501044
4496870
4499080
4500294
4500438
4500486
4500227
4501285
4501251
4499669
4501042
4499292
4501092
4500259
4500323
4501599
4500849
4501256
4498560
4499051
4498994
4501230
4499695
4500508
4500360
4499425
4499899
4501313
4500115
4501498
4499869
4500737
4499046
4501005
4500295
4498976
4500269
4499523
4500479
4501072
4499445
4499415
4498894
4501401
4501700
4499167
4499476
4499177
4500823
4501430
4500100
4500936
4498517
4502105
4500324
4499855
4500383
4499261
4501032
4500455
4500055
4498180
4502144
4499870
4501696
4500221
4498600
4499933
4500094
4499554
4500254
4500581
4500173
4500462
4498606
4499163
4501948
4499842
4499982
4500894
4499263
4501014
4500447
4500144
4500107
4501663
4500515
4499548
4500015
4499423
4499265
4499593
4501831
4498903
4498759
4499396
4499937
4499979
4499790
4498371
4499942
4500159
4500623
4499804
4498594
4499220
4500343
4499324
4501026
4503078
4499507
4502764
4499367
4499458
4498133
4500750
4499590
4500215
4497951
4500760
4500357
4500175
4499223
4500398
4499440
4499904
4501196
4500615
4500366
4501052
4499754
4500330
4499927
4501434
4500789
4501402
4500281
4498798
4498276
4500763
4498957
4501210
4500096
4499061
4501146
4500702
4499100
4501742
4501259
4498387
4500054
4497863
4499347
4500874
4497090
4499439
4499249
4498945
4498432
4500188
4500069
4499388
4498461
4498622
4501864
4499624
4500484
4500487
4498666
4500312
4500208
4500375
4499493
4500186
4500197
4500668
4499578
4500016
4501603
4500371
4500938
4500802
4498814
4500674
4499308
4498853
4500012
4500394
4498815
4499929
4499474
4499915
4499857
4500089
4501866
4499451
4500887
4499829
4500127
4498551
4499744
4499497
4499570
4499944
4500506
4501345
4501109
4501471
4498473
4499412
4499826
4499242
4500278
4497611
4498968
4501098
4501549
4503024
4498675
4500636
4499332
4499616
4499280
4499248
4500082
4499148
4500189
4499335
4498848
4499090
4500598
4500245
4501019
4498902
4501963
4500470
4500609
4498980
4500035
4501934
4500049
4499733
4502038
4500453
4501738
4499957
4499301
4501115
4499851
4499311
4499599
4499514
4501068
4500252
4500880
4498864
4497776
4498566
4500401
4500497
4499495
4499691
4499740
4498805
4499370
4501462
4502696
4498390
4501112
4499309
4499619
4499996
4499417
4501261
4497643
4501966
4501947
4500346
4500942
4500461
4498343
4501575
4499397
4500211
4499208
4499009
4498890
4501145
4501758
4501195
4502463
4499881
4499283
4499833
4501155
4500884
4500649
4500538
4500987
4501320
4501316
4499728
4499580
4500313
4499066
4499932
4502016
4498136
4499083
4499258
4499753
4500590
4502045
4500613
4500510
4500426
4499556
4502178
4499688
4499193
4499375
4498082
4499498
4500646
4501416
4499294
4501339
4499322
4499595
4499692
4501540
4498352
4501168
4499520
4499867
4500009
4501349
4500554
4499526
4499805
4501127
4500332
4498013
4498878
4502169
4498674
4499557
4500194
4500297
4497638
4499530
4500434
4500097
4499511
4498946
4501011
4500862
4500141
4499158
4500542
4499040
4500308
4501911
4500804
4498995
4499561
4501703
4499968
4501388
4499865
4497534
4499911
4501037
4499892
4498571
4500798
4498449
4499755
4500381
4499044
4498392
4499749
4500575
4500503
4498550
4499848
4499626
4497780
4500706
4500960
4498340
4498952
4497664
4501000
4499114
4500502
4501488
4499678
4499480
4500013
4499596
4500473
4500099
4502203
4500881
4499006
4499934
4498415
4500327
4497865
4501726
4502295
4502050
4500345
4497710
4498221
4500093
4501442
4497375
4500902
4499649
4498871
4499721
4500433
4499841
4501161
4500541
4498989
4501111
4500680
4500052
4501041
4498718
4500966
4499384
4498857
4498284
4500555
4499693
4498174
4499104
4500821
4500971
4500844
4500177
4499057
4499391
4500256
4501709
4501800
4500604
4500792
4500986
4498891
4499864
4501291
4501025
4498424
4502168
4500489
4499995
4499165
4500201
4501104
4499679
4499553
4500694
4500143
4501049
4497179
4498575
4497756
4501189
4501429
4499884
4500165
4501198
4501158
4498807
4497304
4500386
4501729
4500207
4498773
4500648
4500557
4500249
4501705
4501029
4498748
4498513
4498991
4500172
4500782
4499071
4500283
4501440
4501542
4499967
4499448
4500296
4499355
4501950
4499991
4499838
4500106
4500243
4499010
4499462
4500764
4499746
4500940
4499300
4498962
4500766
4499579
4499225
4500275
4498494
4499054
4498767
4500562
4500299
4500870
4498493
4497731
4499950
4499860
4497757
4500063
4500414
4500857
4501670
4501128
4500443
4498000
4500010
4499663
4499591
4501799
4498437
4499464
4498849
4498790
4499951
4498992
4500320
4501491
4501265
4499916
4498896
4499862
4498875
4500121
4501123
4502605
4500995
4500195
4500279
4500423
4499909
4498774
4499701
4499765
4500585
4501090
4501312
4499708
4499133
4501616
4501263
4500592
4498723
4498760
4501170
4499773
4499236
4500540
4499963
4500712
4498912
4499891
4501668
4499551
4502811
4498048
4499496
4502610
4500571
4500429
4499694
4500025
4500040
4499750
4499432
4501149
4498459
4502372
4500941
4500788
4498401
4499216
4501511
4501073
4500380
4500191
4500372
4498049
4500415
4501324
4501280
4499989
4501423
4499885
4498772
4499087
4500799
4497858
4500309
4501569
4498312
4499724
4500045
4500111
4500284
4499116
4500067
4499094
4501176
4500570
4499008
4500142
4499767
4500845
4498977
4498330
4499868
4499992
4500978
4500274
4499192
4499552
4497870
4500238
4499103
4502872
4498625
4500325
4501266
4500748
4500999
4500187
4500086
4501644
4500677
4499180
4497271
4499221
4498075
4498187
4499998
4500659
4500643
4498831
4500088
4498116
4500157
4498335
4500916
4499697
4499751
4501450
4498590
4501409
4498904
4501990
4499343
4498970
4501270
4501396
4499049
4498793
4501083
4498313
4498757
4498104
4499935
4499260
4498332
4500670
4501789
4499577
4498034
4499710
4499725
4500993
4500475
4499310
4501724
4500190
4500898
4500105
4500134
4501328
4499558
4500635
4497175
4500041
4499981
4498578
4499420
4498983
4500841
4499215
4501606
4500956
4500181
4499786
4499650
4499504
4499586
4501585
4499128
4498850
4499319
4499230
4500946
4500791
4498639
4500803
4501007
4500439
4499861
4500071
4499178
4499659
4500644
4499001
4499096
4499411
4500228
4499481
4499393
4499138
4501544
4498444
4501056
4498911
4499489
4500451
4501572
4499446
4499155
4499823
4498614
4499972
4498684
4498867
4499162
4499667
4499460
4499118
4499545
4500642
4500405
4499278
4499303
4499031
4500130
4500771
4499455
4499185
4498830
4501242
4498348
4500047
4500282
4499990
4501346
4498445
4500879
4500347
4500368
4499064
4498834
4502161
4499150
4499785
4500860
4500901
4502180
4500459
4500418
4499923
4499796
4501618
4500577
4502059
4500298
4500303
4499712
4499803
4498262
4500079
4497748
4499490
4500076
4500311
4500882
4500129
4501546
4500539
4500934
4499069
4498965
4498934
4499776
4500210
4499734
4499089
4499424
4500397
4501138
4500044
4500407
4501374
4499266
4500353
4499614
4500777
4500149
4500665
4500601
4501260
4501489
4498422
4500442
4499194
4500216
4500651
4501275
4501329
4501676
4501162
4500316
4500441
4499145
4499543
4500602
4497466
4499611
4500440
4502255
4498981
4499353
4498876
4501444
4498485
4500976
4498541
4498321
4498701
4501136
4500267
4498531
4500500
4499584
4500466
4501213
4497383
4498379
4498750
4499254
4501900
4500683
4499612
4498240
4500718
4499188
4500399
4498825
4500650
4500066
4500168
4501234
4502108
4499563
4498319
4499890
4498691
4499966
4499124
4498468
4499365
4500543
4500735
4499620
4498287
4499681
4498271
4500952
4500830
4500431
4498997
4500206
4499327
4500379
4499928
4498310
4500358
4500454
4499050
4498212
4499494
4499182
4500364
4499168
4497633
4501097
4499766
4501547
4501237
4502102
4498430
4499975
4499422
4500084
4500796
4499729
4499333
4500467
4502193
4498810
4499312
4499478
4502130
4500170
4499060
4497831
4500147
4500378
4498899
4499980
4500839
4500288
4499666
4499546
4499965
4499240
4499352
4498386
4498731
4501833
4499656
4498777
4499431
4500154
4499651
4500222
4500494
4500754
4499452
4501473
4502028
4501666
4499152
4501303
4500807
4500322
4499491
4500980
4498456
4498739
4499053
4498099
4499706
4499629
4498827
4500545
4500450
4501481
4501962
4501755
4499485
4501124
4499234
4501563
4498852
4499994
4500684
4499442
4499608
4499601
4500235
4501587
4501625
4498923
4500184
4501754
4500669
4499788
4499035
4499166
4499625
4498435
4500886
4501279
4501304
4501212
4499204
4500411
4498645
4501317
4500778
4500075
4499024
4501749
4500878
4500263
4497883
4500474
4497630
4498263
4498806
4500376
4496913
4499878
4499709
4499622
4499999
4499930
4495831
4499119
4499849
4499373
4499052
4500679
4500483
4498920
4499769
4500913
4498178
4499394
4501560
4500982
4500840
4500266
4499228
4501747
4501680
4499567
4499565
4499023
4499576
4499908
4500758
4498925
4501050
4500621
4499524
4498856
4501348
4499960
4498342
4501579
4498418
4498804
4500672
4500109
4498906
4498670
4500808
4500224
4499827
4499297
4498396
4497957
4499799
4498908
4499913
4499660
4499364
4499736
4497999
4499345
4500349
4498597
4500496
4500422
4500183
4502264
4499470
4501003
4499988
4498936
4499808
4498851
4499888
4499630
4502664
4501214
4501635
4499731
4499852
4500403
4498107
4498756
4499340
4497641
4499613
4499828
4500954
4501121
4498088
4499241
4499282
4500625
4501165
4501367
4499033
4500444
4500458
4500858
4500400
4500686
4499737
4499437
4501807
4498382
4500328
4501653
4501197
4500261
4499099
4499537
4498775
4499845
4497822
4500620
4501047
4498374
4501574
4498795
4502192
4501334
4501975
4499036
4500478
4500561
4498562
4498682
4497807
4497887
4499233
4497985
4499699
4500218
4498828
4498710
4498106
4500138
4500053
4500023
4499503
4501102
4499985
4498840
4499316
4498688
4499533
4499469
4501311
4501834
4498532
4499682
4499086
4499680
4501027
4499153
4501476
4499654
4501845
4499285
4499159
4500767
4499527
4500471
4500008
4500314
4499508
4499832
4499646
4499813
4499517
4498359
4500114
4500600
4501206
4500533
4501120
4499421
4501445
4501094
4501993
4500174
4499645
4499676
4500018
4500124
4500223
4498274
4500244
4499600
4501024
4501646
4500759
4501482
4501727
4499472
4499256
4502342
4498457
4500102
4501142
4497955
4498641
4501235
4499964
4498954
4500387
4500300
4498273
4499429
4499229
4500185
4500534
4500822
4502186
4500435
4498866
4500667
4499839
4500969
4501431
4499542
4499338
4502506
4500786
4499499
4501203
4501818
4499644
4501656
4499004
4500001
4500390
4500824
4501503
4502540
4500645
4498930
4499895
4500305
4500212
4501850
4500220
4498218
4498434
4499473
4499088
4498947
4500239
4501321
4499137
4499232
4499007
4503030
4497623
4500342
4499191
4500131
4499977
4499341
4498006
4500998
4500493
4499702
4501174
4499354
4498475
4500171
4499810
4500566
4500716
4500800
4502148
4499360
4501422
4499207
4501030
4501167
4499450
4498863
4500377
4501226
4500595
4498714
4499745
4500688
4500262
4501400
4498880
4501838
4499298
4500335
4499571
4499738
4501085
4499255
4499912
4498370
4500242
4498506
4498961
4498730
4500302
4499409
4499465
4500920
4500831
4499925
4499471
4499544
4500594
4500402
4499879
4499889
4498948
4497894
4498302
4500420
4500388
4498226
4500685
4498032
4498735
4498526
4500490
4498847
4498975
4500007
4499684
4499376
4501642
4500781
4499893
4498431
4502093
4499627
4500656
4501602
4501446
4502366
4497900
4499735
4501134
4499997
4500225
4500068
4498749
4499149
4500192
4499013
4502210
4500605
4499016
4500199
4498725
4501500
4502227
4500514
4501999
4500057
4499395
4499844
4501861
4499657
4500783
4499876
4501147
4501249
4500637
4499380
4500522
4499559
4502787
4501183
4499290
4500733
4499568
4500810
4498877
4499519
4498698
4500280
4499632
4501801
4497736
4499509
4498761
4501114
4498738
4499196
4500128
4501185
4501930
4499350
4501414
4499127
4500452
4500002
4498510
4499172
4499183
4500072
4499418
4502916
4499021
4498907
4500030
4501362
4499406
4499782
4499730
4501220
4500740
4499435
4500098
4501816
4499768
4499479
4500246
4498017
4500337
4498316
4498093
4498819
4502216
4500112
4499840
4498711
4501201
4499201
4500639
4500903
4499264
4500463
4500785
4499901
4498879
4501175
4501058
4501113
4500389
4497890
4499760
4501287
4500384
4498914
4498892
4501283
4500064
4500634
4499655
4501331
4498183
4501819
4499638
4500020
4499707
4500301
4500732
4498644
4501141
4501524
4499515
4499575
4500077
4499843
4499907
4500120
4499817
4498137
4500917
4498219
4500691
4501593
4500996
4499272
4500559
4503132
4500230
4500118
4499371
4499206
4499245
4501441
4500042
4500139
4499742
4501678
4501284
4499922
4500753
4499404
4500232
4502300
4498123
4498270
4500563
4499743
4499510
4501643
4501728
4499882
4498924
4498654
4498627
4500728
4499356
4499936
4501492
4500536
4500104
4500150
4497899
4500614
4499291
4501096
4498887
4496948
4500574
4500310
4501118
4500909
4500965
4499372
4499488
4500156
4499673
4500362
4499366
4499771
4500116
4501001
4500205
4499795
4501502
4501438
4500708
4498360
4500805
4500837
4501684
4499978
4498799
4501095
4502119
4499802
4499179
4498692
4499920
4501994
4499271
4501054
4501588
4500113
4498389
4498967
4499880
4500304
4498279
4500236
4499483
4501532
4500529
4501685
4500276
4499821
4500950
4499218
4498409
4497794
4500579
4502229
4501065
4502514
4501535
4501567
4502250
4501224
4501846
4499572
4500270
4500742
4498419
4502278
4500848
4499716
4499606
4499500
4501452
4499573
4499130
4498470
4501791
4500984
4501070
4500943
4499374
4500315
4500890
4499296
4499521
4499634
4501338
4500070
4501219
4501419
4498412
4500738
4498192
4500544
4502189
4499302
4499518
4499351
4501078
4500024
4499617
4499433
4500361
4500922
4500751
4499538
4501849
4497902
4498905
4500704
4497092
4497995
4501199
4497574
4500123
4497426
4499358
4500469
4499910
4500709
4499761
4501515
4501763
4499305
4497442
4501200
4500865
4497647
4498384
4497829
4498630
4500464
4501760
4500519
4499807
4499987
4496647
4498697
4498870
4501160
4500396
4498090
4499747
4499443
4498397
4497170
4501852
4499363
4499317
4500624
4500827
4500711
4499181
4500814
4499662
4499631
4498680
4499714
4500713
4499609
4499801
4501082
4502779
4498210
4498707
4499516
4501914
4499820
4500456
4500912
4498618
4503102
4499251
4500167
4501539
4499484
4500992
4499722
4499756
4498179
4500095
4498208
4502609
4500947
4500981
4501615
4498987
4501771
4499597
4499151
4499739
4498712
4497771
4500110
4501340
4500854
4498792
4500863
4500437
4500317
4499399
4500955
4500957
4500525
4499898
4498824
4498410
4501216
4500793
4501286
4500370
4499585
4498217
4498929
4499115
4500617
4499858
4500871
4499798
4501133
4499235
4501248
4502464
4501631
4497912
4497632
4500291
4501714
4498690
4500351
4501449
4501215
4499198
4498955
4501827
4501384
4502125
4497926
4501383
4500797
4501630
4500721
4499540
4500933
4499588
4499389
4500962
4498835
4500641
4499428
4498937
4498574
4500926
4500548
4500160
4501342
4501181
4498581
4501297
4498328
4499092
4499073
4500526
4501650
4499732
4498553
4501943
4498025
4499705
4501318
4498658
4500974
4501597
4498916
4499902
4501689
4500488
4499314
4500931
4501879
4499381
4500663
4501762
4498580
4499407
4501036
4500073
4499018
4498854
4501152
4498306
4500997
4498963
4502223
4498642
4499762
4499095
4500178
4500495
4497384
4501612
4498873
4499529
4499257
4500226
4499547
4499161
4497742
4498440
4500198
4498679
4501173
4499775
4502112
4501957
4500176
4499906
4500695
4500710
4499779
4497231
4501010
4500911
4501508
4500937
4499603
4500039
4498771
4500369
4500341
4499368
4499784
4499886
4499106
4500701
4500036
4499534
4500889
4502126
4499501
4500290
4501022
4500419
4498667
4497724
4498720
4501139
4498656
4501344
4499555
4498364
4500085
4499633
4500883
4500074
4498555
4498993
4498939
4503120
4501393
4500032
4499696
4498224
4499683
4499414
4497761
4501910
4501541
4498477
4499447
4498740
4501686
4501269
4498676
4499015
4499903
4497872
4499643
4499859
4497791
4500392
4499012
4501577
4500022
4499101
4501039
4498607
4500633
4501091
4499958
4498897
4500241
4500046
4500703
4498391
4498985
4501180
4499592
4501455
4499872
4498802
4498154
4502369
4500092
4498072
4498931
4501023
4499954
4500919
4498521
4498883
4498605
4501192
4498668
4500333
4497943
4500213
4500761
4499664
4497997
4499562
4501808
4499486
4499953
4502296
4500329
4501033
4497762
4497394
4498429
4501403
4499550
4500409
4499217
4501045
4501232
4499814
4501889
4497824
4500723
4502726
4498378
4498705
4498038
4496706
4501768
4501021
4500204
4500622
4501483
4499961
4501521
4500468
4500597
4499267
4498860
4500037
4499074
4501463
4499253
4501322
4499815
4498460
4500482
4498452
4498829
4499698
4497359
4502452
4500852
4502530
4500135
4497945
4498579
4499918
4497815
4500338
4500904
4500801
4501478
4498563
4500573
4499081
4499273
4498882
4498881
4499197
4501565
4501191
4501722
4502710
4499783
4499444
4497866
4499764
4500518
4499952
4500166
4501298
4499252
4499830
4500385
4500511
4500424
4498447
4498293
4502283
4498325
4500705
4499385
4498770
4498986
4498372
4499003
4501154
4498942
4499062
4502813
4497960
4499434
4499027
4502699
4502194
4501628
4500445
4497644
4498100
4499713
4501048
4499970
4501461
4501985
4501399
4500359
4499427
4500501
4499048
4499581
4498726
4499819
4499945
4498539
4498251
4499038
4500653
4500145
4498569
4499727
4501013
4500630
4501238
4497475
4499125
4499816
4501135
4500696
4502254
4498122
4499703
4499531
4502539
4500632
4500021
4501437
4499794
4497583
4501008
4498411
4498377
4501020
4501229
4498139
4499246
4500406
4499299
4498482
4501654
4502723
4497489
4501370
4498159
4498901
4498051
4499757
4501365
4499403
4498979
4500652
4497145
4503093
4500977
4500180
4499686
4501639
4497645
4500293
4500768
4499176
4500081
4499456
4500724
4498889
4502527
4498649
4501202
4499948
4502656
4500286
4500126
4502277
4500260
4500826
4500762
4501071
4499398
4500182
4501040
4500828
4499549
4498797
4498647
4500608
4498822
4500427
4500091
4501395
4498817
4498134
4499369
4500907
4498677
4498309
4499214
4497550
4498464
4502336
4500344
4500612
4498893
4500726
4500031
4499589
4499522
4500090
4500217
4498062
4498861
4498291
4500989
4498754
4500003
4500832
4501435
4501607
4502259
4501223
4498951
4500017
4498085
4499931
4497404
4500951
4501806
4499723
4500657
4501354
4498540
4499243
4500179
4501457
4497746
4499270
4499715
4500787
4501598
4499986
4498423
4499883
4498144
4501659
4499277
4500843
4498113
4499330
4502196
4498845
4501723
4499618
4501378
4501713
4499847
4499564
4501479
4499874
4499818
4499091
4501421
4499610
4501794
4501060
4500736
4499346
4497806
4499386
4499402
4498728
4499605
4501252
4500038
4499837
4501447
4499635
4501281
4502163
4501979
4500619
4500897
4500682
4500229
4499405
4500289
4499512
4500148
4501253
4499065
4501854
4501522
4501712
4497935
4500393
4499132
4502070
4500825
4498369
4501453
4500365
4498205
4500530
4501059
4498838
4499307
4501499
4501439
4501885
4499336
4499894
4499726
4500200
4498655
4498768
4498345
4499628
4500507
4499359
4499792
4498121
4497486
4500250
4499566
4499759
4499247
4499334
4500062
4499026
4498488
4499209
4500773
4501274
4500678
4501129
4499639
4500193
4497567
4501695
4501432
4502338
4499505
4500408
4500765
4501460
4497552
4498800
4499325
4500285
4499122
4499219
4499025
4500900
4498950
4501016
4498660
4501465
4499690
4498022
4498612
4501674
4500664
4500730
4501528
4498404
4498595
4502224
4502450
4500565
4499475
4498868
4500752
4498695
4500421
4501692
4498624
4500772
4499279
4499227
4499877
4499113
4501255
4499212
4500842
4499897
4500833
4498385
4496954
4499030
4498146
4499157
4499076
4500582
4498842
4500512
4499169
4501836
4498234
4498927
4501012
4501719
4498999
4499170
4501545
4500234
4499102
4500257
4499029
4502213
4499020
4501920
4501493
4497307
4500103
4500739
4500655
4501583
4502433
4500784
4500527
4500472
4498101
4498414
4501790
4499413
4499344
4500838
4500725
4498393
4500416
4500780
4501529
4499005
4499602
4498160
4500891
4498996
4502498
4500268
4499361
4501018
4499623
4501875
4498172
4498972
4497916
4499700
4500532
4498678
4501268
4501308
4501651
4499244
4499781
4501363
4498588
4501404
4500231
4502468
4501076
4501382
4500654
4499777
4499665
4497637
4499846
4498862
4498465
4499382
4501347
4498402
4499326
4501526
4498837
4498039
4498686
4501530
4498732
4501553
4501596
4502032
4502826
4498984
4501179
4499139
4501225
4501682
4499919
4498900
4501805
4500247
4501862
4500576
4498268
4498922
4500968
4500948
4500027
4498542
4497098
4501089
4500000
4498469
4500914
4498858
4499513
4499387
4497991
4499971
4501243
4499917
4500774
4498966
4501510
4501787
4498495
4500425
4502269
4500108
4497968
4498425
4502236
4497918
4498753
4498519
4499502
4498115
4501241
4500836
4498765
4500567
4498525
4500448
4500043
4498631
4500152
4498628
4497998
4501613
4498895
4500417
4501043
4498988
4500809
4502810
4498596
4501592
4498650
4501250
4499887
4500925
4498616
4500428
4498938
4499940
4499453
4501193
4501470
4501289
4500584
4496468
4500133
4498982
4498567
4499120
4498640
4498314
4499129
4501088
4500869
4501087
4501209
4500367
4502034
4499293
4501075
4501897
4498787
4498651
4497792
4498528
4500521
4500125
4501156
4496759
4498366
4499835
4500819
4501996
4501371
4498436
4501505
4499055
4500326
4500146
4500292
4497839
4500896
4497459
4499506
4500586
4502092
4503337
4500253
4497557
4500607
4498353
4499142
4502267
4500872
4498552
4498785
4502185
4499357
4499107
4500671
4499175
4500906
4497464
4498354
4498729
4501620
4497609
4499041
4498747
4500749
4502670
4498565
4501586
4500813
4500700
4500932
4500122
4501171
4499037
4497959
4500404
4500921
4500196
4501034
4500412
4501381
4500550
4498094
4500137
4501477
4501159
4498484
4499687
4501952
4498467
4500306
4499318
4498222
4499441
4498941
4502200
4499174
4502065
4501548
4500520
4501412
4501103
4499668
4501064
4500673
4497963
4498570
4498191
4499019
4500606
4501079
4499408
4499685
4497350
4500983
4498706
4502131
4501907
4500698
4499203
4501802
4499222
4498604
4500662
4501122
4499072
4499011
4498582
4501564
4497892
4500476
4500240
4499154
4498583
4498511
4499289
4497545
4501782
4502075
4500720
4500973
4498671
4498135
4498497
4501448
4497019
4503159
4497841
4501809
4501184
4498304
4500505
4499000
4501821
4498184
4499582
4498472
4501080
4501876
4498778
4501658
4500029
4502007
4498247
4500666
4501187
4500019
4500741
4500856
4501408
4498820
4498242
4498717
4498549
4498610
4499028
4500687
4502594
4498643
4500481
4501300
4499959
4501661
4501998
4500237
4500065
4501389
4500779
4497859
4499430
4497923
4500004
4502181
4499647
4501557
4497601
4500959
4501997
4498015
4499487
4502640
4501257
4502954
4499535
4499661
4501208
4500011
4499640
4499532
4501518
4500744
4501925
4502110
4501305
4499938
4499924
4502040
4501364
4499017
4499741
4500457
4498816
4502072
4499195
4499969
4499457
4502330
4497956
4498801
4500603
4502199
4500722
4498855
4501708
4498535
4501690
4500026
4497844
4498529
4501397
4500717
4500136
4498490
4500272
4498373
4499536
4501550
4499063
4500855
4497779
4500693
4500690
4497699
4499184
4499274
4498998
4499146
4499949
4502166
4499648
4499652
4500578
4501353
4498458
4498269
4501933
4498794
4497492
4499288
4497580
4498635
4502462
4501468
4501917
4497585
4498620
4502298
4501881
4501292
4498811
4502607
4502086
4498368
4498298
4501640
4500556
4498587
4499237
4499574
4498001
4499144
4503823
4501464
4500307
4500747
4501077
4498663
4501055
4500552
4498602
4501796
4499854
4501469
4498548
4501777
4499658
4498689
4502048
4500734
4499604
4500815
4498400
4500895
4501582
4501084
4502071
4498933
4497974
4501664
4502996
4501720
4500087
4499315
4501863
4497737
4501327
4499438
4499793
4498394
4501454
4501358
4501566
4498029
4501205
4502183
4499653
4501706
4498874
4498233
4500647
4500132
4502602
4497772
4499147
4498832
4501941
4497915
4500745
4498057
4498746
4500864
4497925
4502062
4500356
4499468
4500692
4500163
4499946
4498973
4501069
4497820
4498496
4498289
4500340
4499131
4498943
4502021
4498362
4498336
4500350
4498524
4502381
4497410
4500273
4500676
4500945
4500034
4497434
4500546
4498657
4497515
4501608
4501387
4500056
4498523
4498261
4501893
4498715
4498454
4501456
4500924
4498230
4501525
4502554
4500524
4502461
4498443
4501936
4498926
4499164
4498050
4501501
4502082
4501194
4497547
4498859
4501871
4502208
4500117
4500248
4501778
4498839
4502403
4500795
4498114
4502289
4501148
4499390
4501623
4501964
4502303
4498637
4497975
4498267
4498170
4501207
4501626
4498709
4500048
4498138
4500436
4501536
4498872
4500564
4501677
4499171
4498737
4501153
4501484
4498734
4499110
4501314
4499419
4499059
4501707
4498363
4501294
4500985
4499286
4498780
4498722
4498621
4500859
4500661
4500161
4501295
4501333
4499002
4499797
4498956
4499379
4498189
4498672
4500930
4497861
4497849
4500465
4498327
4499900
4500851
4498474
4501357
4498910
4501100
4500033
4497517
4499463
4498776
4499123
4498585
4499068
4498745
4500153
4500549
4499323
4501537
4501590
4501715
4499141
4497862
4500449
4498808
4499672
4497972
4501188
4499704
4498632
4501784
4501886
4500513
4498960
4497898
4502246
4502343
4498786
4504131
4501687
4498462
4500853
4500271
4498751
4501299
4501373
4499401
4499758
4500164
4501319
4501835
4499770
4500918
4497196
4500492
4499976
4501015
4501017
4501959
4500374
4500251
4501247
4498935
4499082
4498584
4499034
4498229
4501271
4501926
4500719
4498652
4501830
4498836
4498033
4500061
4500319
4498248
4498171
4501310
4501376
4501584
4498244
4497481
4498601
4501694
4498407
4501151
4498623
4497984
4502280
4498297
4500875
4500729
4498024
4498131
4502265
4498703
4502846
4501267
4503292
4495272
4502124
4498356
4501750
4499598
4502550
4500970
4498520
4496753
4499160
4502137
4501774
4500618
4501385
4500893
4498818
4501486
4499281
4501394
4498518
4500051
4502244
4501855
4501514
4497180
4501415
4499156
4499199
4501137
4498533
4498576
4500568
4501105
4498917
4499383
4498507
4500905
4499105
4501902
4502376
4501978
4503083
4501949
4500681
4501335
4502160
4501407
4499043
4501494
4498198
4501752
4501474
4501356
4501811
4501126
4502231
4503017
4497931
4501578
4497881
4498326
4500707
4502479
4499259
4501649
4498841
4500517
4501110
4499763
4501617
4502245
4501667
4501767
4502031
4501418
4501177
4501227
4498617
4502352
4497572
4499287
4498865
4498206
4498417
4500583
4501228
4501935
4498126
4498586
4498361
4502559
4497672
4498076
4497939
4500151
4497646
4499774
4498065
4497727
4502286
4498150
4498333
4501868
4500927
4497758
4498603
4500477
4498752
4498693
4499410
4502578
4501673
4500626
4498047
4502529
4499187
4497660
4498721
4500727
4501810
4498052
4498239
4502597
4499093
4497745
4500264
4501352
4500861
4500331
4501369
4502294
4503598
4498237
4497694
4501737
4501848
4500395
4498515
4501132
4500214
4501859
4501995
4500504
4502091
4502081
4502078
4500868
4499173
4502459
4501669
4501341
4498826
4498608
4501770
4498044
4502097
4498503
4501166
4502025
4498162
4502184
4499941
4499525
4497507
4498633
4502197
4501218
4498338
4501927
4499077
4500961
4499780
4501517
4501704
4499674
4498764
4499045
4498522
4501932
4498591
4500413
4499211
4500629
4501922
4502588
4502644
4498727
4498125
4501106
4501366
4501164
4500829
4502658
4498694
4499809
4501254
4498442
4498290
4501633
4498216
4499084
4501611
4498844
4500547
4502472
4501701
4498395
4498098
4498308
4500203
4497933
4501775
4498958
4499126
4501779
4498589
4498264
4498070
4501277
4498199
4498301
4498141
4499321
4501731
4499528
4500140
4501711
4501343
4500949
4501330
4499348
4499914
4498413
