839998
7859015
8572915
4189677
3887991
852972
8753278
6453764
3148380
1810054
888983
2915841
2079011
4094462
7648011
1376103
959451
6286151
6138126
3456950
1458980
597658
7415041
769122
8477538
7058847
7178116
1911571
5346752
7435189
7361463
1569314
7447031
7991900
1956642
1904889
4671710
5710337
3573862
6339933
5383162
5784284
677886
3390719
6071325
7943145
6408733
5780104
2429545
2713795
3128406
457606
492614
6815579
3141500
8184964
7016542
8047509
6506501
8515697
7464736
3001092
5462177
1941687
3453019
8415173
1564203
2968518
8376880
1346487
7482022
5456650
994701
3910878
8993645
1411411
355601
5328025
8219229
1137623
3555644
5397470
4039352
1849826
6910162
5246602
1207141
1622211
3442504
6061645
4158645
2545701
1099721
7353571
7070584
7150310
334854
914200
2476451
5074636
3534422
3626878
646973
5900055
7496703
4283651
6416681
6434782
6952117
4632537
2904486
4436253
784693
6910415
8386070
2394761
6219355
8877119
1721771
7836184
7782499
1837330
6087637
1727956
5955089
2910511
6615946
5171222
6204499
3041811
1194522
2191667
7404667
6984098
659352
5302105
6201636
5375487
3575382
3579852
6503187
7827283
4776134
885858
7441000
2129972
5723080
2209983
5695420
7960682
2148030
5969462
1916333
4908508
4527019
2141610
4532774
3939030
1853888
7698865
1794858
4170808
2439681
4779037
4790123
6300245
4798052
2542670
8169817
7036540
6870860
6129949
2931225
7419657
39966
7160611
7170313
8114010
3770110
829903
4183674
5331497
451865
7794946
8058733
8858484
7909410
8491990
7732067
2941222
6990468
3511959
413765
2909548
6556641
2348109
5950678
2489903
476488
4368684
767309
7104225
7778592
8324257
6095829
706822
2349567
1172048
5750243
8020076
5246247
851032
2479584
8660168
8474629
5956156
6284122
6687154
3768062
4466820
1885497
6309614
2024188
6254343
4526406
1341071
6938850
7972474
8245023
531400
8741076
8488960
3102325
5206474
262901
384561
2518989
259770
5176397
7419504
4405126
8497808
890433
493336
2066857
6299828
1767958
5568072
7850108
3461854
6137214
8959565
2202528
5170807
7212896
1666643
3440284
2591692
8034893
226215
3105186
4256469
4986825
2843951
4559858
3478114
7121463
7429520
6633706
7641418
5610278
3609542
8230933
1018815
8650715
1203681
1151774
2590400
5075089
4819734
7262491
1595155
5283954
8500984
732866
1879670
6889189
5196475
6415905
5660645
1003097
1604288
6042046
1263717
1025321
6948504
5844445
2204664
8711196
8470510
7336616
1595435
7256246
4466166
5320477
1384632
7823379
5486814
1462635
4184490
4685484
8813037
1134909
2388933
1275059
8464976
3680183
4835369
7665390
3431580
4544110
5540182
8376750
509554
7487219
7355316
1307014
3221091
6211314
3196179
6948998
3737019
4802840
287173
7590540
2952911
7102610
4227510
1390971
7967872
631403
7627145
5099192
6517731
4246473
2119738
1017908
122870
1899677
6513184
1968130
4130141
3511288
869989
8824390
343902
6888991
3940779
2644067
6919691
3052318
4599618
1204665
3999391
2688326
3743502
8187353
4709738
4674354
8926106
7402962
496649
1952247
4254414
1857836
8206971
8856204
5584940
4179018
427974
3108992
3394601
4000077
278351
8477580
5273053
4728378
2347056
379248
301879
6930958
2588201
6357071
1667564
4699075
7354331
1599352
6550959
4206953
2644876
2675963
3228563
6518908
1623261
1912853
4020655
4891991
8538281
8914833
7843540
3367802
2397429
8398952
8862906
812545
174523
7873097
2029037
3257774
4515583
7493045
3356122
6928510
6044849
2280243
7551899
300005
8284380
4609145
5460856
8138711
8681375
5847899
3315947
106252
2083650
3880839
5589912
6818111
3363263
6546517
8773604
3995618
438282
181932
8701636
3417477
4498876
5444752
4189021
3817213
6096175
3071274
258385
164094
4672572
1485577
3435212
7011309
686981
3869193
5200382
1766613
7339114
886668
5418545
5575352
4136476
4840287
2467026
6497589
1483980
6899594
1474856
4993512
2692032
4596566
6820797
6957754
4779297
2964824
5539772
5915809
4632798
4319288
6519817
6852350
991422
1492892
7439324
2602397
6866682
7292798
1664398
3009076
251572
2701289
8142567
4001453
1222391
3758281
5724067
4153310
4267251
3890738
2493247
250950
8937089
2596268
2566639
5570425
7209100
7748088
7825707
6468838
3880579
1530210
8882472
1380268
2036742
7234856
1521135
2830347
8834475
2597426
1424596
6801623
2823562
1954890
6492950
6671972
6951544
5012403
7156351
8264712
8447550
5500043
3709691
7903913
569251
3769555
4666865
8109097
5287483
8988218
7060001
1435687
5053905
4693210
2053939
40564
897524
7257457
3751018
4849814
622208
8317744
8798801
7548516
1374892
3536394
4881126
4758024
8005630
3119676
8220739
2659945
4219516
6037712
5977977
7292408
6789015
4158206
1679760
4937059
5258297
4406839
7345416
2898905
2983413
6157934
250020
1388353
5723249
4645183
8190805
3778278
46529
3521220
7832714
1378231
1054464
7249839
2717631
5231261
4358271
2467231
2868186
3356584
7147901
2808748
1805158
145232
8065026
8569201
1100976
4017208
2374967
5156449
6780273
3135955
352847
6112805
3315837
5974727
2067035
863674
8515292
8102552
382715
5532409
3898018
5382188
3394130
3943163
2492802
6441811
1887366
4646152
8177391
6961349
620749
7573474
4228106
6945782
4962866
4068186
6274659
5316452
1690345
824577
8106965
8703025
139379
2318261
6283451
4625797
3408223
5742950
6876838
331859
8638214
2283934
297939
2003507
679570
6207095
617554
3670612
7684590
6514917
8156261
4224710
8057106
5557050
7226868
7159570
4365672
927580
7936646
5098721
8249326
7169330
553556
7713445
8811327
8298606
4421125
7943060
7400846
3403960
5063495
5717849
5722524
5477276
676039
6267805
6726916
672899
4998355
6948541
1448881
1958051
2250158
3091225
4116194
3737054
159109
5914874
1342886
7399207
7404119
2610081
317433
6686758
4874964
8838190
3464964
1265663
7244166
3921300
7566201
2327728
8862038
8258195
7488616
3925849
2722187
4051200
6403368
2494686
4479891
5140638
766871
1729188
1064083
8761700
7367413
4735328
2039015
8542884
5871549
2698856
7882218
7268291
2749056
7790452
4294044
8234334
8015877
1425274
3033491
5809617
2843071
5890328
1097875
5273532
6906954
2086872
7600233
6417509
2626094
881090
886033
4654585
5074811
8628469
163316
6085486
953535
8028155
2552251
1041569
4331320
1169455
2209060
2561733
2623599
7568803
7409356
8949856
6901835
5155540
4071162
5802326
4119331
8422485
8491603
5235183
8965768
8631884
3674001
2521798
786383
2513419
6831503
5050379
8344649
4766764
6567719
6979648
3464291
5010920
6527481
3833657
1242731
8130527
3721062
1384591
2313208
5155007
6340711
2742809
694732
879908
3299361
734970
1668926
8232852
3434286
5378175
7454206
4203502
8563347
5876011
3574944
8878859
6782152
3438855
8213182
5347813
4094117
2621957
2938540
7941922
6618923
3591339
7676079
1185917
806640
8460070
313731
3897346
1936532
5666847
3443312
7046643
4874454
6843034
3339923
8600024
4610700
6320405
8478512
5533131
41936
5384831
8318995
95818
6907537
6416838
811023
306420
8010815
2070960
703778
6333399
3768787
800770
7737436
3538489
7695173
301308
6423829
881539
5732049
8169240
6596623
4632555
2804421
3223313
1931708
6622476
8098598
7645476
8000090
1865284
4641271
6172533
1543815
850262
5031970
1951821
3028801
5091176
1834098
7623209
8575002
6485455
954738
3759299
8157068
1273920
6210820
4098760
6035272
3632851
5901043
3647819
3914355
5587233
2088312
794832
4299031
8060525
8163164
934114
4579686
6189669
5987755
8797641
1630059
1118642
6230072
1893819
7399305
6487856
3574942
6436628
3469452
3437105
1723318
1017273
4211850
3319311
2909148
3115628
598362
7599225
2211481
1742493
5774415
6308579
5553611
8424552
2177215
8615575
4170729
4406656
1513688
4938107
4468055
4819683
5171116
2046921
107975
8783285
6144724
4784194
3627093
6689717
8368984
8860291
586981
7023919
7319178
6068939
6571312
8729878
4693424
6911421
4987368
8587908
3526198
8317157
3886092
1732708
551290
6652264
1127940
5487601
7602170
6049057
3096087
5053499
2932187
5333951
5906671
7321663
922307
8934428
6515010
8091287
130822
5033405
14756
5735163
1966921
7576545
4485688
6294083
3431139
4092331
1122453
1854245
1855775
7411788
1879249
2881080
4907019
2894843
4696144
2944184
3286560
7081736
6103402
7570634
3674920
8956252
52643
2539891
4629278
878263
5515081
1659598
5814613
8511988
4079593
4229336
6900772
5616364
2278763
6791868
4049865
7024896
1028599
5429553
765714
5531949
8337356
3019239
4733222
8428474
732565
7579587
5940186
6602649
2259473
1919574
3172779
7711978
770669
1389400
5887896
4356678
5711363
6766261
1424548
6559324
7504119
4366166
3010028
427790
2094851
7392100
3793935
1151675
2510780
5508750
8443463
6388455
5579809
7346863
794179
2400088
2691338
4747
2453927
5345514
3348812
3939590
362580
1689791
1389595
5821979
1072128
5238724
2593098
2104325
2833583
6130655
392150
2640146
5309
8629193
3881331
5912380
6081572
7404206
6677747
8916551
2591791
1789453
4067941
3920139
1779751
227047
4743153
4202525
5571327
354235
6101389
8457897
50700
7953602
3849863
5127240
4590439
3186032
4100553
4143202
3953672
2302885
3096075
6586019
6865942
5157978
4632227
6820623
8945982
1606223
6725960
4825168
978054
435387
1798799
970073
2739374
2116099
6198424
3585899
2457001
926836
3099831
1882134
8667304
7762459
3142149
927584
2286181
1250936
951542
157464
440728
6813361
5991216
1440714
8452705
3803637
4690158
6359976
8129568
6685327
7226202
8156649
8240946
8374629
7494278
8672248
3779036
2629346
3949124
3198840
8859753
4445178
8506980
3360316
6498916
7339738
3559308
1697737
8202451
1083353
4384971
8342184
1852835
5200478
7644405
1476612
3577440
6550761
7813986
6566619
5656972
2120011
2040213
284569
2181573
1856360
6275636
2938244
685679
6820089
3328153
5817707
7623520
285225
182722
8583804
5158496
5751322
8781366
321847
8357869
1045926
3511395
6644247
1779444
8599747
8380134
4483482
4943782
2192368
8597004
7218198
4472710
7359664
7862044
8040944
8166397
2300216
8477404
1305138
524801
6935929
4631389
2680518
6406556
4309945
5298918
7117767
5516804
6300578
5407742
8909360
3967424
3816275
7023451
5712463
8745077
8101542
4945367
5028056
2485910
7351442
6933278
4104134
5787265
6503424
3990890
4246917
4384632
3842583
2315386
6097776
1457589
8993029
6430192
2170378
2939881
2793706
3048967
8213853
4129240
4346578
4440312
1036976
3679087
5080925
6927738
2888123
3668001
467228
1733760
7624027
3767552
8953891
4589836
7331435
5278771
2593562
4116820
4311899
8411019
4205493
6275578
3827599
6620425
5543176
6567640
7930728
8561470
4006217
2099432
641573
606810
3259050
1204735
7565431
6262141
8828751
3316117
4944283
5487078
7913944
5190671
1013925
4208042
3326834
8751200
2100934
5719560
5202090
6421107
4014409
522102
6551519
7016858
5731195
1944671
8520404
1793375
5643330
2606677
6289904
8327094
3060868
8532481
4775348
5136577
7285224
7250844
1121486
4978211
551551
4592606
5398453
2772305
4800405
6093438
552367
552009
4306126
3785700
3655919
593194
8990761
1073187
2101582
7349092
6449901
5067540
5185513
7895996
281628
6292441
6073390
6824790
4243042
8278409
6454855
1952185
8742228
4556207
2946968
4893705
7506855
8827257
604098
3774150
351134
7524191
6072746
661027
3610464
5855205
2480690
4771832
2157769
7159360
6350575
1775843
7563741
3270643
1741806
555167
7037945
6870580
5574408
6490844
4412821
3741215
2531367
2320339
2620578
6295337
5246948
1346242
8759479
4200533
2121582
1669548
1610855
4970604
4886264
7854512
2514067
7015116
2789492
1680000
7004405
8117897
5921632
6412062
2217105
3677363
7034402
608995
1386090
4516933
3290742
5343685
7860875
8989674
1221146
5665551
1602099
8225778
1426104
2104432
5044387
1319290
8341238
475777
170285
4886243
988465
8565274
8807097
2534764
7997802
6252473
8333169
8810397
6798670
1089051
2291562
4984334
1995365
5493252
6023616
2008769
466781
7421358
5413312
4009685
4121164
3891906
2450284
5663181
6377958
6763359
3355997
2505681
875507
6286459
2454477
4018832
8054195
4002655
4115734
5198563
2939716
5604863
2948967
3846554
576177
5766947
3371823
5857619
2268527
1764206
846826
8325024
2630530
5692637
6122005
6407493
5969893
366962
548960
1443377
3076279
5530636
1873780
2375383
5367620
7776965
4477562
1821628
4064549
3578612
2842291
5033594
4697381
4325700
519939
6025342
6009565
197701
293613
7670446
4442376
434311
6525236
8185015
8890661
6695146
7845286
4478963
7398513
3358562
7667823
3940820
4000309
4288847
799162
78176
8677851
8926090
6559155
5150972
84191
1100618
5225181
881883
3968973
8263780
6569548
5885310
8958079
3201730
3565211
7630851
6577807
5803420
3427743
3721339
5371243
4611223
2659054
7319287
2316333
3241679
5896599
7615082
3820648
3355265
4039215
5302523
4035234
1017844
348182
4506099
5136672
4017904
6489340
3463289
514942
3878786
7657135
41443
4993913
5112887
1201998
5653533
8574698
8638282
1818018
45410
3096349
8023611
7073875
2027441
5767432
6539493
3346973
3208708
7056604
3754428
4720812
5474020
3940548
2831220
7799638
3728318
7821058
4867121
8489914
6545269
2495192
8406284
5701748
8191624
3368648
3443173
8876998
2878369
6618022
7237216
7924447
3801380
3423175
5009137
741260
2431177
8313685
6140194
2454754
6537773
8741473
214927
2761842
6229988
5895403
1737839
6524013
3379162
6033008
6406660
8916786
4558540
7490660
5038846
7703353
8733327
949903
14052
1399289
3630700
509193
8075931
1769840
728986
1544767
6001697
8454035
8700691
3591491
4143238
4117204
3472532
2754155
4266646
3206227
4229515
2777402
7825436
2474289
4495755
394815
281488
4804177
353671
8127696
3118772
5797397
3456152
3782229
2101833
8101652
1012881
7041341
408667
220827
925187
721412
6794081
5649580
222665
3425096
2994267
2023320
893841
7951851
3104345
4938823
2274316
5944927
2738607
6123234
3661828
6996536
3744548
4138222
8845950
5691353
1376295
798734
3225858
122780
794458
5546246
3053726
6724916
5919092
1188332
1291192
7439110
7804355
1565505
7671387
6696209
3158602
8189757
6162002
2880302
5691482
371036
6978694
7736848
8137479
584957
3267738
7798561
3059830
2711898
3469935
6221778
1979008
6906179
6239903
1912799
2976214
5788730
4160620
8002025
8876134
7787279
1924645
4570982
2840786
849945
5075074
4743723
1694512
3246293
4817093
342122
8638725
698523
6537160
8363633
6551994
1605443
3072239
235377
4348839
1109595
2125636
3371720
5531836
835642
3530271
6246463
277600
4064076
430803
7068402
4251491
2482935
8534355
8160364
8068356
1036704
1636404
3598327
1871904
1005635
2944994
8990297
1367290
6296108
7325845
2424535
7758548
8727073
3343175
4218050
817613
2766457
4432641
6829849
1307055
7018667
3872833
4053626
2660271
6479582
7635834
6293956
1658060
5465196
7887374
3258055
1630463
5862722
4263123
1459618
8104434
980222
6845604
5003670
7966275
6143154
773014
4086
1443087
6833634
7734530
6267964
8437301
1365240
4192608
8560968
4221146
6741808
3458512
8654722
5114722
1070634
7659291
704817
7173547
1348603
6887490
6470503
5450626
2636630
3628937
4937734
8476181
7368453
4878850
5441665
6389273
6754100
8724374
8665291
8845345
7432527
89278
2961932
1884704
6512330
6748591
1213611
8573665
2306827
644579
4328659
2828196
736077
6480572
2634914
2188197
456285
1374681
7702239
2550151
1623548
8724405
3470111
4690586
3313048
7662991
7419777
6456705
8266515
7077298
6657431
2201581
4029430
6557373
5038341
8512154
5866528
2060643
3433303
4641029
6407627
6092951
7594963
4483094
4163047
8001258
4373153
3288865
35199
5385940
1662603
6902786
307407
2681851
7181467
8510644
1908174
713742
1137973
5747327
5196681
3002624
8642223
1377560
3157894
7535278
6625982
1254899
4502407
1973456
4705028
1847585
3054213
6958073
581654
235275
970880
1657556
4813537
2418307
5382817
8604908
4614744
4527340
3821223
5187518
7161596
6155157
1729518
4420095
3979255
7837469
5624779
6215651
7673629
4872203
1319024
1638637
1183732
6459887
1607116
7344839
7766693
6904497
8383058
1620790
8431322
4516456
4037002
2248912
368422
1025540
2819432
3196404
3049010
4628712
2077693
7451511
3844991
6740443
500889
7196327
7418797
4692893
6976683
3977527
151695
2308180
2719084
6549936
6463764
6871216
1517777
6713035
5227670
1751666
8457520
7769704
3846676
6068086
8537106
6618935
7942853
2444606
1793589
7790427
4945160
566511
8762395
3327518
7436452
3699201
8203336
7123395
1248387
7809927
2118829
5522859
2027953
6872315
6744858
4308410
6334401
8494398
5279591
5438990
4066325
6391720
8136961
7146311
5228584
4795853
3273589
1396959
5423142
6780248
4602942
4511430
2545392
5868836
1633015
6097050
1361628
588148
5226467
4924259
4476394
3002954
6106467
1201823
3134676
695889
3607600
8092212
498169
2273341
5227465
5187883
5396326
6558600
7306761
8273221
2411670
1065703
6758816
7416295
8876629
7107524
5007395
3211671
8038099
6541323
7151835
1740265
8687497
4540391
8782040
618879
3715376
4575645
1769903
1187807
1938362
5541260
7991089
3903295
3552408
157706
7747169
8585978
3550496
629210
138139
6553046
8918477
4288727
1301320
4398706
5512078
8452813
6141054
5798066
3419292
2646365
8252213
2994956
839729
6640515
2272381
7332779
4441265
5680303
3004541
7649515
8494308
8423879
2003931
5648596
7929609
8345073
5145628
7412097
4613006
7569058
4161849
5065352
2887085
6651864
3542461
7269867
2709964
8149723
5693598
6453995
3957219
4401424
6556741
2272316
3858862
5283655
2586944
5454558
6706584
2683568
4719125
8549313
4832265
7706929
7377323
3904576
1274038
8474626
11979
1771291
2696096
2307720
4563414
7068759
1717701
5451077
938183
175597
8900406
7723266
8778951
7198173
707551
6059961
3414391
3880937
2968702
2965817
2161189
8429391
1123614
5525147
3271412
3125169
5975636
7285480
1593347
5589038
5840186
4260978
7528962
7578258
6437599
7151836
5773841
2210024
2269551
1496641
1153129
1148518
7747221
2299014
3441480
428323
5726734
6645346
6435362
199668
6731304
1563283
4379215
3949728
3046145
2948964
5475768
963204
6750936
6099798
7638829
5368979
138216
868347
5353616
6726862
2914288
7451103
5939300
7677257
526899
7701871
1860579
1699242
2378324
5575946
5104650
7894673
8319369
3819842
1378691
1732643
6452468
7289617
7334199
6298650
2541470
2911836
4840210
5530037
8572011
4010592
1502220
6474733
6138103
5114277
3373406
8384674
3164187
2855327
170122
6802330
460524
1948007
2002974
7816606
6325217
497219
8544347
315746
3200270
8639317
8567811
3536411
8087170
1494813
2305811
5171562
8755780
8640405
8083288
8298294
4207466
3997204
1656111
91228
7480651
2793440
1787555
8408742
5062669
8200781
7684374
5577241
782097
1759484
4439741
917838
1241603
5875438
4901563
4001684
6450315
8535363
8928352
3736586
646134
4503742
1310975
651898
7523745
3374908
7845929
4081403
6550239
7086035
645318
4381022
5401387
5104078
4518628
5444373
5278088
7137988
2194918
6526555
912300
6785496
6604396
1171776
248349
8682421
6584428
7992648
5547239
3343987
4971532
7084800
2429804
8736720
1306387
3537450
3424693
6746807
5588568
5610396
6565207
3002341
1034244
4285013
3338976
3858104
41188
2278821
2784953
2084523
4840042
8269236
678613
488824
4388186
6476651
2829244
3568320
489462
500649
2438142
3502217
4301738
1359344
6099469
988180
1294788
1123543
7394780
6206434
3891103
2401831
8598059
3476089
2401699
3941671
6427051
3515189
8456250
3279958
408648
4173358
8100903
8743690
1281384
8699256
6979272
1888619
1246451
2844846
6480632
1498768
4556683
1943915
7387157
2784183
468476
4441120
2333212
7263049
3309012
4588784
3911113
4958994
8431995
6715205
8540416
6318898
7090451
5472233
4518738
3254400
231662
980984
5251345
592810
6339708
5357615
940768
6530924
7484848
8046243
2430050
8910319
5982326
6606914
7668380
6835412
2732212
181865
6898273
5042660
4861399
71034
5527924
412249
1158992
2163025
3479636
4528593
1839067
7346277
2392378
321512
4672709
4388825
8814656
819015
7072701
7109657
3266274
7248599
6138614
7708892
3570846
3081073
5386360
1744578
3324193
751324
6921608
8562805
8426423
5983616
1443136
1134443
8319746
1203704
3761829
6062340
1703485
913417
4892546
1291651
4156932
90805
8612837
1656506
7464078
5346859
8777832
6551918
6192892
5970002
1068637
5417160
5265457
8079853
7728853
5882646
6670214
2093975
5746222
2626243
1593035
2793886
8241210
5893946
7701500
3134026
1102973
1715969
5850538
7967804
2890069
6680502
3965622
7796073
3861179
7021343
5287315
3114751
3460133
2757604
7068090
2719588
4098245
8242893
2399264
4540644
4765931
4442133
344372
783189
4187694
2399330
1820925
895498
6243864
2691105
1662474
4452427
2089214
4119395
2326773
2142976
1104464
8473318
5854288
5787502
8377841
7074487
7630380
2077946
7283705
4464197
4831629
444957
6702240
7389083
7596363
4228698
3423973
6879291
8895229
6374536
4970614
1281383
6157135
3723495
4197722
3501375
8254263
5211438
2091780
2086140
8011600
7301782
1044492
5605215
3713734
8298254
2510882
3272223
2975054
7525179
3577728
1045644
4388955
3793577
3749837
3656002
1413760
375670
7893901
1594191
3106090
2695875
588441
4816420
8072877
7650160
4443215
1362776
8372546
6852090
4092340
5026062
4038217
3556455
6997859
4962470
2004269
4319582
7679889
4401151
5691728
4978707
6804791
4288344
1458427
5092610
1248336
7708795
668444
666920
8950697
1838304
6368636
2692775
5664374
3028277
4517731
4022794
6797775
3559754
3907127
6163934
5067755
3345380
786441
7008038
6442954
4406308
2151753
1864351
5746094
753247
1483226
8301824
8804632
3420885
6967350
5475750
1167785
6093671
4716204
5968286
8708816
1618020
4043528
8548393
5802456
4476886
6558848
4291266
1316668
2699097
4190228
308391
7080438
1064295
359175
5919631
2460351
1845768
2918377
2877184
7473533
1478065
7367628
2874876
6330836
2386830
1181481
8214434
6156891
2338514
1415007
5644389
2007481
3100233
7553872
1427131
7969628
3587176
4341478
2682665
7545328
3655945
7798627
6356987
4389215
1739002
4288003
1971315
1742662
463948
6081670
5627631
8168385
4152929
6066483
2052047
8796705
2566279
3425808
28488
5356019
3561441
302622
5080381
6697321
1893692
4149484
4514979
1546999
8693569
4622019
6850883
876457
4837789
1843000
6908158
5607343
4087353
2385435
3205525
7872147
1797606
7492199
6835212
6704031
7859667
6828649
7704582
3259755
1999502
177777
8212849
1820052
7230180
4285439
6037310
3993890
8553196
3427296
1653775
6873905
3641350
3525862
8189006
5542126
7074568
4539397
7773981
3075524
7855176
3000838
7190573
8315623
5225673
6701572
3845535
5877691
5970125
709516
190081
6765233
2904468
2739365
2456668
106858
4438894
8441634
5465542
2705199
6388862
6903083
5188092
4536837
3215007
6512951
426918
5263603
5740895
8422584
1321768
6570348
5776186
3585724
4401531
2465945
1316212
6880473
7156519
1123077
7473924
2081715
4064905
5233836
8764589
1309917
5000333
8412201
1237030
5559804
4898944
4978882
1026120
4390775
7720807
3996043
4221133
8462558
72600
3663817
3772454
1935118
7809376
3232607
5019606
227637
4210451
885697
3528563
6220730
640847
4670844
6101661
6179407
7578637
8016365
5595615
966516
7132963
8757366
6012515
6085812
8081861
3335251
6550512
5803065
2214271
3109126
5716205
1023999
7929938
6755849
3309607
805876
3139480
4670193
3281540
5766315
5069643
1872542
4113870
1275678
2769020
4287938
3274009
2928470
7908439
7724813
4420499
33849
656946
7307135
7406491
945555
274800
4508191
3807089
6431197
2974754
767962
1527892
3248172
7768111
3908538
2080610
591367
355377
4987769
6249413
3898841
3666099
7581022
2242496
1395793
1153929
2727815
298387
5960699
7522844
7843718
6111252
3457385
4228432
3831025
978349
8749919
6818077
7348939
7429300
4256248
5082013
5808099
3102296
4380665
1281092
5234029
8775205
7760774
4493403
370532
4072417
2613883
4471277
2486413
4947864
8257089
585148
3665335
8893667
4584966
7379721
1108864
2873982
3555210
1546490
8722304
4900058
1105790
3390836
2972635
6922178
5400053
6946165
5267368
7664367
6815396
8587397
6212754
1294
6635669
2067243
5389086
414602
74422
8807860
4327419
7749433
8434795
3106266
2565274
448587
240298
5047370
6893810
3717939
3201494
5454179
6380008
7114297
6377165
7989618
8365278
1448624
6302469
3365843
3239942
5019792
7540929
2018060
8740471
2428402
7885784
7060514
8215580
1932057
3527910
5617121
2392521
7352586
3066556
2313523
5506643
7551332
3334609
7368691
8177670
8126235
1639602
2198400
3744387
574181
67139
1614906
2585217
6738330
2545953
5730568
1583523
2434573
1914575
4253927
4384042
7906122
7911027
2962292
2039631
2679469
7423977
1047704
8478808
5743898
1972517
3352921
4829798
842108
1281086
4824587
842916
5425594
192093
8398717
2280317
1884001
1085869
5460795
4919706
561332
5355135
8995466
3108511
3044106
4036837
8067758
5891611
5607820
5816246
5996206
6901143
4685704
5652077
8759122
6792481
1828586
2467625
8283835
955033
788933
5799015
4566971
3621565
1441520
2756609
1274828
4834402
7945547
6942577
6526582
5373558
5809106
5211949
3081288
4735444
5016707
223047
3850519
4602754
7320745
8298882
2888568
6754895
5051731
4237997
274601
6553460
1327148
88441
3547646
5297120
3208483
4340459
71044
8990654
4503132
4189978
4565263
631358
750832
8972877
4230253
2391363
3230503
8489533
2474218
3930080
1020719
2396744
7396037
7264869
7992485
7921366
8176749
1755243
653238
5300479
416016
830711
3932217
316273
4314335
6451277
1833562
7342213
2609646
1671528
6396661
7824934
2285105
7079004
7755145
3306603
1016101
1306665
7520806
202047
5390144
123666
8967482
4735689
4167605
6083062
6801100
2309320
5237820
1412038
6685343
5025291
5287864
7256645
2326046
5574610
5979038
6797414
7019427
1009205
3750157
296518
1221784
8304255
7533269
2982924
6039432
8139909
3119783
6956326
5850272
4012175
1038651
1045874
1588286
4309178
5354050
2488652
2177125
6094335
495004
7862447
1210088
4514197
27733
7373536
953843
5290363
3928455
6919788
8209302
7363337
5941044
690501
4995920
7799907
7628199
2689018
8516590
7555836
34052
3761215
4536218
4137952
7022729
4646108
1233379
3174391
885846
1006142
8916796
6276679
181362
7792249
1217604
1138795
4497788
2572670
1215535
2611212
8291189
4968334
2329348
1137191
7098826
2681068
4374123
8939695
606974
2750699
5623105
1757999
4734050
1482905
8669484
20086
8310461
7756912
5469793
2401306
2655686
5748764
4675431
3987104
7039959
372773
7497090
676195
2515919
5254223
954525
3216104
1666724
6213428
453779
1132136
8261474
8152882
989082
7631941
5665075
7733645
8785788
7399290
6768538
3685918
6130264
1532560
3950154
3018642
2233992
3360914
7676868
1640175
8846803
4505634
3138298
5611442
5238307
6932852
4399649
3659538
3459874
5825208
7213874
6797250
5932504
3560050
4878374
2653616
356797
4679111
281382
7399240
271801
1821558
2696141
5050588
4907454
1484449
4975328
6372944
6135700
8177985
4056133
6732238
2767045
785521
8958570
2869991
7574202
4972467
6880083
3414845
5352871
2959329
4004616
6737389
3133811
1686631
4837996
8503786
6949836
2231130
2267299
2835270
2596542
1185512
3290283
6830381
8356106
4941959
8319913
2000697
7034183
7389576
2316843
5393431
3746382
6592142
8281215
1152618
2800854
6846631
6003948
2313129
4939695
474246
589730
1586226
4225643
7491779
881192
1794939
6393657
436283
883971
301446
730885
1872532
2113786
4400100
8777876
7633982
1496879
6611402
4460594
4762051
5480051
7760423
4521901
7764749
3253519
8428751
97778
8476978
808924
317521
2694065
5798964
881663
544107
8345956
40766
4233138
5579156
27294
141169
6627792
2801408
4409148
3211407
4672339
7157388
8154612
3342638
519776
4506048
4907568
8282030
2174895
537687
1622138
8235880
715947
4880456
8120927
5540743
594664
6827036
6291050
2842112
8872696
7319307
1545624
4336980
1261052
7075802
684014
1109738
7964155
100936
2068198
5244105
5611423
1503995
3461712
7261150
2350707
117936
1528808
228835
7803050
1466502
2176190
4979710
7558777
4723577
6917480
2520823
1804919
8936287
1317869
5243407
2324841
4044071
2616342
2889547
6602340
5594173
3924177
5843766
4470102
5845437
7825802
7050861
3949955
184337
3255581
4955195
665339
736696
6256171
5733902
4356182
6741831
5957040
1808194
2065068
8412069
6845732
415637
2077401
1986991
593469
1273312
6641625
2239481
4037182
3640454
8894774
2003996
7201408
7687258
4652507
7986642
7749717
4406876
170157
3729103
6539006
8407754
8097218
4446657
2799100
3029896
8649746
4509184
5637652
3329534
5439128
6477486
1035274
7277403
7859370
4981518
8455062
8028895
4703198
1934741
2791664
8570255
1486467
3253604
5368349
614534
2689146
5223447
54269
1189004
2630264
2702229
6766763
8361727
3224428
764056
6205553
4674098
3385791
2306633
8128491
6582083
1808725
6912537
5353287
774135
239468
7015628
6507525
6942972
127559
6114900
8287898
4751318
1022341
586232
1744067
3759246
7169309
2829646
5556795
5905163
3250166
3021625
8660363
6721107
5456855
5400547
6173317
4571060
4329477
2814140
3156536
4099255
6504194
7460886
8823282
7517774
2079485
2459383
8419397
6294919
974118
5266984
4755659
6294303
8342716
4727122
2865338
4651613
7514201
8958624
225803
7734897
7805167
5877595
663214
8010789
4622195
7633119
2091305
5058911
107091
1671087
4613509
3071857
4513386
6554513
8734517
3028223
7194999
2104741
6062040
2395866
8996291
683703
7609604
7076396
6849482
7850405
7577395
5810827
1164978
447962
4085309
2619101
6659554
7032857
7690907
1468679
3002515
3089792
2120993
4807283
6291992
8908027
997036
6419615
7003766
7756794
8929078
3461467
3255795
4880294
1354941
6263591
7252834
6566229
7123871
7170672
5919969
7973246
6444650
209467
4810213
2399781
6590099
103871
5963118
7920153
8432361
3505821
4262997
5125946
100041
3596855
8115639
1476586
7324383
6235475
3334472
992355
2192852
4385209
7450955
1867813
5566415
5663069
8993820
7222645
3578932
3160753
4121664
6577457
8185514
6672258
8442017
5461242
1797711
651035
8292859
4496114
8169045
2418398
6094943
7541842
8521053
2332761
3696143
5136937
1985254
4526636
3550652
7498058
4646780
5226762
4267280
713481
1550364
3984670
1640030
3302113
8022327
5983084
8246251
503489
3595819
5135433
2575173
8175639
7104617
4453258
2170902
2313694
5012683
8690355
2784626
6554565
8373651
5006718
2168666
1150512
1263226
3024320
4698764
3852663
8893567
3032786
543716
6107140
691841
8350620
5194659
3377227
8039130
3205724
1087002
3010735
3414699
2646270
5474491
883416
1612847
728294
6137888
757373
2706936
3168739
1078981
7389994
8970457
8632954
8439096
393755
5764870
2252466
491491
7752703
2162727
254730
1002219
6754091
8192892
8025290
2014357
2282192
8375608
6647704
698018
4623603
2145198
4459483
8288107
4548576
1452636
6314738
4625181
2470937
3773124
3965590
2991857
7279490
4745990
1409678
4109411
7789240
8330396
3843474
2772326
624481
2817779
2767779
2699268
2205398
8369801
7750389
7343051
2352666
4748933
8908474
5539268
4612026
8490224
1349620
1529055
3910355
1521245
1008728
2034577
2478905
2815358
8341138
1172113
2799346
5678630
7973427
5326818
1552977
1140843
3974594
486591
4621343
2720297
2160656
7277079
6689318
8879113
7256591
5273845
8708283
116649
7029732
7693678
7662233
3204026
3235623
8242883
4418735
5103872
6580208
5387207
2621828
1379625
1233694
7697878
1074729
5729474
879783
5137493
5944828
760607
8125715
5628266
4613874
5832439
8165798
5416448
973968
5543275
7857625
8765950
8888909
1926193
909184
1226866
1968423
8535151
4564743
7214456
5739584
2780929
4867585
8101232
5212139
1408272
1416887
3569630
3737148
277082
4937486
7857337
5413495
5663897
6154015
4751779
2120939
144353
8541622
5735280
403986
7508149
1395418
5725955
3055757
6001689
4511779
409384
5563038
5781231
1906255
1076839
1559674
8282349
8101811
8106712
8619387
6272128
7049040
803271
4686253
6931890
6765709
5755407
1389973
4071367
2434472
7758488
1847224
2077748
2175712
2000605
8648547
4772560
1190066
5191449
792573
4981661
4158244
598970
3591175
930578
139378
5054926
3226976
7903328
4300252
1323635
6175602
7924544
335614
499030
4350704
7345536
2196228
5905480
7616425
1533054
4762009
4401120
1425799
524052
4503848
2429223
7221704
5800546
5543508
849008
9716
5633927
714226
8896520
6153275
4814582
7314548
3312567
6643340
804069
551516
7443231
7301787
2667104
6147681
1500331
1739750
3502653
7306338
7854454
2764173
3978514
2115340
4121705
7081779
2116676
545875
5984973
4262263
6824063
2295343
2996399
2339670
6302851
7963478
3363301
6397589
2454347
6750420
5704795
8133692
1547116
1891872
6560321
808746
2244298
7238102
4628874
5008836
1609945
4023805
6108502
7399618
1280955
7580984
2889125
7911112
7556698
39293
5520049
8274479
3942095
8469674
4766200
1033480
6955531
3898790
2509378
7958900
8534738
6806996
8848382
2668247
8018736
1158794
5680747
5117871
5654954
3968334
5574789
5610461
8772618
421414
5364452
6722230
788075
3057965
3399171
5809613
4372864
790150
8030525
2201531
474030
1101147
4659929
1446856
2656619
3007194
7591114
6627905
8930668
4127451
1272821
6707975
8110541
8006004
7028519
7975813
5796417
5014411
7555226
2572792
2833302
6387133
1483274
1851169
2519084
5648421
3946756
2547803
80124
2846237
5972684
7326439
6069671
7338252
997634
7453516
561199
7540529
4858441
1227081
1456479
757811
2273197
4470252
8662292
3206035
7322293
3663892
7513862
594954
3417752
4439055
6762304
1885404
8171753
3186963
1392968
8037642
2678315
131415
661913
708402
7493721
6865739
7488847
4807766
1218860
7653207
8056269
2226403
2541003
6990970
7876717
3228461
3534775
5244953
8700237
5234730
5991817
2121283
8149002
2497109
6955996
8273646
8266592
5098010
1034247
8380247
1201253
184687
6021551
7650481
615903
5772673
3203781
1730262
6133023
8973495
7466645
3157153
4431614
23135
6321941
8265238
4484744
6834714
1909587
8744018
6964636
660905
1106981
4939124
3480748
4845380
3809000
1790560
2879924
3459733
4596396
4945136
400278
6262433
7880330
7350217
5225909
1100723
7916734
7948109
181872
3383479
3196078
8419235
1976303
5160227
4407427
7048020
2018216
6448890
7837666
1342615
1689223
6272791
8553180
6413822
1921569
5480092
2083177
7731654
6008879
5546633
4366736
8753239
7721611
4421343
7071650
3787554
1064998
6449129
566114
4144348
190323
5233686
2620516
5486018
875444
857887
2661769
8548673
3341088
4957576
3389847
7561080
3233845
2141098
6299503
596405
5702658
4021680
3008038
7714437
6078154
7395679
6201779
7239792
7575652
4401649
2569254
8997027
6324740
4487514
6285063
1943720
7848422
1693548
206677
8321263
5728350
1835653
6686080
7191582
5053017
5320816
1063584
7947665
8064568
93889
1419404
4337161
5117828
8250640
6095931
1365186
1216236
6859527
3860628
4646437
4098849
2750248
4415267
4851537
1431937
3163835
3990983
6699415
2984523
4386882
7749192
5025062
481820
6756629
4259772
1133472
2385085
3341940
4693792
4948328
7803405
6700719
8738419
644813
3890231
8671682
4477963
8152069
4525176
5136208
8646287
7449931
1852960
6796094
4791931
6794438
994679
8086676
8372057
8893338
2612953
5493183
6940679
2161305
7498667
4967571
6093572
7492298
2463764
6481263
3444314
7348584
3122048
392089
654314
3399690
1558158
2705714
6457397
4842692
7134176
6411926
6339196
6912764
1762827
8058384
5080096
7134098
4667557
331552
4686599
3182093
4156307
8282181
1460564
6908477
5814656
3378176
6483823
394251
156494
6098365
872980
8756727
5313140
7349593
6017424
988362
842226
6266217
6277353
6330860
3523172
7119092
2755561
4185655
1319935
1180808
7710417
348299
5973693
7440712
1395934
4282453
2152729
5928714
4347924
6061704
1808630
1016752
514586
6189749
6661427
2138030
1129731
6364374
2361872
5201499
8884170
170217
3651597
5538600
8058625
2173841
1369463
3433987
7302285
4740884
3348416
895193
8330564
4798670
6951342
245123
8361877
1694478
4942551
4776639
8102391
5330291
2649165
7661467
2801835
2050128
6855105
3317842
4064576
766174
213674
4521602
3531771
3671616
4372029
2467504
398186
811378
3170419
8086315
7207364
8128704
4506943
4669256
1622543
3957045
5945810
4173880
4738945
3928983
107402
7540456
6370869
7593624
7831830
7569083
428185
7824582
5528395
7290033
4082440
6896078
6331775
5336886
6213640
2974142
8410642
2804348
1026799
3920466
1564091
3901054
7325253
7742328
4454232
7301608
4284270
8923627
2854020
7574535
5380491
7169826
8031163
6647708
4866816
5452658
8511391
4999448
7160218
5520520
5263150
4944817
8119442
6390187
7153267
5463837
2004147
3297467
5835953
3492328
1392506
5428726
5839565
7516742
271622
3976033
1009165
2927384
3811601
2946225
6971343
2989436
8439253
3627859
4030151
1430160
4324899
146162
2851701
3558509
6404394
4314520
4551218
5361792
2970420
6143133
7200742
7312311
3307478
1425928
4566925
2229615
8064707
5662719
125240
6498837
