7500367
7498977
7499727
7500269
7498114
7500131
7499797
7499985
7500080
7499635
7500761
7500300
7499067
7498102
7499583
7499789
7500593
7499825
7499082
7500177
7500124
7501910
7500912
7501270
7500480
7500105
7498776
7501763
7499013
7498326
7500626
7498218
7499130
7498165
7499809
7499584
7498934
7500876
7498869
7500200
7500173
7499927
7499485
7500860
7501643
7500888
7499059
7500869
7498697
7499077
7500376
7501299
7501329
7501836
7500502
7499123
7499345
7499427
7499372
7502845
7499526
7500398
7500229
7500238
7501123
7502314
7501740
7499552
7501119
7499652
7500696
7501599
7501108
7500107
7501899
7500305
7500299
7499775
7500767
7499689
7498205
7499064
7501062
7500642
7499285
7499433
7501517
7499907
7499914
7500591
7499753
7499853
7498860
7501241
7499612
7500042
7499667
7499579
7500614
7501145
7498921
7498631
7498536
7501404
7501235
7499254
7500811
7500547
7498911
7499517
7502023
7499581
7500895
7500969
7500301
7499137
7498838
7498519
7500261
7500320
7499786
7500414
7500284
7501142
7498799
7500936
7501207
7497414
7501746
7501669
7500704
7500008
7500359
7501189
7500533
7500843
7500657
7498996
7498556
7499406
7499076
7499418
7499948
7499529
7501131
7499653
7498825
7498292
7499638
7501393
7499548
7499040
7500317
7499981
7501335
7500057
7499619
7500702
7497923
7499711
7501567
7499845
7499705
7500735
7499688
7499762
7500347
7500098
7499554
7501870
7500148
7500176
7500083
7499748
7499414
7502073
7499655
7500742
7499738
7501450
7499815
7502604
7500239
7500278
7499599
7501304
7501168
7500595
7501163
7500353
7499411
7498864
7499392
7499884
7500326
7498856
7501280
7500109
7500841
7499792
7499603
7500312
7500760
7498884
7499499
7500062
7499089
7501924
7500691
7500826
7498710
7499504
7500475
7499155
7500049
7499464
7499361
7500602
7500929
7500830
7501102
7500465
7498629
7500336
7498453
7499394
7498084
7499930
7501498
7499803
7500230
7498962
7499508
7499398
7499393
7500009
7500556
7499763
7498639
7498912
7498955
7499269
7499219
7499571
7500204
7499329
7499453
7499188
7499105
7499661
7501692
7498085
7499658
7499919
7498593
7501178
7500441
7501266
7498374
7501556
7499720
7499989
7499587
7498484
7501176
7500958
7500998
7500250
7499987
7501374
7500946
7499358
7501442
7498628
7499558
7501344
7500478
7501285
7500563
7501182
7497707
7500201
7499224
7500689
7499022
7499890
7501427
7499063
7499178
7498513
7501834
7499227
7500370
7499512
7499131
7500604
7498901
7500459
7499164
7500565
7499488
7499321
7501405
7499052
7500108
7500089
7497321
7498953
7500753
7499145
7500517
7499047
7500928
7499008
7500088
7498051
7501005
7502258
7500922
7500683
7500603
7500528
7501031
7500233
7499480
7500087
7500304
7502228
7500484
7500267
7499781
7499286
7497916
7501720
7501734
7502169
7500526
7501004
7500586
7498946
7500282
7500118
7501096
7499943
7499610
7499405
7500272
7501334
7501201
7500694
7501222
7500674
7498313
7498688
7499593
7499237
7500612
7501797
7500399
7501800
7498345
7500921
7498526
7499205
7499350
7499799
7499992
7499690
7498937
7499341
7498078
7501069
7498640
7498720
7499225
7499972
7496667
7499945
7501661
7500313
7499532
7500047
7500944
7500837
7501213
7498174
7499624
7498974
7499043
7500039
7498630
7500159
7498370
7501137
7500919
7501323
7500638
7500606
7501385
7501140
7499014
7499722
7499033
7498559
7499760
7499422
7500170
7500446
7500840
7499636
7497640
7500421
7499706
7500775
7500476
7500894
7499576
7498822
7501497
7500025
7500985
7499373
7499352
7499490
7498719
7499470
7499172
7499173
7500659
7500184
7499136
7499010
7501114
7499659
7499917
7498121
7499050
7499029
7500983
7502048
7499873
7499646
7497509
7500276
7500584
7500853
7502033
7501777
7498672
7500132
7499561
7499293
7499527
7500067
7499876
7500416
7500172
7500321
7499726
7502322
7501065
7500851
7497521
7499420
7499693
7501136
7502061
7499780
7498619
7499545
7498598
7501013
7500194
7500020
7501128
7501807
7500197
7498952
7498844
7498780
7500058
7501302
7498309
7499387
7499615
7498840
7500872
7499015
7500757
7499910
7501761
7501485
7500029
7500511
7500342
7499627
7499632
7500218
7501448
7500383
7500909
7499774
7499614
7502043
7499023
7500542
7498100
7501035
7501400
7497918
7499436
7500941
7503033
7500917
7500303
7499539
7499744
7501971
7499826
7500596
7501217
7500277
7499415
7501969
7500097
7500011
7500125
7499879
7500718
7499374
7501373
7499246
7502609
7500623
7498209
7499844
7499980
7500774
7500437
7500004
7499408
7501473
7497858
7499351
7500607
7499346
7501592
7502214
7501135
7497007
7500466
7499180
7498445
7500873
7501048
7498581
7498332
7500849
7500382
7499320
7500035
7500498
7500051
7499671
7499737
7500161
7500561
7501774
7499313
7499486
7500788
7499768
7500390
7497463
7501075
7498506
7502507
7499951
7501805
7499949
7500987
7497830
7499901
7498657
7499253
7500572
7496934
7498673
7498700
7500487
7498723
7499378
7499764
7499328
7500555
7501727
7500423
7499716
7499634
7500153
7500063
7500454
7501461
7499832
7500798
7499174
7499937
7501152
7502391
7499424
7501022
7499801
7499018
7499544
7500653
7497802
7500224
7499129
7500288
7498938
7502348
7501179
7501311
7500838
7500858
7500110
7501534
7500766
7498755
7499645
7499090
7497876
7498683
7498591
7497157
7500298
7500600
7501100
7500618
7502079
7501445
7498971
7498609
7498107
7500447
7500943
7499307
7500126
7501197
7501001
7499097
7499515
7500601
7498336
7500106
7500707
7499892
7500585
7500327
7499630
7497790
7500331
7500854
7500916
7499229
7499006
7500142
7498350
7501244
7500403
7499292
7498187
7498451
7501671
7500442
7498655
7500495
7499371
7500363
7499836
7498779
7500500
7501472
7499830
7499509
7499491
7499733
7501518
7500217
7500210
7501191
7498592
7501159
7499230
7500573
7500695
7498973
7500081
7502915
7498120
7498793
7499510
7500671
7500208
7499909
7500581
7499524
7498557
7499342
7498936
7500275
7500871
7500001
7498348
7498802
7501885
7500018
7501089
7500828
7501857
7499800
7500245
7500084
7501636
7500491
7499559
7498872
7501228
7499714
7498404
7501495
7500306
7497938
7498398
7499631
7501015
7499049
7500544
7498410
7499999
7500186
7500677
7500212
7501080
7499324
7502379
7501081
7499506
7500534
7498965
7501541
7499386
7499838
7499450
7499629
7500188
7498951
7499344
7501550
7500844
7501275
7501562
7500489
7499769
7500971
7500708
7498647
7497934
7498888
7499696
7501220
7500409
7499295
7498474
7498712
7499080
7501830
7498828
7500783
7499719
7499639
7499649
7501044
7501087
7499776
7498125
7501211
7499238
7499814
7500038
7499503
7499954
7500405
7501025
7500754
7499676
7499494
7500263
7499870
7500426
7497361
7499721
7499664
7499796
7498757
7499857
7500637
7499198
7498590
7499840
7500540
7500964
7499034
7500151
7500052
7500915
7500907
7500881
7502015
7500253
7497430
7500656
7501144
7499596
7501017
7500685
7499861
7503147
7499160
7500883
7498293
7498291
7500620
7498266
7500074
7499882
7499152
7498351
7500171
7502427
7500286
7499606
7500111
7500182
7501095
7499793
7500349
7499837
7500665
7500732
7502297
7499117
7499156
7501063
7498727
7498058
7501521
7499601
7498731
7500996
7500470
7502187
7499750
7501332
7502901
7499270
7499982
7501902
7501282
7500785
7501186
7499871
7499700
7501129
7501391
7502317
7501202
7498893
7499421
7498892
7500185
7501079
7499221
7500178
7500692
7499278
7499460
7498606
7500295
7499834
7500898
7500129
7498571
7499275
7501483
7500119
7500024
7498083
7501714
7499266
7499310
7500222
7499974
7499812
7499831
7499525
7497691
7498584
7499594
7500961
7498796
7500564
7500460
7499439
7500435
7499139
7501879
7501424
7501126
7501612
7499648
7500069
7500538
7499481
7500505
7499477
7500796
7498812
7498970
7502210
7499888
7500117
7500196
7499860
7500033
7500824
7499357
7501294
7501898
7499184
7501672
7499756
7501346
7501527
7502084
7501880
7500150
7499323
7498449
7498364
7499903
7498778
7501112
7500061
7501106
7499425
7498746
7500386
7498636
7499672
7500782
7498922
7499625
7499533
7498991
7498811
7498857
7500848
7500152
7501160
7500737
7499242
7500337
7500369
7500419
7500829
7499404
7499120
7499530
7499654
7498745
7501040
7499988
7499717
7501682
7501205
7499766
7501420
7499147
7500262
7498862
7501401
7498842
7500027
7499878
7500461
7502642
7499880
7499099
7499520
7500525
7498573
7501024
7501696
7500886
7499938
7501196
7500892
7500650
7499547
7498881
7499311
7498132
7498645
7500893
7500660
7499577
7498193
7500930
7499273
7499167
7499973
7499977
7500121
7500522
7498138
7499475
7501526
7498495
7501794
7501208
7500755
7499761
7499212
7501402
7498007
7500622
7499161
7499673
7500094
7498379
7499827
7502215
7500380
7498905
7499000
7501242
7500147
7500293
7498580
7499953
7500101
7497699
7503442
7501598
7500679
7500086
7499402
7499933
7499445
7501239
7501324
7500388
7500529
7500156
7499537
7500456
7501787
7502394
7501157
7499709
7500625
7499998
7500661
7501600
7500734
7499454
7498827
7498275
7500030
7498031
7500663
7500167
7500366
7500128
7499138
7500354
7501367
7501433
7499660
7500963
7500720
7499675
7498753
7500400
7501572
7499771
7500066
7500232
7499600
7501770
7499298
7500728
7499859
7499214
7499083
7499075
7499549
7500324
7499692
7502227
7500315
7500440
7501362
7500358
7500793
7500756
7500433
7498693
7500192
7499317
7499455
7498447
7500112
7499141
7499680
7500805
7498975
7500026
7499637
7502105
7498416
7499546
7500160
7498668
7497953
7500786
7499058
7499419
7499409
7499289
7498876
7500608
7501073
7501016
7499849
7499732
7499611
7500507
7499458
7500183
7501314
7500868
7500394
7499869
7499140
7500865
7500006
7499978
7496973
7500877
7499848
7500815
7499332
7499877
7500725
7499381
7500385
7499143
7503404
7499713
7500710
7499994
7500535
7500790
7498863
7501532
7501327
7499223
7499444
7499442
7501098
7497779
7499166
7501060
7500402
7499820
7498785
7498967
7499039
7498906
7498239
7499430
7502057
7500562
7498902
7498940
7498992
7500651
7500518
7501097
7500658
7500508
7500624
7500048
7500034
7498792
7500430
7499474
7498882
7501588
7499196
7500340
7500404
7500644
7500091
7499459
7501072
7499920
7499449
7501194
7499573
7500668
7500545
7498605
7500700
7499175
7500134
7499963
7501376
7499618
7499858
7499535
7501964
7499479
7500723
7499996
7500228
7500926
7499484
7498470
7500496
7498258
7500697
7499262
7499507
7499543
7499251
7500082
7499091
7501120
7501415
7500750
7497974
7501638
7499657
7499112
7500207
7499966
7499122
7500141
7500028
7497030
7499104
7500458
7500566
7497550
7500629
7500613
7500392
7500393
7501360
7500845
7500271
7500130
7500580
7501515
7498804
7498798
7500933
7498667
7500672
7501064
7499929
7501038
7499030
7498156
7500773
7500989
7497432
7501872
7500341
7501185
7500789
7499939
7501030
7498458
7500467
7500678
7500283
7497912
7500247
7502198
7501227
7498910
7500682
7502101
7499589
7500220
7502417
7500861
7500077
7500202
7499482
7500221
7500448
7500521
7499952
7501020
7501896
7500904
7500499
7499098
7500290
7500758
7499678
7500005
7498726
7497840
7498661
7500309
7500352
7498795
7500014
7502071
7499993
7499708
7499862
7500187
7500832
7497413
7498254
7499051
7499144
7501028
7498356
7498229
7500428
7499055
7498371
7498858
7500800
7499752
7501781
7500154
7500420
7502083
7498429
7500539
7499186
7498384
7500680
7498057
7498943
7500116
7499360
7498053
7500036
7497611
7499597
7499674
7500274
7501890
7499399
7500965
7500592
7500551
7499670
7498816
7500330
7499299
7498689
7501369
7499788
7501086
7500553
7500165
7498582
7500699
7501326
7500356
7499821
7499976
7499259
7499566
7499944
7500225
7498898
7499810
7501475
7499264
7501372
7501199
7501888
7499663
7499239
7496696
7499437
7499302
7500234
7500486
7499473
7499322
7499682
7500664
7499560
7499592
7499644
7501281
7500378
7499666
7500237
7500776
7500816
7500325
7501161
7500216
7500007
7497448
7500954
7500890
7499574
7500519
7498286
7498600
7499904
7499284
7499965
7498760
7498920
7498942
7498927
7502230
7498777
7500616
7500292
7498899
7500099
7499616
7498704
7497785
7501554
7500979
7502249
7500880
7501625
7501835
7499134
7499337
7499263
7502192
7499523
7498677
7501084
7498402
7502559
7499770
7500193
7499604
7499041
7500937
7500351
7499668
7500308
7499272
7502261
7500045
7499466
7501139
7500085
7501350
7498438
7499964
7498158
7500241
7499498
7500617
7501380
7501978
7500905
7498342
7498412
7500296
7500162
7500164
7499159
7500942
7498343
7500714
7499986
7499975
7499791
7498251
7498455
7500571
7499231
7500647
7499347
7500967
7500574
7499048
7501166
7499798
7499702
7498163
7499315
7499818
7500332
7501156
7499116
7502232
7501961
7500415
7500970
7503156
7499252
7497999
7500438
7500686
7501731
7499388
7500483
7499900
7500095
7500611
7502560
7500334
7499936
7501447
7497882
7498754
7501939
7498595
7500000
7498923
7499887
7498807
7498737
7499297
7499248
7499193
7499715
7500879
7499314
7502059
7500235
7501425
7498537
7499353
7500862
7499241
7499468
7499456
7500140
7499267
7500041
7499109
7499375
7501124
7500504
7499158
7497844
7500509
7499852
7500169
7500279
7502350
7499854
7501006
7497330
7499569
7499002
7500494
7498616
7498713
7498850
7500874
7500397
7501788
7498432
7499961
7501092
7499071
7500044
7498500
7499742
7501605
7498743
7500371
7498935
7498441
7499290
7501027
7499220
7501399
7499782
7498278
7501039
7500687
7498837
7499060
7498791
7498531
7501033
7500654
7499513
7499501
7500103
7499701
7499222
7500037
7500925
7498809
7499183
7500960
7498586
7499850
7501328
7500256
7498487
7499171
7502395
7500906
7499401
7498059
7500090
7498164
7501122
7500759
7500189
7499519
7499066
7498282
7499642
7500688
7499004
7501051
7500260
7502157
7497158
7499240
7498941
7499068
7500319
7502570
7498166
7500328
7500003
7497292
7499531
7498467
7497751
7498867
7498237
7500022
7500133
7500599
7501789
7501958
7500457
7497716
7499550
7501153
7499330
7500823
7499906
7499641
7499602
7500174
7498658
7499712
7498142
7500355
7500988
7499968
7498949
7500072
7500120
7499146
7499912
7500949
7499226
7499500
7499679
7498959
7499274
7500323
7498873
7500833
7501043
7501225
7500439
7499197
7499021
7500054
7498829
7499148
7497752
7501911
7498900
7499885
7500681
7499280
7501507
7498868
7498097
7499228
7500144
7501780
7499260
7499662
7499794
7499217
7499677
7501259
7499893
7501504
7500479
7500335
7499127
7499765
7498145
7500643
7497457
7498669
7496765
7501494
7502183
7499492
7501174
7499806
7501426
7500102
7500795
7501088
7501353
7500903
7499681
7501340
7499802
7501215
7501291
7501183
7501127
7499338
7498981
7500307
7500236
7500113
7498930
7500635
7499942
7500472
7500482
7502516
7501662
7499294
7500254
7501218
7501052
7501008
7499551
7499078
7500310
7500764
7500075
7501180
7499447
7499448
7500357
7500799
7500417
7500488
7500910
7501428
7499647
7500717
7500552
7498497
7499585
7499434
7498621
7499934
7501026
7498308
7501855
7498786
7498903
7500255
7499118
7501011
7501702
7500043
7499115
7499106
7499016
7498834
7500259
7500073
7499191
7500554
7502002
7498680
7499896
7501479
7498052
7498189
7500769
7501238
7499390
7498249
7500632
7498635
7499864
7498223
7500924
7499095
7498207
7500527
7500138
7500471
7500249
7499336
7500576
7498486
7500453
7500852
7500558
7502411
7499757
7501147
7499057
7498520
7498674
7500071
7500792
7499093
7501936
7497288
7501906
7499206
7499707
7501133
7500360
7499950
7501466
7498823
7499725
7501368
7500411
7498774
7500713
7498108
7499811
7500384
7501689
7498650
7500377
7499699
7499739
7499881
7498989
7499128
7499451
7498548
7499443
7500449
7498062
7500064
7499319
7501711
7499385
7499898
7499608
7500594
7500432
7499743
7500149
7498306
7500780
7499640
7502067
7502581
7500842
7500831
7500016
7501624
7499928
7498637
7499511
7501406
7500966
7499232
7501686
7499312
7500191
7497198
7502247
7499633
7499970
7500721
7497978
7499017
7499249
7499905
7501289
7500698
7499035
7500980
7501873
7501177
7500427
7498481
7498544
7502266
7501594
7500701
7499824
7499875
7498732
7500703
7501232
7500046
7500690
7501032
7500557
7500021
7502006
7498418
7500662
7501512
7499984
7500023
7499863
7500730
7501915
7502145
7500413
7498267
7498810
7498945
7498576
7500524
7501539
7499019
7500911
7501764
7497845
7497981
7499758
7497813
7500215
7500464
7498330
7499428
7499563
7498994
7497486
7502039
7500163
7501278
7498128
7500684
7500050
7499426
7498358
7497846
7500543
7499213
7499586
7497744
7500135
7499895
7500329
7499746
7498400
7501775
7499309
7501090
7502135
7499359
7501301
7499995
7498553
7500181
7498009
7499755
7498681
7498314
7499355
7499119
7501837
7501615
7499730
7499376
7498318
7501471
7499107
7499379
7498181
7499125
7500885
7499960
7499207
7499902
7502622
7500059
7499643
7500784
7497677
7501708
7498554
7499735
7499065
7500908
7500733
7498730
7498037
7499923
7501392
7501551
7498808
7500711
7501685
7500955
7498338
7499429
7499842
7501395
7499931
7501375
7498250
7499318
7498414
7501389
7499054
7500395
7502595
7501916
7502119
7499816
7500621
7497512
7499686
7498978
7500372
7499101
7498512
7499495
7500974
7499452
7500199
7500673
7499913
7500512
7498721
7498908
7499773
7501042
7503295
7501357
7502254
7499027
7498392
7500705
7500450
7499069
7500578
7500670
7498851
7500778
7498880
7499595
7501268
7499417
7498450
7502481
7499349
7500806
7499113
7499244
7499808
7501258
7500139
7499908
7500640
7501297
7499575
7499565
7502743
7501713
7501236
7497949
7499211
7498088
7500548
7498722
7500821
7499687
7500864
7501544
7500866
7497887
7499918
7499957
7498771
7498113
7501758
7499754
7502096
7499691
7498944
7498763
7498372
7500055
7500736
7501050
7499731
7501398
7499521
7500145
7498396
7500887
7500231
7501928
7500477
7499778
7501172
7500977
7498124
7499432
7497488
7499469
7498624
7498422
7502090
7499997
7500716
7499562
7499767
7500631
7499915
7500391
7498169
7501371
7499745
7500746
7500676
7501603
7501396
7498933
7499384
7499382
7502425
7499247
7498541
7500443
7498651
7500817
7500532
7500368
7499316
7502017
7498984
7499079
7498662
7500226
7500968
7501979
7499463
7499785
7498648
7501694
7499250
7499685
7500951
7499969
7499704
7499567
7501440
7501056
7498750
7500462
7498572
7499333
7501082
7501438
7501193
7499947
7498549
7498518
7498065
7498508
7496827
7498980
7499462
7501009
7502199
7501115
7498196
7499403
7498411
7499279
7501021
7499046
7498417
7502060
7501816
7499623
7500722
7501553
7501138
7499303
7500812
7499149
7501581
7500015
7498558
7501233
7502446
7498192
7499628
7500361
7499553
7501968
7501901
7499835
7499694
7497474
7499784
7500727
7501920
7501055
7501216
7499843
7500273
7498990
7498988
7500531
7499102
7499243
7501071
7501642
7498424
7498702
7499165
7499967
7500010
7500927
7500834
7499407
7499218
7498440
7501811
7497913
7501618
7502081
7500743
7500213
7500809
7499534
7502470
7500031
7500597
7500646
7498060
7502404
7499935
7499368
7498789
7500365
7501252
7498213
7499940
7500268
7501453
7500407
7498676
7499366
7499092
7498643
7499056
7501545
7499556
7501036
7497891
7501107
7500056
7501900
7498191
7498736
7500281
7498703
7499397
7498413
7500991
7500719
7498800
7498368
7499622
7498759
7500771
7499377
7498252
7497986
7497641
7498268
7500211
7498762
7499839
7500569
7499005
7498011
7498562
7498279
7500195
7500802
7501253
7497410
7499502
7501103
7501045
7500338
7498707
7500630
7502893
7498846
7501602
7498824
7497769
7496134
7500749
7500410
7501959
7497922
7499362
7499542
7498875
7500560
7497915
7498968
7497763
7499181
7500158
7501776
7498092
7499557
7501443
7502410
7500314
7498832
7498917
7501417
7499327
7498854
7499288
7498803
7498741
7500628
7502216
7498775
7503448
7501403
7498362
7501333
7501644
7499413
7501293
7499389
7502389
7501058
7498061
7498830
7500348
7498393
7497380
7500294
7499169
7500065
7500938
7502242
7497612
7498491
7498540
7498215
7498788
7500797
7499446
7499886
7499203
7497733
7498999
7499153
7500891
7499959
7498987
7500333
7499807
7500375
7501455
7498523
7498766
7498080
7500096
7500474
7501175
7499163
7500972
7499813
7501277
7499496
7501418
7498950
7498036
7499084
7501738
7498907
7500957
7498733
7497893
7498433
7502363
7501132
7497498
7498155
7499370
7499922
7501158
7497868
7501273
7501164
7499805
7498932
7498709
7501099
7500387
7499472
7500452
7501778
7498465
7501866
7499538
7500726
7501310
7501467
7499872
7499665
7499656
7499846
7501460
7497890
7500396
7500777
7497803
7501141
7500935
7500791
7501587
7499866
7498913
7501037
7501234
7502452
7500579
7498715
7498119
7499620
7499518
7501170
7500264
7497374
7502091
7498690
7500287
7500570
7501378
7498620
7497114
7501732
7501093
7501105
7498993
7497467
7496858
7500374
7498926
7501542
7500781
7500745
7501192
7499868
7497172
7498574
7502421
7499591
7502074
7500932
7497656
7500490
7500032
7500772
7501265
7498758
7499541
7498701
7497736
7500280
7500520
7499991
7500822
7499865
7501279
7499187
7500510
7501997
7498488
7499094
7501010
7499962
7500605
7500104
7502505
7500763
7501476
7499395
7499348
7499718
7498918
7501549
7498985
7499011
7501352
7498773
7500362
7501640
7499926
7501249
7501945
7499291
7500345
7498848
7503415
7500425
7500813
7499369
7501706
7501306
7498386
7501267
7500649
7499817
7498547
7498976
7498855
7498623
7498067
7500168
7501909
7499772
7502037
7500857
7501023
7500002
7501446
7500825
7498382
7500079
7500582
7499841
7499483
7500978
7498076
7498995
7501412
7501209
7499697
7501296
7500302
7499086
7498687
7502312
7498956
7499505
7498391
7501677
7498768
7498891
7499255
7502368
7500227
7498241
7500739
7500246
7502108
7499215
7501066
7499572
7498203
7502780
7500636
7499045
7501930
7501667
7498020
7497997
7500068
7499710
7497244
7500820
7499476
7501151
7502725
7498360
7500322
7499979
7501623
7501307
7500040
7500751
7500270
7498611
7500549
7498711
7497595
7497392
7499200
7501230
7498653
7501992
7501597
7500078
7500424
7499650
7500913
7499383
7500291
7499012
7501721
7501454
7499036
7501709
7498359
7498861
7497168
7500819
7501451
7501889
7501143
7498569
7497909
7499921
7498761
7501003
7499607
7499779
7502779
7498874
7501812
7498997
7499851
7501827
7499208
7498104
7498597
7498457
7498565
7497807
7499941
7501263
7499847
7498354
7498894
7498439
7500729
7498212
7501530
7499759
7499216
7498425
7497980
7498678
7500634
7499983
7499277
7500575
7502138
7499038
7500530
7499185
7501482
7498818
7499114
7499009
7499684
7501712
7499605
7501995
7502383
7498684
7499828
7501698
7498479
7497958
7498883
7497623
7498614
7500123
7498295
7501390
7502762
7501187
7500610
7500503
7503405
7500827
7501366
7498122
7498183
7502195
7498290
7498749
7498603
7499257
7499522
7498744
7498127
7498075
7498530
7501111
7501295
7502221
7500878
7498147
7500516
7499326
7496773
7499331
7499580
7499683
7500747
7502953
7502160
7501041
7501243
7496963
7501697
7498924
7498025
7500609
7500934
7502122
7500655
7501198
7499925
7501558
7499749
7498821
7500422
7500982
7500641
7501319
7498469
7500455
7500205
7501832
7500839
7497985
7499570
7497040
7499265
7498670
7500339
7498005
7497892
7500583
7497888
7501325
7501101
7497843
7498077
7498638
7499613
7501903
7501736
7498494
7500712
7502072
7501771
7501862
7499073
7501806
7501565
7500244
7500744
7501893
7499958
7498452
7498426
7501860
7500986
7501251
7500122
7498228
7498859
7498764
7497970
7499621
7498337
7500019
7498839
7497633
7498472
7501496
7498904
7498173
7500408
7501871
7498126
7501514
7499176
7498047
7502458
7500444
7500318
7500619
7500993
7501804
7497309
7498886
7501431
7501116
7499283
7498560
7499431
7500962
7502237
7500947
7499514
7501171
7499971
7501994
7500804
7498964
7500740
7499626
7499899
7501851
7500902
7497534
7502413
7498691
7501678
7501248
7499074
7501276
7497960
7501355
7502034
7500343
7502420
7500846
7499423
7501283
7497829
7498186
7499438
7500175
7501629
7500779
7501626
7500346
7501474
7500364
7501742
7497221
7501057
7498199
7501891
7501457
7502050
7501523
7501290
7499396
7501769
7498463
7502177
7501264
7500918
7498787
7500550
7499061
7499493
7500976
7498245
7498211
7501338
7497300
7498817
7499609
7498772
7500589
7500017
7498415
7499823
7501691
7498589
7501155
7499108
7500214
7501722
7498419
7499031
7500248
7501313
7498466
7498551
7498161
7497823
7498578
7497933
7498919
7498405
7497883
7502248
7499096
7500738
7499133
7498849
7501076
7498659
7497860
7502371
7501383
7498483
7500198
7501359
7501204
7499487
7501091
7498695
7498112
7500899
7499916
7498928
7501423
7499528
7501665
7500289
7499306
7499234
7498889
7499276
7498671
7501585
7499651
7500959
7500092
7500243
7502746
7500818
7501459
7499157
7498454
7500451
7498752
7500179
7499210
7498717
7498162
7498708
7502276
7498852
7501631
7501536
7501782
7501700
7501917
7501288
7498841
7499461
7499416
7501388
7501085
7501604
7500693
7500567
7501169
7501983
7499412
7500076
7498515
7499301
7499588
7498602
7499235
7499410
7501173
7499822
7499085
7501356
7502080
7500379
7498492
7501262
7499028
7499103
7498302
7498698
7498459
7502044
7499911
7500948
7500344
7501749
7499990
7499578
7498478
7498248
7498885
7498464
7500627
7498533
7500541
7498847
7501519
7497850
7498527
7499489
7498815
7502049
7501422
7497864
7501061
7501337
7499855
7497619
7500889
7501146
7498806
7503371
7500715
7498264
7498542
7500350
7498805
7498177
7498262
7500884
7501954
7499819
7498281
7501284
7502064
7498748
7501946
7499204
7502250
7500180
7499747
7500166
7500808
7499044
7501002
7500219
7499790
7496602
7502629
7501054
7502114
7499856
7501573
7500999
7500012
7502279
7498448
7502082
7498682
7500870
7497963
7501850
7501118
7501361
7501659
7500252
7501741
7497930
7502012
7501231
7499287
7501162
7502154
7498355
7501859
7498612
7501029
7501929
7498271
7498784
7497618
7501074
7498403
7499777
7499132
7499783
7501286
7502001
7499804
7498301
7500143
7498728
7499564
7502137
7498489
7500590
7497495
7501529
7500914
7500190
7502112
7502123
7497993
7499723
7499734
7501184
7500863
7500675
7499365
7500497
7501710
7501354
7500536
7501320
7500501
7500875
7500850
7502257
7501492
7501707
7499202
7497175
7499072
7500258
7499874
7499363
7498966
7501729
7502742
7501687
7499024
7499168
7498747
7498434
7502349
7498679
7497991
7501831
7498103
7502436
7498468
7500973
7500127
7500053
7499787
7502010
7499883
7501753
7498601
7502575
7498331
7501214
7501622
7501229
7499151
7501317
7501803
7498443
7501430
7500115
7499698
7501219
7500297
7500900
7498436
7500240
7503224
7500515
7497542
7499150
7499497
7498461
7497914
7497407
7499209
7500897
7499110
7499282
7499478
7499669
7497899
7498357
7500429
7497571
7499335
7500896
7498534
7501165
7501465
7498845
7497992
7498879
7499724
7498740
7499135
7499236
7497920
7500434
7502469
7501798
7497590
7498373
7498585
7497956
7499343
7501577
7498742
7501583
7501261
7503303
7498663
7501049
7497859
7498931
7499281
7498756
7502310
7497479
7500803
7500418
7501070
7501212
7498644
7499703
7500537
7500406
7501628
7498294
7501000
7498208
7500587
7501221
7498522
7499590
7502162
7499271
7501094
7499471
7498375
7502324
7500381
7500070
7498230
7500939
7500975
7498032
7500615
7499751
7498195
7498317
7497065
7498260
7499354
7498170
7501524
7500995
7500652
7497621
7499340
7499440
7497703
7499177
7501634
7500765
7496588
7501655
7499261
7501883
7498654
7501245
7500836
7500436
7501878
7499435
7500768
7500445
7498303
7500223
7501224
7499956
7501309
7500155
7501434
7501568
7498389
7502393
7498190
7499300
7501363
7501977
7497049
7501506
7497472
7500814
7497984
7497451
7502323
7502767
7498820
7500468
7500389
7499540
7497454
7501349
7498444
7498887
7498909
7501754
7500257
7500731
7500901
7497765
7501110
7500559
7502078
7499894
7499081
7498300
7501318
7497632
7501668
7500136
7500463
7501546
7502116
7499142
7499795
7498322
7498194
7501387
7499233
7499441
7498283
7498782
7501785
7502148
7499617
7500485
7498734
7501456
7502914
7498714
7500748
7498242
7499932
7499189
7498388
7501593
7498561
7500667
7502484
7498998
7500203
7499555
7498235
7498666
7498790
7500513
7500588
7501540
7499380
7498877
7499020
7500666
7498958
7500137
7501416
7499955
7501470
7498285
7498532
7501305
7498694
7501190
7497928
7502416
7498563
7498139
7502405
7496906
7500514
7502414
7498986
7498925
7501336
7498109
7502021
7500523
7498204
7498564
7498320
7499467
7498769
7497322
7497331
7502616
7496937
7501864
7500412
7499201
7500847
7497940
7498493
7501950
7497659
7503277
7501343
7499190
7501750
7498604
7497604
7501543
7499154
7498476
7502167
7500810
7502607
7499829
7498501
7497976
7497954
7500060
7498865
7501397
7498023
7498735
7501059
7500762
7498871
7499598
7501452
7501576
7502284
7498201
7501287
7500770
7501660
7497220
7501386
7501666
7501607
7501547
7499305
7497481
7498475
7498180
7501331
7498016
7498257
7498969
7501918
7501339
7502133
7497692
7500546
7499007
7497897
7498767
7499946
7502233
7500242
7501757
7499400
7498954
7498346
7499245
7500146
7500923
7500920
7501673
7497226
7502926
7501675
7502464
7501500
7497884
7502451
7497698
7498200
7498878
7502158
7499162
7498963
7502658
7501188
7499182
7498131
7501014
7499924
7501760
7498312
7499736
7499465
7498118
7498015
7500741
7501237
7503038
7498983
7498323
7502182
7502478
7498423
7500100
7498502
7497919
7498948
7497792
7499695
7497541
7497825
7501619
7497252
7501716
7498567
7497043
7498116
7498064
7498219
7501975
7502993
7501246
7498141
7497274
7501614
7499339
7500473
7501912
7500801
7501570
7500952
7502151
7497435
7498184
7497822
7500997
7501067
7501195
7499032
7502831
7497663
7501616
7498217
7501018
7497793
7498216
7498175
7501609
7502558
7502806
7498579
7503360
7500953
7501854
7499304
7501868
7500266
7502639
7497851
7499729
7499516
7498014
7502787
7499026
7499001
7499087
7499126
7497717
7498570
7502295
7502499
7498622
7501300
7501298
7500481
7499889
7498794
7498325
7499258
7497971
7501663
7500994
7496853
7501134
7497929
7501990
7498018
7501528
7502398
7498836
7498341
7500157
7501723
7501260
7498835
7502053
7496948
7501394
7500855
7502921
7498960
7497338
7500251
7500856
7498069
7499536
7501601
7502444
7499568
7502140
7498608
7502342
7501658
7498079
7500984
7500493
7497865
7497903
7501791
7502548
7499740
7498344
7498982
7498546
7501525
7498819
7498480
7498626
7502903
7502131
7501784
7497417
7501109
7498696
7498299
7501370
7498366
7501972
7497787
7500285
7498588
7497739
7501718
7499100
7501271
7501617
7501167
7500981
7498263
7502149
7498335
7497195
7499037
7498607
7501635
7501991
7501381
7501441
7498482
7498066
7499897
7497484
7498397
7497852
7498152
7502275
7498550
7498376
7497598
7500835
7497875
7501566
7501973
7500311
7497935
7497515
7498385
7496594
7498503
7499088
7499582
7498685
7499025
7500807
7501552
7500787
7502745
7502514
7500431
7498101
7501846
7502103
7498383
7500316
7500206
7502592
7498210
7498947
7498568
7497874
7502328
7502126
7501737
7498420
7498618
7501653
7498632
7498641
7498539
7497510
7499741
7498280
7502041
7500706
7500990
7497628
7503001
7498178
7497601
7501664
7497761
7498725
7501130
7502358
7498473
7501303
7500506
7501149
7498485
7499891
7497555
7499833
7499194
7501077
7497714
7497990
7500013
7502918
7498363
7497293
7497563
7501330
7497382
7497867
7499391
7501240
7501272
7498225
7497687
7498706
7497525
7498176
7501970
7503043
7501203
7498093
7501274
7501733
7498751
7497605
7502109
7498298
7501828
7503168
7502285
7501510
7498716
7501409
7501501
7502694
7499003
7498072
7501468
7501701
7502005
7502578
7501499
7502019
7498521
7498310
7501767
7498041
7501985
7498401
7501630
7498914
7501012
7498699
7502089
7497614
7502362
7500882
7497994
7502239
7498369
7497723
7501491
7501411
7501813
7500469
7500709
7502035
7497962
7497514
7498890
7502524
7498895
7502018
7501509
7499867
7503117
7502029
7498665
7502304
7501650
7500639
7499296
7501937
7498221
7500931
7501117
7501756
7501856
7498729
7501569
7497688
7498296
7502087
7497344
7502929
7497352
7501839
7498510
7503122
7501410
7501981
7502367
7501641
7498509
7501113
7498378
7497328
7501537
7502352
7498471
7499457
7497311
7499124
7500598
7497289
7498599
7498577
7497770
7501817
7500209
7502003
7497885
7501508
7497685
7501941
7498082
7501759
7498387
7501690
7501869
7497786
7501679
7501608
7498089
7500093
7502673
7501853
7500373
7498524
7497730
7497503
7501932
7502139
7499192
7497501
7500648
7498866
7498381
7501821
7501533
7497767
7501210
7498160
7498365
7498770
7497652
7497142
7503092
7499728
7502159
7497533
7497781
7498642
7501316
7498136
7498801
7498247
7498129
7498916
7497925
7502346
7501967
7497295
7501478
7501487
7500645
7501342
7501407
7501047
7499199
7502196
7497975
7502268
7499111
7496987
7498270
7501154
7497772
7496419
7498022
7501505
7497947
7498110
7497082
7502375
7498718
7501321
7503007
7499325
7501744
7498610
7498068
7501463
7500940
7498029
7498038
7502556
7498738
7497968
7500724
7503125
7501308
7498814
7498321
7501312
7500265
7498870
7502620
7500568
7498159
7497073
7498915
7502422
7498253
7497911
7501818
7501522
7498724
7498134
7501019
7497504
7497478
7501034
7502113
7498656
7501656
7501875
7501148
7498516
7502603
7501695
7501801
7497334
7501947
7498462
7498399
7501595
7501481
7497599
7501557
7502163
7502327
7498000
7501670
7501408
7503296
7498525
7497461
7502594
7502224
7498272
7498087
7499121
7499268
7499334
7498021
7498339
7498617
7498535
7501046
7500492
7501125
7501984
7498529
7502051
7502293
7499062
7497740
7502600
7502150
7500956
7502740
7498957
7498153
7498135
7501881
7499356
7497952
7498587
7501980
7497568
7501724
7498979
7498048
7501488
7498514
7501078
7496384
7497776
7502194
7501648
7498063
7501647
7501226
7497397
7498831
7503314
7501935
7496650
7497734
7501503
7498961
7501578
7502426
7497682
7498477
7498437
7500633
7498315
7501462
7502202
7497442
7502335
7498380
7501847
7503071
7498408
7502086
7502577
7501779
7501104
7501486
7500752
7497972
7502980
7501347
7501348
7497998
7501926
7502092
7498390
7499053
7498517
7501610
7501121
7502438
7498098
7498507
7499195
7502181
7501966
7501795
7503266
7497587
7501480
7497718
7498613
7498288
7501413
7499256
7501449
7498649
7497855
7497152
7498781
7501747
7501489
7501824
7501439
7498511
7501068
7497834
7501150
7497475
7502493
7497673
7501269
7500577
7500669
7501382
7503585
7502058
7498349
7498226
7498004
7498054
7498555
7501365
7497795
7498329
7502277
7502805
7498826
7497758
7502208
7501223
7497838
7501358
7501516
7497672
7503019
7496800
7501564
7498504
7497645
7497749
7497227
7496628
7502882
7497570
7498198
7501575
7497196
7501579
7497528
7502632
7499070
7501802
7501957
7497660
7502747
7501493
7498214
7502824
7497205
7502552
7501561
7497530
7501952
7502063
7497706
7497709
7498813
7498202
7501745
7502022
7502243
7497648
7501200
7500945
7502104
7498843
7497950
