5499668
5499875
5499578
5498914
5500326
5498790
5501308
5498935
5499988
5500394
5500701
5500217
5500850
5501417
5499893
5499841
5501503
5498879
5500690
5497762
5500064
5498419
5500137
5501042
5500761
5501226
5501368
5502346
5500382
5499927
5500311
5500676
5499724
5499410
5499543
5498487
5501521
5501060
5501864
5501627
5498626
5499130
5501228
5498768
5500403
5499775
5500862
5498669
5498322
5498881
5499879
5501938
5499510
5498970
5497552
5500127
5499233
5500388
5499932
5498923
5499792
5499924
5500160
5498277
5498835
5499752
5500156
5498351
5499413
5500165
5500028
5500960
5499971
5499740
5500959
5500315
5499499
5498801
5500895
5499386
5499551
5499338
5499557
5502117
5499938
5500557
5498112
5500626
5500522
5499811
5499298
5499856
5500376
5500484
5501102
5501598
5499188
5498985
5499411
5501196
5499374
5499623
5500535
5499431
5501341
5501603
5500551
5500662
5499092
5501354
5500096
5501802
5500700
5498647
5499447
5499417
5499415
5499567
5500092
5499687
5500046
5500572
5500558
5500971
5501198
5499891
5503001
5498104
5498853
5499560
5501633
5500017
5500401
5499587
5501168
5500726
5497774
5501754
5499364
5499272
5500898
5499660
5499607
5500466
5499874
5500105
5500485
5499127
5501012
5499810
5499936
5497903
5498289
5501109
5502610
5500459
5500106
5501020
5500380
5501397
5499928
5500183
5500059
5499347
5499959
5500191
5499838
5499398
5499777
5499986
5500093
5500313
5499161
5500812
5499632
5498687
5501234
5500678
5500155
5500279
5498884
5500201
5501740
5500871
5499145
5500835
5500543
5499260
5500825
5501965
5500735
5500146
5499822
5499200
5499102
5498943
5499348
5500799
5500747
5500967
5500305
5499395
5500286
5500568
5501520
5501186
5499358
5500548
5499178
5500663
5501219
5500354
5500563
5499665
5500045
5500008
5499019
5498680
5501706
5498534
5500301
5499696
5501707
5499759
5498473
5499056
5499221
5500943
5499846
5501424
5499197
5500379
5498386
5498766
5498951
5500078
5500532
5497513
5498996
5499756
5501010
5498643
5499435
5501557
5500792
5499818
5501702
5501783
5498618
5501041
5499983
5500507
5501033
5500945
5499467
5499974
5498788
5497957
5498442
5500444
5499937
5498318
5499519
5500397
5498965
5500267
5500975
5498723
5500658
5502284
5499836
5498829
5499003
5500180
5500027
5501431
5501476
5498885
5500437
5499199
5499484
5501161
5500780
5500359
5498752
5499930
5498625
5499250
5498483
5498794
5498023
5500358
5501604
5499425
5500791
5498242
5501165
5498963
5499388
5499015
5500996
5499631
5500036
5501533
5501237
5501981
5499765
5499238
5500178
5500493
5498893
5499289
5499042
5500887
5499472
5500391
5499981
5501465
5499144
5501687
5500076
5499469
5498854
5499201
5500721
5499674
5501389
5499322
5500952
5500637
5499727
5500249
5498823
5499502
5501149
5502120
5499323
5499618
5499017
5500666
5502228
5497883
5499311
5500162
5500039
5499970
5499150
5500727
5499454
5501430
5499707
5501435
5500847
5501291
5501105
5500317
5500251
5499815
5500692
5499899
5502538
5499766
5497736
5498337
5499737
5500774
5500552
5501245
5500390
5500589
5499585
5499883
5501167
5501689
5501663
5500846
5500295
5499309
5501365
5499191
5499183
5501565
5500869
5502129
5499946
5498917
5500018
5498924
5499541
5498513
5501869
5498719
5500659
5500190
5499495
5499160
5499935
5497850
5500641
5499985
5500280
5499708
5501014
5502420
5498193
5499151
5502015
5499548
5499224
5500125
5500404
5499154
5499785
5500051
5498404
5499440
5499063
5499870
5500024
5500325
5500509
5501803
5500909
5500319
5501133
5501132
5498204
5501560
5500544
5498767
5499008
5500298
5499359
5499664
5500189
5499589
5498762
5498069
5501190
5498497
5499757
5500757
5499651
5502014
5499405
5499097
5500576
5500100
5500892
5500241
5500070
5500085
5499711
5498610
5499163
5499110
5499921
5499610
5500181
5498538
5499252
5498016
5499958
5499732
5501058
5498522
5501090
5498613
5501899
5498888
5501780
5501768
5498438
5500893
5499105
5498896
5499887
5499241
5499383
5500324
5500921
5499569
5497228
5500583
5499287
5501256
5500268
5499030
5500877
5498484
5500699
5501230
5501508
5499817
5498517
5500095
5499975
5499438
5500857
5499329
5500082
5498597
5500824
5500182
5499619
5501139
5501119
5499644
5500900
5498880
5498858
5498271
5499877
5501492
5499175
5500094
5499835
5499944
5500435
5498494
5500188
5499906
5500723
5501682
5499453
5501162
5500769
5500067
5501653
5500784
5498142
5500762
5499797
5500383
5501082
5500793
5500642
5500472
5500631
5500863
5498636
5497293
5500508
5500007
5498851
5501530
5499536
5499820
5501455
5500252
5499828
5502225
5500179
5499147
5499310
5498230
5497710
5499748
5501125
5498159
5499628
5499157
5500353
5500098
5501328
5498702
5498020
5499962
5499717
5501250
5499481
5500514
5500668
5499716
5500001
5501403
5499725
5498589
5499643
5500113
5499212
5500933
5501189
5500068
5500154
5500864
5498294
5501599
5498941
5498824
5500455
5501694
5499041
5499172
5499294
5500332
5499622
5500084
5499038
5499107
5500205
5500424
5498944
5500797
5499688
5501180
5500387
5499553
5500998
5499170
5499559
5500443
5498369
5500047
5501326
5498807
5499782
5500080
5499626
5499969
5502006
5499051
5497855
5498800
5500316
5498174
5500041
5500284
5500104
5499654
5498577
5500419
5500033
5500673
5499550
5500246
5500530
5499498
5500922
5501306
5500273
5500913
5502123
5500800
5498989
5501782
5501962
5500420
5500075
5499351
5499627
5500408
5499555
5499667
5499342
5500337
5499039
5497785
5499819
5499501
5499999
5500903
5500321
5499349
5499504
5499365
5500327
5500010
5498203
5501108
5499620
5501156
5501841
5498090
5499392
5500329
5499117
5501069
5499278
5499297
5499223
5498270
5500845
5501140
5500768
5501171
5498967
5500533
5499123
5501558
5500561
5500038
5500616
5499758
5499139
5498572
5499956
5501032
5500685
5501420
5499812
5499673
5498811
5498945
5501335
5501998
5500478
5500890
5500688
5501513
5500384
5502047
5499180
5499209
5499000
5501741
5497869
5500074
5502195
5500163
5500851
5499976
5498254
5500426
5500923
5501373
5499389
5499704
5499681
5498450
5498887
5499490
5500608
5500013
5499742
5500777
5499772
5500407
5499648
5499446
5500244
5499452
5498932
5499931
5499690
5500126
5498682
5501236
5498506
5498624
5499806
5500840
5501382
5502834
5500016
5499909
5500970
5500052
5499670
5500049
5500225
5499300
5500539
5499363
5500884
5498288
5500684
5496921
5499863
5499098
5500231
5498638
5499929
5498335
5499761
5501158
5499735
5500087
5501498
5499375
5500202
5499646
5500111
5499807
5499867
5499645
5500632
5501300
5499733
5499036
5499121
5500216
5498179
5499228
5499549
5499319
5499760
5501312
5499955
5501960
5500710
5497978
5499577
5498876
5498919
5500562
5498785
5498498
5500776
5500547
5499368
5499400
5499581
5499313
5499373
5499843
5499185
5498564
5499695
5499257
5500506
5500378
5500569
5501514
5499900
5499087
5499414
5499702
5499089
5503077
5499048
5499868
5499779
5499353
5498745
5499270
5501727
5498956
5498557
5500061
5500703
5500108
5500360
5500592
5499669
5501212
5500496
5501022
5500362
5500449
5499692
5501324
5501724
5501115
5500107
5497907
5500980
5499726
5501207
5499285
5498903
5501549
5498188
5499787
5500370
5498575
5500599
5499858
5498657
5499881
5500517
5501489
5499683
5501063
5500429
5499872
5499408
5499547
5499694
5499265
5501944
5499941
5500994
5500175
5500032
5501479
5500260
5500320
5501554
5502428
5501766
5500598
5502004
5498148
5500352
5497954
5501755
5498964
5501078
5500309
5500269
5500706
5499474
5499804
5499314
5501447
5498233
5500307
5500261
5498812
5499889
5500291
5502256
5500817
5500377
5500347
5499736
5501422
5502811
5499769
5498838
5500333
5499355
5500224
5499728
5500907
5500331
5501619
5500088
5501696
5501387
5499399
5501257
5500855
5499489
5497537
5499753
5499795
5500645
5501582
5499770
5502612
5497889
5499443
5500646
5501625
5500872
5500277
5500573
5502185
5500344
5498659
5501551
5501044
5502682
5499196
5499997
5499315
5499680
5500707
5500135
5501536
5498750
5498238
5501381
5501277
5500467
5500153
5500374
5500012
5500629
5500430
5498906
5501018
5501131
5501855
5498972
5501355
5501457
5498060
5500623
5499280
5500212
5501404
5501893
5499621
5500590
5502000
5497829
5500077
5501879
5500570
5499005
5499830
5497871
5501066
5498546
5500357
5500278
5501837
5498357
5498926
5499379
5500248
5500538
5499011
5501695
5501379
5500565
5499637
5499424
5498594
5501106
5500442
5499730
5499898
5501262
5500531
5499833
5500939
5500759
5500371
5502556
5498420
5500844
5498315
5501194
5498459
5500753
5501247
5501857
5499156
5499487
5500512
5500912
5501177
5499570
5501265
5499303
5500204
5499256
5501779
5500432
5501922
5500220
5500818
5499518
5499824
5501309
5500807
5501593
5500802
5499701
5498246
5498255
5499584
5499119
5499135
5502224
5499344
5498272
5499633
5498772
5499346
5500034
5501622
5500239
5499743
5498441
5499456
5498675
5500831
5499436
5498627
5500043
5498980
5499773
5499656
5499507
5500841
5499524
5501015
5498403
5498239
5500148
5500630
5501129
5498443
5501153
5497211
5497995
5500525
5502281
5499793
5500964
5500025
5501144
5498527
5498632
5499964
5499253
5500274
5498113
5499158
5499534
5499475
5500888
5499801
5500079
5499540
5500614
5501407
5500808
5499331
5499677
5499580
5500491
5500445
5499382
5499259
5501510
5500300
5499232
5501275
5500421
5498436
5499361
5498650
5500794
5500580
5499403
5499142
5501240
5498986
5502019
5500257
5499527
5501137
5499903
5499615
5499713
5500819
5499786
5500132
5498754
5500708
5500020
5500687
5502044
5499442
5499652
5499451
5499602
5500696
5501486
5498953
5499663
5500497
5500745
5500441
5500005
5499847
5501749
5500259
5500822
5500174
5498565
5500764
5498251
5499445
5499564
5500823
5502665
5501801
5498840
5499990
5498537
5500349
5501600
5501842
5498309
5499317
5500109
5500119
5499545
5497370
5500788
5500740
5499485
5500476
5499277
5499832
5500308
5499821
5498760
5499308
5499010
5499949
5499037
5498864
5500650
5497905
5501278
5499407
5498664
5499942
5499902
5499282
5502326
5501594
5499085
5501585
5498928
5498978
5499575
5499352
5501077
5500778
5497863
5500891
5499406
5501458
5500916
5499040
5498170
5498711
5499608
5498244
5500120
5500461
5500605
5498818
5499444
5501248
5501989
5500023
5500373
5498205
5500176
5497981
5500505
5498990
5499723
5499691
5499805
5499506
5499001
5499880
5497582
5500755
5500167
5500593
5499933
5498960
5499993
5499494
5499888
5499526
5499789
5498431
5498516
5500754
5499697
5500081
5499556
5500873
5499714
5501273
5500303
5500233
5499854
5499859
5498245
5501204
5500492
5501719
5499396
5498983
5500834
5499426
5499468
5498278
5500089
5500948
5499054
5501601
5501737
5500143
5498747
5498716
5500712
5498102
5500942
5497388
5499385
5501662
5498150
5500579
5501966
5500242
5499012
5499842
5498540
5500452
5500932
5498026
5501086
5501298
5501721
5499781
5498755
5500596
5497379
5498348
5500177
5499642
5501040
5500063
5501569
5501987
5500411
5498302
5501748
5500296
5500462
5499505
5501542
5500868
5501350
5499611
5498474
5501764
5501345
5498183
5500672
5501101
5500247
5501927
5501550
5499625
5499641
5500171
5501007
5501384
5501205
5499416
5499455
5497696
5498915
5500342
5497482
5500368
5498409
5501913
5499552
5499638
5498787
5500924
5499731
5500460
5500830
5500226
5499754
5500908
5500540
5501480
5499764
5497648
5499823
5499354
5498423
5501199
5498439
5503198
5498186
5501054
5498559
5501388
5501797
5498782
5500733
5500852
5498661
5498338
5498428
5502063
5499483
5497901
5501011
5500413
5500816
5500639
5499021
5499635
5501580
5498449
5500490
5499925
5500989
5499655
5499114
5500620
5499712
5497494
5499274
5499279
5498579
5497892
5500683
5500159
5499572
5498169
5498867
5500910
5499251
5499816
5499916
5500031
5500955
5498588
5501493
5499103
5499318
5499463
5500297
5499844
5498717
5500389
5500203
5498848
5500223
5500440
5499341
5502414
5500150
5499794
5501474
5497153
5500328
5501567
5501027
5498558
5501483
5500304
5498057
5498861
5501223
5498927
5500986
5500609
5500714
5501829
5500048
5501179
5500128
5499995
5499531
5500072
5501123
5497636
5500612
5499283
5500749
5499432
5499720
5501753
5500832
5498619
5498697
5498998
5499316
5501858
5500931
5500199
5500339
5501346
5500682
5499574
5500767
5499897
5498504
5499493
5500627
5499912
5498859
5500828
5499065
5500929
5500786
5502413
5500679
5499894
5501374
5500227
5500282
5501110
5499814
5500454
5499706
5498929
5501187
5500809
5502299
5502265
5499800
5500214
5498856
5501784
5501075
5499207
5498593
5498912
5501638
5500944
5500516
5499827
5500950
5500636
5501003
5499840
5500281
5499849
5501808
5499703
5499479
5501895
5500335
5500486
5498792
5500555
5499057
5498576
5500029
5501026
5501832
5498894
5501991
5499380
5502470
5501201
5500086
5500372
5501555
5501166
5499165
5500504
5499630
5500330
5499525
5500355
5499861
5499558
5498456
5497786
5496501
5500556
5500151
5497921
5498479
5499834
5498350
5501850
5499762
5500882
5498578
5499513
5501473
5499095
5498847
5502221
5497053
5499532
5498721
5498551
5501271
5501957
5498981
5500603
5499101
5500848
5500470
5499603
5498681
5500236
5498995
5501889
5501635
5498466
5500904
5498947
5499568
5500949
5500062
5498656
5497805
5500528
5500718
5499968
5500302
5500911
5499291
5499138
5500770
5501088
5499895
5500097
5499771
5500894
5500114
5499977
5499511
5500299
5500843
5498569
5499026
5498826
5497940
5498878
5498602
5499263
5500006
5498526
5500172
5500115
5500262
5498689
5501072
5500465
5499741
5499350
5500638
5499659
5500428
5501124
5498789
5496988
5500364
5499788
5501611
5499449
5498545
5502246
5500265
5499896
5498448
5500738
5498399
5501502
5499636
5500849
5499205
5499582
5500118
5499826
5499193
5500586
5499304
5500617
5500206
5498921
5499947
5499176
5501242
5501347
5501371
5498817
5497475
5500053
5498802
5501100
5500587
5499915
5501496
5502674
5499992
5502207
5499679
5502355
5500750
5501295
5496932
5502889
5499535
5498731
5499044
5498336
5499857
5498480
5498849
5498902
5500669
5499164
5501192
5500820
5501761
5500289
5498870
5499606
5500446
5498452
5501436
5499653
5500144
5498240
5499072
5500796
5501602
5500920
5500917
5499125
5501239
5500979
5500657
5500243
5498769
5500341
5498253
5499658
5500102
5499220
5498387
5497148
5499979
5499306
5501448
5498552
5499229
5500795
5499031
5501914
5501423
5500649
5500581
5500806
5500564
5500422
5498561
5500879
5497841
5499852
5501776
5502370
5500264
5502680
5501039
5500628
5499159
5500463
5501064
5499914
5499020
5499650
5498485
5502477
5498405
5500881
5500743
5498283
5499767
5501786
5501074
5499950
5501667
5500815
5498303
5500398
5498374
5502111
5497349
5502097
5500725
5500670
5499211
5501352
5498235
5500772
5498678
5498698
5500451
5499376
5499709
5500918
5500936
5502060
5501235
5498916
5499865
5500654
5499537
5500055
5501699
5499583
5498733
5499939
5500839
5499905
5496819
5501148
5500537
5500406
5500112
5501127
5498434
5501905
5498874
5500434
5499112
5501830
5498940
5499394
5499634
5501181
5499528
5500981
5500169
5498898
5499798
5500124
5499538
5498830
5499657
5500500
5500042
5499461
5501821
5501310
5498489
5499258
5499544
5498950
5500431
5499966
5501233
5501050
5500014
5501259
5499488
5499616
5500318
5500210
5497530
5498837
5497953
5499247
5500957
5500292
5500860
5499281
5500021
5499599
5500560
5502135
5499508
5500619
5500402
5499605
5500520
5498563
5499802
5502340
5501307
5500542
5499345
5498617
5498975
5498710
5500729
5499116
5501290
5499922
5499093
5501220
5500450
5498566
5502347
5499918
5499907
5499393
5500044
5499851
5500990
5498168
5499118
5500361
5499070
5501762
5497526
5498720
5500899
5502526
5499296
5499028
5497547
5497359
5500091
5502752
5500288
5498993
5499433
5501629
5500838
5499991
5501725
5498154
5501301
5498994
5501191
5499876
5500130
5499749
5499837
5501477
5500875
5499166
5498809
5499533
5497408
5498389
5499378
5500141
5500946
5500865
5500771
5499261
5499845
5498781
5498329
5500400
5498774
5497237
5497984
5498744
5500412
5501485
5501037
5501736
5499722
5499075
5500499
5498925
5501775
5501429
5499203
5497831
5500798
5499503
5497573
5497849
5498178
5499108
5500495
5500878
5497933
5499126
5500730
5500479
5501293
5499457
5501281
5501529
5500660
5500585
5499520
5500896
5498554
5500263
5499242
5499926
5499047
5498064
5497974
5498813
5501785
5499961
5499591
5501152
5499913
5499356
5500606
5499855
5500294
5499601
5500489
5499750
5500739
5499813
5499600
5499418
5499614
5501151
5500482
5500633
5501547
5499061
5501539
5499324
5499086
5499129
5500574
5501211
5498223
5499744
5500194
5502390
5498319
5500366
5500488
5499301
5501912
5497922
5499908
5498446
5500985
5498976
5499421
5500170
5502154
5500611
5499276
5499439
5498763
5499923
5498614
5501001
5500030
5499512
5500312
5500173
5501680
5501814
5502172
5499275
5499060
5499462
5499450
5501639
5501138
5500697
5500640
5500644
5502596
5499202
5497340
5501254
5499071
5499480
5500195
5499739
5500618
5500962
5499069
5499043
5501045
5500652
5500136
5501047
5500953
5500310
5500665
5499686
5498821
5500457
5498979
5501461
5497381
5499639
5502016
5499886
5499885
5498642
5499237
5499521
5500343
5500671
5499168
5500283
5500272
5500099
5500473
5500011
5498969
5498354
5498645
5501372
5497431
5498361
5499067
5499678
5501164
5501357
5498753
5500661
5500002
5499050
5500615
5501781
5500837
5498673
5500271
5500694
5498133
5497807
5499890
5501052
5499226
5501462
5502657
5501995
5498587
5500228
5500415
5500914
5499866
5497846
5497877
5502490
5500992
5500164
5500060
5501751
5502695
5500956
5499729
5499004
5499360
5499613
5498649
5497804
5499143
5500681
5500229
5500731
5498694
5500550
5499082
5500250
5499155
5502041
5500145
5498844
5498396
5500385
5499372
5500594
5498686
5497948
5500976
5498525
5501578
5500813
5498453
5499860
5502676
5498933
5498827
5499216
5501329
5501657
5500720
5499719
5499299
5501831
5500058
5498407
5498382
5501577
5499328
5499967
5501107
5499009
5498518
5499111
5500340
5501356
5500997
5500765
5498738
5500785
5498866
5499246
5498728
5499366
5500836
5501984
5499957
5499671
5500140
5500534
5499339
5498444
5498236
5501758
5501692
5499404
5500414
5500447
5501255
5498890
5502049
5499227
5500219
5500322
5500643
5498862
5497572
5500526
5499013
5499264
5499700
5498122
5502227
5500833
5500974
5501505
5498615
5499113
5499133
5502170
5497725
5499055
5498726
5498532
5500116
5501126
5498791
5501701
5499571
5497881
5501818
5498729
5499597
5499187
5498543
5498601
5498872
5499140
5498248
5500897
5500356
5503015
5499448
5501626
5501059
5500889
5498424
5499803
5501527
5501892
5498413
5499464
5501409
5498162
5498814
5502981
5497546
5499018
5498737
5499790
5501406
5502081
5498665
5499189
5499497
5498984
5501656
5500604
5498999
5501843
5499734
5500213
5498216
5497623
5501173
5501978
5501579
5501302
5502110
5500746
5500571
5498658
5498600
5499566
5501438
5498674
5499778
5499910
5499136
5502595
5501525
5499192
5501671
5500185
5499965
5498243
5500653
5498469
5499698
5497714
5500966
5501428
5497923
5500518
5502423
5501231
5500940
5500365
5500647
5498784
5500483
5501518
5499784
5498765
5500255
5501031
5502929
5501339
5499869
5501097
5500448
5500529
5501478
5502848
5501968
5503218
5498799
5499994
5501169
5498707
5502193
5498907
5498604
5498883
5499078
5501537
5500149
5500416
5498291
5500995
5500103
5497757
5501464
5500744
5501644
5499647
5499182
5501317
5497460
5501017
5499554
5499357
5499829
5502035
5499269
5501095
5499624
5500147
5499387
5498635
5501224
5500559
5500040
5499629
5501062
5500803
5498966
5498722
5498426
5500417
5500541
5500474
5501046
5500732
5500752
5500110
5497970
5498365
5501559
5498222
5501717
5498141
5497848
5499808
5501454
5498839
5499539
5501383
5502444
5501739
5498684
5501321
5498247
5500458
5502080
5499033
5499598
5498908
5500065
5498556
5501313
5501023
5496914
5499132
5500984
5499249
5500734
5497928
5499523
5502280
5500208
5499940
5498836
5501035
5501315
5500035
5501523
5499231
5502001
5501936
5500396
5499235
5498764
5500595
5500131
5500674
5498958
5498079
5500610
5500345
5497941
5499340
5498882
5498810
5497670
5498780
5500510
5498544
5498946
5501955
5501715
5499120
5499476
5498410
5500427
5501221
5499491
5499234
5499649
5500691
5499522
5499194
5501208
5500192
5499595
5499546
5499596
5499402
5498913
5497574
5499509
5498495
5498667
5498340
5499254
5501036
5499953
5498398
5499662
5497666
5501528
5499334
5499710
5500716
5500885
5498776
5501280
5500139
5500439
5500737
5501606
5500071
5499052
5501661
5500709
5500549
5500409
5501013
5498123
5499892
5501466
5500481
5500523
5498267
5499561
5498955
5500566
5501704
5498397
5500193
5498299
5501674
5501160
5500624
5499198
5501288
5502259
5498992
5501073
5500334
5499972
5501227
5498596
5499573
5498391
5502202
5500367
5501053
5498988
5498740
5498567
5501340
5498088
5499333
5498796
5498418
5498471
5500826
5500395
5498068
5501446
5497590
5501225
5500991
5498001
5500056
5498648
5501800
5500215
5497452
5500022
5498820
5501210
5499465
5500436
5499675
5501722
5498582
5498655
5501752
5501117
5498598
5498308
5499174
5497812
5499109
5500338
5497214
5501202
5500756
5498415
5499682
5499751
5500787
5498213
5499268
5499500
5500883
5499184
5499565
5498220
5498360
5498603
5500527
5498098
5501690
5501098
5498200
5498281
5498895
5500602
5501583
5500083
5496732
5499032
5497937
5498390
5501362
5498889
5497659
5498816
5501833
5501511
5499973
5499873
5501232
5502537
5500584
5499427
5500453
5500934
5500477
5500475
5500554
5501112
5501135
5500069
5500613
5501021
5502112
5498529
5499029
5502056
5499911
5499045
5500578
5499458
5499478
5499362
5500601
5502293
5498865
5500399
5498611
5497493
5497865
5501136
5499882
5502038
5501816
5501055
5500722
5498083
5499517
5500954
5501030
5500876
5501512
5498366
5501016
5502911
5501193
5501760
5500545
5499244
5499153
5501624
5502086
5498437
5500019
5498408
5499024
5499213
5500902
5501770
5498905
5501942
5501440
5503048
5498704
5498549
5499721
5501229
5500498
5501206
5498347
5498416
5500842
5498328
5501183
5500600
5501434
5499100
5498974
5498758
5501103
5501170
5501279
5500588
5498706
5499271
5497644
5501327
5502716
5502301
5500348
5501531
5501092
5501870
5501395
5500717
5501507
5500133
5499149
5500073
5502183
5499774
5498185
5500123
5500829
5501067
5498501
5501154
5500222
5498177
5498692
5498696
5500306
5498621
5501408
5498585
5498712
5499141
5499336
5498192
5499034
5500276
5499343
5500621
5498241
5499477
5502774
5498496
5501182
5498959
5498435
5497990
5500664
5501099
5500464
5499420
5500686
5499219
5499904
5498132
5501034
5500763
5501418
5501197
5498007
5499919
5498394
5498700
5501544
5500101
5498852
5497979
5499934
5500234
5498560
5499210
5498930
5499367
5498616
5502082
5502868
5497727
5502125
5501351
5502382
5500196
5501411
5501882
5499768
5501504
5500591
5500425
5498771
5500152
5498703
5499152
5500930
5498344
5497422
5497935
5501330
5498954
5498093
5501367
5501925
5498910
5498467
5498493
5501292
5501789
5499134
5497724
5501258
5499763
5500186
5500184
5501004
5500197
5501252
5502341
5500906
5502199
5497467
5499104
5500503
5498909
5499131
5498825
5498427
5501873
5502101
5500790
5499384
5498202
5501575
5497747
5502220
5498634
5497866
5499230
5499027
5498523
5497988
5497891
5499169
5499370
5501405
5500369
5501806
5498718
5499066
5500323
5499428
5499586
5498583
5499780
5499377
5501729
5501081
5499381
5498892
5498691
5499208
5498094
5500693
5498891
5498275
5501270
5499718
5499917
5499243
5500211
5500961
5497507
5501391
5499290
5498045
5502100
5499825
5500546
5499987
5501116
5500209
5500240
5501282
5499588
5501111
5498869
5500122
5501120
5501652
5499542
5500675
5497560
5500393
5498922
5501287
5500515
5501887
5500858
5501141
5501713
5499058
5499179
5499562
5498085
5499025
5497502
5501076
5499128
5498367
5502687
5497908
5499122
5500925
5501380
5499783
5500854
5501243
5501285
5500487
5501299
5499369
5501113
5501935
5499074
5498149
5501325
5500290
5500801
5499195
5497622
5502306
5500667
5497690
5498899
5501024
5501718
5501774
5497791
5498334
5502242
5500254
5498938
5497999
5497962
5502189
5501933
5501468
5501070
5499307
5497765
5498234
5501441
5502387
5501130
5498609
5501400
5500711
5501495
5500293
5499516
5498620
5501880
5499262
5501079
5499954
5501691
5500129
5500880
5498430
5501427
5502116
5502142
5501445
5498521
5501949
5499745
5502289
5498936
5502032
5500015
5501320
5499996
5499839
5498713
5500635
5502374
5499963
5501294
5497972
5498939
5501646
5502497
5499747
5500689
5502254
5499579
5501825
5499738
5499594
5498732
5498323
5499530
5501297
5497983
5501386
5500963
5498362
5498531
5501336
5500859
5498422
5500168
5499239
5499284
5499684
5498612
5501488
5498831
5499984
5499312
5500901
5502808
5500622
5498536
5501432
5501322
5497997
5497337
5500719
5499115
5501471
5501472
5499327
5499466
5499791
5500965
5498937
5499952
5501361
5501333
5498671
5498356
5498109
5500158
5499434
5501684
5498509
5502203
5499412
5498806
5501200
5496762
5498035
5500811
5497654
5500935
5498515
5499326
5498586
5498375
5501222
5499390
5499676
5499960
5498400
5500978
5500142
5501359
5498607
5497876
5500275
5499023
5501470
5497498
5498832
5499273
5502270
5500157
5499266
5500000
5500138
5500392
5499609
5499217
5501051
5500705
5498749
5500993
5499148
5499945
5499245
5500827
5503403
5500232
5501685
5499482
5498952
5500381
5498412
5499796
5498520
5497925
5501121
5499672
5498160
5501083
5498748
5500351
5502003
5498352
5501650
5502165
5502180
5500972
5500814
5498679
5500575
5499951
5499397
5501459
5498368
5501314
5501867
5500468
5500853
5498573
5500951
5499236
5500724
5498724
5501608
5498742
5501410
5497159
5501735
5498779
5497225
5498447
5498845
5497639
5498371
5502124
5499831
5501675
5503098
5500285
5500773
5500350
5500821
5498623
5500736
5500715
5498066
5498215
5497994
5501215
5498982
5501921
5499091
5502342
5500237
5499215
5498059
5501048
5499059
5500410
5501997
5500519
5500166
5498054
5501499
5498099
5498808
5499401
5502357
5499943
5501284
5502102
5500050
5501364
5501497
5497450
5498129
5498414
5499053
5501251
5498533
5498663
5501009
5499563
5500494
5502592
5499409
5501267
5497683
5500713
5501080
5501266
5500783
5499746
5498860
5498061
5498018
5501636
5499014
5501426
5500536
5501002
5498118
5500695
5500423
5501790
5498590
5499809
5498541
5500270
5501008
5499007
5500469
5498136
5497966
5498287
5500207
5501214
5500938
5498056
5503302
5501398
5498734
5498316
5501071
5500958
5500804
5498693
5499693
5497702
5498568
5499848
5498130
5500607
5501876
5498081
5499998
5502150
5498134
5501369
5498795
5497189
5499576
5499666
5500927
5502820
5497652
5498100
5499920
5499617
5501658
5500037
5498804
5498263
5499288
5501056
5500218
5501311
5497967
5498050
5501664
5497486
5498218
5502405
5496440
5498641
5501772
5498746
5500779
5500200
5498592
5498739
5497767
5499492
5501174
5498286
5501399
5501824
5500456
5503202
5498756
5498942
5500625
5498478
5500009
5501184
5501213
5501296
5501246
5499592
5502586
5497380
5501934
5499391
5498464
5499337
5501743
5499171
5498306
5498511
5497441
5500977
5500928
5498482
5502168
5501609
5501065
5498904
5501571
5501043
5498353
5501491
5498477
5500988
5500947
5502194
5501401
5502440
5501402
5498173
5501532
5499459
5501150
5501178
5501155
5501203
5500117
5497977
5502083
5497345
5501337
5501061
5498190
5498628
5498261
5502982
5501733
5497875
5500677
5500553
5499255
5498044
5497640
5500258
5498683
5501449
5501568
5501414
5499046
5501025
5498918
5500161
5501377
5498135
5501049
5502008
5501029
5499330
5498973
5497239
5498699
5501720
5501482
5498363
5502327
5502028
5498455
5501757
5497781
5498475
5500253
5497775
5497733
5499222
5497692
5498668
5499871
5499022
5501655
5500134
5498886
5500471
5499240
5498260
5501665
5501668
5501484
5499593
5500982
5501540
5499062
5501118
5502051
5498008
5501649
5499862
5499473
5502084
5501746
5500968
5499422
5498119
5499948
5498505
5499689
5501249
5502261
5497415
5499173
5498542
5500287
5501632
5502009
5500003
5499016
5496632
5502295
5498138
5499049
5500524
5501908
5501195
5501028
5497499
5498198
5498499
5500375
5502013
5499878
5497814
5502297
5502557
5499186
5498009
5498349
5499430
5499321
5499529
5500866
5501744
5502380
5499006
5501143
5503909
5498514
5497069
5498798
5502166
5498300
5498631
5498828
5499776
5498472
5501681
5498163
5498105
5497368
5499429
5501146
5498855
5501104
5501788
5498690
5500582
5501163
5501669
5501385
5498605
5498503
5500026
5499901
5497626
5501241
5502017
5499094
5497673
5500886
5498805
5501958
5501726
5497376
5498962
5500004
5500634
5501006
5499083
5498029
5497481
5501344
5502465
5502071
5501216
5501747
5498666
5501000
5499514
5501415
5497754
5503124
5498622
5501617
5501573
5500511
5498440
5503249
5499332
5500919
5501349
5496852
5500433
5501304
5501566
5498606
5502422
5498381
5502367
5497694
5498708
5500941
5500926
5498757
5500386
5501676
5497244
5498152
5498803
5499077
5501303
5502395
5498037
5498131
5502542
5497326
5499980
5502255
5501572
5498660
5501854
5501756
5502917
5497718
5500704
5499661
5499590
5499982
5499068
5501637
5502078
5500760
5500090
5498743
5499685
5501805
5500314
5501176
5498259
5499884
5498402
5498770
5498127
5498842
5498036
5500742
5498228
5501765
5498143
5497554
5500363
5500861
5498377
5498599
5501710
5502206
5500999
5501274
5498199
5499496
5497768
5497575
5498252
5502070
5498237
5498685
5501591
5498161
5501563
5501370
5502115
5498651
5502161
5498175
5500915
5497665
5499705
5499864
5501005
5501253
5499371
5500501
5502646
5499073
5498151
5502147
5502251
5497488
5500698
5500238
5501437
5499088
5502456
5500655
5501500
5498897
5500480
5502552
5500567
5502055
5499248
5498640
5501778
5502406
5501353
5497676
5501891
5498461
5497982
5501597
5501759
5497092
5498759
5498695
5499225
5498433
5498047
5498355
5498786
5501283
5500346
5498421
5502184
5499699
5498034
5499470
5502108
5501688
5497501
5501453
5498013
5498227
5498157
5498850
5501114
5501460
5499850
5501883
5497898
5498145
5497614
5500187
5501145
5497853
5497872
5498388
5498070
5499612
5502418
5498187
5501862
5500805
5502733
5497557
5498863
5501574
5501261
5496966
5498783
5502501
5498385
5501732
5498570
5500751
5498971
5502026
5501860
5497836
5502130
5501898
5501992
5499293
5503047
5498843
5502012
5498460
5500066
5498639
5502335
5500256
5501940
5502684
5498024
5502106
5498502
5497825
5501096
5497292
5499035
5502285
5498871
5500758
5502093
5501581
5497959
5501896
5502136
5502469
5498900
5501093
5498055
5501678
5498846
5498539
5498571
5497713
5501596
5499096
5498688
5498841
5498000
5498548
5501516
5502007
5498777
5503288
5502826
5500766
5502105
5500266
5498258
5502762
5498331
5501607
5500748
5497950
5498987
5502050
5502344
5498333
5502181
5501506
5501375
5499099
5496897
5496229
5502175
5501543
5501332
5498058
5498049
5499002
5498273
5502890
5501822
5501823
5497835
5502319
5497620
5498761
5498727
5498445
5501697
5498196
5498039
5498296
5496660
5498376
5501509
5500983
5496358
5501849
5498670
5500905
5498231
5497760
5499437
5498736
5501929
5501260
5503019
5500121
5501360
5499799
5502138
5498111
5500810
5502988
5499604
5497215
5498775
5498949
5502505
5500781
5498359
5501272
5501951
5497945
5497360
5502532
5498822
5498401
5498140
5499989
5503238
5499320
5501416
5497711
5500405
5498510
5499177
5498957
5499218
5502053
5498735
5498116
5498346
5498793
5502364
5501848
5502412
5501967
5498857
5502358
5498043
5496811
5497934
5501269
5498584
5497607
5501396
5502524
5502316
5498580
5500741
5498304
5501263
5498714
5501378
5498015
5501157
5502433
5500418
5501425
5501900
5498126
5502535
5498652
5503282
5501628
5497993
5497827
5497845
5501836
