10348605
5968193
9860437
2790122
5289011
2812428
337729
8734063
4768219
6244504
2089822
9188599
5614577
8056710
10379332
3766889
8718058
5057972
2886835
10663259
5768715
6115890
10486764
3401753
2653098
4210846
2895141
1089048
4423215
4209553
2269420
6255659
2956584
2474029
2739039
556497
3814258
7632126
3327462
9057553
8142063
2919599
10067042
3211840
7963554
10895206
5854542
4005440
6804938
250608
5984355
787408
5166196
1026967
7398846
5603556
10633929
842841
2027295
9478918
9760123
2302069
1333677
9548710
4444850
462509
5445165
5216523
8477222
4570946
5465374
2366439
5115401
1247408
7381198
6485278
1517526
2624735
7506166
8490143
5997292
3597994
2990619
4819646
2685358
4801034
6513709
2217040
4934741
2247947
2180268
10862694
10851009
8536006
2181
825588
7204157
7459345
2462922
3045630
422660
10607
5674056
1421551
9676960
9749653
9668410
2130388
6550797
10899142
46122
4067715
2943833
7977318
6452181
9432201
3703114
6584218
8770782
7369767
10249111
8002093
2650735
10010197
8302762
6440658
3706012
9595985
763840
8597869
348901
3505652
2728611
1135723
7970143
8631082
906419
185999
2804188
876908
8296585
3305457
4037300
341547
3893452
4487687
9183153
8968528
7865255
6813075
10274300
3188077
5612096
6150811
10340238
10019598
3982901
8122328
10760938
2181321
5081462
6928099
4258066
954404
2404502
5199728
7269727
1440044
2103550
4940257
4765744
2478669
974912
10623702
8046079
2573724
450256
8559082
10336123
2008470
4337389
7645077
7448242
7982967
5922352
1385497
2224897
2547703
7571982
4685352
7977890
5467076
3031353
5485127
2455782
9190449
397387
5714580
3599713
10164390
6714645
9057551
7658169
10579831
587868
6646908
10555322
3847056
5514210
7529364
7208510
3582076
4932362
3762490
5774985
10970188
4476545
3372222
8618601
2734233
5341235
662477
4989688
5531075
2224294
5142228
3629828
1688387
10561482
698357
2272152
7908899
2645903
651812
10393528
432200
8513882
5225190
5436014
6323185
4898620
8527409
7534114
8375570
4173764
2415141
6695109
3336119
3232118
9638243
6897920
3992982
4989047
2716826
2399435
7403529
2926546
10941619
9105889
1445637
2572056
3685915
10414420
2365375
8016038
486751
1312105
9926454
10283750
309938
300416
8412522
3181931
275927
7054483
6156531
9769596
6364982
5121941
4449433
1976384
4619372
9840580
5514902
4437635
6063453
8471207
9630598
5331338
7037593
8028509
7456464
8061226
3053526
6630254
34290
1071525
5103321
4865292
7355912
9992705
9551841
10343236
8209958
2610074
349282
4612745
9161739
4266671
2661298
1347820
353737
2454071
9013242
7672448
6461013
3843125
3788124
7207250
1427188
7316506
4400637
2650079
2098724
6529265
913812
2113211
9306577
9094031
9545862
2055928
7637360
5414311
3987629
6807601
5365505
10141673
10647197
5377206
8258332
9092956
868051
684722
7739053
5993260
2847628
9508123
4867462
8372781
2378485
2956169
7503286
8475436
553886
7817124
26331
4082311
10697325
10525296
10846160
289989
5700909
6002207
557715
2945343
7265159
6682883
5788010
3756581
1998678
9641925
5995054
4281282
6483232
6540908
2513569
6852644
7217154
8955269
3389639
10040638
4931277
7595213
6617139
5760800
4337818
7213033
8149683
713767
407416
10969873
4967623
3385397
10765387
3390705
3472603
6162706
9686059
6441117
4188307
6169780
10144892
1384152
9901497
5841135
653086
6781653
3324965
3375398
574896
1619266
9494898
6495747
5237812
4434847
10134050
474793
4974446
8382295
5232176
8821102
5807466
5536309
6065739
5714864
2219294
5284859
9695466
8948938
1603645
1310886
10457227
10869315
3629923
9845896
6582890
2972412
3627253
2824096
5606459
2621726
8865304
1156453
4066502
8756121
8102217
9829176
2967045
7766343
8617845
2077566
3282064
9735710
10852740
8399317
2332207
470137
7437312
1237097
5002735
5655311
8214924
9533768
9493204
10151803
4182818
5599185
4933011
3653625
189913
1188945
1701777
10851827
4590797
5118838
9066838
8732782
2184457
10745872
2359069
8618922
9741237
6934421
9434871
1612478
4350773
6632357
5681064
8475773
969700
4121997
3605517
4194361
3513765
813859
3498467
6303792
7361073
6265561
7580284
1018860
10764129
6296337
10964902
2893046
5546708
6115072
4890086
3584376
3605370
4973594
8656347
4086800
4693119
4486923
5125744
407838
8488365
5869131
10126905
8166038
1286228
1177971
8013391
8756719
10852986
6848099
1962418
8804314
8589114
10160825
195079
4160366
405331
7390578
4579891
8177055
10292834
4153002
9552296
3785296
7333598
10470961
7565753
10638585
6593511
7184490
7398097
2323268
954046
6086923
861452
2804874
4520781
2356475
10112488
6106726
5618347
10567449
6992288
7715897
9928852
5383154
7669315
2256761
3649564
3671855
8688440
3881533
5392802
3900408
5013128
6816515
6230264
2188293
10353347
7685359
7355502
4641281
2448095
4565704
7341416
219904
10202959
6513693
10157654
8631540
9070091
4525737
9829933
2020495
8246977
9837109
2155740
2399918
8160358
8052632
1775067
7102430
741863
7717918
6919507
9732711
9908274
1898681
9087936
3412538
954918
4017110
2520761
4836768
4126483
3565392
1381507
1036879
7267344
4696968
5454467
5562912
7770279
5198798
9656954
6420033
5384586
4755092
6009097
1929212
4338183
8565313
2753434
6871852
7909430
696940
8793691
7669114
9096093
4259238
2451174
3322543
10150227
9947878
4547362
8960178
1193446
6689876
7264490
6906840
4681423
9122497
802448
9806152
4499945
4556727
2312827
8250531
1802905
3511869
10937397
2137624
4961534
9542764
2928866
10349968
9790523
6716182
8451076
1825036
6998776
2792607
3688399
1504770
8716394
10290552
2695631
1699927
6435117
2951166
1229195
1019673
791494
6810449
9829513
7759709
10296537
3150130
9378691
9720098
304448
3443383
8245608
9560756
966874
6300911
8526425
7201584
10338513
1331904
660275
6769782
1349447
4224165
1354163
2216486
10164599
10927142
10828954
9255179
608213
7346176
4126790
8271397
7108149
3606469
3521605
840165
3175799
134405
2358431
4774507
10242762
2607679
459514
6031898
3604637
9978119
2603165
1042607
9215407
4314439
3092993
1441439
3509423
7010261
1806782
4440414
5735107
3112069
2321349
1542639
8964527
10265943
3521457
275917
1663991
9465129
9792933
6143811
8104172
1372923
8955646
3986270
7466147
1812348
7313268
8478444
1711230
7205266
8409696
1003440
1478162
7454512
1449449
1428807
7039127
7475899
2068918
634314
73666
3679777
3731199
3058173
10192765
4346646
8128855
10945063
4102969
7221161
2841072
2211561
5097999
7536903
1172028
912295
1319733
9184832
1840331
2453213
5442214
1347974
6302639
3278866
3098269
2129800
2762918
2177217
994897
9062607
6522685
3622634
2620928
10430131
34104
3153031
2430451
4092452
910742
9687434
5632148
8503527
4688920
7068479
8849434
3156263
4042081
912490
6263396
9397481
6230129
7038327
1666287
4339858
7977085
3419580
6192742
1639346
7735384
1837281
7947003
5389997
5211149
3846055
4426408
5162618
3293431
7231189
512331
2314102
3178725
5439922
3718658
10979024
1630475
246954
6030233
6911079
4835847
7462712
7191749
3965596
10765721
4879544
6062759
6679945
804679
5586712
6570326
4477068
124751
10371954
128233
4567096
8306051
4477743
91374
2609354
6458627
4149465
1737386
2882575
9363615
9939561
8886125
10372089
6045272
668294
7467999
10738415
3202706
7113445
6320820
6214580
5589617
3164728
7159934
8527646
8445156
10953157
3258447
10704454
1598274
5125775
7434121
8940050
6472363
4974756
6937230
10697705
2952652
6087806
1195662
7621599
9596887
3436810
6970683
3145539
7352729
8624372
1311017
6991764
3595561
3701331
8667638
3616152
10104661
10530034
5120973
231609
9709863
2293243
7641485
4720356
9774254
7596868
3816758
4046392
8366379
10522005
758946
4695050
10936267
4624240
10047894
2578074
9726861
8876808
6001315
4233407
10160444
9513148
1896472
6631734
1009794
10157484
2129563
7502708
10159986
8744495
6806587
4847464
1981857
4640462
9858381
49651
4094177
1244928
1159271
8203284
5456257
6510774
10997073
5185223
2985443
3390292
2249157
9098390
1840500
2991438
4342572
10318094
3814975
4915139
6120456
3960017
2000827
3036055
5605545
1840556
10693034
9641460
8442154
4461312
6677484
6062911
7900006
3805089
4412382
3886699
10533159
2997463
8236695
9840181
7367119
269075
6340448
6598193
7447936
5814990
6565567
4768726
3142702
2061112
7314881
1524971
4399386
10290821
5639928
2352892
5184806
5895572
9880096
6109475
2358067
5702515
2018829
1970098
6206203
9464814
5093302
4653267
1922083
2306492
9137865
4213195
1420409
3108954
2370229
3902788
9225039
650901
10954527
2137706
6536411
5099494
6401615
10464347
5036585
9883935
4861890
9101277
8219584
10004089
7946914
7482462
5512083
5525190
5642334
2211808
1486313
9625938
2582670
6989696
1786921
8865390
4100061
9641129
5353438
1495242
416915
6730577
4650798
8365319
10124995
4515919
2013691
3379247
3055997
7119741
6935828
110642
10731489
7138203
5974454
10129405
9586133
9075272
5627859
10703593
5875171
2426438
9161666
6972487
2725725
759347
2444889
660683
3141031
1524478
6007692
2476215
1177448
7257884
5106158
6936801
10490856
834550
1982168
1692919
7532359
4624615
3899427
4969788
8847567
10201988
1965857
276558
6697041
5227834
7250880
10056514
1499235
3744582
713153
10406285
2803444
4643398
4982663
9056601
4350290
6669009
9252957
2172363
1642733
3383789
104744
4145652
10941809
768494
2886883
7520865
9008825
10457593
8482037
7538479
10524615
7212552
8512453
9125249
5769150
6297323
6319941
3321389
9092556
1211327
3239202
5043881
4998235
8430428
5967201
8720239
2987234
2731052
10169648
3346445
10455984
9130137
7574720
7078766
5852870
10079936
1019413
5637726
3776040
6398160
9892402
1387957
2499782
10803758
766914
5970022
10978465
3932091
2393186
2505187
10603463
4190077
1097916
7089353
2230527
7714595
4640270
2109621
9359977
1779964
6487550
1155176
5550892
9496809
4971995
376213
4780049
333128
2640324
8812444
8557537
191730
4507619
1967068
2761997
4105777
9389509
731170
7218623
5081259
10917031
7386423
6619426
2946339
4600118
9502604
8609239
2605467
6350759
9508652
10584610
6284100
6797614
4472015
3715517
8703771
1718896
9400586
7617114
3195434
7362351
10050996
10595747
10113395
7046168
3654023
1166524
2149793
5816015
10347733
10027777
6623733
3171418
4645936
763241
9696433
9383892
4092288
2274512
334889
6315373
8239127
4838491
5608730
7145488
3321189
324014
9375101
274044
3377898
8358442
9458220
1380978
5018831
3393255
3675335
4422486
50164
6144625
4042539
5557120
9959540
6406234
2787953
9895910
9912103
8326063
2159004
4032647
1660887
5775861
7581973
6587934
2574605
3624950
4655835
10662963
6824928
5808454
3067339
8668076
1247572
1874461
4602828
6326521
8201399
2844153
3680200
3722084
3685495
3046315
3538307
5681427
9293766
5279194
2928928
7699317
8357732
4566813
1127268
5015182
10189810
9158719
6059792
9927015
9770419
10834381
9428034
10646797
1663027
4356864
1210850
8036167
5734248
619947
9502951
9911295
2550253
1275570
10305817
10582989
9057059
2769880
6237896
4367123
7355683
3302868
4356770
4839580
1132444
9944526
3757359
1072901
10651090
8351203
4132639
2811164
7653309
1639950
4492897
870158
7471945
1048349
5722050
5892002
1309517
5379893
10072030
6302953
10550791
10007213
6079926
3814890
2496904
7860624
8870791
5526347
7858258
2357125
6156527
5278410
4304787
3331950
10765715
5363501
4449117
9060546
5071150
9412675
9379891
1049736
9164027
7137952
1330569
10859921
5011627
9853537
10520558
9570803
1225927
10017472
4938105
3818836
8255813
5820421
5498677
9004643
627835
10017407
9001597
10927004
782613
8238842
4867655
259525
4936289
5379298
10318460
6111766
1003644
1348868
1891962
9071657
9801015
8167707
10466641
4586574
1403025
5740206
10414499
7004015
8226009
9761687
9296149
4767812
1742358
3034434
1342722
1402226
8599016
2825064
5963570
278409
1536395
4360510
2202068
1083278
8189169
10695616
635866
3519884
3923942
1180144
6464590
8992670
7451874
5476318
96282
7232344
1815384
5061589
7921195
6378773
1318798
39458
10107556
10808759
6720114
8164422
1555066
5308859
3801480
3763324
10613305
10220535
3703614
1743017
5560195
5363368
3889644
4478729
5708868
2178169
7591249
1532312
6560316
3669386
1142260
8826736
1188338
10292076
5723074
10278777
2255559
10489590
7328366
4927513
5676328
2047031
2524646
4663760
1611108
10577634
10883669
4944127
10732669
116922
511088
6692767
3886363
3656679
4584933
2282681
6809834
5988586
10665470
5518925
5566115
1261632
10794551
4088964
10004975
3138702
1339480
10175216
10656640
3506670
1686437
556514
596857
229582
7409379
10439229
3855261
5790855
6460508
6513799
6668465
3419043
4767844
4701123
10055590
594371
7343644
10146772
5634668
7658127
3661177
7463611
573517
9510702
5783709
10725154
3752231
8589018
8147550
7102484
5432096
8071198
8218834
3140991
2902468
5981000
1457035
6836146
7641409
6452298
6731360
3467663
2263074
5479646
5276944
8827958
2280643
10856429
7230952
8288901
1130807
4410417
6757889
2816269
9975161
7192038
8047047
5997434
835990
7298736
3675291
345752
1870205
1588151
7481155
6131032
10764718
8790998
6179979
3874835
4894456
9676913
5434635
7538189
7385624
3647582
3947552
5129512
7190274
7453962
907338
8238327
8919406
8930846
1426866
9674427
7596429
2965154
2447805
2477025
1516333
8151242
3643162
1246982
9675740
9995468
8431360
10644069
5162892
7942487
5199449
518306
33588
3050663
8538922
2882231
6692674
8783316
10553086
10889463
1322776
9782115
2848655
10087070
1013773
4396745
5161353
2959357
7878385
3837161
10056848
3106575
8463048
5468732
2696857
6815393
8770902
888344
9737349
8622610
4577556
5990968
1731755
5846039
2608907
7994017
2045813
1122598
6663654
9972014
8479327
6875402
8804386
8755105
45426
7647555
8880276
1737822
8478721
4498888
3284626
10219763
3495792
10694473
7557592
5947255
1200327
3091526
3917777
10890038
7843998
2331321
286183
1602598
1481897
933703
238848
4732635
7298663
617970
1306212
10451753
2794584
1934145
1006549
9329766
3800705
6008928
10349263
10574859
1233779
2714370
1192496
2227393
4562716
10844018
2882827
735721
4870345
3632824
4597210
6938024
5756516
7196820
6655184
4636545
6536167
6603351
4454985
4137025
3331669
1070302
7655193
4284620
10105983
4226453
7649760
10220389
8265174
6534630
1492415
2912273
2971541
7178937
1867338
10060355
2420414
3070269
1797750
5309326
2133441
1245257
4979345
9969931
10165203
2453552
6360681
6517080
10502738
353637
5099594
10120289
7750539
5873492
1984645
97606
5629183
2314288
6492723
193848
9683386
1026455
5305345
7322551
3063661
8078760
5144536
9055096
7583693
6059995
6111543
9730921
162637
9672771
4104254
6592541
8454874
2468937
7067305
9159322
2728771
10026528
478342
677335
8044373
4294373
1328688
1649094
8479680
10189629
2439008
7734199
3465194
4930635
7003756
5577776
2852665
10339091
10209581
2653604
9710372
10141984
819290
1636310
834554
3701365
325858
8087667
1567290
3877281
7548549
8653536
7682812
5822357
1084925
5247903
1973244
6079612
1242906
3004740
2882443
8875049
9527250
4061222
1949017
4265530
8355887
10541813
4991736
7211363
9632532
10387181
1795435
1319579
1157107
10805944
163216
6897478
6205428
1787005
2854443
9108992
10736216
1246989
10918617
1764169
324518
8705181
2677055
3916679
3027715
2432160
10087832
6562491
6906654
7131941
3109695
7995096
6940830
2287687
6294212
10804843
194456
9262372
3839111
8324958
2668575
10118317
9437668
3482115
8126644
8106201
1980601
8941728
7452476
4362144
4511593
228316
2721783
1285865
4035422
8647199
7578942
8998957
7660044
768307
5966854
9300996
9901799
7402000
4139563
1812625
8257058
5675061
232503
10166693
8295632
1395832
7816245
1616753
4262284
452536
9766414
2264081
7706063
8671931
1355263
2351895
2871055
4520526
5407412
6751829
10815985
6452256
3217062
9430769
4475765
5297661
5968405
5534746
2916712
7239430
1544173
3727084
8083082
9754022
3590257
4963538
10951396
7508513
2211308
5432895
2071754
9591079
920327
2109086
9210255
3077873
2917776
2082148
661279
662408
3279305
9301627
320540
10529921
4646157
9828546
4339487
5460358
5938387
9082599
9263810
9779594
9968053
5345891
9222116
4187003
252139
2923465
7830704
10894437
8567411
2164546
350260
7830845
6595275
8119695
3147051
8709089
650888
1567899
2703444
6810276
746723
5148851
6837042
5642344
4691260
1024667
4288956
4896673
5329651
10028273
4560191
2272317
2697015
2004229
10101663
9193551
4861424
5387784
7864560
4851198
6263469
4233848
9416445
7938450
9194665
5474706
1091739
9737784
7942543
6207827
2271488
7736330
7449757
10066802
4289373
9410652
177786
4375376
1105177
6211349
4785650
7382899
1609585
125223
704812
772474
5209357
10231664
3975371
8416907
3035706
7203962
4360974
826087
5634782
10759620
681711
9332893
5466750
10977130
9502435
3007821
9391390
6753043
4965443
1818004
1469455
1323156
4614715
5349176
4313147
7306195
6874386
10011773
10350411
6121575
479224
3673901
8377060
2267914
1657005
4343803
7312496
10800952
718944
3714830
6349005
4911665
408787
10326986
5136663
309483
3852238
4462851
4622914
6706867
1409945
10822994
1828019
6187435
1963783
3221145
6054523
209736
1562944
8089113
391869
9310950
10970767
5043994
4433484
3208594
429
9452005
10262747
3613048
7221191
4874453
2122109
6207305
2061338
6022635
4645658
7108310
1893053
7373269
10959596
9269527
10135060
914944
4247778
8834743
8327309
8096510
4724105
3634986
7379816
5800515
7882159
9500156
33717
8400600
5688002
8408846
5842353
3132944
8278470
9761897
4059187
4858551
7853484
8908771
5199096
3474159
8053967
37455
5653721
10698109
9244365
7426256
5425367
8625086
6446051
4339982
8351128
6803462
3019823
2314117
6050483
2037407
4616944
5494313
4452572
9195809
10107970
1058802
5947593
4673818
4191558
1405917
2529236
7823903
5548893
10376688
6832754
5075367
5590269
6893696
10941398
10305351
10644044
2053140
6293871
9508737
7170309
8725921
7871932
1265204
4449510
4668490
2207742
518
3965518
5507725
10520120
8259643
7410317
1078422
2304965
10447661
10357222
2899609
3192857
7507635
6662507
8774010
1754745
10088819
10062726
1182696
4189925
5798107
9349565
10088392
1241452
214129
9609928
8467879
4399853
6818904
9875196
9960394
10159049
6010875
7210220
973851
8216588
4188358
10838712
10654660
10743362
6747980
4822220
2237964
5092269
4664992
2167324
1456737
7092830
8631103
7278909
783231
7839389
2741362
9832054
7463892
10816682
8993510
8822457
7120700
3355182
6467765
3450422
2659805
8168985
168592
8933794
9528459
4804202
710525
6870531
141013
6450442
6500829
2823717
10518704
10262138
8742777
9235073
6167412
1760814
3926272
4243209
5342672
4838197
5698204
6886578
9244101
7660196
9071022
7696332
2105542
5722414
6086372
10406075
9284022
2107353
4661947
10259504
6250383
525368
700351
7830656
7829101
10282669
9310094
7305774
6875417
670895
6283963
8754436
5224164
7522601
4997740
5029811
8894050
667905
3863849
1917821
4775225
8870491
3529393
9076035
2647828
10509589
185706
4851604
5933258
7171279
4894620
2338549
4583825
6248752
2564370
9182157
9252894
6362061
9649824
2163226
3483348
8340126
8175499
7106663
3071275
5696477
2055061
10167261
7463184
2578012
4002855
960705
7584669
635936
5709397
5089507
3843832
6468983
7712444
8301574
1810681
3946720
6338491
9567347
8632266
242837
3779100
8454765
3637064
27422
2665580
6317672
10163281
8105461
7540567
2145991
1561284
4947234
10821652
4864649
8648791
2398036
9655397
8604620
10509303
720152
9844082
7516112
2830527
9808384
1171759
2461940
10480213
4579943
9456728
5035540
979877
6712322
10571655
4901692
3987399
3583840
60429
2151517
5571541
6851663
5038809
1178175
3810427
4785084
70540
5895040
8866111
8348334
7926928
787766
2121949
9306773
1041171
7875205
4849499
10900292
10451346
10305824
11957
8799446
2257415
1217527
6654334
7829083
2502398
9356175
775335
6003265
10664847
916166
1622527
4221036
5097517
2821586
10282959
10160749
7738788
4841553
6373585
9059469
7442800
761106
5275394
4349025
8712868
1719271
9982609
6391409
5600563
5515355
5159871
2228628
3981518
2711717
1305066
4288495
9750954
448738
4599689
7113524
3184210
3848030
7537771
7027032
5913456
8243087
2386575
448574
4528912
8612965
9327240
99587
1301167
2551063
6716212
10110332
495519
6419737
10642171
4482909
4295176
34304
8830395
1680379
5272383
1424860
2953833
4268435
6142123
1278930
10071844
3522135
8221475
3500639
3075056
1050954
8580629
702421
1567202
2380696
2285524
4329713
2170261
7126724
6158792
3051883
9200697
2185055
3627537
7239878
8106367
1282674
6151172
1805410
8659992
6804150
6162953
9477
767141
2100125
10254426
1507500
5615040
8190689
6080417
6492048
7719958
4009208
3465723
570528
3875082
10413260
9270115
5581362
7971104
1006236
2015810
9026704
7376722
8693254
10862145
6902579
3532335
4038623
7570902
7433493
1707509
8119879
6829544
2649718
3372348
4758671
9201033
1564323
976648
10829244
4631134
3514555
10278243
7452805
853729
4531092
5274550
4994622
5047049
3665643
10503266
7004731
10471196
4244657
10694870
8887725
6539886
5243207
6191361
4594415
7222843
769457
3347804
1657434
3186327
7635224
10532321
3518084
1910695
3341025
8179119
6854656
3111234
4446071
3570247
3481380
3979907
1989988
4711398
5445964
5163480
5010564
10629075
7944000
1594306
1693871
127814
8151281
3536028
3606374
6912941
9971109
5946560
4801994
755727
3050856
1424150
6888224
6522768
6363038
2857297
8926163
5548361
6864667
10015768
2997828
8872171
8306189
10813416
4450492
6896645
2899386
6646386
3117801
1676551
9458419
6156484
10053570
2209760
355590
4761542
10572920
4978264
400056
9977720
2311930
5985381
929801
10899879
4368535
1082924
921849
10222639
10351666
1693038
8218709
5113252
8577283
5523738
4241511
718961
10056960
5822780
3477318
7649264
9007715
428535
8793445
3397404
5601767
5877922
1730790
1180122
6749918
665003
10608687
5347353
4325106
3201627
8007929
6425322
4998847
7470001
1540002
4536060
1814933
2764269
6927170
3421585
3819485
6857950
7938977
8927230
10095550
1527152
10837754
8498081
10943734
3521180
7634520
5924174
495948
4788033
7646150
8512749
5048143
2670216
3079028
10083449
5269814
4623919
7689417
6067026
275690
168783
9285538
7109861
10127980
8915006
10554629
6766425
8377566
4456930
1922018
5491562
10269028
10642131
2714529
10604274
7567368
40993
10597332
2454447
8523854
9276911
5044115
135744
2630963
8603994
7118162
10006481
7900992
2864937
3142473
1684508
3279755
4811423
6173488
2531210
6713803
7119053
7711731
148258
312265
2882222
6816248
174092
330222
10843658
1520248
870285
9977482
8121771
6608711
8869348
7605130
10190799
2356400
10778898
3948826
5831421
8230623
6023772
2630122
4266474
1106897
5210404
2984443
830549
2397734
3205787
8205019
7753321
2935407
4869051
5112395
7620245
8969746
2571901
5698715
5624121
6812182
773436
927435
10959677
8779963
5913649
8668089
6295849
4136899
3615407
3142514
1255289
5052550
5706114
2413919
2559674
2633253
145899
10874236
1885946
9642822
4851719
7969361
4838836
6653787
4422906
6369558
1848523
6028677
7636351
2284920
10569949
7473358
9721613
2241850
120365
6427491
1176677
1750511
7353171
4109302
2931298
10858863
10587400
4734446
2456645
3344725
2084023
311127
3813213
1873121
3256743
952781
6587612
1081429
7863844
10507783
5688226
8290776
1944976
9081538
766221
496306
7682131
9095000
4258751
10522844
3456987
8610301
4839223
10899159
2867839
67394
3251888
10724531
3462672
4365243
4787555
10509047
8248225
6722569
5133088
3779960
8512788
415113
4489110
1693217
10591631
10672682
7335675
7478933
1468759
5689898
5638072
7050931
3651998
6077025
7670913
4034386
787406
5852
3439524
3489522
9590155
7923176
2435613
4697469
7799940
899536
6570520
4292058
8329149
3764143
9670819
6015448
4836140
3307004
4767337
2675505
3049070
4307801
1595849
8381680
5676830
8702906
362879
5055930
5818943
5317925
7392570
8093194
2644459
10660041
10446520
6009103
10721758
10283060
6879962
10677379
4921830
3297411
5892332
4848278
10454642
2250327
6616329
9029394
5769370
4288478
1262403
6119952
5028352
5556266
8248587
93440
6379952
6134647
8745194
6203351
8369102
7724366
7323948
7591685
1866920
10328118
8596841
2853759
3467191
195414
3267601
7769348
8250270
10790587
10726852
6393972
1051382
3490197
5850764
8939480
2249343
4384522
7763330
5252626
7026427
6414677
8444331
4226336
4016966
1485004
6202055
2267222
3342041
9705236
9017163
10175153
776340
7376023
8903677
6862883
2983407
4874345
9283867
1665667
1782987
6404257
6310814
3701532
2148504
4989220
1064573
4534009
2704377
7095806
3412807
7737203
2161115
7767179
10396850
2400780
8004595
4917437
7697606
7551147
5169355
1720927
204645
719330
6358677
7137051
9056199
5518499
10471638
6331239
5674964
9947014
4130718
2358527
725531
4372350
9307410
889038
5135054
3799253
2737899
10181458
4482795
7316569
10550439
2175129
1749939
2569877
3142303
7190980
234930
7030311
4637526
1527092
863544
6517418
5283229
10950876
2283674
2781061
1602160
6786856
6778352
6115634
3568607
9705681
2862072
9546884
1992252
4487019
1083058
4737326
5634096
10422154
1054461
8841167
10205615
1939057
4631334
3383687
3983841
6632203
8852559
1578293
3656536
4147431
10359699
1812475
10096964
10192204
408491
2879422
1357299
1872672
9895615
6343153
6020088
10703519
2094174
482596
9362728
7763270
9263774
9049731
793911
3680133
1274565
6668745
5357643
3365488
4176367
1904795
2875754
10957540
5837520
3595935
1626370
7589914
10723935
662909
5093634
692842
6301765
2873785
10634197
9436743
5845822
7364384
5645445
7424131
8658100
10017250
10273304
7290015
9263072
7235793
4735298
2853679
3503047
6030656
9843062
3157016
8006633
7338416
5198617
6276887
5822281
4005567
1324319
8855911
2728491
10388362
4610811
1899305
5760869
6663209
10962332
543075
1225293
3436220
2256406
5687541
5367586
332588
9386789
10987317
755044
5109111
9058893
5823889
8324687
10852167
2199289
10705167
1487222
8125512
2883722
8694187
365908
2361633
3994708
804690
8332397
6914196
3157596
5750838
5198243
10015460
6501328
8907891
1777316
6734498
4768231
9742636
3415768
8872268
2902713
5340706
8777803
3223694
3614521
895713
10684598
9370571
528456
7878889
8645181
7529194
623872
5646854
6639399
5342051
7079825
7257764
4529871
7175087
5655799
7374297
4942403
6405733
2641370
2828624
1026007
6227020
1472091
7643245
1151577
7861930
2322889
1580394
380311
8243061
4361517
5425915
3717167
8350378
6176620
6604798
4844185
7354931
8482960
6071380
8473851
8877885
7358891
8638787
894305
2769091
5588778
8090239
6408472
5235244
2654340
4440629
1462755
6864143
6594958
4349051
8990130
7541846
7285456
3695699
4387145
10330999
5371257
2265223
10526115
10288767
1971876
9831788
10716890
4742929
693070
10158827
6678425
201961
8140086
470683
4839810
10830577
3989852
10146068
6133081
1808096
375508
1175246
8067030
5829048
10667684
5770073
10708961
1291879
7325747
1879802
8568999
7593264
10226410
1885382
6654233
5484123
8838684
8708917
9302540
9613487
10308731
5657049
10691942
1223841
469322
10139754
8565899
2031293
7792021
8241287
3494696
1203879
7351531
2965861
5834787
9402820
1330732
8309965
7929601
530949
1596536
1299551
5172609
2000404
1400286
7800649
1684525
5804791
8423194
9504768
7229694
4236811
5402369
6543580
7764096
1035708
3255540
3769182
8499675
5264709
2766137
5313991
5118855
9083534
4343975
1999702
7193174
8504511
5602869
1455281
1662795
5873425
4181696
3555876
10514972
9096064
4521740
2300806
1812719
8724159
4432700
9830373
6807575
3571024
3149623
8462684
5818931
70231
299420
5533791
3723331
4862183
10849961
5424398
2476736
10332358
9564540
3539644
9437884
1482303
9824633
7589992
7666838
1959858
1308644
3925519
3274143
10924340
1156179
469128
10891805
9183580
9020670
2263954
8630867
453421
725987
8350897
9735384
10497627
1128292
4399927
1184305
610576
7461343
4871798
1701412
4058386
4645780
8572157
1259798
8517582
8477909
8269775
4441776
2882715
4824029
8744030
2248648
1140735
9387071
9724083
11918
8754699
10588464
4848403
9200886
4678389
4074887
5448456
10746292
3006947
561666
622706
19410
3246437
1629882
6602797
6027813
1453289
9607431
4869124
4015633
9871133
181958
7939023
2734073
1264254
1581930
1088893
2770196
1597874
5976888
5261676
9480054
1409041
4785104
1378611
10156237
2664643
3289407
3782348
2514026
4652633
9447072
5893992
233600
6453753
4124795
7914012
2846311
7547500
8953634
410507
5021992
10302246
2924964
234910
7611076
474635
4989830
8606023
1594999
5822066
10387049
3107137
607544
3180770
4391891
10193576
3353880
6905147
703465
3529450
9242043
8319071
10097852
6261729
183185
1036414
524789
10669824
6914921
5545359
1092288
2552656
6583875
7199554
3483122
4108548
6118153
3999939
1614459
4132017
5052848
10981866
677794
6304700
8695253
8550212
3157092
3166482
6079168
1672984
10606950
8214806
2897066
4475386
6420697
4798069
7386581
1345753
5874482
5985533
2635892
2619130
8163553
763659
136091
4702716
6116657
5411753
7088583
10510001
4892813
7029162
3439804
7560988
8315696
7717010
461288
5560110
1772259
120535
1695117
10790002
1112820
9560845
6295032
1013301
1787176
4201116
743880
6415945
9587173
9880629
4786885
4510986
8513281
10145636
2844736
6608904
6828044
1340204
301869
5601797
4569687
9307779
4313464
5982526
4495594
6531081
9202519
8613040
7232423
1718481
9099028
2823423
9982171
10497403
1680719
2377689
8969264
363192
1950491
6033882
7156310
8174857
6392445
8400440
4696438
2826412
3170211
3721025
5269942
4401980
8199257
619927
5004214
5602713
8205161
3570803
7893040
2686224
7672317
9274102
2622570
4694556
4454856
4262137
3674637
1106430
1955219
6952747
10624580
7633905
1839761
3731332
4076814
8741776
10372536
7192327
4289988
3419169
7094698
1540967
1278666
6656272
9897415
4636760
5746757
4607471
3024165
3784132
123429
168133
306734
5301753
10070769
2878604
7377150
1404455
8485900
70572
3924274
4418398
6489014
5310293
5302501
5373738
2882386
1988144
10452754
9583792
10037408
4694195
3515447
9887326
10668339
6870165
10799247
4811825
5204588
5161592
6592225
9406240
4469152
1680208
7645700
7989475
8233374
7191391
3278098
3611853
8162989
9479612
6629361
6162266
7266745
10180402
9019258
615183
2222871
2461702
1500202
5943072
10209515
386681
3396580
2378065
2257949
3442421
7245240
9193354
3965737
3222480
9935182
5769389
10690171
572276
5868878
7161059
10717263
2104998
5521720
2308779
3800071
5223281
7430079
4493536
6531712
6870712
3220253
8719507
6200535
2764781
137872
6733515
674345
10122767
9286663
10805815
9959874
5945258
8517678
9941541
2648213
9019355
9397973
10859551
3107306
9698791
1857479
8820702
9798184
8387749
10709884
3917233
9067672
9041619
8307937
8467493
1275017
2046943
1440088
7964371
4458627
2289162
1299549
5358956
2160569
6164666
468529
1286174
7937426
3857581
8034760
8743520
10177653
9899612
5058247
7119554
7519388
5121225
6183053
4537846
6480981
4672014
8046328
1819456
640765
1444621
5865906
6318143
6178107
4942816
2906168
10978055
10354146
7137534
6491216
7041683
8648781
10072983
5310121
4358033
9102460
9677876
9797189
10617462
366690
1845231
8848722
5362212
1814736
595151
3692490
8533477
5502994
7103155
2680576
6697243
10293773
1380980
1620969
7862838
310264
8732563
2997624
9959161
8169523
1689659
3726069
4181129
8703750
7400308
4394025
8095075
4082692
9173691
1977791
6966620
8092426
168384
5214555
2178149
9630521
7721444
4742651
9051617
2356545
3914767
9427927
4139986
6464279
2197086
6519925
1121621
2866405
4443695
9789047
2997741
8608195
3136604
8775517
2333514
2785293
1442500
1120110
5385182
8027119
1125851
5607844
2038928
8442468
2806489
8123927
4227002
6764087
7029971
8177707
144498
857603
666715
4981502
5578013
8362327
2509675
2170697
3276416
6338671
5656971
4174071
9157693
8464496
5624990
5082221
7419635
4839366
10795387
2496306
10833004
10826245
538720
5170154
1435125
9281119
10510198
6261047
8450193
9397650
6067683
1362198
982075
5809561
2710277
4700169
3449803
2555255
5905880
2737470
9872422
4092715
4376920
6666995
9497506
7417672
4917846
2239603
3731363
3254254
5665194
8372155
3323139
5213462
3148159
6374219
371787
9286690
999594
8935700
1249208
7900231
3661215
1871021
95585
641558
9769369
4000114
191847
1393792
3969238
4852676
7540797
10299367
5275219
2748336
7562489
3591614
2485386
1050096
501036
4235841
10623783
4347567
8067831
1378778
496166
1376157
5526336
5403285
9058308
8822738
8873976
3529577
5455582
7901450
8238705
4077031
4674521
10719616
8521226
5085046
5880124
9699977
607698
6844873
6675091
1309262
1483706
2462665
2487924
6768610
10413096
5060907
562771
3715753
2762879
9682402
2869996
3210885
4057701
6993696
3267267
6534859
1643039
10002672
7086980
8108809
7662474
5922226
364980
6961784
5179266
1098398
10342203
8703297
899962
9979651
6742322
4483836
4766562
8422682
6920539
7872384
9939380
7535836
6064557
7909109
6301768
6321218
3858856
4273168
7991215
7915588
7488651
9459754
8338799
5791971
566861
9736342
2880933
8421373
960052
5436130
8397852
8990140
8464975
5499078
3412254
9489152
3920932
10949864
7688436
3191423
2935625
2693248
8314051
8816561
1172960
3284966
5477404
6853499
2424649
286189
6058907
6848464
9841223
9570824
2506032
3878036
6697044
4805123
588277
7797340
47714
8584275
6537630
7247907
5482722
7428113
577471
3652281
6479017
5093356
4011722
1038225
9709625
8928970
4422301
6340342
8898413
1472280
4171012
10656622
10262153
1645554
8882586
7114337
8071261
1914389
9491243
4727976
3230226
5306441
4370501
7112176
7523094
7313511
7763891
5181376
10964153
3071697
9053323
6888238
1014759
4798194
2863347
1342864
10176313
222087
477468
6721079
4130786
10611723
10517106
9268513
8937337
3023402
6094170
3680488
2872535
4371620
351365
8714384
8523497
7846120
8290551
10837341
9327827
6429434
4930498
1938532
168835
9691403
4523267
1723266
4498433
7854818
6056615
7775879
420824
8768376
9393217
6255685
8308950
6787369
5690879
1710242
8140045
2357982
3188342
16500
7094675
527179
5367342
7159062
9879208
2025039
4874504
3805431
6691059
489827
3226362
4493581
10882443
10359432
1649202
5410409
2689389
8803561
8481775
7124600
4639978
2080204
2453691
3692900
120426
7717253
1631993
1885361
7829256
4434885
3633998
3987606
8943081
7491193
2865740
9053444
9871788
10085895
1824974
10007164
8215183
8418947
3451529
4666648
8373274
8172984
7995239
8014710
8018241
6926645
7835389
8330420
3898149
1106860
1869998
9702810
2190925
1331507
245168
1976919
10642664
1981874
8215266
7586835
7793266
2851434
10306695
10634516
4111006
2947885
8433839
9415839
3193380
4362635
5578783
1289665
2797259
3910561
2412476
6667789
1415723
79495
7149577
10948932
9285822
2963553
8307582
2693699
10979514
1860
6931504
9567220
10208154
7214058
812688
843480
9458800
9451925
6176669
1026362
9138556
125695
30633
9585974
4186117
6060752
2926005
6359080
10474115
7661042
1225964
3122325
1271815
10108067
4469321
3272249
6884279
9722142
9462487
8706496
10969555
1733853
1330780
8047347
133064
166304
8130509
2596193
4557056
3509297
8855336
6527312
1334567
217774
7328199
8064243
9451045
3313092
6690957
9558837
9698929
2508122
3780311
9923447
9530933
7595017
6379166
8721465
10881676
10226248
10592589
7900057
8628810
10191860
9439323
590170
4665508
748443
291317
9852213
9640952
3676061
7978492
7943684
6739413
4286807
2731822
2936040
6202147
1415788
8797905
6300334
5848461
4323410
5591503
3582308
2438426
3439665
4699063
9955077
6135879
5755015
6287230
371995
10465796
159732
6071276
7619688
2206541
3777944
655993
9106193
4190213
2403279
1919199
10843998
10646067
2105754
10304223
4720941
9657166
50662
9566741
6536480
5855384
2826749
6390246
2679424
9409770
8409181
8002224
5267104
9245164
1753423
6614182
6107974
3502019
2243550
6977795
8713232
4022569
5638595
4814242
5173211
3330597
1204777
8265363
9941734
2656930
3654446
6384898
1838501
2682878
7219270
7905973
163840
8340953
10001312
1675164
774800
2590499
6260259
9679665
2803857
10259907
4833136
2631637
3097155
7427770
780475
2132215
4977453
7025146
5507860
4703331
2820426
181671
5244195
6152655
3210203
1355636
6162960
447870
668728
7665232
7313326
5068014
4787880
5924329
6587847
6923145
1018746
3557185
4331009
10441986
5793434
8541179
7168159
7734583
3872915
598914
6342599
835446
6194338
3732295
6443903
9949074
5910012
8422938
6644090
9114433
732443
8924420
2117663
6573125
6273382
4904351
9047409
10604853
5755220
2687038
5730468
2219662
10425318
9612379
7790479
7836336
3078501
8180853
1992104
7407703
4397366
9194854
1014114
6003120
9488536
7914934
4710168
6048897
2507714
4516989
9843519
9055896
10972890
3820394
1050294
8981447
4804836
7811019
5935757
9824710
7986766
5058529
3803105
6699779
7960293
10974532
1030
4086729
10200317
5445227
2601519
7718982
1751116
5731124
6623221
8029309
907776
6742022
1210902
8265039
101709
9100278
1626767
1233559
9718897
2645013
7852445
170453
6423003
5725258
6824356
2068897
4340062
630872
6586832
8742739
7981784
5328186
10102774
10985784
4083352
8336101
2765087
7409875
7454558
10649026
2089950
8812803
7841674
378619
7778065
3686664
3480610
8160825
6198817
7583405
3591518
3437453
10882718
8100459
2913289
10552704
9881361
2563548
3470975
4258054
7453358
2562431
996758
3328919
8084763
9145761
5425421
7374688
3059381
4118423
9627970
2344377
8063907
4303787
5166944
5807802
6175401
6497471
8786388
3077193
2928251
4017032
9441944
5442172
252796
3063791
7495445
3422737
6127463
1317346
7981414
10043005
2772641
2160242
9132598
1815695
1930531
10450334
165799
3001096
6937438
3193842
6975692
4591443
7663682
390719
4170188
4445398
1726737
2382573
10332814
6849255
1052825
7064795
10452135
2767809
3171307
3803451
10860907
6638591
782506
8197143
1062585
1451619
1173452
4135628
6855490
10346682
957205
5373351
4440356
5029253
5446400
4782060
4705700
9497308
3837370
3395153
10180380
4815152
2234070
8380996
7132279
9892494
2431165
8100882
1950299
1042901
7901787
10190123
5734240
5707644
3789122
6178410
10712204
738750
7432483
2239601
2216166
3014420
143962
10336282
163307
3515104
7598521
5930498
9682663
7953953
9158015
9059626
8555101
1151037
1273122
10937146
6662570
1247712
8688853
4048715
10199065
7585991
4192196
10537219
6273151
7243739
4081144
665784
8203312
5907371
1846509
220212
1424838
7310976
10985334
1873302
9130480
1889334
6800251
608114
889319
2823784
1249541
8361678
4007758
4071938
694480
4889624
6331444
767551
5765748
101834
2759984
1666055
1296641
10564545
10892006
3460169
6326252
5400838
3472073
4735644
7072970
10226715
3432279
4423609
2241183
416451
7299961
9936936
7723141
4979899
2307048
10363762
4777368
10927808
555023
657832
8891541
368917
1089046
8734673
878281
1462985
2561241
529197
5165215
10679288
10420400
9248074
2301703
6255764
10660868
4084954
280821
6572355
2492078
9408998
8553544
10087041
6966306
6045350
9802836
3551545
10473677
6908439
9927773
4805614
8097587
1372016
7541839
2733393
2236793
2916761
4557734
3280002
6450892
6331733
5838633
9365164
10721436
2465386
8244459
6391096
9103219
7974539
10209247
8137860
5103972
1235188
1944308
6752580
9663554
3089904
4778017
7273592
129848
3968403
8718850
8795477
3307562
6875091
4486668
1958903
10776552
5283498
98198
6618903
5201546
6750944
5298143
10393471
7811575
407079
8590515
6146291
4497609
6467918
1616891
7439039
8759675
4223627
8517111
1467172
7255571
3468887
917211
2831211
6398454
8034347
41478
9209753
9495444
1362362
6566567
5016846
3459119
7937632
1615560
5124543
2113325
2266824
1619694
3548507
9847513
145376
111382
111532
8880099
10173143
3212288
5515188
297652
4608307
1881441
5553538
9879920
2474912
8478545
7242914
8029946
4541229
6810352
8620696
6012471
9597021
8713254
3063270
10399723
7618173
6659908
6034643
8912505
3082046
3459952
3454432
2779232
6462702
8513344
5204488
9410140
9004688
3981554
9841495
4361686
7629982
7095647
1181152
7664341
5580552
2198109
8213878
10246645
2959974
9613639
10221718
9236228
2573390
1256840
3955959
2037345
7988351
6500941
1105166
7000948
7779669
10463462
6389928
2887380
8307635
3766457
10712103
4617778
8636930
4677641
6570891
6153408
596456
7871026
4902460
7265967
9313805
5135829
47594
8177000
9081209
9134450
10860177
6229266
8298558
8894583
2151250
156797
3757340
9651273
8637024
10509134
3887140
1963184
7611915
2880573
2438378
6147724
6208382
2596847
123038
2928506
329578
265577
7818509
7700446
3841957
10508010
7484445
853335
1136023
1967452
8914802
2247452
7805227
1252231
6511173
3279695
10804517
6004286
2033457
8190669
1431319
4893900
6743759
1157258
2054053
3769458
4999072
5056931
4846766
2669560
3203032
2487536
490434
9024101
6279006
2766209
2601969
6217058
7132561
10008993
6633113
7727405
1663530
3122267
5215623
1170660
5142350
1847047
4525654
8282438
7943973
4813482
6553964
3885488
8354564
614217
7734061
2928662
3002392
6050023
2369757
5947948
2018252
3731435
10951460
807570
2902177
10236140
2800542
9833609
5520090
1008623
161294
313796
650034
1217957
9800787
3834041
1874682
7117819
9188969
3861564
5334987
9879863
5026681
7964675
3247321
3858780
7688359
5507910
3639605
1906375
2003699
7916642
6884638
1346608
7390530
3207673
6203678
5198444
9053046
6403962
5216185
3787933
416432
1545198
9740382
9345045
7047796
2158878
6662105
9924045
581653
2581068
7384121
4293960
6016681
8777628
5380400
9173871
10114812
8602174
2606712
4499646
8760461
1124799
8848110
2876624
6524437
2495530
8002248
5461545
2387606
3836052
327954
3307047
3001510
329520
452296
3046758
6315952
817652
6834017
4488723
5081988
7032123
3198703
9250272
10187599
1490151
10193029
7791941
9766986
6393451
7298643
2259258
9278999
6745317
8369181
4713702
1584275
1447669
4544321
10899912
4287721
3383720
9601884
6162018
5964317
3893238
10594038
10209099
1453887
6145105
9146760
7902847
21343
10459805
7145204
594472
8405664
1582713
2792781
4031155
10315639
1385950
8671199
10674098
8556807
7478127
8782556
5768896
3230946
9494580
3313063
7057851
7701808
3516201
1754922
4951659
6159583
926002
6522620
1006107
7760040
2856050
1414046
8279545
3506643
10279839
8581752
8532465
1988196
5305773
2991263
3403276
981099
3310828
9405834
5038965
5485237
5015263
3568876
3668886
4519945
4871756
9112519
1053736
422794
5843694
9992278
10291853
2105197
630918
1005137
4874501
10746299
5206803
6226504
6587282
2351435
10572637
220830
6989600
1941259
558691
9119197
3173809
2265647
4903940
9905536
4967657
5746839
6369062
3604974
2552102
5700981
2052457
2737548
6562944
6515317
5425488
7861480
30099
2537808
6562655
7317084
7724351
5151313
5915789
5472222
10712990
7914815
7095463
10435798
229127
6605716
106546
841737
4615075
7004077
2520147
6695778
408326
1289067
4373298
85962
9108717
1169429
5457624
1595673
2356257
10943191
2780595
2052582
6539687
8290242
803888
10044495
710562
1505436
4753516
10658023
9949202
5259511
3552550
3075792
4419765
6006792
4371176
1041589
2491186
5373534
8454639
10661507
586989
3179467
4270507
10031829
3049463
7017870
249442
3915496
4813630
4355878
2194885
6547448
8736060
6144002
4796928
10436797
8670539
10263380
4353096
6412875
6013039
92
2317984
7402086
3477923
7351894
10517305
10236949
2285458
7421485
6865298
2581940
5850524
6993975
9341564
10073097
879692
35889
10807369
4820895
10352055
4517463
3629338
6455117
6403220
8633493
2606650
4656016
1617778
9728243
6358876
3068744
820103
4968660
1244895
9708584
1814465
537002
1489982
9684716
7368600
8547072
7520812
1243232
9904550
7753793
6194234
3578842
986855
8444031
6088266
9134571
2348861
7048070
2817631
1088312
2059523
22349
1032788
8922885
6983
7913864
6222569
875863
6751971
1941757
6336259
1444620
6409089
5108912
6670209
9210135
5970682
7443291
6442718
8394742
2848094
10723779
10958207
7653260
6966724
9459116
4757066
3609762
4208040
10524866
8536572
5710220
1449133
5726576
7629123
4116765
8872363
2190345
4819753
7557192
139898
5414752
9262958
2381590
2187465
10324624
10907767
7855845
4165067
7150630
163398
2601340
578829
1194847
5211092
7748106
6832523
3584446
10653621
262907
2427754
1226679
530229
9842100
5109791
5936030
9030034
1672183
10985753
10033758
8984863
6207929
255175
3066438
2269491
202008
253019
2362401
7213740
9998756
3102909
5180618
1058669
8196334
8745091
467379
7149861
6625771
8784143
4739301
3072949
8691442
1173989
3952518
5941583
1464041
889153
8505838
1669971
7622795
9791890
3375404
8306777
865843
10793492
10127156
3320310
1348015
10482364
8794617
7950646
4808497
6940538
4108927
4908346
4267502
306585
1086809
849464
8905059
4461383
2954270
468175
9813653
7326849
3181314
7964022
10098463
9057681
4537248
9225449
4429692
2064870
4931306
9313254
9406407
8099220
8429744
10403019
6607941
8185256
1799328
9110652
9492624
7237369
4219576
1527386
3975227
311674
10878773
3240681
10542941
10178144
5050251
5637677
5658573
4633755
7424145
5644110
9055464
4766541
10333196
8141022
11216
57669
9902547
8074172
1126626
2975197
10919039
5171490
2556172
4646981
2634237
2329982
8635724
6680276
5204178
1793938
4740081
9234481
5369161
951728
9837189
241122
4592218
8919286
768080
9329212
580519
10877537
990243
8383598
2939606
5637077
7012118
5674889
10877097
8595862
5859124
9440697
1587436
10513002
5090352
7718991
10213390
2980056
8065466
