7499263
7499893
7501013
7502382
7500679
7501346
7501206
7500262
7499868
7499530
7501647
7498455
7498917
7500203
7500263
7499806
7499668
7499209
7500728
7499545
7498667
7498532
7499547
7498739
7500677
7499697
7499685
7499215
7497275
7500096
7500977
7499769
7500726
7501583
7500497
7499010
7500341
7500074
7500434
7500667
7499548
7499864
7500609
7500004
7499904
7500190
7500830
7498102
7499688
7499084
7499776
7498017
7501997
7499482
7499977
7500712
7499987
7499669
7500362
7500465
7498316
7499934
7500580
7498590
7501294
7500463
7499922
7500803
7500067
7498848
7501141
7499343
7499549
7499033
7499270
7501993
7499993
7498599
7500674
7498907
7499745
7499929
7499871
7500588
7500439
7501383
7500255
7500381
7499917
7499936
7500010
7499289
7498224
7499762
7500355
7499355
7499968
7499784
7501347
7498350
7500917
7498919
7502133
7501222
7499801
7499672
7498610
7498620
7499851
7501443
7499757
7501054
7500261
7497967
7500703
7500754
7499160
7500172
7499625
7500785
7500119
7500897
7499420
7501017
7502117
7500764
7500037
7501172
7500510
7498789
7499949
7500650
7498319
7500101
7499644
7498245
7500869
7500591
7499563
7501638
7499768
7499571
7500232
7499087
7499717
7501095
7499282
7499553
7500953
7499623
7500163
7499265
7499492
7499091
7498554
7498286
7499630
7498892
7500228
7501021
7501618
7499781
7500200
7499719
7499241
7498144
7500325
7501688
7501066
7498927
7501610
7498784
7502308
7498537
7499538
7499955
7500529
7498384
7500065
7498656
7501337
7501502
7498952
7499114
7501639
7500332
7499229
7500164
7501340
7499716
7500275
7501219
7498473
7498188
7499024
7502155
7500334
7501414
7498207
7500071
7499783
7501456
7499419
7501327
7501616
7499258
7499517
7500608
7499054
7500613
7498256
7499810
7501906
7499693
7499979
7497641
7498229
7499819
7500884
7502202
7498118
7500081
7500638
7499800
7499171
7502484
7498724
7500691
7499916
7501488
7501501
7500750
7500432
7498360
7499972
7500295
7499905
7501234
7498613
7498888
7498684
7499280
7499943
7499235
7499536
7499567
7500317
7500581
7499219
7498753
7500011
7499049
7498582
7500692
7500877
7499321
7500827
7500301
7501035
7500178
7500738
7499499
7501396
7498550
7500651
7499940
7499037
7498477
7500652
7498606
7500658
7499842
7500487
7501418
7499830
7500981
7500038
7500718
7500617
7498852
7499951
7500482
7500184
7500469
7501447
7500219
7500468
7500508
7501462
7498975
7500512
7498936
7499660
7500347
7501374
7498877
7499607
7501237
7501057
7500770
7499169
7498529
7500043
7500072
7498647
7499930
7499729
7498186
7501202
7501171
7498993
7498819
7502010
7498823
7502840
7502406
7501812
7501406
7498037
7500401
7497363
7499333
7499505
7496957
7500201
7500207
7499438
7499726
7499431
7500310
7501540
7499708
7502283
7498776
7500136
7499870
7499722
7498747
7499931
7499824
7498451
7500503
7501289
7499615
7499928
7498565
7500549
7499883
7500973
7498737
7499832
7499546
7498665
7499022
7501173
7499820
7499051
7499019
7501653
7500839
7500578
7500111
7498206
7501384
7499379
7500212
7500747
7500336
7499552
7499620
7499484
7500633
7498777
7500155
7500115
7499058
7501452
7500829
7500531
7499679
7499616
7500828
7499074
7498963
7500506
7498717
7499503
7498018
7501273
7500800
7499541
7500704
7499301
7498044
7500458
7500806
7500266
7501109
7502225
7497935
7499712
7500657
7501476
7501298
7499919
7499570
7497639
7498160
7501269
7500796
7499373
7499295
7500361
7500502
7498112
7499001
7500684
7499131
7501266
7499184
7502040
7500970
7500281
7499956
7498995
7499485
7498528
7500845
7501868
7498559
7498470
7501264
7501204
7500382
7499826
7499829
7499043
7499086
7499059
7500123
7500737
7499587
7500015
7501880
7500988
7500731
7498561
7499658
7499050
7501356
7499653
7500958
7500924
7501604
7500000
7500940
7500894
7498149
7500649
7499246
7498659
7498768
7500729
7500457
7501074
7500377
7499082
7499239
7500180
7500170
7501827
7501184
7500151
7501303
7500597
7499190
7498098
7498570
7501483
7498264
7501959
7497183
7499228
7499334
7499471
7499780
7501341
7500848
7498707
7499886
7498623
7500916
7499443
7499319
7498686
7502550
7501703
7499165
7499377
7501571
7501678
7500550
7500169
7499754
7499294
7500543
7501046
7499894
7501492
7501132
7500305
7501351
7499066
7499100
7499732
7501626
7499201
7500564
7496867
7500596
7500783
7499906
7500364
7498996
7499589
7498977
7500299
7499026
7500552
7500637
7499213
7499699
7498193
7499792
7500962
7498858
7499467
7502301
7500094
7500044
7501014
7501006
7500076
7500819
7501041
7497828
7498208
7500131
7498826
7499747
7499442
7500453
7500436
7501329
7498794
7500907
7501279
7499257
7499778
7498644
7499543
7500374
7499877
7498523
7499062
7501479
7500422
7499488
7499559
7498894
7498427
7501525
7500135
7499872
7500541
7500350
7499322
7499178
7501629
7499903
7502057
7501529
7498933
7498249
7500214
7499208
7499942
7499859
7499535
7500909
7501097
7501559
7498638
7502168
7499763
7498399
7499621
7501517
7500375
7500773
7500124
7498671
7497273
7500606
7497900
7499714
7501407
7500026
7499479
7500241
7500441
7499480
7499405
7500604
7500017
7501032
7498196
7500527
7501081
7499707
7501034
7499302
7498944
7502722
7502181
7498584
7499299
7500293
7501738
7499354
7500810
7502366
7501426
7500472
7499232
7500414
7498902
7500063
7498475
7497801
7499608
7499341
7497985
7500864
7499466
7499704
7497829
7501243
7499314
7499976
7499678
7499225
7498755
7498313
7500660
7499189
7500663
7500467
7500986
7499647
7499594
7500242
7499946
7499138
7499629
7500488
7501249
7501042
7499913
7499045
7499599
7501153
7500963
7500430
7499222
7500146
7501168
7499709
7499481
7500423
7500433
7496753
7499532
7499603
7498024
7501419
7500309
7498837
7500257
7499667
7500284
7500666
7502572
7499631
7500701
7498855
7501319
7502309
7500057
7500231
7500495
7500324
7500975
7500290
7500029
7500807
7501195
7499393
7499539
7499794
7500740
7500204
7499760
7500906
7500716
7498183
7500852
7499103
7500956
7499403
7500470
7498555
7502021
7500634
7500084
7499574
7500319
7500772
7499502
7500507
7501495
7499531
7500820
7500022
7499961
7499271
7499611
7500461
7500615
7499456
7499882
7500193
7500137
7500343
7498450
7500855
7501449
7501324
7500322
7501080
7501093
7499193
7500723
7500641
7500069
7500648
7498980
7500871
7500885
7499811
7501087
7501211
7500258
7499147
7499889
7501107
7501072
7498726
7501826
7499988
7498851
7498700
7501527
7501140
7500950
7500861
7498703
7500926
7499356
7499523
7500515
7499844
7500594
7500206
7500755
7500196
7499798
7499048
7499674
7499078
7500459
7500229
7499662
7498404
7500183
7500031
7501481
7500360
7499057
7500225
7500966
7499460
7501460
7501110
7500149
7499518
7501299
7500777
7500357
7498705
7499995
7499918
7501104
7501473
7499112
7501301
7500523
7499068
7499711
7501315
7500354
7501258
7500492
7499255
7498839
7499833
7499975
7501800
7500671
7499874
7499188
7499353
7499659
7501841
7499296
7499025
7499520
7500102
7500438
7499304
7500199
7499260
7498701
7498827
7499348
7499277
7500998
7498010
7500387
7501547
7500642
7500514
7498336
7499413
7499657
7498663
7499351
7497942
7500053
7500254
7501371
7497549
7500389
7500384
7502016
7498077
7500425
7499104
7499700
7499648
7500544
7500474
7500547
7501625
7501385
7500117
7499746
7500075
7499342
7498678
7499140
7501415
7499097
7501748
7499848
7498942
7500431
7500157
7499675
7501362
7500378
7500545
7499119
7500256
7499932
7501663
7500639
7499664
7499409
7501710
7498759
7501321
7499610
7501170
7500134
7500250
7500722
7500959
7501316
7501278
7500815
7500440
7499687
7499785
7500444
7499850
7501214
7500077
7499888
7498277
7500996
7499890
7500216
7499358
7497320
7498783
7499494
7501261
7498572
7501158
7501988
7501435
7498518
7501020
7500955
7500537
7501129
7500702
7500150
7499852
7497926
7500315
7499292
7499472
7499566
7500575
7500160
7501665
7498431
7498921
7502007
7499233
7500797
7498335
7500551
7499330
7498343
7500269
7500774
7499298
7500749
7500210
7499974
7501068
7499158
7499027
7501235
7500054
7500524
7498948
7499622
7499200
7499609
7498216
7501998
7500104
7499439
7500874
7500711
7498136
7500589
7501765
7498938
7500854
7500365
7499588
7498467
7499953
7500568
7499152
7499989
7499416
7501521
7500762
7501671
7499758
7500323
7498271
7498744
7499702
7499382
7498133
7500471
7501147
7499487
7501933
7498445
7497708
7499952
7499600
7500665
7500601
7500209
7500120
7499793
7501149
7502074
7498779
7499364
7499908
7500920
7499176
7499047
7498560
7500490
7500048
7499006
7498069
7501692
7501026
7502598
7500569
7500450
7501241
7497463
7499856
7502106
7500394
7499205
7498785
7499096
7500179
7499803
7499933
7499715
7500205
7500012
7500056
7499618
7500083
7501804
7497921
7498791
7501128
7500264
7498349
7499461
7501404
7498836
7502066
7499053
7499847
7498278
7498315
7499489
7500338
7501624
7501445
7500313
7502095
7501899
7502434
7498979
7500033
7498660
7498689
7499267
7498581
7501640
7500051
7498081
7499248
7503056
7499595
7502311
7499591
7498820
7498621
7501047
7501287
7501367
7500451
7500709
7500707
7499283
7502107
7499181
7499513
7500812
7502258
7500923
7500799
7501444
7499862
7498296
7501182
7499896
7501196
7499432
7501212
7500518
7501154
7502250
7501162
7500237
7500312
7502526
7499317
7498217
7502574
7499613
7499120
7500766
7499463
7501043
7499212
7501318
7500867
7501137
7497979
7500592
7500793
7499076
7500042
7500019
7500230
7499533
7499973
7499537
7499402
7499450
7499477
7499677
7500460
7497889
7502481
7500925
7499555
7500181
7501121
7498213
7498058
7499286
7499332
7500974
7500603
7499960
7498652
7500385
7499837
7500419
7501381
7500356
7498128
7500447
7498131
7499493
7500583
7499395
7500528
7499878
7499522
7499966
7499345
7500307
7498575
7498941
7501272
7498674
7500579
7500486
7500007
7500249
7500296
7500735
7498615
7500027
7499195
7500302
7499986
7498676
7500035
7498501
7498366
7498272
7499861
7499876
7498666
7499528
7499227
7499073
7500086
7502503
7500125
7500557
7500585
7499088
7499804
7500122
7500753
7499124
7499646
7500765
7500314
7500462
7499575
7501335
7499786
7501230
7501139
7500247
7500046
7500838
7499642
7499880
7499703
7498750
7499813
7500092
7499366
7499281
7498062
7500912
7499154
7502489
7501143
7499300
7499738
7498772
7502077
7500426
7502275
7498736
7500768
7501242
7502086
7500095
7500833
7498464
7498006
7499581
7499498
7499900
7500466
7501400
7501399
7501343
7497873
7502125
7499912
7500298
7501658
7500946
7501036
7501056
7498642
7499627
7499361
7500443
7499818
7500947
7498811
7501267
7501151
7498818
7498906
7499605
7500936
7499980
7498587
7501090
7500538
7500951
7501585
7500636
7500068
7500227
7500614
7499210
7497960
7501003
7497895
7499288
7501376
7497112
7502185
7499525
7500108
7499491
7502401
7500251
7501614
7499592
7499064
7500188
7500147
7501071
7501605
7500021
7499440
7500245
7499983
7499383
7502044
7501421
7502475
7501392
7499363
7501332
7499643
7499626
7500001
7499380
7501750
7499891
7499325
7500625
7502067
7500429
7500572
7499385
7500795
7498766
7500876
7498548
7501774
7501150
7500586
7498242
7499510
7500818
7500464
7501209
7501008
7498965
7500805
7502182
7497739
7500437
7502059
7501558
7500717
7501552
7500734
7501503
7498228
7501757
7499101
7500456
7500144
7499427
7500388
7502140
7500967
7501183
7498520
7500653
7500235
7501894
7500844
7501023
7500267
7499846
7500175
7502026
7499978
7501394
7502244
7499231
7500277
7500234
7501562
7500105
7499242
7499470
7500756
7499671
7499828
7498867
7501860
7501016
7501159
7499478
7500798
7497603
7498513
7500480
7499945
7497891
7500220
7499015
7501178
7499540
7500186
7500813
7500079
7499845
7500859
7501602
7500576
7498386
7501850
7501238
7499914
7500428
7498117
7499092
7499187
7500516
7499727
7499756
7500548
7499032
7501499
7498320
7499217
7498985
7498682
7499223
7498765
7498958
7498609
7499965
7500171
7499046
7500881
7500662
7500435
7501194
7498463
7502330
7500489
7501260
7499273
7500910
7498708
7498480
7500888
7498576
7500533
7500403
7499198
7498879
7500411
7501313
7500304
7499414
7498846
7500098
7500680
7499718
7499753
7499469
7500522
7500236
7499185
7500174
7497297
7499388
7499161
7498641
7500736
7501089
7501567
7501117
7499706
7499328
7500933
7499134
7498558
7500260
7499056
7498988
7500091
7499748
7498683
7500156
7500831
7499542
7500353
7498808
7500139
7499565
7498802
7500318
7500895
7498970
7501530
7500823
7499359
7499997
7501000
7501378
7498527
7498898
7497237
7498741
7500558
7498679
7500997
7498551
7499042
7500724
7503249
7498348
7500328
7498498
7498489
7501505
7500161
7499118
7500687
7502200
7498332
7500034
7497681
7500646
7501177
7498521
7499752
7500659
7499935
7499315
7499428
7498177
7498405
7501448
7499777
7499577
7501491
7499020
7498758
7497507
7498340
7500911
7500359
7501012
7497875
7499293
7501169
7501018
7499865
7498835
7500424
7500560
7498235
7500380
7500040
7498619
7502278
7500055
7498973
7498413
7499214
7498407
7499023
7500767
7501096
7499529
7500397
7499367
7498645
7501593
7499457
7499782
7499580
7497417
7501873
7501450
7499562
7499994
7498862
7499455
7497903
7499266
7500218
7500143
7500283
7500965
7500621
7498661
7501225
7499346
7499964
7499133
7500517
7498698
7498507
7499495
7500329
7500129
7501286
7498415
7499884
7499560
7500902
7499920
7500628
7500789
7501317
7497823
7500686
7499129
7500240
7501320
7501217
7500078
7499787
7497623
7499641
7500987
7498763
7497690
7501100
7501045
7499446
7498273
7501208
7497882
7500306
7499370
7500415
7499211
7500994
7498383
7499378
7500113
7500530
7500320
7498367
7499107
7501608
7500763
7500745
7500142
7499250
7499415
7499105
7501422
7501475
7501969
7498715
7500602
7499985
7500337
7500427
7501122
7499839
7499895
7498651
7498849
7500623
7499598
7500412
7499099
7500779
7501849
7501471
7501513
7501662
7498857
7501250
7502192
7501549
7500493
7499423
7502335
7498749
7499750
7501818
7498637
7501548
7496804
7500887
7502048
7501635
7501669
7500005
7498972
7499381
7500349
7499947
7497388
7499834
7499506
7500713
7500185
7498861
7500822
7497653
7500790
7501736
7499790
7501599
7500085
7498410
7499771
7498083
7500158
7501053
7500957
7497197
7499739
7498099
7501218
7499836
7499767
7498481
7499673
7497590
7500825
7499789
7499111
7502128
7498397
7499676
7500559
7499462
7499433
7500483
7499817
7497347
7498624
7501131
7499331
7501220
7499661
7500244
7500383
7500891
7501125
7499307
7499807
7496731
7499901
7499313
7499276
7500776
7501778
7502501
7501534
7498913
7500535
7499749
7500233
7498694
7501106
7498377
7501768
7499362
7500159
7500368
7500023
7501920
7500706
7499137
7498580
7500971
7498617
7499172
7498910
7500616
7501670
7499640
7501360
7499568
7502238
7501758
7500127
7500311
7497743
7499638
7498876
7499516
7498650
7499196
7499881
7500013
7501007
7499344
7499398
7502099
7499375
7499561
7499766
7498799
7499417
7500708
7499008
7499374
7499634
7500672
7500166
7499018
7498752
7499453
7500889
7500408
7500025
7500835
7500934
7500673
7500759
7499269
7501682
7498087
7500995
7498743
7499683
7500942
7499695
7501075
7499434
7499823
7500499
7498729
7498924
7498515
7500064
7498864
7499948
7499285
7498945
7498488
7499474
7500992
7499582
7496483
7497871
7499734
7497793
7501160
7501165
7500600
7503096
7499663
7497975
7499691
7500121
7499079
7498856
7501144
7501232
7498635
7500221
7499424
7500473
7500758
7499684
7499863
7499765
7500571
7501391
7499421
7499656
7501271
7500413
7501741
7500781
7498805
7500788
7500532
7502031
7499937
7500416
7498782
7501661
7501657
7498218
7499744
7498107
7499500
7500536
7498999
7500670
7498042
7499238
7499858
7501811
7500073
7499156
7499174
7499135
7498084
7500921
7499264
7499854
7499650
7499245
7500496
7499509
7499290
7500611
7500417
7500271
7499368
7498378
7498289
7501458
7501311
7499157
7500223
7497976
7500534
7499924
7500049
7499203
7500694
7499915
7500405
7498843
7499338
7500689
7500511
7500165
7498061
7499128
7503063
7500561
7502227
7501067
7500045
7501631
7498740
7501727
7501033
7498312
7500949
7498155
7498436
7500985
7500984
7498918
7500090
7500664
7501148
7498611
7501506
7499320
7501611
7498082
7498281
7500272
7500782
7502175
7499168
7501357
7499887
7501560
7498946
7498165
7501650
7501453
7498564
7499636
7496642
7498333
7501807
7499136
7500901
7499885
7498151
7500626
7498187
7500683
7499853
7499095
7499991
7498146
7498971
7498733
7500352
7500047
7500587
7500002
7498630
7498512
7500705
7500162
7499226
7497742
7499590
7500866
7500501
7498949
7500715
7499318
7498007
7497543
7498447
7500539
7502921
7499155
7498205
7499698
7499527
7500494
7500286
7501509
7500595
7499515
7499067
7501577
7499149
7499162
7500733
7500784
7500752
7498677
7498244
7499654
7499182
7498787
7499938
7500327
7498909
7501851
7499957
7500410
7500114
7501454
7500396
7499791
7500070
7499197
7498255
7501368
7497707
7502121
7498591
7500746
7500339
7501076
7500521
7500442
7501022
7499009
7499925
7499284
7500369
7501112
7500757
7501522
7498593
7499384
7499723
7500248
7500116
7501966
7501829
7499892
7499576
7497727
7499982
7497943
7500452
7498797
7501245
7500008
7500870
7499602
7498465
7502093
7500198
7499840
7501573
7502273
7503062
7498831
7497799
7501185
7499230
7501425
7498897
7498379
7499336
7500215
7501467
7499151
7500843
7499029
7501312
7499098
7498091
7498704
7500191
7499710
7499297
7499586
7498047
7497947
7498152
7501167
7498816
7499504
7498456
7499999
7498964
7500330
7501643
7498916
7499401
7498863
7501221
7499733
7501484
7498168
7499831
7499121
7500153
7499550
7501596
7500454
7499816
7498494
7498986
7497810
7500832
7500989
7498541
7501297
7500294
7499743
7500904
7500351
7500370
7500409
7501389
7498250
7499113
7500991
7501424
7499404
7498886
7499665
7498721
7499180
7501288
7500187
7498814
7500239
7501536
7501004
7500567
7499579
7500133
7497787
7499737
7498812
7500080
7497758
7500400
7501514
7501334
7502269
7501782
7499526
7499475
7501794
7498424
7498577
7500875
7499075
7499004
7500945
7501101
7498459
7498978
7499860
7499142
7501510
7502141
7500605
7501746
7498304
7499106
7500100
7501326
7502145
7500645
7501466
7498798
7499645
7500455
7500032
7497355
7499651
7498762
7498232
7501338
7499944
7501516
7500582
7501116
7498842
7498962
7499249
7501542
7499649
7499632
7500791
7499849
7498915
7501166
7500840
7499473
7499204
7497996
7498748
7500333
7499077
7498781
7500814
7503165
7500177
7498926
7499779
7501314
7498243
7499751
7501412
7499511
7502162
7498510
7499619
7501361
7501251
7498648
7499686
7501010
7500028
7500014
7498221
7498807
7499802
7499080
7498573
7500780
7499352
7501339
7502272
7500509
7499689
7500804
7500627
7499635
7500110
7500656
7500570
7499898
7500584
7499476
7499130
7498311
7499335
7501115
7498987
7499041
7499061
7501044
7500862
7500563
7498479
7501813
7500273
7498509
7501470
7502126
7501761
7501825
7499822
7501386
7500620
7501216
7502189
7497576
7500540
7500058
7499002
7500751
7501276
7501233
7500929
7501155
7499950
7500932
7499680
7501084
7502323
7496756
7499034
7498618
7499907
7499981
7498454
7497813
7501789
7500222
7499725
7500630
7500688
7498967
7501123
7500016
7497781
7498994
7498385
7502127
7499984
7500224
7497571
7500402
7498279
7498088
7500938
7498746
7501869
7501052
7499013
7497878
7498601
7500003
7499724
7498625
7500279
7502176
7499873
7497745
7499011
7498148
7501831
7500742
7497483
7501259
7500856
7500331
7500278
7502160
7499637
7499759
7500816
7500392
7500896
7500192
7500060
7502180
7499071
7500006
7498194
7500103
7497785
7500449
7501408
7498646
7499372
7499569
7501928
7498696
7501613
7499958
7499682
7499035
7499422
7500050
7498122
7500847
7497732
7501713
7500500
7501598
7500899
7499843
7499127
7499163
7501142
7501118
7498940
7501465
7501898
7499926
7499458
7499617
7498231
7497752
7501236
7496861
7499593
7497762
7500640
7500399
7502600
7501457
7498600
7498932
7499252
7497877
7500668
7500132
7501835
7500481
7500647
7499122
7499551
7497314
7502666
7499153
7500693
7500817
7499736
7502076
7500211
7500612
7501223
7502111
7499796
7497863
7501065
7502132
7499040
7501257
7498175
7500280
7500130
7499123
7501911
7497644
7501163
7499410
7497864
7500935
7498364
7497714
7499825
7499274
7499998
7500860
7499788
7500930
7500062
7498690
7499585
7499326
7497874
7498626
7499809
7498586
7501771
7501698
7500775
7501083
7500697
7501808
7501152
7499735
7498672
7501783
7499939
7498104
7501762
7498830
7499799
7498786
7498284
7498878
7498890
7499899
7500811
7499340
7498045
7499376
7499199
7503312
7500259
7499490
7499507
7498542
7500265
7499452
7500274
7502595
7498881
7498478
7500607
7499448
7501952
7499497
7500371
7499272
7499755
7498247
7499337
7499017
7499371
7500066
7499207
7500739
7500018
7501649
7499159
7498901
7500093
7500253
7499243
7498234
7497927
7499236
7501061
7499921
7500217
7498433
7498110
7498525
7500504
7499397
7499447
7499244
7501603
7498511
7498453
7498788
7499558
7499923
7498567
7499941
7498727
7500478
7500189
7499324
7501901
7500858
7498960
7501055
7499003
7498954
7500061
7501063
7501024
7498070
7500373
7497513
7501544
7500282
7496521
7499841
7501037
7499721
7498275
7499808
7498929
7499412
7502105
7501138
7500036
7499869
7502635
7498317
7498974
7499430
7499218
7497770
7498850
7502733
7500890
7500903
7498764
7501226
7498803
7499234
7498393
7499694
7498884
7499038
7498845
7499365
7500922
7500741
7499145
7498238
7500792
7500643
7502022
7501660
7498444
7498981
7500690
7498722
7500148
7498710
7501005
7502158
7499996
7499268
7497558
7500358
7500842
7499740
7499055
7498982
7501336
7501856
7500268
7501533
7497756
7501537
7499512
7498449
7499705
7498770
7500710
7498157
7501181
7499278
7498832
7499308
7502327
7501011
7500849
7501652
7498937
7498598
7500598
7499624
7498032
7498426
7499115
7501763
7498369
7497234
7502545
7499132
7500565
7499360
7499971
7501331
7498930
7501156
7500106
7497968
7500809
7499720
7498145
7501478
7502078
7501753
7500446
7497442
7499827
7497666
7502491
7500342
7499696
7500678
7501580
7499139
7500393
7500681
7500982
7498634
7498163
7498299
7498844
7500865
7498825
7500993
7501192
7498989
7500725
7499742
7501756
7502296
7500168
7499855
7500943
7502115
7499083
7502658
7499902
7500041
7500972
7498998
7501601
7498306
7500126
7501050
7501330
7500287
7501489
7501723
7501244
7498887
7499731
7497991
7501213
7497280
7499146
7499601
7502549
7501587
7500760
7498756
7498103
7500421
7498400
7500020
7498075
7500900
7499773
7501568
7501441
7501401
7500140
7497619
7499400
7497187
7499445
7498592
7500448
7498546
7501554
7501857
7498536
7497796
7499557
7500226
7501091
7501731
7500141
7499030
7498810
7501126
7500152
7501711
7500208
7499312
7499261
7500479
7500024
7498504
7499655
7502864
7500173
7500379
7502312
7498002
7500685
7498396
7500555
7498950
7501702
7498382
7500238
7501410
7498815
7501745
7497169
7499125
7499350
7501487
7501390
7497848
7500952
7498920
7498860
7501203
7499564
7501120
7501664
7499191
7498482
7499072
7498403
7498806
7500213
7499116
7499774
7501247
7501355
7500748
7500291
7498019
7500851
7500914
7501586
7497335
7502476
7499578
7499110
7498293
7498036
7500857
7498225
7498896
7500391
7498709
7499857
7500841
7501051
7498953
7501001
7501705
7499805
7498251
7501174
7499909
7502085
7499444
7500099
7500197
7500346
7501642
7499992
7500082
7500520
7499109
7499483
7500243
7500270
7499639
7498097
7498824
7498713
7501240
7501366
7502261
7501679
7501130
7500566
7501556
7498874
7499835
7500285
7501667
7501518
7500769
7500376
7500363
7498778
7500826
7501304
7501622
7499316
7498691
7498675
7503662
7501895
7498530
7500661
7498346
7499259
7501019
7501308
7500655
7499730
7498434
7498923
7502184
7500654
7499501
7503041
7501359
7500761
7499962
7501700
7500345
7499070
7499202
7499454
7501494
7500118
7501077
7500675
7500182
7499866
7500154
7500406
7499186
7498991
7499094
7502035
7500577
7502453
7501119
7499275
7499468
7499449
7499534
7500088
7499770
7499089
7500505
7498702
7499386
7500246
7497938
7502147
7499175
7497552
7498905
7500202
7502597
7497749
7499224
7501905
7501175
7502678
7499408
7502708
7502165
7500107
7501205
7497296
7499911
7499065
7500335
7500720
7501300
7499014
7501134
7501275
7502071
7498569
7498344
7501030
7502135
7498358
7499220
7501254
7501058
7499990
7498307
7499303
7499143
7500599
7497821
7498718
7501842
7499206
7500554
7499173
7500676
7502329
7498291
7498871
7501538
7498025
7499875
7497680
7499584
7500954
7503132
7498631
7498706
7501070
7498773
7500420
7501039
7498583
7498757
7498285
7498210
7498966
7501189
7500808
7500145
7502465
7498800
7501342
7498185
7499596
7501193
7497535
7499772
7500905
7499814
7498961
7500635
7501098
7499459
7497951
7501306
7502534
7500821
7502148
7498662
7500292
7501485
7498605
7498889
7501086
7498822
7499144
7498040
7501867
7498636
7500824
7498484
7498680
7499429
7501752
7499437
7499399
7498485
7501817
7498578
7501038
7500868
7500983
7501146
7500562
7498821
7500937
7500978
7499164
7500699
7498535
7500886
7498562
7500194
7499007
7498681
7499797
7501025
7497835
7499349
7499652
7500610
7499309
7501078
7502605
7499279
7499117
7498640
7498847
7498487
7502352
7501248
7497656
7499514
7497176
7501328
7499761
7500892
7500853
7501721
7502242
7498381
7498571
7502061
7501708
7502083
7501480
7500087
7497693
7501939
7500732
7501302
7502384
7496480
7499741
7501190
7501403
7498139
7502602
7500714
7498539
7498222
7500372
7501519
7502623
7501199
7501102
7498880
7501592
7498073
7501773
7498976
7501864
7497945
7498499
7498549
7500276
7501049
7501950
7497726
7497675
7500721
7500999
7501578
7499821
7501282
7498760
7499451
7500303
7498654
7499701
7498137
7499970
7497102
7499713
7499969
7501409
7501565
7501555
7499628
7501284
7498608
7499486
7501363
7501589
7497276
7502277
7498956
7501743
7499612
7497858
7501523
7498911
7501545
7500112
7501229
7498269
7499407
7501239
7498711
7500109
7502220
7500631
7501891
7499838
7501795
7500964
7501099
7499126
7502006
7501912
7498735
7499795
7501576
7503112
7502551
7500590
7498833
7500944
7499465
7500097
7498628
7501198
7500787
7501680
7501348
7498421
7500513
7501876
7498719
7498345
7498566
7500348
7501113
7500542
7501281
7501191
7498522
7497026
7498771
7497734
7501815
7501350
7500089
7501843
7498391
7500491
7497638
7500176
7498119
7498086
7498925
7501280
7499060
7498712
7499327
7501135
7501728
7498503
7501108
7498912
7498574
7500836
7501834
7498670
7500404
7499556
7498589
7500546
7499554
7501787
7499544
7499305
7500321
7501734
7499392
7501290
7501344
7499179
7498547
7498159
7501358
7501085
7498943
7498838
7498305
7501512
7497778
7497797
7500622
7502336
7498167
7497962
7502527
7498699
7501606
7500837
7499959
7499519
7499521
7498893
7501375
7501777
7500398
7498653
7500030
7499508
7498471
7497832
7498649
7501520
7499310
7500475
7499572
7499323
7499524
7498968
7500961
7499216
7501809
7501179
7500880
7498294
7501897
7500477
7499253
7500939
7501438
7501474
7502978
7498622
7500556
7499000
7499192
7498596
7501305
7498441
7498840
7500519
7498497
7499339
7498556
7501262
7499036
7497688
7498176
7501059
7497959
7500913
7498614
7501228
7502289
7499867
7500719
7497771
7502030
7501798
7497988
7499963
7501612
7498602
7498829
7501919
7501740
7499005
7498276
7501551
7500846
7501323
7499441
7498869
7500395
7500386
7498668
7500485
7498402
7499254
7502372
7501699
7497668
7499633
7501845
7500878
7499418
7501985
7499910
7497747
7500418
7500919
7498226
7498331
7502427
7497635
7500927
7501369
7498398
7498875
7500698
7500484
7501561
7498588
7501994
7500288
7501749
7500696
7500948
7498134
7502417
7498734
7499406
7499583
7498106
7501395
7497361
7502096
7502975
7497454
7498761
7498048
7498172
7501553
7501793
7497849
7500968
7501283
7502173
7502656
7498997
7501027
7497134
7499606
7499496
7501916
7502554
7501040
7502131
7500574
7498922
7501595
7498138
7501737
7498041
7501681
7498695
7499728
7502284
7501015
7498813
7501716
7498067
7502279
7499692
7501325
7501725
7498643
7499148
7498215
7501062
7498533
7498049
7501246
7500366
7498309
7501893
7498419
7501105
7498173
7501881
7502478
7498885
7499256
7497851
7500918
7498751
7497839
7498955
7498597
7497696
7501180
7499666
7501563
7497396
7501932
7499108
7497852
7497902
7498595
7500390
7502206
7498154
7499897
7499396
7500700
7501706
7501947
7498065
7500941
7501437
7502659
7501103
7499690
7499967
7502109
7501707
7499102
7497031
7497773
7501550
7501620
7498078
7502056
7497412
7498545
7498147
7500009
7498352
7499573
7501455
7498310
7500167
7500801
7499291
7498395
7501637
7499347
7501668
7498493
7498164
7497492
7501333
7501296
7501504
7497890
7497288
7501973
7502153
7500128
7502072
7501878
7498303
7501732
7498254
7499425
7498834
7499311
7501879
7498181
7503072
7499031
7501028
7503759
7501073
7499390
7501064
7498959
7500326
7500297
7501772
7501543
7498418
7501695
7498323
7498496
7501970
7501615
7501693
7497934
7501770
7501446
7501564
7498688
7497582
7497515
7502428
7499927
7498182
7501953
7500407
7501398
7498246
7498199
7498425
7499247
7501431
7501270
7498865
7499081
7500052
7498585
7497888
7500039
7498731
7500908
7499426
7500695
7501387
7500834
7498375
7501888
7500138
7500300
7499052
7501914
7498468
7498526
7502094
7498990
7497613
7498461
7498673
7501958
7499039
7497834
7498745
7501461
7501672
7499167
7498420
7499306
7499775
7501569
7501468
7500316
7502431
7501852
7500252
7497393
7498302
7500340
7501654
7501268
7500928
7499391
7501157
7501673
7501002
7499604
7497686
7500308
7501197
7498014
7501477
7501307
7500882
7500682
7498191
7501354
7499063
7502802
7499597
7498113
7502271
7501515
7497041
7500883
7498603
7501600
7502873
7501557
7500573
7497905
7497713
7498043
7498928
7500915
7501978
7497542
7498900
7501210
7501942
7500931
7498237
7501427
7501432
7498899
7498174
7502194
7501413
7500629
7498853
7498430
7502556
7501253
7501683
7500669
7501402
7503082
7501215
7502205
7497698
7502167
7498096
7498004
7501659
7501823
7498524
7497980
7499879
7501364
7502042
7501909
7498983
7498341
7501322
7500644
7501769
7498716
7501957
7498026
7501186
7501986
7497885
7498882
7502029
7501697
7501365
7502234
7501634
7502553
7497443
7498841
7498220
7498612
7497838
7501990
7501730
7502645
7500624
7501999
7501031
7498780
7501111
7502218
7501718
7498754
7501979
7501532
7499016
7502251
7501925
7498951
7497671
7503105
7501872
7502395
7498109
7501451
7501981
7498817
7498435
7502326
7499150
7501714
7501201
7499237
7497604
7498939
7497977
7498462
7502108
7501954
7500632
7498072
7499436
7501796
7502254
7498322
7498314
7499411
7502187
7498568
7503097
7500367
7497721
7498262
7500525
7497904
7497570
7499815
7498697
7502530
7498514
7498604
7498373
7498121
7498872
7500526
7501923
7499183
7498947
7499044
7502233
7502211
7499357
7498338
7497856
7498022
7502137
7502228
7501207
7502009
7502438
7501755
7499681
7501965
7500778
7500850
7497305
7496468
7502087
7501802
7497299
7502640
7502381
7500059
7503493
7500619
7499093
7498790
7498101
7497841
7501747
7498828
7500476
7499090
7502661
7498629
7501691
7497953
7498050
7498374
7499435
7501433
7501865
7502346
7501372
7498883
7502377
7500873
7502390
7502522
7498068
7498895
7497850
7499287
7497203
7498627
7497616
7502538
7501607
7499221
7501701
7500990
7501388
7502050
7501838
7497941
7497669
7498460
7500960
7502459
7501088
7497602
7502033
7498095
7498854
7501588
7502628
7498969
7502972
7498508
7502217
7501352
7500771
7496310
7498992
7497581
7501685
7498438
7500498
7501469
7498616
7499170
7498472
7497933
7501689
7498111
7502003
7501255
7501490
7499464
7502410
7498870
7496912
7499069
7502070
7501963
7501656
7496780
7502573
7500979
7497342
7498868
7497530
7498714
7498417
7498015
7498370
7501722
7496423
7502183
7501704
7499764
7497929
7498422
7497916
7502043
7501429
7498439
7500727
7498476
7501641
7501922
7499166
7503204
7498517
7501293
7501648
7501832
7498934
7501397
7501252
7502186
7502343
7502032
7501837
7497983
7501393
7501987
7502197
7497373
7501161
7498060
7497909
7501500
7501936
7501009
7497444
7498429
7498486
7496846
7498325
7501886
7502143
7499194
7500786
7497062
7498506
7503028
7499240
7502224
7497997
7501069
7498738
7497820
7498390
7502195
7500289
7499329
7501309
7498914
7497830
7502338
7497719
7497270
7500553
7498446
7498859
7501546
7501060
7501775
7501176
7498540
7498984
7498295
7501428
7502008
7498873
7498534
7500863
7501440
7501767
7497509
7502361
7502024
7497924
7501996
7498728
7498290
7498669
7502480
7501937
7501566
7498233
7499028
7501677
7497594
7501472
7498283
7499012
7498357
7503606
7501082
7500195
7498388
7498054
7500794
7501907
7497445
7498685
7500730
7498795
7498655
7497376
7501609
7501921
7502901
7497999
7502120
7501417
7498108
7501590
7499670
7501256
7501846
7500445
7502486
7498903
7501759
7501801
7502237
7497867
7502537
7501729
7498557
7501187
7497360
7498552
7497152
7501848
7502566
7502356
7502001
7502012
7497610
7498261
7498723
7499021
7502452
7502494
7500802
7498297
7497620
7502188
7501946
7502098
7498093
7501164
7501439
7497311
7496917
7497994
7501866
7502388
7503110
7497663
7502956
7500618
7498356
7498033
7499954
7498490
7502426
7500744
7500976
7498100
7502736
7501373
7501295
7498321
7497547
7501855
7497741
7498693
7497805
7498387
7501145
7501524
7497429
7501862
7502496
7501621
7498064
7501291
7497811
7501877
7497952
7501539
7497833
7501380
7502210
7499394
7501930
7498230
7497406
7501960
7497965
7502243
7498466
7501791
7498664
7502976
7501627
7498300
7497498
7498201
7497970
7501646
7497608
7498337
7501896
7501572
7502045
7501581
7501806
7501962
7502172
7502051
7498796
7498775
7497593
7501709
7502340
7498328
7497343
7499085
7498725
7498428
7498169
7498409
7497555
7502454
7497940
7500593
7501675
7501797
7501858
7498767
7497382
7500879
7502460
7502387
7501684
7501231
7502149
7501574
7502047
7502425
7498347
7497683
7503202
7498553
7497989
7497474
7501972
7497791
7497226
7498211
7501188
7497918
7501507
7502324
7498866
7497589
7501883
7501935
7498105
7498189
7498126
7498001
7501790
7501619
7502603
7498804
7497789
7497674
7498127
7500743
7498809
7497697
7501941
7497869
7501779
7498214
7498071
7500980
7498792
7497164
7498124
7501875
7498200
7497470
7501541
7497974
7498931
7498730
7502507
7501951
7502393
7501992
7498180
7497219
7501224
7497907
7502649
7497922
7502353
7497730
7498195
7497769
7501854
