3499196
3499475
3500141
3501796
3499749
3499613
3501196
3499906
3500143
3500266
3498695
3500291
3499708
3501794
3500126
3500746
3499367
3501044
3500523
3498447
3498509
3501944
3498684
3499686
3501454
3498201
3501030
3499848
3498230
3500054
3499641
3501257
3500030
3501085
3500467
3498425
3498628
3500258
3499122
3500022
3500613
3500703
3500583
3501991
3500917
3499070
3501815
3499759
3499089
3497398
3499729
3500183
3501161
3501391
3499826
3501120
3499931
3499085
3500579
3501280
3501581
3499349
3500188
3501431
3499094
3500170
3498778
3499090
3499825
3501430
3501173
3500389
3500387
3499504
3499084
3499016
3500052
3500112
3499701
3499580
3499650
3501739
3499944
3502207
3499600
3499692
3499386
3498070
3500302
3500484
3502063
3498822
3500530
3501238
3501436
3499638
3499727
3499608
3500787
3501242
3499667
3499680
3501445
3500023
3499737
3498854
3499178
3499130
3500316
3501745
3499621
3499370
3501269
3499384
3498274
3499326
3500202
3500548
3500910
3497554
3500263
3499528
3500477
3501424
3500480
3500551
3499368
3500282
3499858
3500578
3497315
3499879
3499501
3499959
3499267
3499245
3500451
3499279
3498753
3499531
3498404
3501985
3499634
3500587
3497534
3500891
3500285
3499584
3501223
3499658
3499337
3499941
3499425
3497666
3498706
3501468
3502730
3501416
3501262
3499346
3500970
3499478
3498794
3500876
3498997
3498690
3499512
3501272
3501025
3500235
3500468
3501302
3500745
3501063
3502602
3500957
3498939
3500779
3500044
3500039
3498151
3499505
3500511
3499910
3499151
3499808
3498786
3500770
3498614
3501032
3499590
3499518
3500488
3501421
3501544
3501989
3499869
3499190
3500687
3498817
3499933
3498664
3500090
3499314
3498433
3499372
3498879
3501073
3499983
3500569
3499434
3498969
3500211
3501640
3500191
3499354
3498553
3498256
3499185
3501188
3500883
3499323
3498320
3498414
3499704
3498975
3499516
3500501
3498539
3498654
3501525
3499920
3501174
3498870
3499155
3499510
3499986
3499049
3499377
3501519
3499819
3499469
3499164
3500334
3499366
3500863
3500281
3501023
3500123
3500507
3498972
3500412
3498719
3498634
3499811
3499689
3498994
3500810
3498958
3500925
3499536
3498979
3498821
3502759
3500426
3500434
3500067
3500602
3500200
3498312
3500029
3500944
3500614
3499891
3499809
3499108
3499508
3500422
3499393
3499208
3499322
3499904
3498962
3501080
3499099
3501459
3500363
3500654
3499487
3501186
3500816
3500410
3498481
3501040
3499537
3499949
3499206
3499548
3500169
3498462
3500180
3501501
3499918
3500292
3499345
3498140
3497524
3501878
3499628
3499240
3500343
3500556
3500493
3499762
3500894
3499930
3499494
3498126
3500783
3501532
3498582
3499499
3500702
3498407
3502014
3499262
3501394
3499415
3500206
3499221
3500375
3499496
3499476
3499443
3500922
3499290
3500431
3500984
3500060
3499593
3500388
3500214
3499321
3499800
3498874
3499514
3499563
3500550
3500482
3500072
3501709
3499350
3501308
3497770
3500628
3499619
3500552
3499585
3498682
3500839
3500659
3500115
3499751
3501345
3498558
3500938
3500531
3501090
3502260
3500958
3500046
3500099
3503078
3498917
3501926
3499144
3500875
3500437
3498452
3499946
3499375
3500596
3500314
3501699
3497979
3499810
3500008
3500961
3499887
3501351
3499995
3498557
3498235
3501279
3498723
3499184
3500084
3499008
3500586
3500631
3500824
3500223
3498814
3502407
3499413
3499152
3498625
3502507
3498996
3498892
3499915
3500603
3500249
3498762
3500423
3500866
3500280
3500436
3500061
3499356
3499263
3499958
3500153
3499198
3499741
3501402
3499804
3498652
3498606
3498791
3498459
3499327
3499597
3500257
3499788
3500418
3498968
3499865
3500193
3499118
3498666
3499436
3499396
3500105
3501294
3500715
3499982
3501265
3499056
3499519
3500630
3499731
3500916
3499197
3500677
3499824
3500000
3498986
3498981
3501028
3499276
3501611
3498087
3500315
3501043
3501817
3500574
3500317
3501042
3499362
3501047
3499424
3498999
3501041
3501934
3500452
3501288
3500604
3500695
3500325
3500790
3499271
3501266
3498246
3499973
3498138
3501339
3499885
3498503
3500708
3499714
3499127
3499543
3499470
3499615
3499402
3500250
3499687
3500365
3499898
3501001
3500215
3501010
3499124
3501016
3500447
3500283
3499293
3497954
3499578
3497388
3498641
3500737
3501121
3498519
3500727
3500908
3501678
3499618
3501646
3501397
3499522
3500767
3500476
3498900
3499862
3499077
3499733
3500167
3501440
3500244
3499945
3500955
3498368
3499466
3498113
3500712
3501945
3498480
3500672
3500722
3500130
3500657
3499968
3499875
3500367
3499119
3500807
3500612
3499566
3499560
3499003
3500132
3500318
3498862
3500185
3501580
3500005
3498489
3500719
3500131
3500322
3501851
3499022
3501753
3500570
3498613
3500448
3499787
3498393
3498985
3500432
3501487
3500502
3500581
3501137
3499992
3498736
3501055
3499488
3498121
3499507
3501064
3499794
3499780
3503147
3499026
3500567
3501705
3501260
3500598
3500162
3500678
3502983
3502163
3502168
3498718
3499636
3500397
3500201
3500037
3500142
3501596
3498657
3500771
3498982
3501348
3498633
3500953
3499627
3499258
3501189
3499827
3499209
3498802
3499000
3500307
3499098
3500213
3498528
3502729
3499841
3502574
3498672
3499541
3500878
3501031
3499332
3502046
3499418
3500862
3498669
3497932
3499315
3501358
3499624
3499577
3500768
3499596
3499342
3499807
3501216
3498477
3501599
3498850
3500486
3499117
3502876
3500626
3500118
3500646
3499533
3501594
3499774
3497916
3499404
3501456
3500333
3499649
3499771
3502299
3499030
3500795
3501539
3500374
3500993
3499856
3499339
3499713
3500409
3500242
3498877
3500842
3499978
3500575
3500606
3498500
3499962
3500662
3501290
3499883
3501457
3500272
3502451
3502549
3499882
3499343
3499844
3501284
3500699
3501614
3498929
3501692
3500208
3500616
3500909
3500926
3499338
3500265
3500601
3501687
3499984
3499232
3500172
3499083
3499336
3501662
3500362
3498956
3501749
3498745
3499900
3499381
3502503
3498747
3499646
3500987
3501180
3501369
3500392
3501864
3500062
3497846
3500227
3502546
3499335
3498904
3500063
3499194
3501823
3499096
3498632
3501389
3500048
3500068
3502653
3498700
3500075
3501618
3499791
3499319
3500109
3499439
3501490
3500833
3500133
3499871
3499572
3500609
3500435
3497982
3501555
3498416
3499449
3497338
3496972
3499193
3498713
3498841
3497865
3501201
3499207
3500887
3499755
3501096
3502282
3501634
3500345
3500996
3502976
3499698
3502061
3499937
3498797
3498777
3499559
3499651
3497681
3497896
3500720
3498799
3498852
3499721
3501410
3502655
3499575
3501227
3500124
3499134
3500107
3499530
3500384
3498683
3499709
3500443
3498609
3499451
3499908
3500871
3500557
3498544
3499491
3499363
3498730
3499549
3499652
3500701
3500058
3500352
3500940
3501076
3501507
3499515
3499131
3498340
3500588
3500217
3500505
3500682
3499495
3501541
3502819
3498267
3501082
3500111
3498842
3499053
3499068
3499414
3500357
3499334
3500020
3498105
3498832
3500197
3499611
3502176
3500238
3499956
3500355
3500350
3499817
3499722
3500403
3499699
3500226
3499390
3500990
3501643
3500253
3499141
3499044
3499320
3500494
3498369
3500975
3503316
3500237
3500026
3501559
3499199
3499744
3501565
3498351
3501896
3499205
3500977
3499489
3499247
3500653
3502048
3497975
3500408
3500481
3500852
3499310
3501502
3500794
3500034
3498505
3499654
3500731
3501204
3500207
3502083
3500165
3500753
3500174
3499173
3499359
3500740
3499994
3500573
3499803
3501048
3499672
3499711
3498620
3499846
3502656
3498219
3500429
3500010
3498685
3500335
3500338
3500584
3499042
3497192
3500858
3498591
3499617
3498843
3500017
3501111
3500293
3500149
3501075
3501371
3498521
3499161
3500269
3498912
3499712
3501648
3501697
3500929
3498983
3499558
3500936
3498410
3500850
3499420
3501732
3500245
3501104
3500055
3501812
3499542
3499078
3500287
3500565
3501057
3501268
3501164
3497972
3501335
3500135
3499635
3499913
3501124
3498733
3500379
3498773
3499036
3502868
3499952
3500160
3500212
3500421
3499387
3499801
3501037
3497603
3500164
3497350
3501390
3501261
3500927
3499581
3501273
3497470
3500065
3499241
3501108
3500087
3498599
3500114
3498102
3499139
3499977
3501703
3497882
3500890
3499806
3499616
3498629
3500988
3499281
3500784
3501738
3498923
3500425
3500744
3500324
3501203
3501427
3499431
3499317
3501209
3500592
3500986
3498803
3500954
3500788
3500538
3499860
3499398
3500344
3500668
3499116
3497902
3499929
3499260
3499586
3500965
3498980
3500848
3499820
3499160
3500676
3501612
3499450
3499813
3499765
3499861
3499300
3502208
3501231
3499998
3500134
3500092
3501891
3500942
3501726
3500136
3500512
3501628
3501707
3501083
3500148
3500342
3499166
3499253
3500288
3499605
3499374
3498493
3500377
3499540
3501995
3499216
3501713
3501659
3500522
3501528
3500681
3500471
3501669
3499847
3499940
3500902
3498827
3499054
3499058
3500233
3499288
3502982
3501115
3500393
3500011
3499248
3500913
3498402
3499102
3501195
3501387
3499685
3499465
3500198
3500729
3500261
3501150
3499633
3499643
3499726
3500665
3500012
3499373
3498756
3499987
3499159
3499545
3501523
3500933
3500675
3499999
3500813
3500241
3501069
3501730
3497579
3500652
3500064
3500173
3500196
3500621
3497646
3500415
3500239
3499669
3500116
3499884
3500892
3500066
3498938
3500305
3500230
3499376
3501005
3500128
3499763
3500918
3501297
3500811
3500079
3499087
3500821
3498372
3499870
3500490
3498760
3500234
3501287
3500346
3499556
3500138
3499802
3501286
3499953
3500163
3499550
3501305
3501902
3501142
3500742
3499218
3498062
3500341
3498970
3501681
3499703
3501849
3501529
3499642
3497664
3500544
3500697
3501333
3502517
3500416
3500332
3500780
3499901
3499433
3501504
3499720
3500284
3499601
3498966
3501200
3501491
3498847
3500470
3499182
3499052
3500837
3500231
3499665
3500895
3500704
3501018
3500860
3499834
3500639
3499534
3501282
3499001
3499742
3501578
3500684
3502540
3500827
3501248
3500498
3497869
3499647
3500449
3499782
3498263
3499677
3499965
3499622
3499379
3501903
3499076
3499852
3500070
3500120
3502679
3501953
3500103
3500014
3498541
3499419
3498866
3498524
3501372
3497985
3500840
3500032
3500844
3500755
3499219
3500545
3500846
3499587
3501122
3497986
3499895
3501929
3501311
3499304
3499428
3497697
3498849
3500009
3499740
3499525
3499242
3500353
3499244
3499675
3500383
3498130
3500798
3500321
3498902
3500271
3500119
3499921
3500186
3500960
3500299
3497302
3500406
3500474
3500007
3498880
3500286
3498990
3500716
3499785
3500901
3500053
3498943
3500195
3498618
3500751
3502190
3500479
3498808
3499226
3501039
3498093
3499364
3497718
3501904
3499429
3500166
3498379
3501337
3498616
3501072
3500310
3501637
3500275
3499365
3498339
3500463
3501737
3499174
3500808
3500879
3500450
3498947
3497812
3499969
3500510
3499383
3500110
3500083
3500121
3501810
3498585
3500491
3498896
3498329
3499625
3498392
3501379
3499278
3500359
3500861
3501781
3500864
3499653
3501264
3499857
3500129
3499195
3500503
3500730
3502034
3501505
3498936
3499702
3498743
3499034
3500647
3500094
3497496
3500805
3499719
3499849
3501754
3501152
3500589
3501254
3500382
3501098
3499859
3499481
3500246
3501446
3498953
3501425
3501239
3500688
3497748
3498910
3499191
3498976
3500640
3501453
3498687
3501175
3502462
3498548
3499679
3499950
3500354
3499872
3500513
3497678
3499307
3501116
3500620
3499021
3500221
3502714
3497936
3499215
3500294
3498321
3499299
3499764
3501449
3499503
3499497
3498363
3499911
3500473
3499690
3501526
3498124
3499916
3499038
3500516
3500041
3499728
3500710
3498525
3500049
3500855
3501856
3499400
3497147
3500649
3500158
3498488
3500319
3498403
3500140
3500151
3500028
3498184
3500671
3500610
3500243
3503343
3502009
3497750
3497143
3499463
3499020
3502281
3498637
3501202
3499747
3499843
3498831
3498899
3499158
3498942
3498110
3501278
3499513
3496142
3499934
3499823
3498345
3500774
3500182
3499202
3502100
3498434
3499107
3499274
3499009
3497390
3499966
3499048
3499964
3500539
3501157
3500937
3501604
3501844
3500534
3500251
3501388
3501105
3498080
3500147
3500989
3498249
3499890
3499309
3499440
3497863
3500455
3499146
3500453
3500764
3498427
3500175
3498490
3497710
3500270
3498570
3499821
3499644
3498931
3499432
3500624
3498993
3500660
3501119
3499280
3499272
3499303
3497369
3501496
3498965
3500458
3499735
3498859
3501148
3499227
3499831
3500777
3501141
3499610
3500669
3499180
3498840
3500804
3499423
3501512
3498911
3501641
3501717
3499583
3501551
3499592
3499938
3499710
3499305
3500176
3498612
3499340
3499954
3500348
3500004
3498577
3499623
3499353
3500268
3501376
3500225
3499676
3501168
3500723
3500591
3498356
3500056
3499392
3501194
3500043
3498928
3499007
3499739
3499935
3500298
3500775
3500952
3498430
3501466
3501004
3500229
3498530
3500519
3501159
3497944
3500877
3499670
3499853
3500446
3498215
3499639
3499743
3500664
3497611
3499502
3499517
3499045
3497437
3501147
3498228
3501636
3499928
3501067
3501380
3498038
3498283
3500528
3499430
3501615
3500372
3500907
3498804
3500582
3499509
3501007
3500472
3500220
3499894
3500758
3498390
3500080
3501309
3500978
3500320
3499886
3501631
3497304
3499333
3500145
3500405
3502045
3499183
3499845
3499526
3500081
3498878
3500721
3498909
3499988
3498165
3497825
3501185
3498377
3500179
3498412
3499079
3500339
3501731
3501623
3500962
3498522
3500899
3498317
3498583
3498686
3501960
3498626
3499061
3500898
3501296
3499881
3500547
3501381
3501255
3499254
3499037
3501399
3500378
3499500
3502617
3500097
3501437
3500920
3498455
3500428
3498247
3498424
3499010
3500856
3499663
3499868
3501184
3498571
3497547
3500427
3501918
3499673
3499899
3500627
3498795
3500127
3500442
3499043
3501156
3500725
3500756
3499830
3499442
3501332
3499153
3501271
3501088
3498458
3498604
3501354
3499479
3499532
3501450
3499088
3500765
3501350
3501825
3499936
3499754
3498873
3500113
3501327
3497717
3501197
3499493
3498155
3501276
3500146
3501563
3501608
3499471
3499779
3498542
3499358
3499569
3502336
3500509
3500051
3500893
3498893
3500376
3500337
3498933
3498824
3497764
3499932
3497742
3501026
3497698
3501503
3498160
3499330
3500082
3501693
3500050
3501013
3499483
3501846
3500295
3499412
3497071
3497956
3498673
3500650
3501799
3498798
3499318
3498974
3498872
3501820
3501163
3502167
3497768
3500417
3498330
3499014
3499896
3501317
3500248
3499833
3498386
3500424
3498787
3500803
3500203
3501360
3500349
3500013
3499748
3499521
3500360
3501094
3501584
3500390
3499947
3499974
3500019
3499224
3500680
3500380
3499842
3498217
3497850
3499892
3497853
3499204
3501377
3501054
3499960
3499458
3498869
3501684
3500381
3501664
3500562
3499154
3498918
3500085
3498496
3500204
3499275
3499361
3499453
3501056
3497206
3499273
3498754
3501554
3499485
3498871
3499778
3499403
3500564
3500189
3499106
3499236
3499939
3498279
3498881
3500289
3500369
3499301
3501323
3502183
3499768
3500948
3500016
3500407
3501226
3501553
3499997
3500802
3499444
3497841
3499951
3501241
3501114
3501826
3500328
3499031
3498960
3501367
3499903
3498040
3499452
3498590
3500561
3500086
3500396
3502618
3501839
3499724
3499927
3499664
3500504
3499416
3499684
3501065
3499192
3502272
3499957
3499486
3501118
3498580
3501574
3498229
3499295
3500496
3500006
3498941
3501146
3499113
3502041
3500336
3498812
3498725
3501243
3500024
3500331
3499296
3499062
3501014
3498776
3501172
3501511
3499506
3500629
3499752
3498596
3498178
3499492
3497995
3498830
3500872
3499230
3499678
3499783
3499059
3500520
3501024
3499460
3499539
3499269
3499264
3499691
3500210
3499851
3500368
3499645
3501160
3501259
3501804
3501422
3500386
3499666
3498780
3499700
3498127
3499772
3500854
3501225
3498161
3500998
3501091
3499607
3498662
3499546
3502499
3500924
3499120
3499589
3499552
3500806
3501779
3499200
3501341
3500297
3498950
3501774
3500515
3500763
3499655
3499773
3501557
3501461
3498268
3499110
3501832
3500178
3501252
3500358
3498702
3501275
3501213
3501089
3502624
3498692
3499167
3498497
3500873
3500992
3500559
3498036
3499630
3500159
3499477
3499189
3501331
3498796
3500956
3497583
3501343
3500252
3497894
3499648
3500371
3499758
3498967
3500747
3500247
3498858
3501602
3500728
3498937
3501800
3498811
3501404
3499040
3499187
3500919
3499256
3499696
3498946
3500459
3502429
3498829
3498159
3502483
3499179
3502591
3501384
3500031
3499111
3501211
3498009
3501824
3499150
3498705
3498800
3498665
3499446
3499357
3498453
3498603
3498724
3501403
3499270
3499757
3499447
3500487
3500047
3501407
3499438
3500445
3500622
3498903
3500222
3500666
3501093
3500995
3499693
3498663
3502397
3499878
3496732
3498728
3499839
3498855
3499574
3501224
3499129
3498764
3501187
3498547
3502316
3500303
3500884
3499606
3498576
3498349
3499967
3500078
3497823
3499753
3499101
3500161
3500793
3499066
3498399
3499344
3501346
3498595
3498819
3501841
3499588
3500154
3500438
3501760
3500401
3499211
3501516
3499980
3500184
3501139
3500931
3498886
3499389
3501182
3501969
3499781
3499123
3498560
3500439
3500236
3498835
3499561
3502358
3500599
3498746
3501642
3500327
3500152
3498978
3501818
3499441
3500577
3500555
3500441
3501191
3503002
3501274
3501573
3501151
3499265
3498297
3501515
3501299
3499259
3502421
3498261
3499544
3499626
3500461
3500717
3500759
3498265
3500033
3501230
3499284
3501199
3498698
3497735
3500495
3500900
3498540
3500618
3500104
3499671
3498617
3502266
3498222
3498739
3499797
3499064
3501171
3500419
3499640
3500518
3501006
3498190
3500847
3498696
3497172
3500506
3498333
3500912
3502258
3500259
3500597
3499943
3498864
3498271
3501144
3498013
3500560
3501494
3501593
3500638
3498876
3501413
3497513
3499380
3498338
3500651
3501620
3499147
3501420
3498358
3500698
3500489
3500947
3499591
3499268
3501492
3500157
3501472
3500736
3498527
3499484
3501102
3499612
3497829
3499637
3499220
3498845
3501232
3499991
3498444
3501978
3500959
3499776
3502345
3501319
3499828
3500356
3498963
3499775
3499188
3500076
3499814
3501361
3500685
3498298
3499620
3501133
3500290
3498926
3502205
3499573
3499922
3502268
3498793
3500277
3500673
3500905
3498823
3498454
3498156
3499570
3501808
3501572
3501321
3500785
3500456
3502286
3501263
3499993
3499391
3501780
3500168
3501632
3498450
3497924
3502165
3501784
3499369
3499629
3501766
3499149
3498883
3500073
3502194
3499668
3501469
3500228
3497854
3499599
3498779
3500815
3498362
3502332
3501079
3498375
3499448
3499100
3502078
3499761
3499012
3500074
3499115
3500580
3498566
3499835
3498711
3500279
3499603
3499854
3498153
3500021
3498233
3500809
3500108
3500739
3502387
3499490
3502581
3500733
3501698
3498107
3499351
3501295
3502145
3498449
3500500
3498889
3499081
3501033
3500181
3501776
3499480
3498689
3501183
3500499
3497912
3498587
3500454
3500323
3499422
3497976
3498435
3499565
3498512
3502115
3500904
3499520
3499917
3499405
3499812
3500658
3499656
3501586
3499989
3499567
3498143
3499595
3499730
3499355
3500018
3498364
3501740
3499554
3499926
3498623
3500364
3500999
3501061
3499738
3499121
3499104
3499065
3500817
3502438
3499955
3499837
3501514
3499948
3500402
3500373
3499905
3502352
3500089
3500760
3498737
3501245
3501654
3502288
3500851
3500122
3500563
3499697
3499051
3500543
3501058
3498954
3501300
3497517
3501353
3501727
3500623
3499662
3500820
3501357
3499103
3500240
3501455
3499681
3500002
3500897
3501303
3499394
3501002
3500404
3498506
3499582
3498514
3499255
3500735
3501128
3498998
3500800
3501017
3502671
3498168
3501607
3499237
3500643
3500177
3499282
3501597
3500040
3500309
3500460
3501158
3500971
3498240
3498820
3499796
3499760
3497352
3499707
3500395
3501066
3500693
3500098
3500524
3499873
3499659
3497130
3499408
3500464
3498426
3498252
3497776
3499298
3498357
3497844
3501170
3500880
3499018
3499723
3500951
3500656
3502035
3497927
3498611
3498905
3500945
3498128
3499961
3500625
3499836
3500478
3498226
3498083
3499682
3501601
3498484
3499462
3498890
3499818
3501059
3500726
3499250
3498651
3501493
3499557
3501400
3500683
3500529
3500155
3498336
3497060
3501747
3499231
3501046
3501650
3497752
3501829
3500882
3499445
3501324
3499876
3499850
3498865
3500366
3499564
3499080
3501036
3500300
3499529
3502398
3501852
3499756
3501219
3501482
3501948
3498002
3499674
3499024
3499455
3499407
3500497
3498218
3501316
3499907
3500939
3500137
3497046
3500413
3502005
3500943
3499186
3499002
3498645
3501552
3498021
3499880
3501012
3497719
3502106
3498758
3498487
3501724
3500600
3497887
3499609
3499568
3501167
3501913
3499397
3502068
3501154
3498147
3501955
3500670
3499736
3499770
3502322
3497529
3502219
3499661
3498520
3500329
3501393
3499464
3498136
3497119
3500648
3502253
3498581
3501506
3502408
3497917
3499015
3497523
3502417
3499128
3502135
3498948
3502405
3498555
3497154
3499252
3499919
3500617
3502350
3498295
3496952
3500025
3499406
3501700
3498545
3499306
3499975
3501751
3498088
3499316
3499427
3502315
3497819
3497992
3499157
3499511
3498761
3499555
3502423
3498863
3499324
3498621
3499718
3499829
3499793
3500264
3500585
3500644
3500535
3501633
3499013
3500915
3499571
3500642
3499562
3500444
3499238
3500398
3498884
3500868
3498533
3499963
3500414
3498502
3500526
3497970
3498659
3499745
3499233
3499069
3497826
3499395
3502010
3502643
3498704
3498991
3498466
3499285
3499877
3497858
3498767
3501813
3501127
3500818
3499347
3500819
3499897
3499889
3498290
3500370
3500525
3499329
3501081
3502113
3501711
3501838
3499029
3501084
3501020
3498774
3500611
3500906
3499579
3499705
3499769
3499097
3498987
3501177
3500095
3501556
3501670
3500071
3499547
3497903
3500420
3498324
3498589
3497872
3499660
3499023
3500069
3499750
3498457
3499378
3499143
3498046
3500199
3498562
3500797
3502364
3501008
3499970
3498335
3499171
3498269
3498499
3501411
3499063
3498894
3502663
3502050
3500645
3500267
3497497
3500572
3498769
3499524
3497940
3500313
3498210
3502127
3498167
3497876
3501570
3500982
3499092
3502199
3498887
3499311
3497967
3498836
3501034
3502180
3501349
3499035
3501761
3500607
3501853
3499172
3500738
3499286
3498661
3500125
3499688
3499246
3498809
3502686
3498491
3500870
3501666
3500102
3497907
3499297
3500796
3498429
3501364
3497467
3498644
3498792
3500568
3501162
3499360
3501524
3499328
3500969
3500705
3502450
3502986
3498699
3500306
3502406
3501409
3501087
3501619
3498169
3503202
3499527
3499163
3499437
3496916
3501145
3499229
3500533
3500689
3502105
3498134
3499289
3499474
3502162
3500590
3499388
3500542
3499382
3502344
3499472
3498116
3502112
3502066
3501937
3501318
3499017
3498114
3500968
3499041
3501435
3499924
3500967
3500834
3499706
3498328
3501768
3498421
3499091
3500205
3501178
3499294
3499136
3500273
3499604
3498008
3499784
3498861
3498732
3499261
3499223
3500674
3500595
3501049
3500778
3501244
3498703
3502837
3500101
3502418
3502060
3501954
3501671
3497669
3501729
3500991
3498984
3498341
3500593
3499864
3498552
3500772
3500754
3498074
3501432
3499222
3499312
3497500
3498020
3498495
3502817
3499457
3500278
3501155
3498759
3500326
3499109
3498066
3502004
3501022
3501214
3502716
3499838
3499795
3499170
3498653
3499004
3498200
3501748
3501329
3499385
3501100
3498964
3498032
3497168
3499461
3498069
3501258
3500361
3497504
3500304
3498888
3498818
3499093
3498537
3501237
3501086
3500394
3500541
3499594
3498248
3501179
3499912
3497659
3499421
3497910
3501500
3502053
3500773
3497297
3498949
3500224
3501485
3501326
3501418
3500036
3501585
3502084
3499942
3498895
3497747
3501579
3501950
3499840
3501192
3500964
3500934
3501531
3500391
3497675
3499138
3498660
3500966
3501052
3499815
3500752
3501396
3498921
3499140
3501190
3498572
3501419
3502265
3502562
3498813
3499732
3500462
3498296
3501833
3501251
3498636
3499996
3498995
3501606
3501068
3499435
3498211
3498675
3500260
3500540
3498517
3501355
3497908
3501788
3501679
3498951
3500634
3498741
3498749
3497550
3500792
3500430
3498208
3498281
3498828
3498286
3498846
3498608
3502227
3502198
3500885
3499348
3498957
3500825
3501952
3499777
3498334
3500881
3499725
3501547
3500615
3500035
3499292
3498059
3499789
3501909
3497933
3498381
3501508
3498935
3500700
3501958
3500508
3501986
3501576
3503427
3498112
3500411
3502539
3499033
3499162
3499985
3499201
3498639
3498095
3500457
3499553
3500766
3500139
3500190
3499715
3501645
3498630
3501725
3498940
3501988
3498343
3499832
3499168
3500980
3500150
3498674
3498373
3501134
3503118
3500466
3498775
3500187
3500836
3498575
3498579
3497580
3500814
3498656
3499132
3501477
3498927
3501959
3501964
3500679
3498619
3497738
3501062
3498518
3498098
3500619
3501882
3501775
3499990
3500156
3501236
3498439
3501720
3501246
3501879
3499371
3499746
3498668
3501510
3499786
3501543
3497070
3501383
3502415
3500276
3502422
3500831
3498451
3497799
3500527
3500741
3499805
3500950
3497807
3497886
3499716
3501229
3500889
3500983
3497420
3501340
3497120
3499468
3498924
3499086
3498882
3498554
3501627
3500100
3502134
3498438
3499156
3501071
3500492
3499181
3501966
3497411
3501831
3501871
3501320
3498383
3501370
3500888
3500981
3502273
3499867
3501277
3498932
3502064
3497662
3497334
3499792
3499057
3501405
3501970
3498642
3497696
3499614
3500761
3499976
3500399
3498615
3500661
3500440
3501406
3500549
3501176
3499695
3502255
3498299
3498944
3497842
3500385
3499287
3501342
3500605
3498584
3502021
3497905
3501011
3497533
3500911
3500096
3498090
3500536
3498768
3502006
3499426
3498806
3501334
3497519
3498934
3501474
3499277
3501103
3500930
3499302
3499766
3501616
3498834
3499047
3501564
3498868
3501993
3500194
3500308
3501702
3497790
3499972
3497528
3500171
3502458
3499866
3498670
3502543
3501809
3502685
3498679
3498727
3497224
3501132
3498901
3498826
3502496
3499239
3498648
3499283
3501368
3501362
3498440
3501467
3498244
3500997
3498908
3499291
3502224
3501773
3501575
3501218
3501834
3501471
3497650
3500781
3500963
3499602
3500546
3497452
3500826
3497621
3501356
3500216
3499979
3500832
3500709
3499925
3501123
3501338
3497632
3498388
3499790
3499874
3499341
3498765
3501589
3501438
3498084
3501793
3500865
3498726
3498598
3499148
3501106
3499331
3499175
3500641
3498164
3498498
3502019
3502310
3503401
3500351
3498068
3500949
3498647
3499914
3498721
3499243
3498643
3501735
3496824
3501755
3498766
3498475
3499325
3501307
3502079
3501281
3501956
3502221
3500635
3500106
3500718
3501113
3497324
3498468
3500663
3500057
3501414
3502294
3498650
3500667
3501444
3501070
3497725
3501385
3499734
3499923
3502179
3502211
3502108
3501009
3498898
3500734
3499576
3500553
3500015
3498288
3498202
3498839
3500042
3501000
3497199
3503175
3501359
3498478
3500838
3502466
3501673
3500857
3500296
3501489
