1577015
786124
5798797
1677408
1215228
3893701
2171492
3463619
6077686
522844
5004474
1326590
6015734
6913580
5281449
5118964
4449593
6427373
3271605
4935060
3625960
3722183
3763661
961335
6171194
480884
2779237
2125016
1213774
3052388
2443675
6769776
4976327
4539735
4801870
6470731
2946838
1847700
5881871
3911180
2094173
3343917
3515429
6629381
2644689
5953898
5529696
1604368
3632849
893037
6667085
6554017
4159776
5956570
5981660
5775821
1308024
6939879
4789080
3585846
1450809
3122664
3377000
4913044
6311215
2061919
4800505
2441733
4294784
72910
4414380
4598118
988143
368537
5275339
1952125
1936322
640787
3239675
4835633
6131144
976059
6296826
5446617
352804
5562798
454205
6151302
5227230
4930949
2392518
1367637
1978495
6683144
6719964
5960725
977113
738462
2446990
4872963
965317
5819699
911641
3446298
3328154
1616313
5365859
6383032
5958437
2393294
1246867
1640970
4098983
2420269
5901739
2487732
1248744
1258122
2879680
6912952
1869697
2137464
6611079
3922455
3447399
2011146
6584203
1421927
6677377
4438848
505876
5249730
6582224
4686801
5642395
1761102
5353820
1794406
5019491
3767885
6967635
5968888
800705
3338485
6362381
6116021
6961620
1456173
6054213
1772321
492361
6597675
3363256
6073123
1746045
826305
1557735
5076323
141726
1278232
2753852
4019010
690984
2243695
6941484
6143518
3605051
4203904
5573141
6051346
2543797
3825336
3285202
5738082
6146661
5284034
6536805
4521284
1756247
4957513
3274215
6221608
6651363
4141318
4493078
1211818
3507376
4044777
1941694
376206
4154822
5407489
6784835
2609500
4878903
6084414
1763613
5418615
268732
4150502
2629729
4435323
941146
5692893
171326
6553835
1286429
237444
4171102
6461062
3769889
2597690
5442488
6835365
3788490
931222
5608794
3398157
1844237
2074549
6156462
6172837
5977672
1507166
5849599
6166149
742244
5279060
1358354
4840323
2188481
6948676
19277
1355436
1182299
2291928
6629696
2175122
6718689
3075252
3712474
3606576
3508378
3319654
859178
1732698
2016011
1565982
2494580
4222166
5911334
4174105
1094034
2708113
5033061
4651774
6847870
6819842
5874829
2770766
4284142
6982028
6037732
2324080
1502641
4382208
3194893
3085287
1428700
2080814
5990139
366851
3038791
5936185
1944041
3136348
1200291
3970762
5933949
5226191
5460492
974544
6721763
6055339
1302916
6642806
1074084
5780834
6732499
4088315
1729470
2674219
2816113
4010427
1249739
3312637
6678010
2217920
4175948
4084203
3230290
3189386
4419969
116087
2553067
6290417
4123875
1989886
2255336
573256
6348066
1832999
2353662
2287666
6803998
5068328
836800
2409587
6309114
3036204
618391
6837254
5319288
6465936
1066082
4823647
5033860
2764837
1914157
2741910
89644
3097646
5403413
4178223
3913622
3442254
4318821
270158
258708
2634203
596017
5967901
625951
6328318
927757
4234248
3527371
4825312
2593989
43186
3517455
681235
6232186
4855218
1597942
4635811
4167300
6685327
6743959
1712450
2585701
4561469
3095219
1243861
3183362
1541655
4843398
3345594
5581849
1712670
6304731
3562442
3730187
2998952
2073144
4333357
3227132
2915142
5402328
5802151
1014614
3629940
2020527
5177815
73345
1272910
2976148
6152598
1778566
6923715
2043478
6767242
1644674
5748413
6778738
6823610
3357256
420925
3609263
4134988
3660617
4120602
2983600
494895
5064976
1958154
3668775
877263
4039208
6413188
1790079
2365801
2337966
4891399
2538769
2037600
5767503
1568777
1518809
6656268
5707539
4344255
6366798
4153562
3545588
4913990
3138350
1344862
6382748
4152247
4998855
4337911
1266572
1508379
2451435
5698475
5705021
929792
3868083
963023
6927871
6628093
6521958
3621740
6345782
985303
5793855
6317503
5186079
6848956
64600
5284630
4101583
4801008
1778866
5993128
6027427
3969900
1533797
2150486
4069381
1302525
1444800
5023473
3399304
1754916
5478811
4862942
4433761
5215173
6619001
5766316
6299238
3021375
3211164
4344633
5531166
6862164
3351333
5382969
1282867
1865002
3431153
5738822
4745945
3502472
3356202
6353558
1947854
666778
2036231
6096284
2937297
6460801
5019287
6291874
1941769
2304539
3358017
4932998
4218433
1953112
5523545
1229833
3919153
6390390
5204565
76645
124352
5174217
3274572
2575465
1537013
6872700
988055
2073370
3160218
3271726
3488483
1248196
1027028
4082674
3622778
2736567
5848850
6813540
3966314
6657609
6735661
2147521
4554624
2271062
4079592
4552793
988327
3311535
3071392
872965
4542005
6399816
294785
3378893
4569558
3376057
523635
664013
901930
3693946
3766314
1805926
6665755
3193730
1269630
2335481
4406404
6401896
1038750
5698848
3548554
6523093
3856671
5948592
2047824
3704457
3479732
6140566
654763
2647186
4818130
2066722
6718267
865745
1990162
498621
1031968
5747681
3105787
6491507
4138998
2400190
2565720
609807
6924459
6789984
1908413
490269
6729892
5829275
6234450
3789549
2847874
3232735
5151759
4890233
5960686
6588870
5036720
1218591
114260
2844712
1910297
3305531
1590402
6654197
2078007
1170173
1872253
4553489
6955573
2807839
164414
4612430
2136222
2667168
6832711
1330081
632182
792570
1805718
1752871
5684085
4796601
1934374
1534200
299183
5024122
4524324
2117187
167701
6208855
2503182
5304472
5187109
3918509
2574396
1349578
4680167
6657802
2933649
3381912
1334238
2524716
6847713
6486127
3805716
2368382
4075311
5074520
1447978
5133050
2091330
5273791
3633519
5461923
4155680
4500055
4126984
223866
18905
3662644
2119804
2536103
5312018
85060
6706958
62273
3300094
629185
5322367
6744712
941006
1105857
2855050
1239928
6162892
2487147
5922041
3325786
577767
6584162
3543932
4527259
996849
5038885
5393364
4419819
4285116
2137031
6804455
5992609
6638545
5526091
3712802
922966
6853778
4487262
5276876
2674426
5298510
149799
783205
6600784
3361208
6877500
837385
1617846
6775808
2039343
313083
3019484
4478598
5890477
630451
1996682
257589
4703014
3547697
1662016
5084235
4837694
4279657
5920871
4344038
2748356
1718235
5807104
6579835
6003386
1398748
3191726
2525167
1092624
4975145
2611354
5265335
3217333
697491
6385241
4296131
6077150
4790372
3717627
4536914
6052920
5028994
4977267
6929374
450389
2824198
5665289
5889786
6054209
395078
6320737
1163155
6166292
3073281
507194
57935
2872109
3204634
2166021
2508995
4998966
1387426
7953
6950540
3508281
6144615
6182305
6812619
3666326
5612272
343474
4608746
3891995
2474328
1927521
4878002
4434576
5107186
1748288
2459926
4528057
2905110
3182499
2918719
3700649
1856251
5628918
906761
6338172
4512943
674376
5957484
4952480
5869412
1034873
321218
610560
6779186
1904787
6432325
6866131
5523272
1590912
6816822
4008918
1476283
194413
6377007
6533385
4626433
4223660
1771531
947697
6996646
2149117
6586114
2952673
3530515
4264925
3506307
5917591
4474196
858089
6020817
2461060
4162825
422589
715617
2515661
4964347
573524
122843
1644940
1287234
5322267
2344195
2449780
2933340
6760229
4739136
4625887
5693952
1044697
3024946
4172717
452089
4573232
3423671
252474
6286265
1023025
5604976
2159798
4816595
6731510
1591387
4315242
2703105
2752289
618504
3230630
4832661
6904194
3142587
2554782
2367337
3876176
1450587
2165093
1700776
801096
1875123
4125053
2482194
5331424
3974258
6394318
2781272
1280274
1428167
2825514
4626776
5554721
4288188
4620060
3486272
6146093
5856434
851008
6253945
5749120
1101299
4347790
1007346
1697920
1029195
1877449
5564374
3988108
21720
1810926
6832426
6833495
950025
102797
2431047
5432324
5163687
3937447
4031351
2357011
684747
5488927
1049555
4229653
5378541
2541542
957461
1548038
3599436
89478
2685366
3795243
4106966
3193428
4277178
2639294
2980904
5032148
158464
909924
4149575
3041595
1887361
6576482
404207
3876977
4350106
3847265
391273
6354603
4351913
6451961
1341379
5968361
4575172
2602093
2850380
3395435
3247978
4666040
4432344
6649406
5845823
6653892
557907
6864462
4454610
444674
4390426
4746161
6937250
3015500
3082935
1456644
5050966
2220686
501946
2123314
2996021
5837752
5047971
2929138
3105443
1812674
5017069
2485754
6868106
4135909
4633714
1343333
5321313
4214785
4229343
5050704
4238527
2435670
2095016
3545474
425040
5342405
3142510
6376446
1415303
2050586
3862274
3257229
5264507
782855
6845483
3492652
2505262
2529295
1891861
3556376
4128977
3073766
6229533
1426000
6542672
1260736
4431236
1548448
6303071
5395677
2672476
4497130
2033147
379913
3536324
1542047
6910649
6734021
1383455
6623364
6015636
5805977
5440960
2306433
1486968
23292
4527229
6090684
2514917
959635
5031660
4709432
852196
4247027
6846304
2379262
5804262
4818004
3771080
6118196
5052840
5355880
5021394
2301806
5898061
596465
6997499
4900132
3898699
3359855
4282552
6334433
3873537
6347541
1220889
1749510
6543134
6035649
6744572
1939852
2532041
2434749
5000505
3757855
1147240
1690196
5952483
4465073
384424
4697205
5745046
4539237
3975311
6083097
6861912
5386131
1206351
5142530
1448071
3281939
2801983
5824836
1001170
3471634
1224303
864395
3406212
2828166
3218991
1405266
755674
5907555
6494725
5818684
1646093
1072393
2887970
2056225
3472285
4494355
6941289
5623381
2383288
6413538
2525154
6381548
5489523
4322622
1278907
4001423
2098335
3993167
1019479
1364589
5388677
1759213
98545
5660751
6847513
3341653
4282874
2356592
4187506
1608277
4344881
4018837
2865254
3553603
1069714
6495247
3648129
2513925
4587102
6890869
4809919
3532348
2667703
235730
4875334
5790014
2330387
856329
6037017
274998
2421374
5035646
1109529
4104786
4515781
636516
4263817
6615981
5991206
5029505
3110978
6981649
3108600
3304253
119789
448162
768499
4752667
4985476
3140174
3500316
5196855
2713735
2181331
2307321
3178619
6308060
5091615
5905016
6859874
2500630
290506
5241775
3870500
4425378
3126985
2748512
5583967
2022236
2750373
6278184
1450468
1615593
4255116
1294000
6793260
1785981
5406755
3862783
2794106
268663
4795503
3879485
496984
1266793
1012976
1852559
3780175
267099
1053803
5601033
4702776
6895765
2703800
2551211
1001304
5763360
3685263
2955284
2670926
4058058
3015018
6763801
5385216
1557279
2327035
4782379
584816
6432252
339885
1259809
6107078
3331120
1733228
765593
1798810
3352109
4453241
4696690
2146618
2439735
164034
526411
1055686
2678680
3102028
713961
940420
6057469
4935264
1992065
341597
324395
4419571
5969275
6780107
1547062
4030325
5887480
3111104
3443671
661760
6770905
188717
2182840
4337193
2283376
3666890
5852342
3261326
3885244
3045315
1453933
6268143
4672981
5526748
4982609
1201699
1072698
6018747
2637835
2866239
5385600
3360308
4006629
5519798
6236343
4881501
5992853
5622005
6722675
4648953
3438652
3630743
4520310
5698709
1086387
5220088
6112809
4816348
253844
6183744
4513550
1728080
4751739
155817
742053
2457727
6009650
5783847
322319
1809033
6887523
6947703
5841661
2269342
829148
235321
3138105
2662076
4456660
356502
641982
5959548
6365928
3489001
2097386
363819
3621384
2072760
5453709
1892389
6241703
4294205
4341628
2993992
2679967
2918811
6644255
6651593
711681
574618
4976885
1713464
140740
4294786
171913
5225733
3745206
3170645
5787326
6099040
3400827
5059760
484551
4567353
4045105
6780550
3666759
2121093
910826
2889118
3371807
408413
2179320
4187151
1415596
3569824
5704076
2299507
6463152
2872745
4792993
5223853
4057840
6764091
4933397
3878833
1621518
3685239
270206
6778208
6587577
145862
3029650
2518717
3989651
3669626
1599641
633867
4963886
2152882
902775
6601059
2038260
2182557
5581349
6624810
6063610
1806956
2982185
727785
2480181
2942745
1437615
6904596
1682222
1313608
938280
106121
2279967
1751973
4603481
168029
4253004
5960513
6043649
100835
1126903
2945188
984054
6493968
5544157
1816516
1806934
6790160
2020349
3565105
6258747
5066837
6545960
3132713
2774398
5298522
4501771
4195827
1219428
108285
3300210
224898
1538700
1192077
1798720
2315575
5587968
94929
569715
6218121
3692667
3161177
3900042
3852878
6126631
2545379
5342359
4216201
6015584
6144190
363484
1282396
803118
2536400
3928438
3451390
5935694
694109
2979213
2428757
1391907
2769453
2888977
739039
4022256
1357319
153059
6451511
2490640
5504156
4540416
4155844
5699278
1530344
5190857
4078600
5862116
2845079
5182012
2096440
6641253
2483624
5684
2468431
5162417
4095765
2909071
113554
3971399
2636958
4899428
2119139
1959313
765565
4367962
5558915
4752451
3780016
3075935
1804154
5019839
4287342
5572414
3057254
3524286
2585034
2320509
5539421
3585704
4381851
1150765
5054036
2268351
6782065
2524770
903808
6135635
4931037
5330701
1137412
320122
781279
6899756
1033020
1811056
2975971
4520293
4563749
6722960
4950603
743582
6193855
5221191
3806272
2835304
6095977
4071905
6752327
3890965
6765204
277304
2130017
3563322
4552709
3483618
4580166
6339961
6484575
272074
5529148
4380216
5639530
2958668
5150905
3036517
6964968
2973322
4857961
712458
2812795
1571985
52098
2539736
4805742
6142965
6443798
1885160
1814975
4521755
6901756
2406387
4414919
6535492
5485410
5588557
5871896
6526293
3676846
5626127
6900151
5292161
3424981
6421271
6912634
727602
1289179
1716993
700288
4365794
1025131
2885994
3179652
1520350
1493238
5617696
5869425
4594568
2597113
2214030
2721108
6512797
2048715
4894639
5458700
6100282
5868330
497582
1271292
1253736
4270721
2745052
3841658
5609261
6517323
2526043
5386428
4683112
3052269
3263560
5425867
6486028
3713390
5767230
2085452
5761671
4878368
870587
1538609
4180503
4758208
2218883
5600357
5297276
140659
1158378
136334
4686813
5099190
2171576
6208563
3825348
6097501
6942826
3593470
5520390
5864386
6682176
6596202
5093601
746082
2175606
603026
1981564
5430598
1669846
4145158
2667024
2996312
6427015
3655004
2622129
4553681
1840611
1146637
1488863
5998072
5681049
1506373
4488540
1642751
1084668
3737344
3751121
6107982
5225039
5911884
5602839
2139659
5313724
2000583
3173765
3595616
4281558
6170958
2558970
6604147
4777407
1835038
1372100
5776856
2564897
6422575
1291861
1243628
2863174
6636261
5872929
193466
4825750
2556683
3297965
3147086
6835081
4327175
6558449
5006284
3764863
2556444
5111838
4236234
5019321
4826748
4739678
1554050
4084181
1201801
473818
2893974
4099888
5856818
6331644
4543612
6466682
2293014
1513429
6268995
994208
2318731
2324863
4467596
4211845
4852927
613714
2932441
1160995
911147
2547842
6915962
3129999
6756819
2478119
3846133
2617116
627810
1428657
3093033
1295178
5889318
4661581
6711731
1301614
3337594
5495593
451897
6800132
6582010
675411
3511753
453747
711440
398981
6418279
2335946
236186
1741010
3914728
4801708
1119032
5310436
6836211
2002416
3422260
4972548
2537525
38657
5091573
2389021
6580653
4042197
4685336
5626253
4764153
806707
2810005
3473117
3000021
1717596
2881378
2178904
3893237
3859426
6799676
2181999
1859721
3665032
2376953
5688676
6987609
602211
5640788
2796561
4397766
4147588
5235055
4289190
4161882
6918266
3212370
2234070
4069174
6003358
5589137
138904
6162593
384473
993422
1466504
3096053
5380787
4284589
5512622
4879881
5252319
5201978
882363
3565501
5412180
2922615
4704816
3139180
207785
5451498
3720123
5371137
6799463
2258523
2491566
2861160
3697925
1736544
6620531
5830958
3776787
3896996
2145679
5668910
5652883
4711044
3010189
4809168
3850718
723608
1238354
6580459
5365720
1981666
2122199
3027011
1941723
652033
525054
4093855
4058082
160552
3258460
548814
2506764
4258260
860802
5384060
6127803
1115660
960700
5496503
783109
3765844
6411044
3302301
1249981
268261
6150210
4424033
5542400
3189188
2013959
4554539
3594678
5445797
92801
1512003
2216199
5301875
2570820
3457502
1771053
4304800
4601152
3839507
4498067
1507683
3995144
4546926
435547
5334465
5396231
5862257
3059582
1102459
2542079
4822378
5901453
6636317
6577316
3539596
4175862
3340649
6037473
1710706
4175364
1752032
6381380
4652053
3952666
6475089
3638983
5910742
2506894
4028561
293514
831311
4504057
5400561
5792877
6031295
3134405
3226748
5337824
3420311
1894041
3551257
1145036
4537546
5201410
678636
4189340
3326107
5482729
5573623
5387050
5771431
4466769
3611825
5769356
5817919
6872059
6482889
2281965
485143
1473910
4539680
3802929
2274596
725599
5411764
5396891
5420327
1156555
35066
3262789
5004050
6245123
6920092
2679488
5134744
3861031
3872069
2461363
2401006
5610650
951264
2107214
4012668
2613151
3755452
4215532
5005561
2404100
4767075
233603
6776333
2953775
473009
44659
1347587
6460659
5794960
1722081
6355487
4198290
218842
1683605
2388124
3025475
3569332
2870009
4555860
997436
2794917
1288901
5683993
6484171
353908
2323597
4089876
4038585
587667
5506080
4045141
6170884
1719155
833734
1097529
782198
4453492
4324508
3794755
4732734
4880118
2266523
1776977
3315731
6678818
3946597
5344697
1226897
4284185
2395311
6695252
2196100
5081814
1872286
851761
1667425
1635358
442033
5591439
6563736
490329
1107975
805289
1548630
1014979
5835155
1443307
4523061
3830413
4295951
3865630
6245834
1455497
1639882
4570994
6101057
3065099
345014
3600098
1509870
6906284
1763745
606891
1482710
5725188
2800026
5652619
5764113
2264298
5902734
297047
3992265
6680767
1260667
6363291
4406943
3487380
1100149
264861
2134704
826920
240027
6662366
5762546
3186760
1084263
5168140
754383
2703725
1592348
4377267
3629706
5810986
956123
2849409
6712977
6864117
5271705
5332771
3574275
3903786
5979114
2712192
3175691
4804815
3098972
2139127
3398829
5840216
1491182
3679234
3878689
3001756
6200548
4368647
5388200
435228
1665672
3258251
6175189
6729019
3195238
571173
2110755
1892381
5455137
6999401
3193940
827897
165133
2986485
903602
1127619
5016419
5005325
4296874
685537
6416591
32871
894491
4974736
4179173
4138183
4837455
5200131
4006112
1593830
4120154
4130828
4789346
5495082
6103472
2014585
4967717
1795660
2629769
6754918
4342324
6471399
1441719
6508297
5269274
4347743
3423007
769299
5731855
2989696
3748218
5054837
3413070
5273226
4469192
1411062
5212838
2871682
1652516
5381578
1816487
4091080
6909924
3153833
4446571
3789420
6998656
5411805
5334151
5088303
1560022
974922
298502
3518889
2303858
3923083
4145012
4652717
2635197
3848019
2930072
2427146
1043404
1701091
2058618
1797418
172725
2351347
788140
4435445
1756387
4037291
4555612
5923737
5764052
2298239
4465338
3594375
5010024
1091523
4492896
4015857
621992
2898
6089301
1202802
2009042
4803704
6304140
6411942
522343
4835582
4368999
2880931
5547015
3105386
3061560
2147470
163609
428422
6361580
330865
3841470
5144282
5527639
2350544
1970182
5991205
3693693
3577634
4646179
4051514
1677651
4878985
5580937
4632522
4953365
5224595
2094745
5180517
325141
4944603
6732053
2227453
530859
1397434
2330825
4038406
5306360
5511453
4628312
2080578
4181814
5543793
12122
1697476
5897513
6587714
1010978
5862736
943421
2116350
907396
840751
1717096
2798157
5916564
6430912
3286225
5408753
5968395
3751398
4889361
6764964
4799900
1920317
6182341
3452531
4576404
6786200
5740120
4607140
5346654
6404601
1040390
4565402
3696425
2313003
5190966
442621
2136689
4684402
679442
2286312
2848606
4178040
2853151
456365
4483828
329220
2691090
728132
2055011
426865
664871
1321013
1332689
4732859
2286001
3012951
6569564
700384
4273909
4105725
1305318
5377656
3294716
3024244
3852489
6112044
6369226
4994140
149870
4181265
1096158
6359154
5978840
2461240
6774240
1602665
4163797
51508
212354
2939435
5266076
1686857
5046058
4513330
729145
266032
4459500
2905993
52039
2172157
2959160
5330900
2965755
6620741
3305938
1791447
508594
6379427
6151473
6363798
3030373
1203828
3488678
2674589
1327927
6358242
4653027
1742603
6098895
4623257
2135755
6984599
6497509
1011979
4545595
5674727
6281885
5625706
2215290
5617221
4011164
5743023
194904
1638137
4995127
261405
5307445
11152
3365971
1672816
4257679
2258080
1893724
3690914
1925764
3977372
2289266
1548969
2508985
1523540
3914405
5354468
4964293
3698730
1802821
324845
6681240
3955178
2882607
4340661
291668
701179
1367434
6821513
1231007
6959663
5281304
6253926
6221477
1627881
1848879
760044
5642085
6397729
4474650
3240760
3332628
1050267
3748482
6805621
3282797
762727
5437320
1768316
6952448
6579610
3569401
3567845
1642610
3690032
3610261
3933585
2866650
4738484
5887221
2850299
4309439
3925912
6446074
6826790
5420952
4931067
4335641
5202976
6187611
6625298
1048565
1567396
4484102
4009123
908771
6288552
3688944
6425663
184378
2235525
3798052
6667476
6756930
5763347
3387101
994109
1520710
1415988
6467083
2210925
147155
859112
4918570
1832744
329810
1563736
6877307
1700648
3974144
6847997
3072730
37473
5474933
2184289
2697570
4689684
3904436
2627114
6453275
4111038
239306
3666848
46144
2150740
3760689
2971893
935289
1905564
3806452
84705
4602657
5620217
5997972
5050381
3299544
6275073
3450825
6410547
3164801
5647570
366013
845643
4339928
6597212
3695063
2111936
1696877
5237639
2036109
5428997
1909466
5770900
479554
4111100
6451966
2100981
5161884
6577824
5829617
4257830
6864107
5866413
1104118
3821130
156814
1572024
1289869
6805522
6506372
5907980
1095982
6943847
2832612
3694937
1309869
6141541
2279164
4227196
1344884
6317236
3747319
1543355
1593342
6197373
4272663
6272100
5235277
1019882
1000782
6814609
6225041
1011920
1267219
6056876
3881879
6512059
3459358
5593187
3926760
1411566
5830517
5226614
2139878
5784619
1364660
1470377
2701408
2256626
2215238
5541836
5027499
6694571
5759341
866303
1566431
6880258
2945783
19245
3366510
1165477
1831840
3331909
3822101
4051781
389680
4684638
2202236
2872595
2586449
5599557
1464677
5741262
5986871
5865930
1288853
6731577
250526
1080778
1686267
1240854
1953975
899361
1468526
3674488
424485
4952608
948204
4603152
6944969
4663749
6743437
2074963
1982154
3061452
6154534
4223543
1873150
3285274
6537122
5174142
4091018
5976212
4844688
6154768
1656177
3182369
982426
6859313
5582171
829391
1926385
403565
6742117
5780050
3308095
3642063
6917173
6416344
5810229
693383
1844698
4593286
4831295
2208712
772495
3569639
1052419
90595
100722
5122430
6751901
1277481
4807507
3791443
575963
4993544
1232495
5794431
1291644
3411240
4430265
2497477
5181906
5288342
2247588
408672
4516250
4526781
242872
3984799
3073924
272203
2758304
551280
3945060
5908515
1249697
3615867
4753634
4797842
3871840
3982884
3984026
4984215
2594801
6655654
2915270
5454884
273212
2928630
3965452
4134502
5878419
621798
4575887
5584757
3510740
385630
1053356
927240
5569834
2631789
6241720
2400832
5897289
1502580
1894624
2645837
3854016
3588218
6444945
4722873
1698544
2841666
6494425
339900
975240
520446
6908493
3316573
6432808
2183175
340418
5673429
216475
145865
4729035
2987431
5995301
5363031
2179725
6706561
1984474
4261768
2403984
2788723
2796795
857556
1687561
1663082
1275013
4728816
667117
548080
2893225
2027736
1402484
965243
1466440
494909
6782395
6237241
1980683
5570684
2452417
1821566
4600524
1496345
6877443
3402036
653695
1126969
1908492
2532764
5742497
2454979
1945187
6824284
6756701
2492577
1394386
4547037
4596977
4436826
2181194
2044779
3957520
4835038
3723381
4906168
1850422
6233148
94976
3614997
5832028
44061
1895241
4192905
3757979
4276229
2739250
5389792
3005743
6616932
3034770
916781
4879374
3726263
2309171
2964747
458182
3413931
1280048
1799047
3916197
4534401
630656
167880
3819265
3669981
6218176
6250043
4397092
2258713
951101
6373739
1941523
4215848
3360692
5578558
2007131
3918295
6746295
4449619
2655021
1979803
2121172
2688438
6167748
5267141
2720597
5409341
5140855
2563970
6278318
6436480
1495878
4623135
467260
5679193
124172
2201040
1252812
1427248
2230586
1266465
2894358
3688366
6936985
6072907
1843234
1572865
501943
6267379
4001523
2454978
1446480
5049143
1487369
4495499
5331939
4110065
2497963
5942312
2216763
6765174
5175169
2733930
1130085
5676485
123152
816516
2336555
1296528
747598
5438883
604319
204944
3481454
2792047
5276860
5608771
745685
5550322
1808835
4040809
4304551
2108998
2155481
5403714
1626960
3308975
87740
3593430
1442346
5372711
4876438
3347981
6834312
6288782
6087829
1753997
5612657
1124928
3386769
5149687
6176503
2441613
2986463
2843070
588539
2209530
1099788
4685240
6071208
1865667
4917979
6602404
5853597
1636315
3850374
6852407
6160784
1565859
295845
2643486
3807212
5801065
4464058
4162175
6039869
5724531
6930254
1160928
4074724
5107048
3314907
5509062
1667278
1898694
6615777
2596331
4947477
6204115
4808369
5773706
2482086
6525306
4779818
4150731
3853264
1569256
4408604
546171
95054
2071778
5671251
3646317
6481457
1731206
2383575
6998801
2902355
5427304
993102
1088129
4842153
6323551
1429659
1978651
1389877
3786770
3737393
2658597
1379762
1998378
4620243
5509760
3475152
3930945
274814
3112047
5656185
3622911
4597249
6420899
5101124
2553256
1737797
2804374
6216679
2944022
6700006
4094440
1532585
4969718
5673632
5796075
588904
1148875
734774
669789
6385802
4042388
5021409
3214134
488853
6847590
1113819
5428345
6997811
3835200
5002297
2487152
2483090
337405
3184994
1357770
407459
2289115
6073730
5157443
4702996
4751488
4025313
6089354
2813576
6951862
2975544
509045
6005093
6918208
5791555
1548650
6433118
2606053
6934517
273363
929298
2553610
5127774
2387152
6377470
6253947
891882
1813862
5958975
557271
1954513
2410165
2163786
1669152
2039360
6565681
3256486
5150302
4765814
4426877
2578513
1054205
4588695
2180758
3419795
5524451
1517869
1656371
2300985
1181856
3197595
6789792
1653957
5510615
2928896
3125611
1387142
36236
3266701
4205778
2769742
6923955
113792
2582477
4245113
5086313
3896376
4594498
5285925
2386374
810123
3014242
410830
6114945
1109871
6753037
1806662
357793
6825326
2123062
6736253
1266848
4387101
398447
4737299
3909125
6500102
1706943
6513237
3564317
3923182
6691904
5629643
6265090
3493096
874026
2267712
4640996
4744717
2525720
3277982
753341
92338
5087544
6988024
6451560
644886
1853477
1609110
5032730
1494625
215233
1959644
6606438
1139500
4293124
6794380
6627371
331754
3010223
6694944
6311077
6569961
2526141
2441005
330668
1421982
1563391
113873
6604442
5861557
6738916
1457580
3559531
5514490
4063943
166558
301981
802620
2795434
6672888
905494
5953907
733764
5212954
6589632
6124192
5859146
2812062
4986034
1262195
6932232
6529283
3523688
5300018
3263054
3313309
3582456
111031
5617793
6172793
5602814
5348652
6611588
1226886
6615692
2178467
1898996
1467473
3658158
4804469
6801789
4925822
3109350
4447321
3062743
1259263
975004
2875222
3136229
20439
1646878
3813150
6664232
3913797
2350882
2354084
6561337
710439
5546120
2469090
3207522
3827621
3340372
1256688
5472929
5013731
6272789
1556878
606092
938645
5193702
5789511
2996849
1106832
6945770
1709612
1286913
5481531
860854
4449637
2451057
6384349
6783469
6268251
4411393
3730821
371519
4540991
3953871
673357
2690189
3114590
5227981
2504411
4474263
5846314
4238296
1935369
1948143
6941012
2661962
2616352
853821
3777876
4314400
6866786
4690140
1992211
819459
4799969
3477126
2365735
3121830
3303523
3905940
1020209
6584621
651728
1187012
2741647
6020892
4848509
3585503
3840482
3264214
3309365
5817405
4859726
632156
4719924
293764
4041564
3008760
1591111
3037772
706638
3512478
6546524
2778387
5396000
2371512
4537845
1777256
723114
5578966
4642025
1812103
783527
4904476
404182
412613
6107903
6936254
5639484
4645798
800971
2100900
5817119
5208128
3699548
171581
1247164
6895194
2464729
3078620
6272838
887399
5956375
2132086
2771535
4959494
594091
2569569
4618867
87800
2045088
6187336
3406362
983534
6819379
4559694
949159
2625845
2822977
4877349
6412807
3478873
2785891
4720862
4663773
5431047
917661
3917437
4804517
3795018
1733496
3947940
1553928
3940943
4717946
730428
1785223
4487194
2879102
585838
515963
100640
6441876
4059286
3221967
4548957
3152642
6685150
6898941
1625266
1323808
1747225
2987264
3627737
475961
1349040
4618505
4066534
1050003
1832643
3781120
2088646
6790633
5442572
4809858
394631
4346421
4892718
5530547
5235223
3529747
5491091
2544815
6994658
2171888
2140301
2671699
173854
2574059
215541
154307
5676959
2962820
6180873
4249122
5168672
3328475
2736951
5377278
4867631
4287354
2046190
6485973
1700458
4198465
2604508
1838586
4418315
2026944
1556390
4514263
1253583
5434999
4324351
1201851
2608794
6039576
6107122
350673
4427549
5393176
1565916
4252555
3633054
3783181
1992151
280199
1988313
5150932
6134862
458649
70201
6511575
3635689
307669
1235777
132067
5159777
2389127
2257610
4275758
5332429
496123
4247550
2377973
4345997
4410651
1382470
2551020
4730708
6610766
2951455
