1497611
1495051
1505332
1497506
1496249
1503880
1499325
1500460
1501656
1497717
1496139
1497748
1501267
1498307
1495788
1499498
1500781
1504342
1497976
1499999
1496467
1499920
1494989
1503524
1501384
1501541
1500349
1498072
1498082
1503148
1500315
1498807
1497411
1499992
1497325
1495844
1497628
1503655
1504759
1506429
1497274
1500504
1498390
1500531
1502923
1501195
1500322
1497005
1501373
1496488
1499830
1502244
1494929
1503776
1497639
1502524
1506113
1502866
1498502
1500541
1498327
1498678
1497871
1496311
1495500
1502669
1507150
1497392
1498111
1500648
1498332
1501269
1503563
1497507
1499197
1497425
1497133
1495060
1500341
1498786
1499585
1498212
1497112
1505611
1498979
1502851
1500952
1503170
1495921
1495285
1500011
1499131
1501149
1504201
1500979
1500293
1498650
1495849
1504930
1497953
1496890
1500405
1499362
1496917
1505260
1496592
1496105
1499768
1500700
1501317
1499961
1501755
1503181
1503283
1504584
1497719
1501180
1502877
1502407
1499977
1497137
1502924
1499304
1499060
1501002
1497623
1501975
1503844
1504437
1503791
1502981
1498973
1496629
1497324
1496557
1497104
1503923
1496489
1498328
1499099
1497249
1500958
1502856
1500439
1501987
1501400
1497941
1502211
1496190
1501501
1501957
1499998
1498832
1500240
1505751
1498125
1496664
1497016
1498330
1501020
1494499
1498244
1501381
1496499
1500957
1500470
1500892
1502675
1498342
1497394
1501845
1499824
1498148
1499587
1501000
1502532
1502744
1497344
1499817
1496243
1498749
1501734
1498759
1499507
1499218
1503670
1497337
1501592
1499250
1499497
1502952
1500612
1498094
1498359
1503540
1502564
1495945
1495199
1497995
1495864
1501590
1501559
1503175
1499063
1496357
1503122
1502368
1502888
1503384
1495742
1500306
1497931
1501927
1505005
1496451
1501685
1499204
1499162
1496248
1499039
1497236
1497660
1503469
1499603
1498716
1503402
1502901
1499273
1496371
1501318
1498854
1494216
1494710
1503198
1500897
1508040
1500944
1500955
1500375
1494537
1498006
1493716
1504289
1504824
1499737
1498450
1495902
1501131
1499134
1504832
1502335
1500939
1493691
1503179
1498568
1496905
1498030
1502004
1498919
1498746
1498497
1497582
1501343
1497504
1502938
1496410
1501923
1499944
1494490
1497929
1505211
1501737
1497839
1503286
1499481
1499246
1503355
1499438
1500026
1499462
1496238
1505347
1503917
1498676
1498824
1496800
1499088
1496719
1500070
1504013
1501396
1500930
1502370
1507016
1503458
1499219
1504370
1498304
1493894
1501703
1502152
1502251
1505232
1503736
1503700
1496621
1498078
1498698
1494521
1500301
1499960
1497498
1504978
1495478
1496026
1501836
1494047
1504220
1501843
1500188
1499991
1503760
1496064
1497450
1503414
1501280
1492045
1496204
1497675
1502132
1501427
1503220
1495719
1498711
1499673
1500876
1504988
1501796
1501011
1499173
1501901
1503599
1500448
1498736
1503747
1502853
1504031
1497271
1501891
1501032
1501950
1502652
1505974
1501869
1501173
1498898
1496968
1502163
1503394
1502592
1500694
1500574
1498056
1501578
1503882
1495775
1503093
1500980
1503079
1500633
1496440
1498615
1503749
1498941
1503976
1501375
1501005
1497553
1505068
1497489
1499424
1497758
1501596
1496498
1498826
1501438
1500399
1505047
1497599
1502945
1502707
1500442
1498963
1501345
1500178
1497138
1503696
1506385
1503588
1506679
1500653
1497994
1495863
1501647
1504521
1500691
1503206
1499749
1502896
1501363
1499130
1494446
1495275
1503375
1502158
1500061
1498690
1501732
1501849
1498522
1503150
1502687
1497056
1503435
1499090
1505093
1497458
1500607
1500435
1501228
1496827
1500963
1502381
1502831
1505783
1497603
1499229
1498447
1497334
1499838
1501997
1497070
1503070
1494995
1501054
1497245
1501246
1500309
1501445
1504248
1498855
1497032
1500304
1503082
1499831
1495171
1497591
1503330
1496981
1499260
1494968
1499018
1504194
1497364
1499251
1499949
1498693
1500825
1497260
1501392
1502553
1502247
1496713
1496767
1500343
1506250
1497555
1499252
1500427
1500762
1498775
1501471
1501628
1503066
1502775
1501357
1503308
1495695
1500686
1495869
1500720
1490729
1500662
1498506
1501265
1497634
1502649
1498991
1494063
1492983
1504110
1501351
1501504
1501314
1493151
1499036
1500172
1503325
1495221
1500733
1501850
1504681
1496812
1499104
1502955
1500805
1501644
1501530
1500020
1504177
1495370
1503646
1502782
1498862
1498589
1498949
1500882
1504728
1498554
1500597
1503022
1502099
1504957
1500146
1503136
1502681
1500539
1505091
1499236
1504056
1504397
1495053
1501682
1499681
1499803
1502367
1505525
1500586
1496821
1496514
1503154
1498142
1502972
1499168
1500261
1496137
1497315
1498857
1498929
1497728
1495603
1503425
1498899
1493729
1499892
1498508
1497808
1496097
1496208
1503002
1501705
1494703
1504235
1499190
1503517
1496529
1501204
1498369
1498303
1498468
1503937
1500604
1498386
1500879
1494885
1504794
1499086
1496870
1494896
1500308
1497595
1495237
1501507
1501284
1502405
1498517
1498059
1504363
1497307
1500441
1497265
1502333
1498689
1495282
1499302
1500568
1504843
1498068
1502556
1500389
1496356
1492345
1498302
1499943
1499575
1502570
1498277
1502271
1501540
1499502
1500540
1500002
1496954
1502291
1498581
1500123
1502008
1497739
1498883
1499085
1498571
1498704
1497433
1498301
1499738
1497527
1494516
1501865
1494573
1499489
1500497
1496871
1497783
1500915
1497724
1499649
1499050
1499671
1503508
1505000
1504183
1504348
1499257
1501070
1496999
1497822
1500702
1504817
1500690
1501558
1496762
1502272
1505178
1501609
1498226
1499766
1502394
1504790
1501996
1498477
1502020
1501505
1500486
1504998
1502616
1504994
1500797
1500288
1493862
1501809
1505652
1498851
1499146
1499842
1496681
1502684
1499015
1495358
1501769
1505039
1499329
1498120
1498121
1497154
1496723
1500196
1501025
1495881
1500220
1499996
1497607
1497696
1505056
1497715
1502138
1497372
1498685
1499562
1494489
1499969
1499807
1498651
1494221
1502816
1496520
1496036
1501010
1502428
1505775
1496540
1494454
1495823
1498090
1504240
1498159
1497075
1500511
1502497
1500989
1499249
1499511
1500670
1500657
1499025
1496096
1499378
1500777
1498904
1501055
1498935
1501464
1506860
1496594
1502329
1498106
1505279
1499293
1499551
1501698
1503573
1499750
1502534
1505228
1500045
1502809
1499908
1501337
1497171
1502285
1498199
1491432
1500717
1494465
1501232
1500413
1498670
1502899
1500044
1500281
1501625
1497385
1498640
1502959
1505077
1500494
1503497
1498811
1505058
1504118
1505856
1498700
1501824
1495832
1501976
1499098
1500748
1500336
1503521
1497803
1499845
1502505
1496452
1500528
1500722
1499924
1496209
1501084
1501165
1496382
1505485
1505577
1497597
1499964
1498361
1499172
1500909
1499240
1503268
1496656
1500551
1495751
1498213
1496034
1501205
1505290
1495749
1499295
1503092
1502406
1501514
1502277
1502845
1502954
1498933
1499918
1501963
1502016
1496255
1506769
1500396
1501883
1499214
1501848
1497659
1499456
1502872
1495497
1502393
1501484
1496631
1502201
1497687
1499656
1497476
1500104
1498238
1498669
1503647
1500852
1500521
1500842
1503885
1503144
1498768
1501629
1495545
1500859
1499763
1496438
1494207
1501147
1501226
1502963
1499713
1491939
1502843
1503336
1497987
1503715
1506882
1500311
1500016
1503143
1501771
1495428
1497400
1503988
1501476
1499786
1499579
1494770
1499179
1497178
1500985
1501717
1499379
1502651
1501007
1503207
1501398
1501043
1500689
1496194
1503833
1499988
1505251
1501144
1496300
1497636
1496628
1499536
1499198
1498471
1498849
1500594
1494115
1498060
1504313
1499731
1500071
1504900
1502833
1498458
1498595
1497778
1501113
1499386
1501859
1500640
1502009
1499935
1495368
1499659
1500641
1501915
1505831
1500126
1496894
1495882
1498321
1499495
1498896
1498179
1501977
1497596
1500119
1498903
1501982
1497342
1499360
1495648
1497834
1504106
1497529
1499142
1499324
1501895
1497311
1499941
1498000
1508377
1494975
1501233
1499510
1503387
1505494
1504133
1501573
1503971
1498913
1505430
1505107
1501395
1499899
1499970
1493693
1497943
1504027
1504280
1498747
1497148
1502463
1496613
1498696
1497955
1503098
1496651
1497493
1498143
1505149
1497463
1501718
1497891
1505336
1499494
1500323
1498822
1498134
1502799
1495499
1496626
1498555
1506989
1499068
1506071
1493977
1493607
1502837
1503555
1507034
1497031
1500297
1493340
1499138
1497117
1502362
1500598
1499632
1495655
1499983
1503358
1494344
1503352
1495630
1498988
1500965
1498806
1505818
1495923
1500177
1501454
1506620
1497378
1503072
1500355
1499417
1505096
1498723
1500209
1502477
1502827
1502196
1504872
1501404
1502871
1499470
1496873
1500796
1503103
1498907
1500296
1497074
1502640
1502598
1502596
1499094
1501802
1494285
1498969
1500118
1500850
1498674
1503539
1504212
1500081
1495446
1500559
1505198
1499577
1503277
1495831
1504270
1496813
1501753
1503695
1502186
1500338
1499503
1502880
1496203
1499426
1498444
1503057
1497384
1494629
1497442
1497829
1504788
1496175
1500975
1497300
1502841
1496993
1498637
1498642
1501295
1494783
1500114
1498578
1501572
1503356
1493758
1499815
1502082
1496600
1504030
1499694
1502946
1494003
1496381
1500710
1500809
1501252
1505738
1499588
1502441
1506159
1503223
1501861
1494147
1498656
1497606
1499115
1502003
1501281
1503482
1496659
1502693
1497259
1500838
1501333
1499866
1499812
1502939
1500835
1498062
1497038
1498424
1500515
1502701
1498620
1499044
1502800
1503035
1500615
1504115
1498446
1499314
1497767
1506643
1503576
1505172
1501611
1499002
1500418
1500877
1492689
1494374
1496696
1502150
1498394
1496009
1498772
1507112
1499670
1502546
1497227
1503263
1497896
1500055
1499942
1499008
1503819
1494752
1497848
1499009
1499364
1498405
1507659
1499687
1499140
1500085
1504393
1500667
1501568
1499211
1499277
1505557
1500469
1497564
1501139
1497308
1495940
1497322
1504338
1493427
1497477
1496138
1496761
1496916
1501716
1499904
1498279
1499624
1502376
1496318
1509793
1496113
1494525
1501191
1502302
1503094
1501839
1494633
1503202
1497655
1505552
1502446
1497198
1495987
1501739
1501600
1496004
1499570
1498214
1495054
1496432
1504902
1504152
1498856
1500008
1498117
1505164
1502472
1503996
1501576
1499697
1498037
1495265
1499209
1501645
1502771
1501322
1494746
1504199
1499666
1502882
1499207
1503152
1501268
1497768
1501021
1500216
1500300
1496461
1492490
1498645
1501026
1499435
1497229
1495889
1500578
1502737
1504838
1496737
1494061
1499690
1505432
1499136
1504680
1502513
1501857
1504771
1502996
1499100
1497813
1498460
1501328
1499840
1498563
1498270
1501218
1500863
1503943
1501872
1495734
1503005
1502519
1499488
1499004
1500463
1504664
1500476
1500933
1499762
1498705
1502204
1506763
1499626
1505221
1499187
1498628
1493742
1502434
1506561
1497362
1496326
1505863
1502731
1495476
1502422
1501720
1495307
1502508
1503565
1501236
1501898
1507140
1503802
1503393
1499513
1500998
1503634
1498850
1497939
1501594
1499718
1502123
1503083
1502689
1500875
1499633
1501489
1506313
1503912
1501523
1505257
1502079
1492090
1498011
1496680
1497919
1505069
1497899
1504408
1498718
1497602
1497862
1496799
1497536
1497735
1495037
1495815
1498273
1504540
1500754
1503481
1494859
1500043
1498489
1501604
1500860
1504730
1503313
1501057
1502253
1499101
1501270
1497856
1502554
1500548
1502258
1497347
1503089
1504368
1500053
1497386
1504883
1500873
1500550
1501127
1497980
1499889
1497805
1494934
1503302
1500942
1498561
1497080
1494910
1501001
1505323
1498083
1503167
1496353
1497756
1496166
1495662
1492658
1502208
1495800
1500848
1501229
1502770
1499400
1504064
1508688
1499353
1499298
1495454
1503388
1504302
1495618
1500987
1495895
1497443
1504480
1495599
1501785
1504917
1500755
1502514
1496052
1503501
1499338
1503166
1497479
1501485
1501601
1499980
1499814
1500127
1500369
1503784
1502512
1501304
1502958
1504122
1499027
1503673
1505193
1499930
1498362
1504783
1501468
1498181
1505822
1502155
1501887
1500032
1497764
1502149
1503758
1496983
1497240
1501556
1507085
1499926
1501760
1494967
1501719
1500429
1501315
1498025
1499968
1497460
1499939
1499583
1500446
1502034
1502690
1501487
1498712
1501792
1494962
1501811
1501618
1502151
1498461
1497264
1497617
1492434
1498728
1493690
1499254
1495344
1497209
1493474
1500162
1504714
1498200
1499622
1500533
1503113
1494156
1498232
1499621
1496364
1499282
1499887
1500132
1494220
1498992
1500333
1502965
1501823
1498251
1502202
1493028
1502912
1501858
1499660
1499102
1494399
1501206
1504219
1500920
1497562
1502460
1499228
1499979
1499288
1497981
1503275
1497001
1502825
1500635
1499169
1501646
1499676
1501549
1508409
1494915
1501913
1495342
1503830
1497965
1498586
1499641
1494072
1503054
1505997
1503164
1504632
1500160
1493760
1500239
1502143
1507493
1499309
1499995
1495378
1500464
1499480
1495746
1496838
1502595
1499208
1502863
1502053
1505006
1502576
1501239
1499342
1500677
1499868
1498417
1499359
1493506
1495067
1495678
1495170
1500923
1503419
1495316
1502252
1498476
1499849
1500663
1500094
1498040
1505663
1499323
1494795
1498795
1501432
1494945
1496253
1507340
1501653
1501655
1504171
1501473
1502056
1499205
1500623
1499748
1497816
1502993
1497781
1501306
1497734
1501881
1499289
1495629
1493602
1499474
1504238
1497967
1501155
1495542
1498481
1502365
1502310
1502763
1504599
1501844
1501216
1501193
1502979
1504121
1502819
1497376
1503138
1500141
1498623
1502672
1497590
1497873
1500001
1500649
1497846
1501457
1504274
1501291
1500646
1496450
1499724
1501654
1492870
1497220
1494681
1500674
1502721
1500608
1503478
1506068
1497389
1497626
1497727
1499940
1498763
1502358
1503345
1497099
1503929
1501413
1499366
1497252
1498449
1495843
1494921
1499967
1497253
1495789
1493808
1503159
1494780
1506394
1499522
1500480
1496923
1498630
1501916
1498085
1502336
1494963
1503658
1500444
1503306
1499231
1498825
1503374
1501588
1503713
1499284
1498985
1501605
1497704
1499477
1498080
1490825
1502695
1497121
1500332
1501730
1500059
1499266
1499232
1501866
1500029
1501298
1502235
1498647
1497078
1500235
1503255
1497317
1501102
1502306
1497412
1505665
1499443
1499518
1501882
1499451
1500199
1504893
1500383
1500344
1498511
1499271
1497754
1500214
1500481
1496519
1500815
1498169
1497600
1503583
1498198
1502249
1497048
1502318
1499581
1502584
1502751
1504570
1497346
1503230
1492640
1500959
1504687
1505603
1499923
1503215
1499839
1502378
1500727
1503139
1506060
1502133
1500816
1497437
1500363
1497193
1499753
1498315
1498579
1497632
1498099
1501162
1498897
1501260
1499818
1499708
1494787
1496652
1500077
1505514
1500982
1504359
1498679
1503511
1498154
1500707
1499042
1501575
1496844
1498284
1499695
1502462
1501539
1502886
1503934
1500583
1500534
1498796
1505240
1492406
1502002
1500485
1502300
1496969
1500471
1501090
1496538
1498559
1497272
1497429
1501868
1504423
1501237
1502290
1503661
1498548
1495365
1495138
1501040
1494666
1500461
1506000
1506742
1499192
1502703
1500246
1495062
1494946
1501150
1493238
1496744
1505268
1503183
1502287
1499783
1500191
1502973
1499990
1498500
1493449
1504615
1503042
1501051
1497711
1501939
1503244
1503320
1504725
1502063
1502041
1501342
1500925
1498021
1498911
1501448
1498638
1497352
1503769
1502902
1497103
1503041
1504202
1503970
1499826
1498939
1500018
1498593
1502356
1498409
1500898
1503468
1502006
1502043
1502445
1497445
1495667
1501414
1494323
1496335
1503525
1496145
1505533
1497453
1499408
1495615
1504435
1499915
1506016
1502137
1504285
1495321
1497285
1499606
1504150
1504082
1497964
1500619
1494813
1496721
1499019
1504268
1493600
1501194
1503128
1501780
1504756
1495212
1496396
1501762
1498546
1499874
1499739
1500896
1495786
1500339
1499717
1494027
1504226
1502836
1499541
1505900
1502226
1495766
1497793
1501166
1500512
1503585
1499993
1496062
1501886
1499499
1497013
1501424
1503841
1497427
1501188
1497908
1492426
1502797
1504882
1499343
1504836
1495143
1497118
1502783
1496342
1497097
1501687
1499682
1503055
1502471
1500156
1498221
1499592
1497782
1497351
1492910
1500205
1499798
1498105
1497505
1499594
1496502
1501920
1492468
1500049
1501301
1504442
1494112
1496932
1504128
1502125
1498263
1503704
1497202
1501751
1499825
1498275
1498326
1503439
1495244
1500579
1493932
1500854
1502293
1497841
1502045
1503586
1498046
1505484
1501582
1500516
1495239
1497970
1497100
1499106
1499858
1499781
1496053
1496561
1501741
1495486
1501962
1501643
1501387
1503716
1497424
1497925
1499061
1500462
1499855
1496385
1498156
1500249
1498658
1498098
1503472
1502801
1499312
1499843
1497579
1492222
1496542
1498534
1500490
1502977
1496665
1499322
1494643
1505266
1495698
1497173
1499917
1499070
1496619
1499336
1500858
1498779
1501157
1503546
1493914
1498997
1503383
1508320
1497581
1503948
1506039
1498109
1498545
1501584
1497488
1493966
1498643
1499948
1498136
1502070
1495443
1497559
1496553
1499778
1497484
1496889
1503767
1504936
1502210
1503327
1495477
1507457
1495022
1505614
1494194
1502237
1498964
1503740
1500089
1497407
1496773
1503969
1496441
1494515
1494924
1502542
1499702
1502773
1499721
1497350
1506356
1507334
1497471
1494674
1503896
1493678
1496134
1504189
1497107
1499828
1498707
1497865
1501892
1501945
1497526
1500230
1498141
1497185
1502322
1495778
1502374
1498076
1498166
1501348
1502949
1502388
1502278
1498255
1498742
1497199
1499580
1501183
1499038
1501089
1501519
1494165
1504041
1498942
1500215
1503124
1497279
1501731
1493603
1493930
1497238
1496751
1501083
1500514
1497197
1502654
1504500
1502921
1502263
1500424
1501185
1500206
1505594
1500947
1505876
1497444
1496095
1492720
1502969
1504401
1505548
1500282
1499256
1501543
1498241
1502408
1495225
1503698
1497525
1498910
1505063
1498375
1494690
1504912
1499363
1493438
1502485
1498533
1500251
1502709
1498886
1500708
1497898
1499373
1502410
1498249
1499797
1499425
1497341
1501937
1497763
1498291
1498830
1502326
1501520
1502571
1497855
1502645
1497791
1497313
1495942
1501566
1502157
1495536
1504561
1499075
1496606
1503314
1499878
1499642
1496530
1506739
1501714
1503243
1501884
1501122
1496985
1495760
1494236
1505475
1501680
1497909
1496019
1501227
1498521
1499174
1498498
1505043
1501846
1498515
1503759
1495950
1502036
1503454
1497077
1500526
1497802
1497234
1501778
1498713
1494677
1498343
1502483
1499013
1498694
1501699
1499796
1498003
1505538
1499259
1500881
1500137
1505807
1502813
1495802
1505587
1496506
1500553
1505319
1505032
1501018
1498253
1499597
1498102
1498180
1497837
1507435
1497281
1496403
1496032
1503874
1499565
1500317
1496559
1502466
1498507
1498443
1499982
1499611
1503269
1498035
1503897
1502558
1498157
1495289
1502194
1501132
1503012
1500960
1501973
1497911
1502314
1508204
1506597
1502766
1500932
1496729
1510797
1495195
1498380
1500083
1506900
1505061
1500775
1500572
1501791
1507622
1493315
1499615
1496658
1499091
1504319
1504899
1499120
1496361
1500536
1499239
1501272
1507018
1495397
1504522
1499829
1500839
1498743
1503147
1497683
1504123
1502648
1503786
1495408
1504272
1495459
1499344
1500158
1498695
1495415
1502765
1504413
1499725
1504487
1499158
1502599
1506828
1498731
1506951
1500064
1508613
1494360
1497373
1500208
1502627
1496544
1501512
1501817
1506053
1503186
1497509
1502696
1501259
1498147
1504355
1493454
1503703
1503284
1501744
1502936
1500665
1497671
1496244
1499810
1503455
1497095
1500024
1502392
1499994
1504094
1500732
1498428
1502730
1496787
1495848
1505728
1502000
1502337
1501794
1497203
1500381
1498530
1501579
1500079
1501462
1502059
1498794
1502260
1492018
1504083
1501452
1500544
1494818
1496304
1504859
1499030
1500556
1500129
1501385
1504290
1497082
1500108
1499791
1500964
1500047
1500488
1501292
1504918
1500185
1501897
1497709
1497695
1499047
1493906
1497629
1496160
1503559
1504830
1501710
1499280
1504315
1504672
1496738
1495877
1492044
1503904
1500652
1497958
1500250
1504719
1492401
1500231
1495671
1499545
1503151
1499072
1497388
1497301
1501241
1498600
1498224
1501880
1496163
1500840
1498017
1501804
1498178
1503348
1500213
1503587
1499469
1499245
1494129
1506303
1502818
1500010
1498135
1496407
1500830
1502334
1501675
1489071
1502935
1505269
1505563
1501695
1503187
1501636
1496583
1501243
1500632
1495465
1498202
1498211
1497737
1498884
1493552
1493049
1499022
1501300
1499035
1499149
1495336
1500505
1494190
1502967
1498050
1501447
1503351
1498820
1503008
1497033
1500180
1502487
1499316
1497297
1496822
1497857
1499760
1494044
1500953
1496804
1500040
1499607
1499867
1503172
1499141
1505163
1494265
1500509
1503516
1496474
1500532
1508161
1500373
1504114
1502451
1503362
1497041
1505031
1505053
1499479
1499590
1496836
1503692
1498842
1498324
1500498
1498032
1498966
1502238
1503846
1496814
1501581
1499458
1495353
1501708
1495057
1503326
1498536
1502957
1500507
1500680
1496446
1504707
1501968
1500562
1506761
1497936
1498189
1496179
1499128
1501279
1492340
1494231
1500319
1500362
1498858
1505124
1498379
1501003
1501126
1494720
1499463
1505671
1503078
1497973
1499636
1500656
1500826
1502412
1497155
1501561
1504135
1500012
1494371
1500926
1506010
1500784
1500092
1496717
1500560
1502642
1500276
1498631
1498594
1503636
1499571
1502030
1504579
1500721
1498483
1495519
1500941
1496820
1503774
1496860
1496733
1496123
1499118
1497682
1502127
1496620
1504361
1501700
1497323
1497950
1497989
1500416
1501411
1496322
1503196
1503378
1502349
1500167
1504454
1500798
1498737
1498140
1501401
1501169
1504331
1497387
1498267
1493772
1496492
1500021
1497843
1504497
1501593
1497124
1500801
1501793
1501073
1499539
1504345
1492792
1502177
1497608
1499388
1498727
1500593
1502881
1498889
1501048
1497705
1500767
1500090
1502491
1502312
1498073
