506351
2674537
2134289
2791609
1126559
1923514
2025067
843033
2651991
868853
2262688
2830756
1226676
219034
2585659
931556
2829682
1207644
1666021
2703995
518402
2246151
2655889
1595749
1452611
2427451
1852763
122426
1126705
930135
678663
2972115
432662
336608
163523
1265203
465111
570483
2122626
1760863
2423483
2889630
1385228
1239968
1277156
183788
599413
492291
2499151
1158471
50861
2858730
1554594
1013008
2223801
329429
1077372
890011
1595232
1848022
120375
781826
2216592
263665
2797971
1348650
490759
335185
683860
1384847
193287
2673752
651048
2397625
335392
944984
1397160
2591032
1826230
2043388
2997653
258094
2061121
2282495
2729169
2087504
2991939
134246
1128196
1171554
2906965
114847
740702
2526100
2579388
1275963
2426515
822045
1345261
1912392
757012
182938
1911100
663371
2698139
2975011
2584602
1134962
2400328
671536
2114043
2560793
684995
2578685
1171316
2025087
397994
831509
2457181
1231196
1874715
1019767
1489639
1505942
861565
2231031
627278
1799904
2977285
1893934
2675672
1361024
982827
204269
754351
2902394
579897
1985417
2434021
1818953
421044
2948433
2617037
1526111
2419940
2546724
5580
1934695
1676417
2644899
1994464
375300
2966524
1836655
923130
2523725
1358278
433716
482170
1718206
2378313
420191
1306203
821273
2797991
2806702
2077923
642536
1599020
994145
2243159
2509525
1595177
62056
2597105
383683
59417
167084
38368
265296
2393969
2586888
39994
876537
506232
493001
669862
2882229
654217
2992265
2542128
2288916
1383015
1720102
1177074
779825
646228
1004862
1074304
339194
1580817
221821
554644
1794056
1337446
1978733
1184363
2374954
2899602
1629507
2928668
2637926
1938794
467041
584459
1531583
2428395
578172
974145
446836
2008613
1568058
650196
744870
411758
1695271
1128224
2867438
259902
2812650
678235
2602646
2831285
2135914
8061
2432718
1423399
628250
1819401
2122752
1003774
1727199
1322228
1133665
1202128
1567694
700322
2214135
1017328
735722
2057512
2984579
2872789
207277
2676202
1732454
881585
1521731
1183804
409194
1771997
2336635
192454
1955913
414752
777713
1347131
2277373
525662
416531
2023712
1608292
2498663
986528
787649
2810963
2402862
2105549
1098916
737517
1746719
2458264
2447317
2952223
605961
552983
2035276
14886
2582744
2620133
128517
2366151
2236862
1921488
1167078
442423
1725631
1711378
186546
1748016
2958708
2105078
2722844
516789
2637809
2906203
1080269
973468
252203
66524
1442620
2041557
1188525
2191520
2728179
1932177
472796
2635979
104488
1571849
1840946
1104751
462824
2444140
1853318
1966777
1249154
593585
1462933
83159
840884
1710327
389274
39538
57860
373129
919694
2829408
1620038
2164736
623450
2448894
2607148
722287
591715
2706214
2753280
2641046
541098
825426
2427154
885884
2738873
2323363
279252
137953
2094252
1459471
628372
746664
1937275
1166726
1600526
1736919
438015
794222
955616
2664713
1044318
911597
2538719
2022608
2964306
1332061
113160
2446652
419457
2119828
2724285
1799847
2288490
1800376
2987992
1735846
1208883
2944273
404520
1238930
2191303
872385
1729241
2786601
1962042
1744170
172841
317237
1913877
830572
2093367
2662648
62393
1180155
1613402
858233
369161
344377
1304899
2428291
1019292
2096710
855070
1040908
655006
2939494
2300356
1649586
2737243
649035
1195157
211053
2812206
2295039
2091761
787068
195817
706353
2962537
206242
1794532
2977264
746085
1986710
1310495
2701729
1648332
1326254
1970850
2837113
1926713
2320366
2234750
2729052
2714487
2813149
2018528
2233379
1480288
1225154
2882395
608762
2867394
1062104
602302
2046772
1348057
1440600
109789
2286751
2839714
288282
1112841
2116218
2957869
1787742
2857627
1329625
2339516
423033
1536122
2000986
414947
2413684
1342595
1821991
412525
1652617
1772330
1886557
451106
896013
2809534
2293949
1292080
2652354
1242865
1469946
2001454
2125423
726281
164784
470158
1722343
2568942
1486094
2415196
2274811
1377969
1621986
1574625
232623
17343
1315820
1140633
1118224
1657223
2828723
2487391
533923
1048779
1716025
1949678
1364508
2688028
371080
2714522
1548048
592885
349317
2017714
2399294
151481
414046
1495909
1025960
2120381
1138734
2799957
1660787
1477332
1470222
2583385
2508092
1208279
2193205
1817568
1513118
2385226
917520
631650
1626370
835087
875093
1210803
2744420
792319
2274702
1813426
2278500
2606515
872767
2884393
2264357
130575
1342921
411355
1921099
2840272
741834
535332
1690290
1723887
2655151
146579
1310884
1070392
2045691
2389258
2953979
1127170
754133
524624
2636221
395734
948710
357040
2149069
597164
661157
2283972
852214
935734
1375863
962752
2375915
1209846
1161753
767528
1688907
2148556
2824061
986506
788329
595941
2622816
453870
497606
186680
1626686
2094632
2998562
2086404
1150890
2333845
2905221
867066
983021
1694426
99459
1967343
886627
1533589
2494230
1668788
2319652
799789
1389392
1043390
617545
2548576
937166
2420747
477014
2336480
27926
1446536
247356
330372
744321
2363883
2803217
836958
1782828
319538
540649
2682407
2801970
1782529
1525582
1914155
556536
985772
2839676
2922166
1939716
2121630
1968117
180717
2243487
1607056
2843860
2597298
2336744
1784645
1884511
900072
594433
926726
2034797
1082686
2119243
2873895
726586
423144
2520861
530993
1574429
1837052
2122439
2219688
1573383
741289
779462
721414
1276602
2156111
728854
1338861
2200184
215411
609343
508842
713078
630300
1600575
2282282
914967
1670370
2318932
2254970
1057259
2457288
1083353
369719
1988868
1150806
909699
1409209
1655001
974183
1004629
489449
2309491
2810286
391336
329321
2143770
971725
541931
2562634
1003671
638005
2448056
1314734
2829520
2231520
1113366
463607
1999703
333255
619694
2647179
633531
1273188
1471287
1442145
799617
1303580
851163
93021
1862633
109786
81529
1060813
2470852
1648688
2826770
1373390
1974811
2460205
1862962
357810
2045457
2299075
755191
1409248
1727682
1907039
2342068
2233639
1625396
996510
1347838
202062
2321756
364359
560996
1088770
916336
2766624
1621022
1566524
747597
150093
280399
2377263
896554
2593351
723095
1692465
830762
2538879
62234
2451807
2348400
1752584
1532412
1891942
138817
2470486
2386142
1667367
2288244
2803366
2552131
792892
1640847
1969049
1612481
649589
1574817
1035476
1040065
1148606
1788226
1627831
2595569
2488616
14852
2454164
781858
600989
1230554
658545
1465186
354356
1219877
1640514
2506221
2956367
2654821
1743912
2073542
1721189
519475
2685540
759123
1698023
528089
1466640
977659
1282756
2474695
1438253
2965412
721609
1964466
679247
2729854
1323604
389163
2971352
1730090
1694519
1296076
1263978
1880020
59848
2690565
2556889
2521657
944579
1204787
1802099
2888971
1413354
2939648
822051
2422275
2139968
2477086
1110847
1583848
1257410
2535175
639676
232111
2895103
2839773
2264276
529087
356018
1401267
579180
42244
162591
2971477
2749363
1071698
1769925
684354
2464650
2611555
2302358
2103952
1413229
2650982
675042
83215
1398589
882848
2868421
1598065
1780710
235335
1238452
2345012
713645
1745558
2853734
2475082
161461
2071114
2166347
102512
2053124
2275927
1665910
1920422
1998081
317209
2056797
2598125
2519866
133297
1178505
2158137
712585
495294
604338
2195145
1342002
983330
1203600
2758905
2102709
55405
2269974
1549900
1921787
2751893
2116725
1260574
2674212
894354
1922991
1806598
1881577
2386865
1537242
2974329
301309
477994
2792530
1150977
1713689
2448171
1169952
1591604
2899011
696484
174511
2398335
1352572
1269228
416453
2498174
2724063
890227
372049
2977063
2147025
77871
2318278
482774
2025871
1674081
2071629
2084882
1377721
608083
1784741
840340
1844242
406221
737113
1111262
1734507
1026480
1221440
1376846
884056
2368983
2509316
575423
79952
762679
1878441
1348063
895467
2123955
296411
464998
1617347
1729203
1579767
1352636
735602
1893887
480680
1586241
2770159
1491921
2287651
2754306
475913
733148
1250417
661554
1553746
2448097
2255796
510715
2545240
1566757
2845765
62747
29762
2171705
2985613
1616130
1458907
167617
787231
858727
321342
2848499
2013166
2250742
819467
2657968
936176
2227020
1688982
1495655
1715210
2777062
1160658
1931848
2707641
2113866
2336433
775211
1023827
1277281
2979644
91544
89121
106500
1579060
380016
2876541
2087498
1626414
2019983
883237
1554423
2179832
1357200
2338342
2941916
923154
2524990
1279476
2941901
146732
1086784
2718051
2180763
180133
562791
403841
586140
1682588
1451036
1886247
1650629
15773
2702444
800832
175079
615355
563445
2797207
396074
1645346
2701556
196450
252613
151245
2631875
1852914
2543819
2825438
412615
1383423
2481960
767106
2406575
2125296
1506691
2306179
1436995
2144343
882381
1324323
1337040
328349
2036281
2325558
1338069
1341029
718600
2236431
323961
319476
2536620
2719617
1346017
1846624
2730049
2098654
2114985
1630863
1160454
112462
110772
2709081
1939126
309909
1224832
1592792
1853208
2073109
1180936
1764316
1968944
2485569
160778
427246
426944
1423873
2771276
2238884
2059738
1542268
2455811
649088
665719
2375610
1309132
956623
1028930
112091
1342876
1720939
2552000
2523424
379585
667716
1624852
394964
1109188
154629
1616016
1549652
1125558
42569
1682470
1822576
1253823
557000
694249
2437378
2128178
576543
1423258
379754
1687402
341710
916524
2355987
2403863
1989172
2861644
1617508
1117159
188308
2393473
2238482
890444
653721
1952312
235393
1503935
2088041
574767
2644655
1699472
477799
429550
2886389
148429
2719655
1895750
1323088
1379589
731763
28801
1269369
1847615
2984480
1519889
2890095
1981725
258473
1473408
1115680
2714434
1283484
1821738
2788539
108756
2910818
2378961
426882
1369986
2603538
2820532
66687
506160
705483
2102971
768174
1297691
1152763
2343687
1133415
1820655
1458821
1508652
888434
2839788
2840762
713641
2074760
2121074
1906480
127515
233375
1257314
2581495
2147627
1236229
889428
1993337
931244
2209239
287697
1752082
276641
1220138
1360591
2694925
2984471
1104660
707601
2650030
667834
2484293
2865841
2117084
501492
1837857
1177259
2386625
479827
2288705
337564
165860
1801225
165672
1801503
2550479
1232714
2386735
1573419
907022
1032348
2150097
1169382
710405
307838
1076265
2371082
2135828
2529868
774415
1759217
2306458
902766
1646426
69787
1060809
1722033
2557625
2784725
116296
113210
388691
892007
445155
356728
609182
1305971
891006
1424823
2996087
2321842
646408
350951
812342
34129
31129
1885101
1631641
112470
1990394
347044
638329
1114483
1570401
1673674
998345
818609
1149266
825954
1087853
2803097
1137639
1887737
1195161
2844931
148766
990497
1604504
2681782
2018366
1053274
1931176
730925
644449
1794362
419527
793610
2103523
305969
1334998
2425772
1062490
1178364
2143084
2895825
1729938
889740
2718134
1777909
1716747
1483382
2118543
514200
198113
2963049
2731717
2582145
679668
2138236
114989
320059
2965430
417101
2066426
338680
2505174
231801
1628008
644136
137571
664168
1459092
2186152
865167
2615851
524501
1947198
1832387
1062337
970242
1201840
243045
1340474
1047626
1654433
1938259
1131177
501083
77998
1729518
937551
1838539
1077497
1960614
110730
573904
631824
342213
1597814
760158
18555
598899
1731741
2082330
458441
2388729
2519046
1794962
50827
1848263
2455335
1077312
1537249
2700042
128402
2568891
468057
586415
2876834
1643217
2257106
2696297
654347
199973
1743141
1057141
2546875
183028
2595804
2543073
2891992
2054250
1648814
2120108
1501416
1212965
2601804
1096056
2232533
2153081
2866493
790546
1828768
2602053
1772609
1382815
929665
1366858
2201969
2214821
2984815
1077854
1736832
234778
2072107
2875796
286638
2153406
2373093
2109290
749347
1805878
232159
369776
1208479
1520849
2650672
1986038
1351556
1232379
1450946
2566984
973214
644201
887838
1739779
401930
2463456
568301
2487914
2409514
1877720
981532
1618048
490405
1481237
2100229
1287767
65928
359614
2594329
1682670
