6499756
6500367
6498510
6500106
6498645
6500340
6499419
6501099
6499696
6499635
6499485
6500016
6500401
6499250
6499301
6500791
6500523
6500076
6501001
6500843
6500923
6499373
6498980
6499338
6499763
6500433
6500639
6500348
6499475
6500542
6500570
6498801
6499508
6501101
6498773
6499739
6499936
6500458
6500476
6500988
6499464
6500494
6499775
6500938
6500404
6498615
6500117
6500045
6500248
6500353
6499324
6499314
6498285
6499699
6501174
6497900
6498849
6499163
6501725
6500605
6501810
6500235
6499491
6501413
6497254
6499717
6499306
6500882
6499574
6500970
6501201
6499047
6499420
6500521
6499669
6498998
6501238
6500684
6499510
6498753
6501710
6501230
6499623
6500697
6500632
6498399
6499683
6498109
6500511
6500446
6500152
6500244
6499486
6498634
6498121
6500368
6501642
6500554
6499272
6500160
6499522
6500533
6500929
6499511
6499018
6501814
6499917
6499172
6500730
6500440
6500628
6498639
6500359
6499105
6501019
6499447
6498437
6499177
6499636
6498564
6501646
6500814
6498657
6500079
6500747
6499712
6499428
6498889
6501282
6499839
6499226
6499062
6499322
6499731
6499278
6500588
6498746
6501025
6500733
6498387
6501226
6499412
6499641
6500722
6500407
6502308
6500824
6499388
6500410
6500984
6499576
6499676
6498264
6498402
6500157
6499403
6498241
6497349
6499158
6498898
6500934
6499254
6497368
6502056
6498434
6500662
6500773
6499978
6499931
6499550
6499395
6500532
6501008
6499370
6499750
6499954
6502262
6500334
6498842
6499500
6502094
6501741
6498974
6498790
6499864
6500319
6498189
6500109
6501211
6499359
6500299
6498914
6500043
6501662
6500063
6499203
6498890
6501818
6500068
6498818
6501022
6498762
6500743
6499568
6497674
6500644
6500240
6499441
6499099
6499590
6501089
6500371
6500263
6499268
6499358
6501457
6501996
6499802
6500645
6500242
6500537
6500018
6499200
6500187
6499778
6500576
6500452
6500793
6499090
6501613
6500126
6499969
6499737
6499173
6499757
6498035
6501286
6497961
6500050
6499789
6500761
6500364
6500933
6498648
6500601
6501476
6499781
6499761
6498618
6502150
6500311
6499580
6499639
6501261
6499673
6501626
6500926
6499236
6498545
6498662
6500846
6500510
6499899
6501534
6500147
6499886
6500385
6501321
6500104
6501708
6500777
6500073
6499863
6500535
6498351
6500005
6500536
6499164
6499790
6499282
6498931
6499975
6499284
6498404
6500307
6501158
6500646
6497559
6500546
6501682
6499915
6501284
6499957
6500889
6500089
6499989
6501028
6500825
6501274
6496632
6501304
6499668
6500161
6499713
6500721
6500541
6501142
6502298
6501524
6498997
6498666
6499374
6500383
6498955
6500266
6499762
6500503
6500875
6499657
6500080
6503615
6500284
6499694
6499357
6499663
6497591
6500544
6498725
6498922
6499865
6499514
6500124
6498930
6501331
6501271
6499645
6500485
6498617
6500085
6498965
6499854
6499823
6500658
6501684
6499435
6499987
6502100
6501084
6501861
6498537
6501287
6501418
6500100
6499907
6498978
6500973
6499433
6499554
6498228
6500528
6496979
6497946
6500247
6498792
6499348
6500598
6501848
6499081
6501636
6501632
6499001
6500702
6497301
6499137
6499223
6498819
6498072
6500095
6499610
6499256
6499289
6498754
6500873
6500014
6500313
6499751
6501243
6501015
6500524
6501116
6500031
6500067
6497918
6501329
6498635
6499732
6500173
6500874
6500256
6499453
6498267
6499293
6499622
6499571
6500678
6498613
6500217
6501402
6500022
6499660
6498765
6498847
6499266
6499277
6500818
6500199
6501288
6499469
6500676
6498400
6499563
6499190
6503007
6499458
6500453
6498578
6500674
6499603
6500618
6501647
6498686
6500102
6499219
6500254
6500971
6498424
6499034
6500989
6500035
6499733
6500329
6497616
6500289
6499893
6500787
6499677
6500584
6500683
6500179
6500011
6499244
6499832
6499422
6500881
6501540
6500656
6499341
6501581
6500617
6499997
6500169
6499840
6500201
6498468
6500448
6499665
6499057
6500280
6500925
6502373
6498251
6499920
6500210
6500301
6500775
6500108
6500572
6499381
6501143
6499495
6498815
6498392
6501069
6501551
6501746
6500222
6499961
6499050
6499227
6500492
6499423
6500350
6501921
6499685
6497923
6500236
6500667
6498493
6499759
6499672
6500261
6500519
6499189
6497773
6499654
6499351
6499449
6500002
6500249
6498785
6498825
6500372
6498961
6499360
6498848
6499440
6500023
6501002
6499791
6501056
6498800
6500174
6500835
6499908
6498887
6499935
6501599
6498971
6500351
6503211
6499187
6499951
6501394
6499591
6499299
6501318
6498560
6501103
6499148
6500982
6501319
6499102
6501374
6498049
6499521
6499170
6499167
6498020
6501156
6501700
6499556
6500454
6500276
6498670
6498413
6499269
6499093
6499644
6499211
6500784
6500758
6499933
6499913
6498834
6500434
6499950
6499298
6498714
6498514
6499948
6500705
6498332
6501573
6500466
6499630
6500055
6500637
6498596
6500138
6500028
6500279
6498077
6500420
6501696
6500123
6500834
6500627
6498820
6500111
6500731
6500660
6500708
6500981
6501362
6499558
6500296
6499035
6499542
6499067
6500091
6500969
6500144
6499380
6499040
6498581
6498831
6498642
6501571
6498791
6499171
6500895
6500990
6501266
6499988
6499870
6499128
6500651
6501343
6500346
6499418
6499193
6500172
6499928
6500912
6499095
6499606
6498684
6498883
6499637
6498699
6499442
6501463
6499096
6499600
6499613
6499620
6499092
6501993
6500700
6502409
6499275
6498988
6500468
6500883
6501950
6498775
6499566
6499565
6498828
6498893
6500259
6499633
6499426
6498940
6501722
6500195
6499320
6500110
6499155
6498704
6500742
6500574
6499204
6500562
6500086
6500362
6498643
6500475
6499858
6502477
6499755
6499708
6499488
6499874
6499831
6498076
6499393
6499706
6499237
6500653
6498917
6498610
6499640
6500246
6498299
6501076
6500728
6499595
6498981
6501829
6500690
6499343
6500701
6500239
6500430
6499847
6498873
6499110
6500278
6497904
6501504
6498398
6499365
6500332
6498068
6499884
6499450
6501963
6499364
6499689
6499593
6498846
6499725
6499382
6500563
6501472
6500288
6501702
6500180
6500996
6499466
6501437
6499704
6498345
6500498
6500069
6501199
6499752
6499394
6498640
6499671
6500488
6499472
6498916
6497994
6502606
6497128
6501602
6500225
6501117
6498557
6500238
6500867
6501737
6498562
6498503
6500230
6499944
6500317
6501182
6500205
6500164
6499084
6499909
6501012
6499119
6499981
6500677
6499225
6501757
6499827
6500194
6499846
6499828
6499878
6501515
6500084
6501196
6501607
6500206
6499253
6501207
6501401
6499578
6499113
6502144
6499091
6498210
6499333
6500489
6498323
6498298
6500132
6500985
6501240
6500197
6502038
6500312
6500803
6500414
6501045
6501247
6498060
6500162
6499461
6499021
6501071
6499727
6498780
6499822
6500059
6498367
6499628
6499656
6501204
6499507
6498783
6501105
6499857
6500392
6501900
6500418
6498984
6500725
6498546
6499463
6500229
6498899
6501135
6499740
6499594
6500355
6500268
6499966
6499887
6499632
6499406
6498083
6498994
6498287
6501241
6501353
6499926
6500024
6498182
6501398
6500826
6499106
6498910
6501625
6499897
6499445
6500487
6498677
6498813
6499895
6500545
6501490
6501553
6500116
6498687
6500004
6500767
6500415
6499210
6499135
6500750
6499912
6500896
6500074
6498841
6498881
6500774
6498607
6501857
6498644
6502063
6500540
6499838
6501670
6499303
6500951
6500831
6501267
6499967
6499492
6500966
6499551
6501751
6500094
6498866
6499448
6500504
6500908
6499910
6501880
6499570
6500866
6500384
6500133
6500768
6498494
6500806
6499817
6498483
6500587
6501806
6500695
6500602
6499765
6501405
6500293
6500734
6500237
6498340
6499979
6499730
6499083
6500209
6499425
6500056
6498252
6499601
6500113
6499476
6500783
6499743
6500848
6499369
6499877
6501091
6499414
6498188
6500539
6500224
6499504
6500049
6498612
6499330
6500810
6497899
6499813
6501090
6497085
6499785
6501360
6500181
6499470
6499013
6500465
6499467
6501322
6500342
6498902
6498411
6500119
6499658
6499726
6498878
6499615
6500647
6499344
6500170
6499161
6501378
6499991
6500698
6500666
6500212
6499533
6500097
6499821
6497956
6498202
6502385
6498999
6499549
6500597
6499703
6497925
6499535
6500470
6500438
6499579
6499538
6501872
6500947
6499937
6500082
6501373
6500331
6499499
6500936
6499496
6501677
6500706
6500188
6501749
6498690
6503085
6499290
6501481
6499397
6500258
6500507
6499819
6500603
6500893
6500847
6498901
6499693
6499121
6501665
6500231
6500017
6499534
6500829
6500272
6499690
6500812
6499515
6498857
6498824
6501422
6497315
6500006
6498676
6498811
6499902
6498933
6498469
6500232
6502421
6499413
6501635
6499674
6500538
6501223
6499356
6498441
6498516
6499125
6500077
6499384
6501939
6500135
6500204
6496960
6500072
6498282
6497142
6499982
6499702
6500010
6500165
6500178
6502714
6499875
6501162
6499794
6500630
6499769
6499871
6499984
6500151
6503259
6499140
6501396
6500998
6501160
6501075
6498553
6499209
6499478
6499772
6500694
6501224
6500416
6499528
6500449
6499479
6499627
6498759
6500885
6500484
6499147
6501707
6501464
6498814
6498520
6501306
6498290
6499634
6499642
6499544
6499624
6502201
6498761
6501356
6501272
6500370
6502016
6499060
6501249
6500738
6500105
6499776
6499993
6500241
6500233
6499697
6501213
6501302
6501190
6500958
6501052
6499547
6499100
6500349
6501764
6498498
6498858
6499022
6500463
6501297
6499687
6500387
6501092
6502508
6499025
6497589
6500344
6500804
6502209
6499215
6501270
6500264
6499501
6499213
6500054
6498956
6498854
6500606
6501228
6498935
6502049
6500062
6500614
6499126
6499548
6503309
6499255
6501688
6499231
6502102
6500709
6501543
6499513
6501627
6500607
6499771
6502180
6501159
6498457
6501054
6498604
6501352
6498797
6500727
6499252
6500336
6499355
6499477
6499953
6499845
6497373
6501141
6501140
6500961
6499349
6502085
6499064
6499311
6501100
6498383
6499088
6499992
6500114
6499631
6499599
6499883
6499312
6500531
6501618
6500443
6501380
6498276
6499552
6501430
6500916
6498605
6501214
6501382
6500957
6501516
6500622
6501231
6501389
6499387
6501752
6501265
6502270
6498216
6499810
6499149
6499830
6497836
6498162
6501299
6500052
6499468
6501492
6500760
6499234
6500974
6501113
6500092
6498738
6500325
6501593
6499016
6498231
6500577
6502241
6500596
6500723
6500190
6499285
6497832
6499729
6501043
6499238
6499481
6501885
6501376
6499065
6500198
6498779
6501500
6500115
6500202
6500455
6499792
6498863
6500053
6500323
6500762
6501110
6499390
6500813
6500972
6500186
6500854
6499876
6500710
6499030
6499350
6501902
6499621
6499868
6499270
6501804
6500167
6500088
6498664
6499280
6499156
6498117
6500914
6499798
6499649
6499185
6500219
6499766
6500939
6499241
6498258
6499430
6499929
6500642
6499605
6498859
6500691
6500581
6498070
6499777
6499941
6499304
6499493
6501061
6500759
6500508
6500191
6499178
6498837
6498499
6502074
6499728
6498474
6497816
6498180
6500403
6499616
6501300
6501125
6498705
6500663
6502087
6498794
6501281
6501533
6500785
6498876
6498942
6498229
6500228
6501661
6501811
6501640
6500918
6500800
6500360
6499142
6499667
6499456
6500568
6500688
6498739
6500905
6498359
6499784
6499055
6499376
6498694
6501023
6499006
6499307
6501197
6499362
6500388
6498638
6500140
6501072
6500196
6499288
6501351
6498061
6500168
6499019
6499265
6498223
6499862
6499695
6498869
6499487
6500994
6500613
6500291
6501016
6499849
6500856
6501137
6498134
6498908
6499675
6498141
6499411
6498124
6502375
6500595
6498087
6499774
6497705
6500431
6500890
6502650
6501768
6499990
6500184
6500948
6499618
6497862
6500490
6500746
6501217
6499721
6502480
6498885
6500409
6500763
6500525
6500520
6500752
6501279
6499582
6499319
6498938
6499130
6499678
6498882
6499783
6501909
6499465
6501445
6499181
6498786
6498533
6500216
6500599
6500879
6501663
6501486
6498541
6499402
6501106
6498273
6501032
6502196
6500836
6501037
6498717
6501359
6500892
6502694
6499246
6502208
6498996
6499028
6497238
6502078
6499437
6499947
6499287
6500863
6499758
6500294
6501559
6500378
6499843
6501074
6500983
6499032
6501910
6500822
6501568
6500509
6500932
6500112
6498547
6501435
6499956
6500265
6501048
6499198
6501605
6500579
6498668
6497742
6497993
6500626
6500398
6499543
6500451
6500717
6498776
6501311
6498865
6500137
6501170
6501808
6499826
6501514
6501778
6498611
6498802
6500526
6498425
6499536
6498147
6498891
6500995
6499162
6500101
6500444
6500623
6501742
6501792
6498983
6499292
6500330
6498636
6498760
6500757
6501489
6500687
6501600
6498862
6499833
6499873
6500321
6500550
6500480
6499999
6499526
6497199
6501307
6498172
6500497
6498771
6499133
6499239
6501576
6498148
6498728
6498695
6500422
6499682
6499855
6499023
6502213
6501256
6501433
6499291
6500657
6500019
6499080
6501546
6501903
6499596
6501276
6499770
6501330
6502186
6500012
6500027
6500262
6499086
6498306
6501468
6502243
6500107
6499626
6501175
6500786
6500395
6498397
6500324
6500650
6498409
6499815
6498573
6499760
6501305
6502377
6499546
6500103
6501645
6498451
6499108
6501869
6497298
6500636
6498132
6501797
6501685
6500987
6500026
6500047
6498913
6500270
6501312
6500277
6499179
6499986
6499184
6500227
6500215
6498967
6499577
6500343
6501482
6498440
6502035
6502167
6500569
6500081
6500583
6501122
6501425
6500136
6500921
6499454
6499661
6498304
6497776
6501653
6499856
6498832
6498985
6499165
6501325
6500287
6498453
6497854
6501055
6498747
6499157
6500719
6498057
6502877
6500573
6502568
6501024
6499816
6501669
6499196
6497987
6498217
6499490
6498950
6501649
6499905
6500641
6500305
6500837
6499247
6500872
6500122
6500413
6499779
6498735
6499923
6499489
6500361
6498860
6498120
6499842
6497310
6501198
6498133
6500915
6498674
6499519
6499811
6500149
6498416
6500980
6498799
6498696
6500669
6500163
6501237
6499398
6500456
6500445
6499220
6501552
6498518
6498808
6497205
6500704
6499786
6501112
6500619
6502388
6499228
6499930
6501648
6500491
6498436
6501027
6499259
6498713
6498302
6498919
6500978
6498293
6498249
6498479
6502132
6501239
6499714
6499117
6500032
6500038
6498198
6501694
6500823
6499160
6500310
6499046
6500429
6500611
6499336
6498897
6501250
6499058
6501999
6497485
6500393
6499806
6497174
6500845
6499691
6500859
6498795
6500337
6499995
6498850
6499698
6501066
6500927
6499484
6500318
6498993
6500671
6500514
6501097
6500512
6499346
6499207
6499026
6500379
6499949
6499037
6498211
6501675
6499651
6498936
6500213
6498806
6501962
6500696
6501483
6498752
6499934
6500460
6499143
6500158
6499924
6499264
6498390
6499734
6500861
6501519
6500649
6498944
6500979
6502432
6499901
6500591
6498314
6500394
6498598
6500333
6499107
6500886
6500131
6499960
6499555
6500712
6501078
6500942
6497697
6500358
6498782
6500931
6502506
6499724
6501194
6499427
6503242
6500505
6502982
6501079
6500956
6500764
6501458
6501889
6498093
6501908
6500399
6499609
6498726
6499245
6498442
6500057
6499983
6502699
6498821
6501473
6498665
6499367
6500959
6501040
6498970
6499707
6500832
6500878
6499749
6498823
6496948
6498028
6501959
6500298
6499679
6499584
6501183
6501338
6498880
6500707
6499326
6500214
6500551
6499000
6500042
6497841
6501441
6496424
6501096
6499191
6501570
6501756
6498853
6500046
6501232
6499136
6498852
6500150
6498594
6500567
6500612
6497891
6500327
6499150
6500754
6500715
6499281
6498327
6500473
6502822
6501372
6499009
6501858
6500411
6501678
6499101
6499754
6500815
6498561
6497686
6499036
6498660
6500286
6500770
6501763
6498301
6500417
6500652
6498528
6498966
6499010
6499233
6499643
6500044
6499339
6500300
6498230
6502250
6500419
6500467
6500906
6501616
6499315
6500675
6500615
6499896
6501218
6498572
6498929
6500828
6498716
6501436
6499404
6499820
6499803
6500871
6497385
6499918
6497269
6498212
6499701
6499276
6501656
6501262
6499074
6500741
6499837
6499860
6499335
6500479
6500902
6498333
6499400
6500955
6498599
6500432
6498477
6498108
6500578
6499197
6498870
6499688
6498711
6498751
6500943
6500564
6501446
6500308
6498592
6499922
6500903
6500693
6498532
6501104
6498305
6498905
6500380
6499261
6500999
6498517
6499368
6500779
6501498
6499416
6500681
6501095
6500556
6498822
6497947
6500884
6502239
6500852
6498730
6501416
6498245
6498932
6502426
6497802
6501509
6499089
6499942
6501477
6499976
6499722
6498243
6501594
6499429
6497874
6498354
6499154
6500274
6497514
6499971
6501150
6497939
6499366
6498100
6499869
6500314
6498633
6500811
6499943
6500580
6498163
6500945
6501341
6499371
6499502
6499586
6499818
6500166
6498620
6500033
6500436
6499963
6501429
6499192
6500851
6499607
6499232
6499597
6499927
6497948
6501179
6500322
6500559
6501148
6501442
6498321
6500714
6499159
6499085
6499073
6500177
6502675
6497719
6500711
6499076
6498693
6499436
6501169
6498796
6501499
6500844
6500234
6501384
6501029
6501841
6498448
6500790
6500001
6500648
6499153
6498110
6502217
6501021
6500686
6500720
6501658
6498691
6499900
6500753
6499575
6501507
6498370
6501020
6501129
6500048
6499045
6499866
6501666
6498924
6501550
6498622
6498199
6497768
6500070
6500090
6501572
6501623
6498740
6499008
6501171
6499666
6501134
6501067
6497916
6499296
6497953
6501520
6500120
6501252
6498641
6497212
6500218
6498767
6499078
6498487
6500501
6500008
6501897
6498085
6501415
6500736
6502348
6500517
6500255
6499455
6498114
6501234
6498235
6499955
6501144
6499795
6499434
6499079
6499071
6498583
6499569
6500799
6499914
6500870
6500093
6499517
6501017
6499392
6500013
6499852
6498362
6500703
6499650
6497351
6501108
6499221
6501146
6500129
6500782
6498401
6500590
6500518
6500396
6497526
6501316
6499539
6500899
6501298
6500338
6500439
6498233
6499224
6498843
6501347
6501557
6499653
6500993
6499417
6497547
6499212
6499560
6499474
6497912
6499527
6500604
6500003
6501186
6500354
6501200
6501595
6500585
6500496
6498602
6500134
6501153
6497411
6501997
6499894
6498661
6498646
6500643
6500386
6497437
6501434
6497661
6499867
6499029
6499804
6500620
6499286
6499328
6502291
6498954
6498488
6499141
6500245
6497655
6499572
6499302
6499283
6498907
6499736
6501891
6498563
6499518
6499127
6498789
6499331
6501411
6501358
6501245
6499793
6500499
6499834
6500593
6499829
6498122
6500732
6501126
6499994
6501544
6498975
6501614
6499248
6501761
6501447
6502378
6501173
6499850
6500809
6501916
6499764
6501886
6499561
6500015
6499039
6501118
6501439
6498972
6499612
6501740
6499892
6501208
6497588
6499859
6501345
6500975
6500661
6499041
6501528
6501765
6499443
6500441
6498150
6502235
6497992
6499109
6500771
6499323
6498154
6500447
6499354
6500260
6501879
6500976
6499460
6501935
6501554
6500565
6497820
6502282
6501954
6502728
6499753
6500040
6501871
6500402
6499431
6498376
6500821
6500283
6500655
6498357
6500868
6500142
6498888
6498589
6500428
6500098
6499112
6500220
6499925
6499968
6501181
6501180
6500000
6500316
6498220
6500328
6500566
6501925
6499647
6498204
6498439
6498805
6499399
6501310
6501409
6502149
6500155
6498317
6498309
6500025
6501610
6502632
6500020
6500910
6498835
6501428
6501036
6499305
6500944
6500794
6501309
6498927
6502010
6498274
6501715
6502260
6501628
6498549
6500075
6501796
6498987
6499611
6501130
6501590
6498689
6498325
6501087
6498467
6500625
6499805
6500609
6499061
6500633
6500208
6498454
6499608
6500257
6499965
6501109
6498606
6499719
6500805
6499273
6500689
6499415
6499848
6498501
6501404
6501843
6500478
6500376
6498459
6499958
6500530
6500869
6499124
6501899
6497360
6502152
6498621
6501070
6498185
6498509
6502557
6501479
6499664
6498949
6500670
6499741
6501523
6500838
6502042
6499782
6502175
6499916
6502706
6498375
6500145
6500192
6500888
6499094
6497677
6499260
6501711
6500692
6499240
6499587
6501082
6501216
6501185
6500527
6499602
6497988
6499033
6499911
6499294
6498513
6498900
6501124
6501178
6500200
6500139
6498992
6501346
6501248
6499710
6498320
6501781
6501527
6498810
6500041
6499890
6497716
6500592
6500471
6500306
6498017
6499835
6499389
6499684
6501487
6499494
6501127
6501427
6498415
6501738
6499054
6499670
6500335
6500141
6498462
6501469
6499243
6498867
6499361
6500801
6500796
6499592
6500560
6499745
6499218
6500271
6500375
6500412
6498284
6499882
6501723
6499206
6498709
6498201
6498575
6500493
6498542
6501907
6500941
6500937
6498706
6501497
6500483
6498538
6501000
6500156
6500130
6499139
6498334
6501977
6499123
6502522
6500269
6498595
6502124
6501098
6502283
6498421
6498631
6502011
6498240
6500718
6500243
6501132
6498763
6500726
6499919
6498587
6500462
6502615
6499205
6501465
6501676
6497974
6501030
6501659
6501845
6501624
6499742
6501308
6501147
6498322
6501467
6499340
6497937
6501120
6499744
6498373
6497678
6499553
6501712
6498600
6499686
6499747
6501603
6499662
6498463
6498135
6499646
6500154
6498153
6500827
6501165
6500864
6500282
6501758
6500482
6501009
6500391
6499974
6498855
6499043
6501369
6500629
6500991
6501585
6497554
6498683
6500789
6501754
6498328
6500608
6499334
6501531
6499186
6499537
6498377
6498221
6501042
6501762
6497144
6501932
6500303
6501452
6499182
6501064
6502006
6501206
6498566
6499316
6500876
6499516
6499825
6501188
6498213
6501371
6501704
6499681
6498343
6501354
6499680
6498280
6499146
6499709
6501209
6499996
6502413
6498445
6501673
6500724
6498382
6501596
6501038
6498663
6502489
6500586
6498884
6501986
6501698
6501093
6498946
6500765
6501736
6499005
6501940
6499457
6501588
6497805
6501888
6499738
6499952
6498338
6498836
6501357
6499598
6500808
6497313
6498979
6501314
6501438
6499977
6499087
6500739
6498777
6500880
6499780
6501558
6498764
6500369
6499017
6499614
6499767
6502220
6500153
6501004
6500251
6498982
6498047
6497958
6501031
6500189
6497466
6497537
6501335
6499379
6499800
6499812
6499946
6498443
6498745
6499723
6499921
6498565
6497905
6501817
6498743
6499166
6501391
6500529
6499506
6501866
6499797
6501597
6501794
6501864
6502831
6501641
6499525
6499980
6498632
6500555
6498809
6500425
6498330
6501832
6500421
6498669
6498313
6500830
6498964
6497572
6498894
6500682
6499214
6498496
6500673
6501047
6498749
6498895
6502287
6500159
6501475
6501278
6498923
6501011
6501846
6502543
6501149
6501138
6500390
6500557
6499471
6503044
6500506
6498856
6500061
6501767
6498460
6501431
6498432
6501511
6499114
6500275
6497634
6502429
6500940
6498444
6499216
6498671
6500037
6499317
6502687
6498731
6502448
6502350
6498868
6500664
6499230
6501539
6498428
6498934
6501454
6497868
6501681
6500946
6498649
6499052
6498879
6500919
6500839
6501412
6497444
6500389
6498960
6497578
6501549
6499529
6500083
6502768
6499386
6500309
6500685
6500949
6502025
6499655
6498629
6501720
6500066
6499853
6500817
6500459
6499263
6501136
6499325
6498111
6501574
6500928
6498081
6501375
6499432
6500553
6498742
6501952
6499824
6499881
6498158
6498294
6496963
6500522
6499174
6500185
6498140
6499705
6499801
6501189
6501410
6500176
6501805
6500797
6499313
6498529
6501235
6502173
6497801
6502146
6501365
6499452
6497741
6500007
6500833
6498654
6498951
6501349
6501083
6498271
6500986
6500769
6497600
6498101
6500515
6501521
6499885
6497747
6498136
6499498
6499904
6500745
6501121
6500920
6500036
6499567
6500030
6499444
6499072
6499183
6497975
6499229
6501895
6500148
6501293
6498912
6501839
6498720
6499659
6500437
6501968
6500819
6500853
6500543
6497889
6499799
6498360
6501598
6498673
6501821
6500211
6500900
6499405
6499383
6497999
6501203
6498833
6499059
6499718
6499482
6501440
6498208
6500549
6500442
6501397
6497231
6501301
6499998
6500571
6499898
6499104
6501283
6498721
6500064
6499973
6498289
6498127
6502004
6498194
6502887
6501569
6501517
6500798
6501651
6500621
6500450
6498736
6500408
6501229
6498250
6498435
6501085
6499564
6500203
6498681
6497785
6499134
6499169
6499807
6500865
6498778
6499222
6498259
6500341
6499940
6499257
6501041
6499053
6501667
6500021
6499788
6499151
6498524
6501496
6499748
6498353
6502126
6499509
6498886
6499217
6500060
6498006
6500146
6499195
6498218
6501870
6498624
6501462
6501561
6501456
6500281
6499410
6498526
6500481
6500841
6501713
6500065
6499249
6501172
6501151
6500128
6498326
6502482
6498712
6498803
6499970
6500193
6500143
6499267
6500397
6498237
6499396
6497980
6500406
6500373
6499809
6501865
6501745
6501750
6498192
6499003
6501332
6499480
6498839
6502576
6499352
6498903
6500474
6500842
6500857
6501478
6498750
6498236
6499638
6499808
6500297
6497557
6500087
6499746
6498145
6501221
6498904
6498628
6501246
6499497
6498844
6500400
6498255
6498244
6498418
6501323
6501634
6502324
6500680
6498016
6500226
6501854
6499063
6498918
6499115
6502027
6501896
6501290
6497625
6501219
6500285
6500513
6498733
6499959
6499879
6497418
6500953
6498608
6501363
6498838
6500175
6501342
6498943
6501755
6499851
6498609
6499787
6500051
6499407
6502169
6500964
6498234
6499069
6498395
6498007
6499042
6498433
6498539
6500339
6498102
6501622
6498329
6498697
6498989
6499327
6498476
6501010
6500894
6500267
6502097
6499459
6498025
6499024
6498128
6498222
6501770
6498331
6499175
6499841
6500500
6498616
6499075
6498732
6497712
6498574
6501844
6497927
6501828
6500967
6498356
6499773
6501053
6501840
6497291
6501660
6502002
6500125
6501714
6501791
6500290
6502766
6499310
6501753
6501059
6499700
6500965
6498090
6501119
6498591
6500558
6497866
6497567
6497658
6498023
6500907
6499300
6502255
6498525
6498807
6498341
6501953
6500977
6501779
6500426
6501303
6498481
6500365
6498530
6499329
6498485
6500699
6499015
6500486
6500992
6500182
6499332
6497936
6501073
6502923
6502066
6498874
6500795
6498196
6502275
6499385
6498921
6499038
6497983
6501222
6501176
6501785
6499020
6501790
6501782
6498099
6499716
6501014
6499391
6501080
6498275
6498540
6501259
6500127
6498550
6501005
6501706
6501167
6497966
6500374
6501973
6499891
6500366
6499044
6501193
6501133
6501920
6499711
6499131
6500377
6498548
6501254
6498703
6499409
6498770
6501894
6499318
6501157
6501361
6498138
6499589
6497660
6497569
6500638
6496409
6497779
6498957
6499120
6501679
6501721
6496821
6501505
6501577
6499082
6500624
6499938
6497935
6498038
6499557
6499562
6499424
6499439
6497649
6502055
6502665
6500634
6499012
6498027
6497809
6499625
6498920
6500039
6498723
6500405
6501192
6500502
6501984
6502197
6499262
6497628
6501034
6500616
6500183
6501759
6499604
6501251
6501565
6500740
6500469
6499581
6499271
6500382
6500561
6498107
6498758
6500582
6499888
6500121
6498593
6498003
6497990
6500807
6499337
6500659
6500788
6500901
6499872
6499903
6498973
6497938
6498311
6501339
6498969
6499648
6501612
6497247
6498260
6502359
6499066
6500744
6502008
6499583
6497563
6502128
6501771
6500737
6498582
6498953
6501838
6501275
6498521
6496984
6501086
6500960
6499372
6498337
6501979
6502256
6498106
6497702
6497930
6497920
6502058
6499070
6498534
6500654
6497954
6497027
6498744
6502463
6498486
6500534
6501671
6499503
6501547
6498170
6500792
6501728
6498675
6501644
6498296
6501337
6499048
6502393
6499007
6500207
6500034
6501692
6500423
6498348
6498146
6502084
6502278
6499545
6500849
6501386
6499345
6501484
6499531
6499505
6499168
6500472
6500071
6498864
6502252
6498724
6498031
6499375
6499861
6502313
6500840
6497887
6498238
6500897
6499321
6501184
6498588
6502068
6502332
6502322
6498682
6501044
6498708
6500461
6501981
6500776
6498727
6498519
6500363
6498590
6501867
6498872
6498405
6497597
6497723
6499353
6502045
6502773
6498948
6502202
6499194
6502237
6498430
6497536
6500347
6500668
6501348
6502053
6498963
6501948
6499652
6501812
6501798
6499530
6499342
6497624
6501414
6498388
6501399
6497692
6497861
6501466
6500631
6501355
6500221
6501718
6499116
6501007
6500913
6501313
6498018
6501732
6502443
6498242
6499523
6502089
6502469
6501911
6500756
6499309
6500891
6501291
6497326
6501392
6498625
6498692
6500424
6498406
6499906
6499377
6497977
6499451
6498142
6500058
6501227
6501225
6498256
6501057
6502434
6499002
6498614
6499446
6501898
6502137
6498178
6501026
6501455
6500766
6500253
6502105
6497890
6501370
6499014
6498374
6501060
6500679
6498082
6501187
6499201
6500665
6497556
6499945
6498830
6498277
6499972
6498009
6501830
6500802
6500223
6498458
6500477
6499208
6502572
6501461
6498492
6496964
6498667
6500917
6500356
6500357
6499844
6499573
6502199
6500751
6499532
6498685
6501905
6498584
6498506
6498718
6502713
6498559
6502129
6499889
6501421
6501393
6499524
6501068
6499421
6501320
6502663
6501081
6501548
6501003
6498187
6500295
6497464
6498941
6498074
6501336
6497731
6498344
6498845
6499258
6497636
6501874
6501280
6498268
6498580
6501202
6499297
6500600
6500748
6501847
6502594
6502808
6501051
6499235
6501191
6501803
6498084
6499199
6500552
6498651
6497729
6502365
6498288
6497458
6501824
6498079
6501493
6498556
6500171
6501344
6501033
6498407
6501327
6498505
6498579
6498342
6501807
6498033
6502536
6498071
6499188
6501448
6498544
6499438
6501480
6499617
6497770
6499715
6501823
6498366
6500962
6501168
6498719
6498491
6501470
6499103
6501604
6498381
6501892
6500589
6501292
6499051
6497929
6501123
6501856
6497752
6498710
6502600
6499692
6500435
6498269
6501532
6499735
6498365
6499077
6499880
6501210
6498826
6501833
6500640
6502389
6501556
6499408
6498576
6500326
6498369
6500304
6500427
6497807
6501926
6501930
6500780
6500575
6502067
6498968
6502523
6498892
6502081
6499619
6499768
6498817
6499176
6500924
6500855
6498722
6498678
6500009
6497772
6501258
6499295
6502200
6500716
6500381
6497390
6500877
6498707
6501992
6499401
6502032
6501063
6501443
6501695
6502867
6498105
6501268
6501260
6502826
6498630
6498490
6498804
6499279
6502932
6498450
6500315
6497853
6500952
6501474
6501502
6502314
6501716
6501062
6500930
6501131
6498195
6501094
6497413
6498489
6498051
6498896
6499796
6500594
6497323
6499144
6498279
6501789
6500547
6497169
6499031
6498527
6502051
6499347
6501220
6502147
6501719
6501929
6501244
6496928
6501664
6497378
6501407
6501273
6500860
6498915
6502752
6497480
6498075
6498937
6502093
6500610
6501609
6498875
6499138
6498928
6499004
6501567
6497340
6497524
6501326
6501257
6497840
6498019
6500950
6497562
6499462
6498652
6498787
6497928
6501145
6502079
6498014
6498991
6498939
6498986
6497940
6502065
6498041
6497969
6502183
6501013
6498207
6498626
6499985
6498361
6498909
6498585
6501990
6499939
6500968
6497153
6498659
6502086
6499145
6497984
6501802
6497714
6503097
6500273
6498655
6502785
6501941
6497797
6501901
6501774
6501733
6500302
6500250
6498347
6498464
6496454
6502864
6500997
6499251
6502142
6502309
6501744
6501655
6502305
6502091
6502602
6498925
6500099
6498414
6498861
6500820
6503427
6498502
6498465
6501039
6501154
6498262
6499049
6498658
6498515
6502345
6500735
6502696
6501629
6501566
6498551
6502225
6498552
6497867
6497895
6501575
6497792
6501205
6498570
6501530
6497267
6498741
6498586
6498788
6498205
6500713
6498073
6501006
6502444
6502230
6501046
6498619
6500457
6501537
6498069
6503321
6499308
6501985
6497825
6500781
6502266
6498037
6497332
6501674
6500118
6497880
6502069
6498297
6501982
6498952
6497665
6501989
6501503
6500850
6499132
6498958
6498067
6501820
6499720
6501937
6499483
6499932
6502080
6498755
6500495
6497542
6502224
6498962
6498959
6499962
6496871
6501111
6503056
6499520
6501535
6502245
6497672
6499129
6502691
6497259
6497272
6498040
6497683
6499011
6498623
6502408
6502184
6501633
6501432
6502491
6502277
6501697
6498316
6502340
6497019
6498310
6502054
6502141
6501366
6501269
6502417
6498700
6498504
6499363
6497593
6498829
6498774
6498766
6498522
6499202
6501177
6501383
6501851
6497733
6501233
6501453
6501155
6498261
6501964
6499098
6500887
6501611
6501583
6502667
6497586
6498475
6502562
6497995
6497214
6497640
6501139
6501317
6497907
6502476
6498001
6498627
6500898
6499836
6498191
6499559
6498278
6498137
6500672
6501510
6498976
6497710
6498812
6501296
6500935
6501652
6498871
6497778
6497919
6498748
6497479
6501485
6501350
6501423
6499097
6502221
6501786
6501115
6501689
6497434
6502001
6497601
6498478
6499027
6501525
6500548
6497240
6503269
6502358
6501420
6497709
6501164
6498906
6501703
6498239
6497454
6497856
6502347
6497346
6499629
6502872
6501654
6501915
6501617
6499964
6501403
6498784
6502392
6502379
6501035
6501255
6501161
6502164
6503203
6498270
6501748
6501077
6497878
6497913
6500963
6498386
6501579
6502157
6501943
6502515
6501163
6501334
6501942
6502338
6498827
6497754
6497648
6498452
6498426
6500755
6497404
6497690
6501724
6501340
6499378
6498089
6498021
6497826
6500904
6498169
6502118
6497184
6498512
6502212
6500635
6499588
6497932
6498508
6497527
6500954
6498379
6502603
6497602
6501518
6501906
6498281
6497570
6501788
6497915
6498737
6502247
6498734
6499242
6502327
6501294
6501459
6501128
6497962
6499540
6498368
6501501
6496325
6501705
6501387
6498567
6502486
6501088
6501701
6501650
6501860
6497535
6500778
6498384
6498286
6502061
6501589
6501390
6502009
6501263
6500096
6497968
6502039
6497888
6496534
6502813
6502902
6502251
6497864
6501555
6501529
6497789
6496525
6501050
6501449
6502424
6497808
6498389
6501691
6502459
6497727
6497513
6497764
6498095
6501787
6498438
6500352
6498364
6502148
6498335
6502161
6501285
6502083
6503175
6498769
6501638
6498265
6497941
6502012
6501049
6498408
6500909
6497457
6501890
6498470
6499068
6497985
6497921
6498091
6498143
6498840
6498511
6501945
6501672
6501488
6497926
6501776
6501406
6497787
6500078
6501709
6501058
6501324
6502135
6498263
6497788
6502222
6502170
6500029
6503118
6498507
6502158
6501608
6501923
6498396
