4487046
4503858
4495036
4481483
4501687
4498188
4511208
4509730
4493655
4506321
4497210
4512086
4485224
4489088
4496647
4501470
4513280
4508435
4492152
4501836
4511097
4506631
4500933
4503854
4496020
4503921
4488412
4493357
4499163
4517430
4496726
4486985
4494495
4497960
4483065
4500703
4499060
4496466
4508524
4516810
4495689
4492719
4501046
4507749
4518247
4503078
4497754
4509199
4510357
4495423
4491943
4494137
4511417
4491623
4497924
4510099
4486724
4509684
4503969
4501328
4516979
4509141
4505661
4493813
4508611
4485292
4500801
4501289
4512724
4501128
4500128
4507397
4497624
4506616
4500394
4502776
4489447
4511761
4501228
4506053
4499930
4498478
4501072
4496728
4487092
4484972
4498212
4518293
4511051
4504746
4487581
4499826
4500496
4515323
4505078
4506463
4488099
4499199
4498964
4503796
4497804
4497808
4505633
4499224
4475619
4506197
4500038
4503783
4507855
4499950
4512094
4499291
4500797
4495340
4498140
4490054
4489599
4515675
4500152
4502180
4491913
4506010
4512369
4487493
4504174
4507101
4500792
4490577
4526274
4506817
4515319
4479591
4499650
4501689
4494282
4508013
4502407
4499102
4489620
4506854
4499727
4508066
4495066
4502523
4496390
4489908
4489774
4488496
4502227
4503720
4484254
4498028
4490338
4499087
4500395
4515886
4514742
4488495
4507260
4508110
4504388
4506021
4508723
4497386
4492898
4492063
4497794
4501824
4501507
4490856
4492978
4505465
4504898
4507379
4501993
4496955
4505774
4501132
4493083
4499221
4502157
4501658
4493465
4488332
4498122
4513752
4492868
4485644
4482586
4510740
4493682
4493690
4494071
4511602
4503122
4498911
4515548
4508547
4499823
4502252
4514328
4514216
4496821
4499671
4489015
4510818
4503438
4486522
4495638
4501726
4513136
4487908
4486277
4506239
4500092
4507793
4497323
4505456
4514630
4496093
4482211
4492729
4478893
4502788
4500697
4506887
4490235
4508448
4516725
4511239
4501679
4491715
4489412
4508950
4499634
4485284
4491907
4502992
4505250
4497005
4492266
4514339
4512404
4489263
4498918
4511565
4513028
4496532
4497369
4501803
4500895
4482033
4490507
4516486
4507467
4487338
4490702
4509404
4504143
4502513
4508032
4494049
4503981
4496172
4487506
4522859
4490886
4492839
4494111
4505428
4486229
4501581
4495240
4488585
4507012
4511079
4510732
4483066
4491111
4501802
4492608
4489625
4497343
4494903
4503477
4484383
4515107
4503602
4508016
4507876
4518831
4516061
4492508
4509646
4504052
4519473
4506182
4489154
4488654
4499139
4491587
4508150
4496173
4494324
4498240
4507318
4502278
4506896
4517843
4498072
4503016
4512610
4512941
4492075
4503113
4491902
4510240
4490019
4512511
4493008
4492613
4500420
4503490
4514957
4490360
4502615
4507488
4514217
4492168
4508338
4491960
4507470
4508936
4500575
4508511
4512048
4499815
4487363
4499194
4490385
4498685
4501006
4496362
4511516
4496363
4509131
4504000
4502726
4498041
4485505
4498337
4495015
4487283
4489107
4501587
4494797
4497406
4482754
4502127
4507742
4486899
4508379
4505597
4510320
4506680
4501574
4500642
4503986
4501281
4505282
4489643
4518378
4498920
4507195
4494922
4499043
4485681
4500835
4508579
4505189
4500765
4502721
4490095
4497958
4509490
4497123
4493461
4504393
4500844
4500035
4506679
4487400
4487273
4509312
4508509
4500096
4508529
4507911
4510193
4502040
4490656
4501936
4496417
4501638
4507963
4502766
4478963
4486500
4497874
4497380
4494156
4491964
4494798
4496675
4509711
4515860
4498202
4490164
4495187
4513295
4497312
4487801
4492703
4485511
4491914
4504310
4509516
4504702
4487307
4498113
4501659
4493952
4499545
4512740
4499537
4510624
4496109
4494681
4494713
4488334
4510277
4503300
4490541
4501231
4515623
4491657
4480472
4510516
4502595
4497334
4498114
4508536
4506372
4503560
4492901
4492669
4502331
4500692
4493872
4491129
4499511
4505778
4500007
4495204
4497307
4506549
4507372
4498699
4510173
4505497
4516552
4503614
4489602
4516848
4499743
4496429
4501889
4482821
4478074
4485740
4486901
4495431
4503624
4494534
4514659
4506496
4516152
4501708
4513130
4511560
4509794
4495579
4496716
4506161
4503215
4508299
4502961
4505914
4511420
4491048
4508726
4490987
4500426
4493975
4487898
4501237
4499801
4504169
4492416
4506790
4509902
4502448
4515814
4512315
4495125
4498776
4494577
4506510
4496657
4501400
4500093
4519293
4492708
4494674
4511573
4498238
4489701
4500294
4505857
4499864
4500566
4510341
4510284
4496962
4511215
4485231
4512731
4493635
4511727
4487715
4516243
4503069
4497239
4513962
4497170
4487151
4503208
4504511
4512025
4497363
4504536
4496478
4483573
4500680
4498805
4499447
4511048
4495743
4502556
4493995
4507025
4505360
4488632
4518554
4509985
4504969
4497654
4514693
4488947
4501696
4504042
4510150
4497360
4492188
4495005
4507834
4492426
4496178
4508085
4512223
4498194
4506926
4512181
4494823
4495498
4504724
4505876
4509790
4513949
4501486
4504800
4490812
4490110
4494439
4491173
4502943
4498948
4490629
4505199
4487904
4484082
4483324
4493020
4499174
4517154
4517443
4497173
4502756
4499819
4486329
4487444
4504427
4505142
4514452
4497652
4506073
4494250
4497915
4505320
4504141
4494860
4505518
4495648
4499859
4494628
4504378
4500946
4508223
4509832
4499832
4496042
4490506
4503101
4518392
4507093
4487596
4499969
4501520
4511176
4493700
4510203
4510046
4503017
4510689
4491707
4508160
4499132
4497897
4506116
4512453
4492498
4492644
4494045
4490726
4495799
4504683
4510906
4496780
4512823
4510342
4507111
4508259
4508514
4502945
4500540
4503092
4497074
4520428
4494872
4501634
4515967
4515913
4494753
4505655
4505192
4506030
4495749
4505067
4507368
4508992
4488301
4493932
4503793
4498447
4505738
4486898
4506922
4494643
4504503
4509782
4491097
4511590
4494838
4501596
4515161
4498398
4515975
4493058
4502467
4492744
4504987
4502497
4511467
4494373
4502682
4487093
4505155
4514974
4505796
4504792
4501106
4515176
4509593
4510629
4504346
4506129
4504830
4509894
4507271
4496174
4493259
4498274
4499410
4482789
4509318
4492169
4498623
4510997
4494567
4489423
4504293
4502122
4509615
4474838
4485081
4505183
4494557
4496715
4497995
4488912
4504091
4507302
4490782
4498009
4509433
4482823
4512357
4495520
4486287
4509905
4496571
4484243
4499486
4524081
4500387
4498066
4481691
4503567
4504882
4506104
4510066
4494298
4481647
4506644
4503907
4516987
4492614
4510675
4504665
4496436
4486790
4498820
4499617
4492702
4500837
4495828
4506452
4508192
4506638
4512084
4519338
4503794
4498760
4488528
4503320
4492067
4495942
4494579
4500491
4493286
4503271
4488475
4486781
4500722
4498059
4500177
4511396
4501458
4492153
4488373
4498676
4504305
4502378
4496110
4490889
4500716
4502342
4507429
4503191
4490784
4509066
4510759
4508988
4507804
4494301
4503889
4498905
4498618
4495590
4521462
4503692
4497001
4504117
4502930
4501926
4505897
4499069
4485786
4496611
4507625
4510731
4491215
4509164
4495250
4507242
4486982
4511076
4488212
4497774
4494598
4509532
4496666
4502854
4507856
4508619
4495235
4500960
4492764
4504260
4498257
4509351
4511295
4503984
4496633
4493043
4485365
4509597
4501374
4509523
4501855
4495613
4507620
4498747
4508266
4498237
4506748
4502514
4504778
4492143
4513836
4489770
4500810
4521602
4503254
4489212
4493071
4505784
4499738
4487725
4491179
4501205
4510195
4493010
4489054
4498671
4508628
4500209
4501709
4492468
4500307
4519734
4480975
4489214
4505176
4494467
4485879
4517124
4487989
4504127
4494477
4486029
4483731
4488170
4507409
4510149
4489191
4497556
4492510
4504808
4499105
4494779
4507901
4477811
4484252
4495155
4486072
4508488
4500154
4488243
4510261
4504447
4505939
4518677
4516305
4499100
4498269
4500499
4495380
4480345
4483706
4500997
4503204
4487685
4510053
4487200
4500777
4494840
4507456
4512456
4497019
4510429
4510291
4479828
4494009
4505929
4488579
4495686
4494515
4513913
4499530
4499260
4507796
4508652
4505801
4501905
4493945
4500011
4491576
4501380
4490878
4483659
4493901
4487606
4496010
4511171
4484680
4484965
4513184
4500392
4504213
4510701
4510605
4497066
4494239
4505491
4503240
4511283
4507516
4496817
4486864
4500981
4502853
4507973
4503524
4521947
4518209
4507132
4492939
4501238
4497051
4498412
4492055
4518288
4509853
4480911
4495968
4500123
4513538
4489282
4490637
4491671
4491511
4512032
4511929
4499834
4507461
4496124
4492160
4492548
4499749
4495347
4488687
4504037
4493151
4500503
4506492
4490008
4489728
4506670
4517963
4499228
4503742
4500301
4516934
4509397
4489480
4505340
4502882
4506497
4504420
4504363
4500487
4490607
4501693
4507041
4489445
4500524
4496175
4511891
4501056
4498391
4508985
4508977
4500783
4499416
4492103
4512825
4499020
4494145
4497715
4493879
4513909
4510462
4498612
4502627
4498104
4497586
4521098
4509337
4510622
4519779
4486818
4513969
4499192
4500638
4495500
4480669
4508031
4502264
4515738
4486064
4496061
4506873
4498974
4492612
4501158
4502110
4500715
4494913
4510373
4494006
4499809
4507319
4496905
4499894
4481266
4508094
4499982
4508033
4507765
4508408
4491530
4503939
4485884
4490505
4497467
4513952
4515811
4494000
4492214
4502105
4506471
4499675
4507650
4505418
4491441
4508344
4490428
4497837
4494391
4497282
4495934
4504139
4508217
4481811
4510582
4504561
4502143
4485972
4501637
4515324
4485414
4502315
4528881
4514792
4507403
4501151
4498070
4509839
4499843
4498046
4500055
4499717
4494410
4498235
4507419
4507520
4494022
4506972
4516832
4506065
4527056
4499348
4499702
4501170
4492353
4506820
4490449
4496607
4494500
4512959
4512509
4512812
4504690
4487716
4508777
4494553
4511523
4509022
4496480
4489340
4502087
4499748
4497832
4516874
4508205
4512694
4489413
4497509
4511979
4495980
4502681
4487666
4496434
4510793
4491242
4498867
4507568
4502012
4508850
4497750
4505074
4494381
4484672
4512689
4494918
4500156
4501440
4497115
4500576
4503488
4497218
4505236
4490233
4510322
4485447
4503014
4526836
4491997
4504770
4498273
4483666
4486776
4502432
4493611
4482718
4523559
4504323
4495349
4496288
4496198
4487443
4507875
4509441
4500900
4502004
4506241
4512322
4505220
4492580
4499514
4504047
4490622
4499920
4482690
4507184
4491035
4498664
4495927
4499314
4491138
4496367
4481818
4505048
4501480
4506466
4508402
4510570
4486192
4501305
4515998
4502140
4505537
4495826
4499288
4508691
4505383
4506305
4500758
4492860
4483402
4514157
4516084
4512883
4498130
4496822
4509552
4499487
4500230
4501047
4515246
4489954
4506712
4498494
4497952
4497128
4501720
4493267
4497276
4501118
4505096
4507564
4484536
4513839
4492434
4487624
4499103
4507929
4499623
4512310
4498973
4492722
4488546
4493994
4499186
4483396
4492355
4506119
4499004
4494085
4502083
4492858
4501797
4495844
4514483
4498883
4500741
4522779
4495442
4512659
4495723
4495272
4507234
4503161
4506282
4497256
4512334
4503160
4502967
4513177
4496923
4502603
4492820
4493332
4491737
4497111
4507512
4489211
4506257
4494870
4510358
4498467
4511380
4505400
4508848
4495259
4504774
4483709
4492972
4484491
4504250
4501898
4490011
4495783
4504168
4518736
4505522
4507821
4494612
4506695
4501036
4494330
4489822
4505606
4487884
4499958
4488051
4494693
4497674
4506509
4492298
4500548
4491981
4502044
4481526
4512389
4493328
4479819
4508672
4505903
4493571
4492876
4501232
4488571
4503489
4493538
4480866
4503813
4503370
4513687
4513558
4500273
4510292
4500363
4487176
4506225
4500785
4500807
4498145
4508486
4505041
4494275
4479257
4495774
4489714
4508625
4502553
4505692
4505312
4513068
4494824
4524831
4511038
4507239
4502533
4500145
4494098
4504134
4507404
4509744
4504440
4498773
4498221
4500010
4501848
4508183
4498047
4496204
4494710
4524105
4510401
4484816
4509706
4500594
4505408
4504801
4497802
4500625
4494146
4486675
4511748
4486268
4494524
4490594
4482320
4507812
4490466
4493147
4505389
4505014
4487230
4489636
4491072
4509788
4495035
4496067
4513956
4490979
4491295
4493377
4499977
4506516
4493911
4510467
4499420
4510393
4509510
4480034
4490065
4497389
4501618
4500980
4504630
4492595
4508641
4511094
4490184
4502344
4500700
4501268
4494247
4487043
4508370
4504076
4484909
4500167
4497465
4491023
4488740
4494272
4513447
4479883
4488275
4488431
4492357
4498540
4495058
4508478
4490722
4498052
4498209
4503471
4488732
4497968
4504709
4497133
4505150
4483496
4490010
4512166
4491203
4496980
4511332
4499439
4497867
4504415
4485344
4484067
4500610
4495771
4491126
4495457
4515721
4503391
4507204
4503468
4487040
4495931
4524350
4494097
4510661
4489891
4509576
4496621
4492435
4507177
4491236
4494573
4478014
4486421
4508734
4497796
4490131
4508954
4490941
4503363
4499151
4493327
4497126
4480305
4494055
4512219
4511818
4489587
4485310
4493179
4506292
4495198
4494273
4512083
4498885
4493886
4505198
4485512
4495788
4517212
4503446
4499665
4503787
4509193
4494350
4499762
4504450
4506147
4504646
4498476
4494240
4495149
4483393
4505232
4505725
4494353
4495602
4494375
4506699
4506156
4502984
4497345
4500026
4502351
4484697
4503039
4494690
4495269
4495430
4507345
4490295
4507968
4495531
4487344
4503222
4507832
4514300
4498573
4494891
4493308
4512396
4496416
4487996
4481926
4490752
4497250
4506416
4506456
4508778
4495524
4485083
4503871
4504088
4486386
4489576
4514384
4504575
4500173
4498751
4490917
4514149
4491503
4497041
4490727
4496642
4504817
4504129
4503171
4496460
4503704
4494724
4499248
4492680
4506112
4495976
4506706
4496859
4500592
4503540
4499642
4507826
4502399
4496590
4493268
4495018
4504824
4489627
4494441
4507671
4496096
4518404
4487037
4517591
4522842
4502096
4502219
4519164
4507738
4500174
4506076
4514599
4487999
4498020
4505660
4491410
4491573
4500472
4498674
4501611
4493295
4489254
4504482
4496133
4487354
4503695
4494858
4492609
4490249
4509417
4511248
4506543
4483578
4505722
4510183
4502939
4505693
4517405
4489855
4476165
4492467
4501890
4491885
4494180
4500186
4483297
4516090
4493293
4504384
4507043
4502846
4501620
4496893
4484331
4497502
4505810
4490908
4487192
4522540
4494228
4498842
4504647
4478804
4502097
4498469
4505469
4508351
4505274
4515138
4506215
4492810
4491736
4509555
4496969
4483337
4492036
4492841
4497914
4498198
4498510
4505728
4483641
4518859
4504451
4505416
4504177
4506423
4491164
4514004
4495892
4505913
4499137
4492797
4498084
4496578
4512792
4504151
4508118
4478548
4511656
4501741
4501222
4500116
4493037
4481777
4492393
4488910
4487413
4511424
4513446
4513927
4496158
4476090
4502551
4507697
4501417
4494644
4489022
4508030
4512911
4500198
4484041
4491308
4493077
4502963
4490104
4498990
4489939
4488870
4494876
4491011
4508818
4501112
4513691
4493734
4506134
4497633
4511808
4491075
4503741
4495288
4499330
4497260
4484186
4485157
4510631
4508087
4497668
4503819
4501483
4491695
4505843
4504265
4489463
4506662
4499039
4503516
4512905
4500467
4504456
4517335
4517243
4498023
4489838
4498242
4502186
4505566
4504362
4511796
4510095
4509645
4502953
4509339
4492315
4491741
4493764
4486963
4494300
4500737
4497548
4503262
4486342
4512835
4506634
4494645
4494422
4510037
4503059
4501039
4506694
4493124
4481098
4506042
4508699
4495281
4484958
4484371
4502921
4501965
4482580
4492280
4513508
4507407
4511349
4481399
4514220
4511487
4480955
4502711
4515649
4507965
4491804
4494599
4500066
4506375
4498989
4490902
4498033
4503722
4490578
4493186
4505987
4496741
4514207
4506158
4495406
4499508
4500027
4500231
4504274
4489387
4517437
4508333
4491540
4486431
4492778
4503890
4497221
4512769
4514814
4488826
4499426
4507892
4512712
4497748
4505326
4505415
4503538
4486005
4509653
4511107
4499818
4496707
4511671
4502743
4504900
4509075
4499198
4503080
4503570
4494562
4482827
4488126
4488217
4506442
4489134
4499861
4508212
4508975
4498593
4501337
4490320
4507895
4490768
4504780
4485614
4508044
4501547
4497293
4501617
4490882
4506350
4487708
4499632
4503687
4486661
4508049
4497573
4520748
4497014
4497650
4501115
4501595
4498530
4483861
4502036
4496481
4500822
4509862
4484150
4488786
4487366
4506673
4505035
4510378
4478290
4498101
4500380
4501957
4499239
4502698
4502247
4518829
4513091
4499539
4505764
4504797
4501518
4503771
4501027
4506337
4482168
4512203
4505719
4510687
4489911
4492762
4482258
4511149
4490850
4516963
4491398
4485536
4504004
4502972
4507209
4494563
4489304
4512429
4496239
4507752
4495243
4511186
4504572
4510522
4506325
4490572
4516177
4500468
4501707
4509094
4507515
4485521
4515315
4521639
4490343
4505420
4500389
4487318
4486391
4512709
4501253
4496681
4495390
4491551
4501722
4509210
4501715
4512565
4517811
4509308
4490376
4498807
4495112
4496510
4502306
4482268
4482278
4517788
4493157
4494564
4498575
4496012
4502019
4494514
4499907
4496975
4488297
4497792
4505113
4505893
4513475
4495373
4494126
4503421
4504512
4488801
4504166
4486060
4507453
4487012
4497489
4512563
4484907
4493631
4505295
4483976
4509553
4494231
4493745
4485790
4506294
4509182
4482129
4497635
4505869
4495991
4482814
4502914
4503324
4485962
4505114
4497346
4509720
4496176
4526864
4480276
4507214
4493815
4499375
4501431
4519673
4504328
4499739
4491872
4486022
4491574
4517176
4499552
4499336
4493115
4496271
4492966
4499934
4502715
4500609
4501859
4508167
4501739
4482679
4506188
4503397
4516103
4485999
4489874
4507384
4496797
4481080
4517758
4495184
4489621
4521569
4488883
4490150
4496315
4510479
4495490
4491796
4512168
4508221
4495716
4491843
4491701
4509216
4500554
4510528
4487978
4511583
4495420
4489046
4504216
4504570
4484374
4493301
4491518
4490106
4499687
4506122
4509741
4503004
4496260
4507745
4482709
4510831
4499289
4499091
4512239
4491454
4490675
4492364
4485451
4500686
4504112
4505604
4489618
4508784
4498148
4495410
4504556
4501156
4493078
4508671
4482902
4499098
4496604
4512567
4502947
4502673
4511714
4487912
4495090
4509872
4504982
4483736
4496561
4498835
4491383
4492284
4504217
4500079
4511917
4490489
4504103
4498859
4508151
4503375
4498574
4489408
4486039
4505070
4495837
4494529
4504203
4489187
4486013
4511940
4510409
4495048
4495947
4499127
4517750
4487275
4490232
4512467
4487917
4499453
4507668
4513593
4494863
4491154
4510634
4502851
4501181
4509052
4517444
4511985
4497331
4480456
4512800
4493691
4496088
4502387
4502900
4506968
4482704
4504568
4501275
4504610
4516213
4487954
4500846
4495893
4495850
4484610
4489687
4506969
4502705
4495031
4511503
4512316
4495129
4497456
4508154
4484581
4514146
4508390
4504238
4497784
4488095
4519324
4512040
4505034
4480647
4496685
4495367
4509731
4505765
4489943
4503251
4507928
4492496
4488516
4497325
4499910
4497355
4518371
4496120
4480834
4499649
4498654
4522027
4495326
4504145
4499444
4521766
4496470
4499723
4506752
4494365
4505111
4483715
4496463
4486859
4500495
4480118
4491141
4517832
4490621
4527298
4507792
4504576
4502218
4482564
4509618
4496192
4509921
4495594
4509039
4493228
4483379
4497462
4495217
4492167
4510933
4510983
4487521
4498275
4504726
4498624
4495731
4486388
4518162
4510573
4499434
4505890
4497106
4504957
4513563
4514785
4499202
4499753
4498987
4499283
4523265
4516860
4507352
4492633
4511522
4504085
4509126
4476594
4498625
4489856
4491552
4498435
4499242
4503150
4510913
4503629
4503517
4505682
4488031
4490239
4504728
4483887
4504398
4502139
4494615
4502179
4494167
4501272
4522952
4505902
4493722
4488587
4503648
4481010
4508329
4502828
4497337
4486125
4512195
4507728
4498616
4509458
4496226
4498249
4494226
4483033
4502610
4496401
4505033
4494993
4479732
4502256
4512150
4515562
4495958
4503440
4493440
4495690
4501152
4511712
4490613
4488003
4515812
4495375
4492184
4494194
4501445
4497298
4492890
4493589
4494771
4510529
4506451
4494237
4499594
4497370
4475849
4506595
4490661
4497592
4490947
4497413
4516757
4495635
4504156
4503306
4503444
4516869
4497444
4495637
4493059
4485692
4517668
4503809
4509184
4506435
4491549
4505742
4511195
4506963
4491362
4486422
4508367
4497372
4490885
4499816
4503509
4498528
4493198
4503311
4515532
4498220
4512530
4496450
4492763
4496114
4504033
4496917
4502146
4508290
4487923
4506421
4496253
4484279
4503564
4493406
4479661
4501499
4494655
4491559
4508243
4505591
4489850
4492818
4475357
4507222
4506734
4479370
4493533
4505916
4490587
4495070
4500920
4514515
4496355
4498771
4496381
4502977
4478280
4505367
4487608
4513139
4501779
4507630
4500424
4486618
4504695
4494569
4506860
4499334
4505700
4495387
4507383
4498704
4505930
4509268
4479181
4480007
4498035
4505339
4523428
4494490
4502830
4500637
4502410
4492527
4503646
4499780
4504355
4497286
4509368
4504468
4501230
4507909
4512350
4491204
4499414
4518103
4494499
4502634
4518112
4495769
4495808
4492931
4499628
4511037
4500460
4496505
4492738
4494854
4509377
4516428
4499275
4518526
4499335
4494630
4515889
4502396
4496308
4486423
4484599
4484970
4493685
4505946
4501193
4509835
4515608
4500542
4505216
4507181
4513286
4506163
4516150
4493066
4492400
4489617
4497675
4507879
4504787
4498942
4497666
4502956
4503514
4495720
4498554
4479234
4488830
4496232
4505848
4518429
4488789
4495451
4497507
4503226
4501135
4483923
4492272
4506814
4509159
4511402
4509809
4493093
4495203
4499519
4481983
4510998
4492725
4500295
4510144
4506871
4497609
4493868
4508875
4473921
4496351
4497277
4493425
4511629
4491259
4504919
4496542
4497411
4501960
4515025
4499764
4509244
4488561
4510716
4488215
4488605
4504258
4502675
4490421
4499117
4483127
4493759
4484727
4496465
4503459
4502164
4492551
4495773
4504973
4488770
4491436
4490134
4504880
4498590
4512175
4495481
4490221
4510042
4506479
4501665
4502216
4501961
4509920
4491629
4498564
4508368
4512162
4498138
4505104
4510608
4495355
4509125
4506208
4486915
4495614
4501528
4498233
4496570
4510930
4500308
4498013
4487850
4497723
4513657
4489028
4501756
4502777
4494175
4512966
4499205
4506162
4499566
4506936
4490929
4497583
4497753
4509535
4499011
4502898
4517476
4497255
4487119
4513126
4483092
4504867
4508418
4500570
4503526
4503826
4510541
4490191
4520966
4507145
4504823
4502358
4490179
4514011
4501776
4513692
4503764
4502511
4511363
4503520
4498868
4501070
4497553
4502624
4500917
4509572
4490102
4508283
4490863
4502582
4500115
4506556
4489321
4491328
4500203
4500201
4508060
4489468
4507091
4494136
4495464
4492874
4519917
4496999
4495193
4507240
4492830
4497621
4505089
4491104
4499262
4488250
4502897
4491122
4512285
4489745
4496800
4502707
4506506
4487969
4506072
4489764
4504747
4489409
4507347
4509151
4487184
4505462
4479987
4496335
4501516
4512612
4507308
4493805
4498141
4501370
4496729
4507730
4510351
4505432
4514067
4492505
4499452
4505746
4491268
4498386
4496808
4476888
4508986
4507136
4513287
4488300
4497124
4498737
4499295
4495629
4487636
4509019
4505998
4504693
4495587
4498794
4513523
4489511
4497027
4502196
4493883
4498505
4488048
4489440
4499961
4480803
4484010
4504466
4492437
4512243
4498689
4496541
4496805
4509575
4496869
4506772
4500489
4508709
4492081
4492144
4492221
4498969
4520308
4509341
4513267
4497184
4502028
4504783
4497695
4510827
4498419
4494920
4486832
4506565
4485339
4488977
4486665
4486323
4496719
4506683
4491942
4503020
4505219
4496412
4493973
4495891
4490891
4515916
4482787
4510914
4485739
4492949
4493347
4495966
4498279
4493978
4487513
4505446
4499219
4487249
4511145
4493252
4508423
4514258
4497350
4496909
4497410
4500369
4485078
4516522
4497141
4517270
4494611
4497941
4500170
4509050
4490020
4507818
4496845
4502288
4497160
4504496
4498572
4515496
4506965
4497057
4498603
4504280
4495411
4495274
4515118
4490216
4491594
4505085
4509771
4498014
4502955
4503938
4500863
4507835
4493216
4501590
4492487
4513961
4494989
4496318
4485427
4506569
4483796
4491746
4502831
4508606
4509229
4504707
4501977
4489352
4490686
4499696
4499874
4494733
4495374
4513553
4497101
4495426
4496847
4490414
4500486
4506251
4498204
4497759
4500545
4498831
4504585
4510226
4493923
4503601
4493693
4512771
4491794
4492038
4482618
4488083
4489508
4490377
4496469
4489843
4498502
4489818
4493642
4493681
4505391
4507047
4506489
4514869
4508178
4487744
4507912
4499491
4501408
4516128
4507837
4494621
4492445
4502035
4493502
4484976
4505628
4486056
4501763
4500072
4498930
4513759
4512623
4512109
4484104
4489669
4492875
4493957
4494923
4501067
4494314
4499042
4492155
4487561
4491007
4510290
4485888
4497072
4506062
4505200
4508267
4504374
4500714
4500732
4509167
4496662
4498532
4503828
4501482
4503361
4494344
4484101
4488703
4502498
4510063
4490109
4488768
4495045
4511485
4488247
4506426
4498517
4491293
4492924
4519346
4484836
4494164
4519796
4492904
4499900
4494388
4481742
4513044
4508960
4512591
4499168
4496799
4495746
4501165
4495894
4514651
4495605
4499986
4493662
4510794
4503962
4492807
4493616
4509192
4504285
4495124
4518268
4500989
4504036
4499772
4485887
4488673
4492347
4513313
4496711
4498166
4505794
4497639
4515461
4496565
4514598
4500048
4508146
4492856
4504491
4504956
4502840
4502666
4520236
4509011
4503268
4499734
4479478
4502389
4488205
4506718
4475222
4503926
4499517
4486183
4509279
4505036
4513457
4492843
4503073
4498889
4513452
4489742
4493372
4495392
4513306
4510810
4491638
4490141
4488232
4502973
4505184
4500943
4494603
4495255
4490075
4506219
4509944
4492177
4492197
4498075
4511576
4491334
4505800
4506910
4510969
4510935
4514573
4509807
4490761
4521428
4503964
4493562
4501255
4489540
4489566
4508314
4512995
4484217
4502852
4494277
4483988
4507371
4513741
4500791
4514002
4499374
4497069
4503653
4500526
4501760
4503663
4509092
4499758
4501599
4501652
4501686
4494394
4491864
4516797
4489230
4507289
4512630
4488276
4494764
4486068
4493934
4498401
4501195
4523744
4488100
4492195
4505814
4502778
4507495
4502445
4498432
4521549
4496077
4505695
4500867
4489724
4512092
4500054
4504343
4513582
4496827
4490703
4497398
4506438
4520959
4501183
4507459
4511317
4505270
4502340
4496959
4498649
4487081
4497817
4502276
4496455
4504873
4503318
4513201
4494319
4505739
4501989
4506152
4490601
4517603
4505203
4494122
4479176
4508328
4515157
4507013
4510045
4505271
4494398
4512878
4490146
4516879
4494076
4484228
4498388
4495050
4510387
4504933
4510861
4492545
4487854
4496360
4505365
4479292
4484483
4512216
4521524
4491975
4496783
4488339
4502689
4506039
4483729
4485833
4486492
4495139
4494699
4504741
4497671
4506816
4480939
4492649
4500624
4508258
4499298
4493270
4492391
4485590
4506299
4508036
4488072
4484903
4482885
4496916
4498116
4500161
4497628
4510484
4499679
4503580
4502120
4514733
4494864
4512950
4497876
4490740
4509171
4486489
4500417
4502362
4485738
4473548
4509478
4509756
4505904
4508207
4500169
4510512
4501610
4513827
4505637
4503657
4495385
4498647
4506174
4507373
4490632
4489472
4488968
4489312
4508849
4487599
4498775
4508436
4492502
4518022
4499268
4516799
4498162
4499603
4493163
4495779
4495404
4515801
4502952
4511855
4499297
4502503
4498214
4512079
4492895
4493017
4508293
4502917
4504514
4517783
4501176
4514917
4516336
4497247
4493566
4499812
4493599
4494853
4505507
4489431
4496414
4510671
4517408
4491311
4500089
4502772
4503431
4519939
4490477
4504261
4497776
4503427
4504557
4514110
4503087
4498434
4509291
4512105
4502375
4486336
4483489
4513782
4502405
4499261
4499715
4496408
4499480
4495221
4478818
4492463
4488896
4494456
4510521
4506355
4510101
4500149
4490441
4504722
4503036
4500821
4496539
4489290
4490004
4497055
4498601
4499048
4516092
4511068
4496665
4496991
4491708
4490617
4487084
4494037
4504297
4503360
4515662
4497125
4501534
4508693
4507448
4488691
4492782
4503482
4493863
4512561
4512080
4503276
4506109
4477011
4507020
4502834
4503203
4483284
4508253
4497766
4489231
4509425
4509473
4508629
4511637
4496164
4494455
4494905
4489920
4504675
4491008
4493142
4493459
4490323
4517688
4516717
4489406
4493135
4493227
4504899
4496365
4480179
4501005
4487341
4506720
4507381
4494650
4506573
4484707
4491391
4513199
4495621
4483788
4495459
4472490
4499254
4502880
4498519
4507119
4498556
4488230
4516594
4504432
4517599
4504891
4500120
4498306
4508753
4508326
4499492
4497113
4499879
4484989
4485518
4495647
4503776
4501944
4510560
4505516
4484600
4500355
4492082
4493398
4520419
4487311
4518126
4480522
4502752
4501630
4498105
4504289
4494740
4476670
4514597
4491645
4521979
4489812
4490356
4492713
4489956
4500539
4508091
4502066
4497927
4488055
4507750
4498855
4496103
4515633
4503628
4497090
4508661
4503786
4505755
4509691
4493864
4510166
4505529
4501211
4496724
4490255
4500028
4504766
4503752
4496548
4498785
4518837
4503123
4512845
4502609
4496534
4504599
4523710
4496126
4491447
4499315
4494154
4507900
4501008
4518031
4497099
4491344
4522884
4498976
4500036
4484845
4500263
4507040
4493847
4510425
4502263
4517733
4496753
4511168
4503064
4508622
4510314
4490443
4506160
4515536
4501576
4500927
4501029
4522908
4500558
4503035
4500595
4501020
4485902
4491931
4488965
4486792
4507148
4501274
4514827
4498726
4498914
4500689
4490751
4494094
4508472
4523226
4486921
4489223
4511032
4499967
4520458
4497661
4497589
4494774
4504433
4492193
4504064
4506280
4497143
4511193
4492983
4496906
4493567
4502077
4490000
4491855
4493790
4503466
4497195
4479417
4501579
4495285
4487141
4496347
4498010
4508464
4507605
4492348
4498687
4488407
4489395
4504256
4508317
4496525
4494760
4480059
4502583
4494865
4505590
4509633
4508237
4502589
4498599
4500204
4511662
4502774
4522228
4484646
4485296
4490811
4495297
4509893
4514298
4487446
4504639
4509524
4502241
4493170
4500845
4510047
4498341
4485517
4511988
4494305
4507304
4504861
4502154
4504623
4489831
4507026
4495366
4488750
4493194
4508518
4473981
4493976
4494744
4503158
4491641
4499085
4481809
4496746
4501349
4505757
4498819
4519665
4493047
4493262
4488678
4497440
4487212
4508459
4490899
4509628
4495177
4486179
4506546
4499848
4508739
4499781
4505711
4495737
4495956
4496649
4516174
4510154
4499563
4505133
4494402
4500288
4481812
4496951
4505610
4488026
4495102
4492105
4499364
4509964
4491201
4499363
4487107
4512065
4506248
4513407
4497416
4500132
4481499
4510717
4494997
4486848
4518714
4496230
4500339
4515581
4499725
4497265
4522737
4512320
4479944
4504980
4509014
4501699
4504793
4490220
4509272
4503658
4498668
4488165
4500561
4488259
4491711
4490402
4502423
4522738
4512252
4488399
4481731
4484964
4494908
4503167
4503884
4501327
4517428
4492953
4499981
4497716
4498998
4497151
4500280
4497850
4499564
4493007
4504953
4487014
4511858
4498986
4502451
4519333
4500300
4494971
4511956
4495321
4498567
4508855
4497169
4501880
4467356
4491229
4492392
4494947
4492791
4511569
4509258
4498665
4504424
4508201
4502892
4514743
4512415
4509875
4502016
4503945
4495625
4510496
4485921
4503927
4479571
4491644
4505019
4482960
4503326
4500321
4486312
4516317
4510864
4509228
4488104
4494619
4512422
4499167
4491347
4495261
4485290
4494647
4506202
4519772
4477605
4506029
4509103
4512654
4513038
4502665
4516055
4495556
4491318
4498054
4488651
4475015
4490161
4523523
4485131
4500602
4482911
4498549
4492730
4498236
4515589
4501262
4499736
4491548
4504604
4510923
4513676
4494205
4478094
4508306
4502696
4498154
4508120
4493498
4483395
4494174
4492523
4508901
4484617
4483257
4484773
4499669
4488860
4498919
4512443
4495409
4480820
4501074
4508238
4496851
4508475
4492798
4500413
4494165
4490395
4507311
4502353
4514107
4512477
4491080
4487566
4512183
4492394
4505838
4484578
4498608
4507572
4492758
4498966
4501404
4509679
4503914
4516118
4490254
4494575
4485602
4516480
4493981
4506488
4495134
4495357
4491333
4503298
4491806
4487937
4505025
4490024
4514522
4489227
4499744
4505761
4508112
4502271
4501938
4498024
4510104
4492473
4509808
4500803
4507237
4512346
4505512
4491457
4499581
4504126
4508890
4491301
4496063
4514603
4496843
4511373
4492785
4503134
4504194
4489817
4504283
4488253
4504089
4493437
4491887
4509364
4508903
4504246
4516043
4502706
4504409
4502819
4512715
4492465
4499821
4485507
4503588
4498756
4498763
4483429
4493902
4501023
4506477
4494634
4506801
4484333
4490459
4495476
4506955
4505527
4499403
4510968
4507591
4497568
4493468
4496078
4504893
4496129
4507354
4488322
4509389
4507114
4489583
4500192
4497768
4513503
4496619
4499180
4492698
4492365
4506792
4489637
4497437
4504402
4495717
4502550
4505060
4488327
4514634
4497344
4516939
4501086
4490426
4500260
4498899
4498715
4498565
4509721
4506221
4505387
4503578
4493865
4489129
4499654
4492603
4496994
4515956
4508147
4512093
4500843
4490841
4504818
4507704
4495706
4506172
4501391
4497485
4497761
4491305
4495658
4480504
4514417
4507543
4494884
4494928
4496106
4488330
4513762
4508677
4500146
4509344
4490487
4500133
4485123
4495370
4495378
4511162
4487650
4498283
4496601
4497608
4500582
4498231
4502616
4515226
4493467
4499522
4514666
4516670
4504942
4508438
4489058
4500763
4488957
4504671
4514130
4520812
4487573
4496593
4495256
4499838
4515262
4490079
4492139
4505380
4495328
4479343
4494560
4501000
4494964
4496903
4510151
4514885
4507360
4487768
4512348
4506370
4502799
4499965
4503883
4502188
4494806
4505136
4505032
4499096
4491031
4497735
4510343
4493639
4494217
4512139
4512438
4492068
4510597
4497782
4506314
4509322
4513922
4510348
4507669
4501009
4491973
4517279
4485053
4511156
4501716
4499393
4499555
4498972
4489932
4482810
4492254
4485493
4485660
4522273
4483674
4502825
4493809
4509563
4474937
4491466
4502145
4520132
4506503
4494595
4489241
4509313
4498336
4490845
4494866
4509678
4502886
4500677
4507552
4512128
4515850
4515336
4506824
4497532
4478449
4493148
4482088
4503277
4502280
4528699
4507853
4501092
4486253
4486434
4495338
4500121
4511410
4512377
4513240
4491068
4504399
4496149
4502090
4503923
4498349
4504544
4498431
4504140
4500342
4503249
4496660
4499343
4502075
4499080
4499409
4507940
4507789
4502585
4491492
4490720
4505685
4511920
4493401
4490081
4504419
4510720
4504445
4517477
4489203
4485952
4508656
4512542
4503853
4499690
4513488
4503640
4518065
4495654
4495910
4493754
4498732
4500781
4495440
4499962
4496876
4502222
4516896
4503007
4511289
4499646
4503635
4496634
4506664
4498923
4504458
4498545
4507523
4499361
4492907
4490806
4501219
4513966
4496488
4498787
4489369
4493131
4507726
4490978
4495492
4494421
4509036
4497751
4495852
4495736
4505042
4508685
4490573
4496952
4501407
4507678
4508181
4493705
4502490
4512513
4506786
4482761
4502328
4487943
4505290
4512660
4509398
4508600
4506574
4514370
4503918
4497572
4491827
4492091
4496546
4487630
4506558
4487124
4500080
4495652
4496098
4496591
4501809
4502896
4484593
4498702
4502895
4497092
4484710
4486892
4503993
4496302
4509945
4500591
4500724
4504929
4507685
4507757
4497851
4501321
4493544
4511483
4498405
4495314
4509870
4508712
4491986
4505683
4504820
4492912
4502822
4485250
4499872
4515001
4501384
4496688
4494950
4510833
4497445
4492005
4511291
4505519
4498541
4513986
4513024
4470895
4484733
4498421
4503128
4497758
4485726
4482246
4498211
4495657
4502655
4498156
4512046
4501672
4487319
4500896
4494708
4511563
4487512
4494064
4482460
4509800
4488076
4496802
4509485
4502564
4489064
4494723
4486420
4511747
4493507
4509583
4493133
4512238
4508523
4517905
4485069
4481978
4505044
4489117
4505407
4500667
4493205
4488304
4505311
4501386
4531842
4506296
4488182
4495734
4500239
4509927
4508663
4508388
4510007
4502045
4501227
4507329
4495424
4515626
4513586
4503460
4478585
4503734
4498963
4498304
4496048
4501920
4493742
4495611
4479411
4501553
4507074
4513660
4498297
4497977
4483305
4488825
4495435
4507499
4494491
4498633
4494432
4501153
4500826
4503463
4502618
4505586
4488813
4505330
4515379
4513373
4487018
4499128
4499796
4492743
4497587
4493974
4490434
4506071
4492920
4523318
4502806
4484123
4511628
4494338
4495246
4499321
4496427
4502648
4510126
4514424
4505226
4499155
4495870
4509732
4500767
4508550
4488510
4508692
4504499
4491982
4516922
4500208
4512673
4496518
4516991
4508099
4509003
4494023
4503895
4509719
4492499
4504311
4506855
4493812
4497970
4505050
4499061
4523053
4499629
4509797
4505361
4529165
4501411
4494193
4494890
4506469
4500271
4483234
4501282
4507814
4492431
4506396
4502874
4501998
4498181
4513358
4493736
4495819
4497951
4502944
4497838
4503677
4504930
4503235
4481750
4510062
4517029
4503774
4520101
4508814
4506159
4499893
4505688
4501320
4498111
4489367
4493114
4490880
4487032
4495672
4499733
4505046
4514717
4511866
4501270
4497012
4509513
4497864
4522135
4494899
4483188
4491221
4516402
4504065
4511549
4509180
4506877
4511460
4488337
4502446
4495522
4501448
4494565
4491377
4505966
4501863
4482963
4512013
4503767
4496396
4519072
4487667
4498484
4507970
4507435
4497571
4500104
4482741
4495841
4501203
4511230
4494691
4500257
4501521
4490512
4491532
4516040
4499461
4501916
4504249
4493531
4505110
4504487
4501057
4513611
4498493
4494004
4493998
4493116
4481397
4504791
4505053
4513982
4492054
4500259
4511756
4489108
4504481
4500318
4502751
4488466
4510896
4510901
4502572
4506803
4498678
4512787
4510363
4507162
4487712
4510505
4493674
4496929
4496433
4499856
4510625
4490090
4497294
4485980
4500613
4511719
4506812
4496705
4512184
4497168
4512029
4494290
4497178
4503049
4510216
4512376
4501740
4486094
4487105
4515558
4485811
4470547
4502524
4487525
4508325
4512676
4512601
4507977
4485122
4497591
4483444
4500782
4514461
4516620
4494158
4501210
4518061
4503523
4510344
4525138
4506740
4494056
4492734
4493528
4497812
4508301
4500261
4503436
4501524
4504598
4491527
4502206
4511461
4496515
4505163
4508706
4484953
4498978
4496940
4506641
4505211
4495094
4487597
4494148
4505841
4502802
4502969
4515550
4493904
4492175
4493496
4493896
4506737
4504381
4489435
4498183
4493331
4498936
4480099
4489926
4509378
4509858
4486300
4506360
4498022
4506192
4504030
4502907
4501788
4499341
4501680
4500546
4499419
4504573
4517965
4489662
4487761
4490986
4506545
4486292
4496274
4505619
4505257
4499968
4497032
4479435
4510396
4496418
4496768
4496018
4497948
4469953
4513758
4497328
4499682
4498173
4504658
4495263
4492643
4493192
4490484
4490305
4489503
4511654
4500291
4497828
4505358
4497677
4504335
4508614
4514677
4501626
4505028
4515222
4515027
4495575
4502856
4494141
4485866
4502088
4498125
4500942
4498560
4509324
4493245
4499210
4500892
4500773
4495642
4503487
4490869
4506636
4490557
4508635
4513623
4486248
4510246
4501789
4511084
4515973
4504586
4491289
4485012
4487681
4498548
4482493
4512803
4492845
4486869
4492335
4513802
4488844
4499121
4507987
4516595
4500840
4508145
4503494
4494885
4502104
4491807
4495830
4503371
4486916
4515178
4503416
4500107
4513190
4495067
4505889
4489723
4484795
4502504
4505538
4499680
4502189
4487802
4491355
4510008
4505237
4509712
4491974
4504053
4502477
4498324
4506623
4502275
4487741
4499376
4477777
4522582
4500522
4499114
4496094
4505181
4500151
4495091
4508961
4494617
4510977
4502936
4519034
4511856
4509662
4501778
4516409
4492421
4499786
4500985
4506739
4504060
4494019
4503715
4503528
4516728
4513078
4493648
4513702
4502860
4502073
4506689
4506196
4507784
4505907
4503757
4505502
4492259
4499509
4510403
4502238
4505795
4502141
4499960
4506255
4504130
4515390
4501126
4486721
4515657
4496734
4500166
4506190
4512912
4516809
4509668
4491092
4504516
4491535
4510606
4514411
4501909
4498007
4497135
4499722
4501966
4514655
4499033
4491631
4502932
4517058
4495059
4505922
4496024
4509440
4504022
4503313
4500802
4497499
4497692
4498152
4502142
4481356
4500372
4501826
4506358
4513123
4493160
4491995
4496913
4499858
4509274
4504531
4500051
4504078
4508179
4505807
4495164
4500530
4499369
4483942
4508928
4491392
4513230
4491521
4505819
4498308
4486849
4498822
4494316
4488150
4500359
4516250
4509374
4481525
4511900
4495997
4496402
4496736
4508613
4501133
4511893
4496674
4523093
4502699
4511150
4510630
4515988
4498248
4495507
4513032
4502703
4513632
4499636
4500736
4514016
4502621
4484751
4491467
4485372
4489613
4503908
4502049
4501109
4499867
4507599
4481543
4513088
4493103
4487621
4503054
4502906
4509588
4506591
4488604
4498012
4486759
4490904
4477794
4517647
4490317
4488397
4471546
4498793
4521767
4496491
4519095
4479158
4495122
4487647
4491257
4521883
4505726
4504733
4507293
4495878
4498598
4507233
4500886
4492601
4505820
4507033
4485548
4491649
4496201
4492847
4486261
4516882
4492625
4503340
4499587
4504397
4480020
4506413
4501247
4501923
4506971
4497470
4504667
4493610
4498049
4486123
4499608
4499896
4506764
4496911
4504991
4497596
4496794
4510494
4503622
4497114
4515392
4490458
4493921
4485546
4498454
4506061
4514210
4490718
4505574
4500110
4495445
4505016
4506540
4491207
4491054
4487391
4500323
4510155
4504641
4506526
4492497
4511187
4502516
4491039
4492127
4505575
4510743
4501142
4510197
4500775
4512421
4514730
4517525
4503970
4487911
4501048
4493800
4508356
4495545
4496254
4513496
4499626
4510283
4495754
4509432
4510893
4501283
4492575
4511302
4512324
4479989
4508586
4495311
4490293
4486756
4500338
4511639
4500693
4515359
4490659
4500755
4494801
4497306
4491972
4522167
4493412
4499891
4502912
4493706
4512773
4505787
4500502
4468152
4485756
4507259
4507587
4494882
4506175
4502269
4503168
4493683
4504193
4501441
4488961
4515195
4503239
4496777
4474354
4496082
4502672
4503287
4513718
4508471
4503608
4505822
4510061
4511531
4502217
4500817
4490408
4495570
4496035
4515520
4510300
4500241
4500769
4507172
4497354
4511682
4511815
4497305
4510437
4488283
4491761
4501208
4500726
4502855
4519146
4517247
4511645
4496632
4510801
4499705
4493136
4490905
4493821
4517095
4501406
4502059
4494835
4512897
4497665
4490508
4508829
4500527
4494086
4496984
4510220
4481047
4509316
4494143
4487971
4496199
4508694
4508315
4507118
4500651
4508166
4482318
4509249
4502257
4494358
4503462
4505908
4486902
4498017
4487868
4513451
4496842
4502690
4509250
4505630
4495436
4507711
4494519
4502428
4485385
4508070
4501018
4489354
4503864
4506105
4484524
4496353
4494959
4513162
4487877
4491635
4488398
4498151
4490925
4474300
4498513
4485639
4496613
4499387
4496752
4498830
4520364
4486860
4488979
4515631
4490122
4494669
4511817
4510434
4524385
4505553
4489562
4501819
4510379
4469768
4515842
4517312
4498959
4500399
4502482
4498377
4510428
4511842
4512722
4509059
4516385
4481224
4507732
4487002
4493285
4495713
4504170
4502173
4506339
4501536
4496183
4496008
4510287
4497212
4491139
4513743
4495874
4498587
4490157
4489121
4504839
4493833
4505763
4500816
4508323
4489921
4506779
4509958
4501312
4501804
4506176
4495482
4511407
4507919
4501434
4518203
4482728
4485168
4508129
4496053
4493188
4500384
4485035
4494120
4488261
4507863
4507985
4493275
4492156
4496773
4508172
4501137
4491070
4487686
4500855
4484250
4496074
4485686
4490492
4516838
4504361
4502215
4504312
4515137
4508282
4509455
4514538
4506123
4496858
4511606
4514242
4492957
4480360
4494460
4502736
4494471
4505157
4476729
4491004
4496091
4497472
4484256
4483792
4496069
4509880
4506019
4496521
4498661
4498356
4495534
4505598
4500688
4514505
4497225
4509369
4493012
4479675
4497825
4502811
4493475
4500345
4500742
4508490
4510523
4497865
4521958
4492148
4508321
4499904
4507645
4477135
4484792
4514458
4494834
4502121
4492116
4504606
4498945
4500938
4483159
4516311
4499125
4504776
4486753
4506291
4497659
4495711
4519050
4490329
4503098
4513332
4480112
4514757
4516944
4485917
4497492
4490739
4495439
4485186
4514186
4493128
4523730
4505413
4498448
4504872
4506649
4507494
4500044
4485164
4505202
4503974
4484105
4496582
4480080
4502266
4494807
4510448
4498696
4500926
4510262
4500764
4488869
4511167
4500994
4494227
4510472
4518107
4507205
4503448
4497308
4487909
4498788
4492991
4484513
4501359
4502414
4515843
4505975
4516855
4498863
4506311
4505112
4490630
4511411
4512397
4497611
4511813
4499355
4509000
4524434
4512231
4502391
4500774
4499798
4504970
4501076
4488892
4507284
4496861
4494886
4491124
4483491
4499229
4491656
4500776
4504881
4506551
4498606
4493643
4485612
4482141
4487764
4487480
4507254
4497839
4506284
4498474
4490967
4516207
4485047
4490737
4499724
4491376
4491729
4501141
4499570
4503170
4490883
4484223
4501783
4486730
4512821
4506826
4507947
4504889
4509104
4503887
4521747
4502333
4473643
4503052
4500277
4493888
4509916
4506168
4494123
4489051
4493288
4494941
4506382
4508788
4489505
4520307
4503354
4500285
4518229
4508978
4514978
4498120
4511532
4506036
4507179
4507336
4496262
4486047
4496758
4499005
4498749
4511794
4479950
4486940
4499451
4498953
4495797
4472684
4498962
4489696
4507550
4487668
4512948
4504959
4496519
4513485
4503604
4497144
4480557
4504455
4488714
4491567
4501221
4512446
4504706
4516607
4496568
4511087
4499424
4486101
4509713
4515017
4489675
4473287
4496645
4507262
4505107
4511119
4505292
4491983
4496122
4519667
4503888
4515270
4495864
4489495
4510080
4508570
4500639
4510692
4506603
4496406
4498903
4501107
4498312
4510829
4490280
4498595
4489526
4504083
4495907
4491418
4508412
4492341
4508572
4509078
4485843
4483241
4486124
4507144
4498155
4485241
4506678
4493104
4510038
4496090
4507635
4497165
4490159
4497266
4501387
4502763
4491167
4488936
4488572
4502868
4514135
4507320
4490352
4496626
4509949
4495538
4504825
4521473
4500081
4499622
4516232
4511821
4498208
4502657
4493803
4497965
4513185
4503682
4496526
4492861
4505473
4491472
4490544
4499805
4506054
4484969
4506531
4501813
4511244
4479359
4486596
4496118
4508688
4493787
4503713
4503904
4475807
4496650
4502021
4502510
4509997
4477518
4508004
4482691
4521120
4501663
4488589
4495528
4510554
4517517
4499169
4492111
4500659
4496059
4489388
4484613
4489443
4497604
4484560
4498164
4493516
4494110
4500088
4497086
4501569
4494261
4503143
4500976
4487109
4505049
4502878
4495264
4487886
4489854
4485068
4494389
4497132
4503394
4512287
4498856
4502010
4504796
4507310
4488790
4496636
4496017
4499173
4516272
4494868
4517504
4507903
4503282
4490016
4497207
4507701
4497672
4492959
4489422
4499664
4507197
4509197
4498316
4512344
4501055
4506711
4514316
4511190
4509200
4507524
4496001
4518556
4505905
4501883
4505584
4504944
4503505
4482245
4495738
4511337
4509751
4511464
4501910
4514953
4501017
4490047
4508421
4500485
4513207
4490393
4499392
4496279
4504507
4503954
4499774
4502862
4491923
4502226
4490467
4504834
4486992
4495970
4489159
4506628
4502677
4502785
4497017
4510942
4498136
4510917
4497383
4503825
4498124
4492716
4504952
4501334
4485387
4490638
4504463
4497964
4503522
4493613
4493396
4505594
4473913
4495057
4507981
4504798
4495033
4501860
4491322
4501747
4508780
4499481
4509582
4497836
4512958
4501207
4502842
4496996
4491670
4499299
4501465
4489189
4482934
4500360
4492804
4492314
4507594
4481732
4489899
4495218
4488044
4492908
4499639
4498908
4481501
4498854
4501348
4510972
4496387
4497326
4486433
4497886
4485910
4494079
4500977
4499577
4523391
4501068
4503266
4491895
4504858
4490272
4512848
4520125
4490983
4494186
4488192
4494088
4506374
4505632
4514302
4507639
4503900
4503535
4507065
4503705
4501466
4508643
4516962
4511987
4497186
4488508
4493428
4494262
4522506
4504497
4506453
4495989
4504757
4502472
4498768
4510128
4515110
4514119
4500972
4505744
4491361
4503811
4490121
4483651
4491642
4504061
4502356
4508785
4496886
4511738
4504086
4507622
4495216
4512119
4510899
4503909
4488937
4496922
4507529
4495924
4516316
4499988
4509042
4502499
4506547
4495843
4502821
4505182
4501161
4488565
4501365
4509057
4504121
4490609
4506272
4498718
4508295
4502308
4511403
4482252
4503114
4503751
4505375
4505117
4505552
4503808
4502348
4503511
4483615
4497187
4517947
4490832
4501929
4520714
4500134
4490779
4509676
4503557
4499013
4507110
4509388
4505476
4489430
4498994
4486390
4497045
4488667
4492986
4500929
4499531
4495265
4501996
4481301
4491620
4496485
4487215
4488040
4495266
4509659
4506953
4504532
4491486
4500408
4497399
4501606
4486680
4499980
4499612
4508657
4491223
4505390
4506903
4491119
4487863
4488805
4514868
4488725
4499676
4503380
4498694
4497176
4486237
4485170
4497194
4497215
4525379
4493481
4508294
4505988
4481673
4494861
4496523
4490988
4500470
4488191
4504593
4501212
4494910
4491800
4513289
4494407
4490804
4496151
4489103
4506386
4520013
4492581
4501856
4518725
4491247
4508121
4499533
4497725
4498798
4501639
4524920
4521033
4496235
4486511
4495829
4499308
4485923
4501119
4504914
4502890
4486615
4502668
4490781
4496559
4510107
4488439
4503099
4498723
4500507
4493387
4485562
4502244
4506144
4483959
4487550
4507375
4501216
4506211
4501865
4507258
4509463
4488624
4516415
4511830
4512875
4506331
4493463
4495123
4500982
4513182
4495379
4513331
4479018
4509888
4481941
4489124
4498165
4511115
4497717
4498594
4519081
4499602
4497922
4510688
4497588
4498439
4498679
4477272
4488637
4509461
4486820
4493967
4487270
4510690
4500041
4507337
4506346
4518616
4476483
4496007
4508927
4510090
4502540
4498461
4488302
4509683
4517691
4503478
4494374
4494623
4515205
4502652
4502505
4503337
4499065
4489200
4510726
4491584
4489676
4501422
4500748
4500535
4486833
4513350
4496785
4495071
4505467
4506407
4485708
4507841
4484764
4489616
4502156
4494075
4495809
4495624
4508921
4494169
4501495
4489841
4494951
4488927
4504705
4489550
4498425
4507485
4496032
4486173
4501379
4489370
4501011
4507861
4502427
4526442
4508208
4495861
4500813
4513714
4513753
4501992
4489615
4505499
4508620
4490310
4500704
4504838
4501683
4515472
4496977
4512889
4498837
4518261
4517482
4490969
4516205
4494318
4511157
4502593
4502192
4487918
4506286
4489366
4493656
4509579
4496440
4505217
4497273
4506276
4503383
4502735
4503243
4512703
4499585
4490353
4511129
4502670
4502134
4500547
4518078
4501642
4508453
4500544
4492450
4496956
4497196
4500429
4514412
4505651
4509729
4501733
4490873
4505100
4508702
4495589
4489666
4512545
4482676
4500268
4490340
4489648
4501042
4511551
4497108
4504084
4489497
4490924
4486232
4467929
4502535
4485441
4505392
4497505
4505228
4484409
4484144
4493492
4513996
4504688
4503424
4514405
4481063
4504051
4490704
4503674
4499482
4503451
4519499
4485357
4482196
4507023
4490456
4500226
4498258
4490881
4484883
4512505
4505714
4490750
4499998
4502329
4502479
4497365
4516239
4511555
4497011
4498797
4503976
4492350
4510238
4489919
4490208
4507984
4495814
4505230
4504984
4495516
4511793
4501373
4513400
4502905
4486682
4478254
4495438
4493019
4480631
4487133
4506654
4505023
4474778
4506385
4511072
4510110
4507707
4512861
4508743
4501304
4507992
4504650
4503312
4513546
4502100
4515425
4517976
4491662
4505647
4491752
4506668
4486640
4494935
4493756
4490995
4508595
4500264
4511366
4507708
4504464
4502309
4490693
4484556
4503838
4497292
4522401
4512318
4493954
4508616
4497367
4490087
4491224
4509502
4500039
4509047
4483534
4497919
4508318
4493113
4496143
4486827
4496664
4499903
4495405
4492051
4487670
4496083
4503791
4492750
4496474
4509437
4486164
4511525
4514641
4498428
4516690
4495416
4519738
4497412
4521365
4492759
4506403
4497122
4502298
4495127
4492281
4493345
4506224
4490061
4488482
4495163
4495898
4498061
4494035
4518395
4494741
4501943
4485038
4507265
4507266
4503197
4490005
4506768
4490228
4489516
4494763
4484894
4518432
4514929
4506672
4494151
4494977
4482841
4500665
4506415
4509494
4497961
4496849
4509630
4502858
4495456
4503229
4499538
4491098
4487786
4512155
4502072
4518073
4496342
4489605
4480035
4510840
4487123
4490619
4504123
4498620
4507664
4505648
4497228
4499170
4485178
4509527
4497191
4521255
4495345
4495282
4508870
4487879
4501764
4497140
4489747
4498002
4494377
4493573
4498909
4492970
4506295
4496075
4487563
4511271
4486858
4497157
4496974
4476953
4482150
4491522
4499150
4484050
4509983
4508041
4489135
4496087
4483815
4497421
4488368
4496009
4495909
4505256
4494447
4497819
4510360
4496900
4496499
4499994
4505955
4510697
4508164
4502488
4499847
4502469
4503882
4498385
4506113
4494289
4511070
4497885
4488901
4526096
4488277
4479363
4506693
4496554
4501650
4514933
4488279
4501713
4502845
4488292
4515540
4501085
4520542
4507713
4503609
4496116
4516377
4513889
4501234
4506909
4506114
4487665
4493427
4509243
4507768
4489217
4513730
4500805
4507006
4484742
4509282
4505170
4494730
4492480
4476160
4510312
4481770
4503759
4511352
4497042
4485711
4490328
4480644
4493129
4498333
4503707
4494484
4509520
4487946
4489066
4508630
4487620
4499398
4497185
4495181
4501082
4481265
4488608
4494739
4473688
4503207
4492893
4500119
4503301
4492053
4493857
4513842
4513698
4494755
4503561
4510035
4506914
4509091
4507660
4498472
4488125
4495581
4520742
4512639
4500565
4505087
4510569
4489807
4483807
4496130
4496530
4493644
4491542
4506915
4482782
4487482
4495740
4492006
4488846
4486679
4477471
4498174
4482735
4494385
4491158
4495262
4495521
4477765
4487478
4510992
4494664
4508580
4518535
4505018
4506596
4481810
4496656
4503810
4520019
4486079
4495561
4490706
4498361
4512075
4485205
4488649
4486345
4517841
4507492
4508770
4497913
4509257
4503928
4511367
4511191
4504307
4485208
4529180
4481746
4498956
4504225
4512159
4493615
4504607
4488134
4513959
4510609
4491742
4509255
4497241
4490022
4505534
4492587
4504790
4484598
4520208
4495793
4499785
4491458
4515627
4488485
4485005
4522851
4498880
4501759
4485377
4517385
4505740
4497527
4487643
4491792
4516968
4498841
4486590
4501196
4495237
4498542
4502518
4510678
4505945
4489709
4510648
4497966
4500111
4473542
4517574
4505185
4488757
4496060
4511294
4505139
4500628
4495119
4491570
4495871
4512236
4489035
4501154
4504955
4503997
4511000
4491733
4496762
4491949
4487684
4497089
4490155
4505427
4513661
4488784
4502144
4522368
4513058
4500118
4498195
4492352
4504627
4493614
4503679
4492951
4497962
4504074
4493969
4471837
4494052
4501446
4492574
4502547
4496798
4489982
4492573
4501236
4500354
4491926
4492642
4493679
4494843
4517749
4500603
4497204
4503008
4496182
4498714
4513592
4501501
4498261
4480096
4490334
4508826
4504294
4495559
4491668
4492663
4495224
4492206
4465023
4505771
4479263
4488265
4519087
4505706
4503252
4513069
4510384
4487156
4499068
4495171
4479458
4504309
4494985
4497536
4485580
4524361
4488067
4516151
4495578
4496792
4501556
4511286
4495425
4509346
4499732
4502667
4501101
4495833
4517010
4503275
4488540
4512552
4497658
4487127
4484523
4495006
4502849
4500883
4505105
4506639
4492579
4501461
4485813
4506352
4492774
4485297
4491813
4502863
4504999
4484232
4505191
4506515
4488274
4512557
4495372
4495533
4492190
4476080
4508698
4493256
4496299
4499714
4491904
4499160
4504994
4504680
4519648
4502608
4503662
4499084
4501172
4495957
4497726
4486557
4522678
4511255
4509596
4508711
4507582
4499500
4509703
4493085
4501573
4497642
4483593
4487321
4491481
4506316
4489332
4507060
4500347
4503547
4498610
4492821
4499479
4486911
4482582
4499543
4499792
4515612
4489116
4499153
4505873
4503586
4500233
4500022
4481542
4499718
4503543
4514112
4508184
4497340
4496264
4507941
4489934
4492380
4509154
4494099
4501032
4504580
4508971
4510418
4495398
4504885
4510960
4526083
4501364
4491353
4495612
4498483
4482483
4493900
4500084
4489136
4502908
4506185
4482167
4499405
4518632
4505099
4515892
4485051
4509786
4492720
4487300
4497569
4492428
4492937
4493284
4504590
4505978
4497724
4511529
4511964
4499076
4502771
4488981
4504199
4492967
4506327
4497240
4485908
4510533
4504628
4510703
4511326
4506832
4499104
4498345
4519108
4491449
4508122
4495078
4510966
4494430
4498207
4497513
4500058
4499088
4512250
4497120
4497997
4502296
4509680
4498795
4504215
4483223
4503437
4496967
4483374
4507211
4500888
4478148
4492786
4501263
4519875
4503258
4495982
4526888
4502901
4486160
4510555
4494994
4499430
4485793
4514807
4491723
4497854
4499394
4506587
4516474
4504495
4492543
4489565
4496372
4504319
4487410
4522336
4482060
4504049
4514057
4505748
4498817
4509504
4501530
4503037
4498103
4503335
4499161
4488716
4488832
4504894
4502299
4504158
4517693
4503821
4502981
4498074
4495999
4491770
4502832
4486021
4488983
4503805
4491569
4500202
4490849
4498735
4500030
4507592
4503850
4488289
4502471
4505001
4497458
4509652
4507725
4502587
4520766
4492927
4484859
4483724
4495513
4482620
4493938
4512873
4490043
4491538
4482471
4510223
4494967
4498683
4476403
4499892
4496349
4484911
4492795
4508275
4483177
4491619
4513237
4505828
4483794
4502827
4496947
4490285
4509609
4496901
4511802
4501371
4484597
4484500
4495890
4484341
4486699
4512098
4507486
4508565
4499863
4487807
4496516
4503551
4493758
4504736
4512996
4499188
4486505
4511183
4497481
4500808
4495626
4514633
4481293
4506373
4492597
4498289
4492377
4485551
4502575
4499342
4504073
4487973
4511943
4515708
4501614
4498611
4478412
4511512
4500537
4496860
4491395
4497972
4503136
4489186
4499765
4517070
4489140
4493028
4507002
4503155
4498865
4503157
4487914
4511600
4508862
4506702
4503178
4485234
4491294
4495765
4498529
4513851
4505601
4504465
4495880
4494983
4512153
4507859
4511898
4493386
4499379
4490129
4490724
4487527
4506785
4508211
4508653
4514125
4486589
4492863
4484762
4479618
4493735
4493578
4524357
4512737
4490486
4501340
4505148
4507367
4503153
4506993
4499415
4517310
4485492
4487932
4516556
4508117
4511986
4481640
4495750
4507836
4491461
4503182
4506913
4505342
4505076
4485321
4502065
4493549
4499078
4508876
4508508
4476196
4510978
4483502
4486641
4484853
4507904
4512463
4489541
4491697
4485076
4495550
4491930
4494010
4503959
4496552
4491553
4495332
4501496
4481806
4493684
4509319
4500606
4523874
4487690
4495465
4500050
4490494
4501575
4497083
4493371
4495342
4497216
4484498
4483428
4501807
4503668
4480884
4503379
4493121
4498270
4502910
4478145
4495772
4491340
4506844
4523299
4498374
4508964
4500097
4487781
4507031
4502902
4513727
4492070
4499505
4491848
4489980
4506991
4485413
4503364
4484018
4505119
4490158
4508137
4494841
4503833
4501884
4504379
4487694
4492928
4507418
4512303
4501178
4510134
4491700
4503146
4509849
4493669
4508289
4504674
4494222
4491365
4505310
4492080
4504391
4492945
4504385
4496248
4504276
4493859
4484103
4504687
4505833
4482021
4519069
4495741
4503295
4495974
4488943
4485584
4505571
4500891
4491894
4498063
4479383
4501861
4495207
4514903
4505318
4497738
4501186
4514116
4498228
4481002
4486767
4497881
4513283
4488636
4484023
4504137
4491243
4504012
4498864
4509890
4494201
4508457
4505635
4486188
4509138
4496312
4495088
4521980
4505000
4502260
4503127
4506585
4509281
4506674
4499653
4513031
4502517
4491051
4486876
4492770
4501392
4487720
4494216
4494197
4517300
4484320
4490666
4498630
4489979
4500069
4500253
4509828
4492564
4487692
4497223
4506473
4507503
4508681
4498870
4469598
4509376
4512693
4507090
4497681
4510411
4502199
4506464
4510354
4488568
4494981
4511951
4491302
4491473
4498672
4502867
4511044
4499306
4495504
4494715
4502003
4486565
4504837
4514345
4496689
4486368
4499730
4496934
4513588
4475537
4499776
4499271
4497179
4488008
4501310
4495150
4505644
4498871
4497574
4497843
4503219
4514038
4490049
4519781
4502970
4505123
4490433
4495287
4508991
4506015
4497182
4500237
4526129
4480352
4504014
4473379
4497490
4503372
4493561
4502382
4496965
4511140
4503319
4481170
4483841
4488056
4517245
4515204
4510417
4499047
4507672
4513048
4502749
4512130
4507646
4506624
4493355
4494470
4497425
4479901
4494561
4509831
4501136
4492424
4502870
4504636
4502290
4520902
4490735
4498693
4504829
4487719
4528525
4499478
4495489
4488159
4507187
4487224
4513885
4504308
4506756
4506227
4498370
4507366
4488403
4479925
4514126
4512585
4512494
4497955
4494552
4496823
4487633
4505659
4491969
4475817
4505957
4492096
4485067
4500954
4510326
4497024
4496228
4495692
4494502
4503100
4501972
4504223
4499927
4497478
4505868
4513681
4493708
4514179
4491875
4509018
4512488
4497488
4489176
4505483
4504486
4492995
4510078
4496936
4513862
4480602
4491536
4501319
4506149
4489521
4500083
4486247
4474510
4506899
4494208
4510130
4488664
4521728
4488131
4482705
4506727
4502409
4504617
4479615
4503773
4513841
4497953
4485912
4505600
4507721
4508939
4498897
4502786
4499175
4494281
4484606
4502605
4478787
4505823
4502824
4503690
4497181
4490799
4520211
4494089
4484765
4502168
4511933
4502783
4493988
4493389
4497159
4495324
4498997
4508387
4509021
4495990
4475459
4486487
4500806
4503186
4502534
4497791
4520877
4493039
4493442
4506984
4494232
4507755
4514761
4497366
4486333
4502732
4507437
4486975
4506859
4483503
4493510
4487824
4494618
4482334
4506478
4495337
4491230
4505492
4492016
4491312
4497006
4505638
4515329
4510168
4499429
4482816
4496945
4492541
4506912
4492273
4493725
4502929
4494666
4506395
4507283
4500047
4515418
4499905
4496479
4504802
4492941
4495935
4504890
4509190
4496268
4494218
4519684
4494021
4501273
4502737
4502631
4498770
4507198
4500852
4515232
4506443
4501537
4502287
4504682
4502429
4493325
4506529
4493785
4508008
4488490
4508143
4497349
4507908
4502848
4505956
4491820
4487940
4505825
4501867
4498804
4501361
4498445
4498099
4507158
4496454
4489686
4505062
4512653
4501748
4512313
4512163
4481947
4507532
4492646
4513540
4511033
4506858
4498932
4496930
4502229
4503737
4503531
4499099
4495343
4516327
4508510
4502519
4493199
4496492
4490518
4490052
4502200
4504406
4515381
4502755
4496095
4499305
4509382
4492276
4507330
4503333
4487967
4494334
4516700
4490199
4491016
4494378
4505475
4492079
4509246
4506762
4497491
4508744
4493423
4491797
4467412
4482453
4489220
4507361
4483323
4499746
4489886
4515197
4507748
4513000
4493568
4496652
4485664
4511983
4485103
4495034
4504069
4491844
4500952
4497052
4515385
4493384
4502148
4500922
4508273
4501591
4519489
4486610
4495778
4495360
4500109
4511542
4502367
4516093
4490519
4489823
4509452
4483464
4491314
4501646
4499938
4498838
4505154
4505235
4504485
4495211
4501149
4499846
4489519
4508274
4509403
4497626
4481605
4506741
4482614
4479700
4517230
4510413
4497448
4494419
4497749
4499689
4503582
4504910
4498635
4500211
4495156
4507937
4503758
4491460
4500243
4508835
4501616
4493696
4503006
4499313
4506007
4491438
4496659
4499323
4487039
4493169
4526781
4501016
4492493
4491860
4506589
4486635
4490244
4495922
4501858
4510961
4491564
4493860
4508384
4488254
4508937
4506688
4512572
4504794
4504304
4492494
4490298
4487644
4491886
4510394
4489174
4487167
4513392
4503558
4502993
4503725
4518718
4506827
4500950
4500761
4510652
4496522
4492801
4508648
4501796
4498369
4495918
4509785
4511160
4492302
4503593
4504075
4485931
4504870
4498790
4507764
4503367
4514642
4515480
4497793
4486403
4501469
4502820
4500045
4501878
4520105
4486118
4503047
4503349
4503655
4488483
4509183
4508057
4486777
4495895
4491802
4499056
4513494
4501641
4516844
4491586
4513076
4488200
4485787
4491064
4492790
4502521
4489753
4497902
4501376
4477938
4492648
4488736
4491916
4510142
4506440
4506769
4496864
4515239
4509008
4500168
4493515
4509028
4493413
4496224
4497077
4503851
4505470
4501300
4479322
4501259
4507161
4506976
4497190
4497971
4497193
4498011
4489038
4505345
4503465
4506733
4498313
4497822
4487687
4483839
4499240
4498222
4480317
4511024
4483308
4506847
4508083
4492647
4501526
4501143
4505180
4494192
4496055
4496925
4516945
4498291
4499760
4502500
4496894
4502487
4499638
4499031
4506675
4497269
4492322
4501784
4501781
4511820
4505895
4491130
4497295
4507217
4492289
4504306
4495930
4478294
4503338
4507648
4495477
4508347
4496533
4501827
4512791
4503816
4487080
4496829
4487484
4514983
4506232
4517013
4495196
4500627
4490510
4506457
4499648
4511706
4493991
4489598
4503079
4508552
4510747
4506277
4498191
4507466
4499120
4498347
4496668
4493590
4509973
4512613
4489968
4492482
4495166
4492504
4496766
4506194
4498055
4509987
4502270
4515567
4491822
4526244
4506725
4488922
4492836
4506697
4500664
4493400
4503770
4512051
4514535
4499881
4488033
4496210
4484119
4507315
4490495
4504686
4498764
4485588
4507689
4504816
4508568
4482244
4498071
4490914
4496690
4514393
4502347
4495869
4509587
4491426
4488213
4485481
4515782
4499945
4510202
4524785
4507107
4485475
4500590
4492301
4507398
4508526
4493836
4495138
4509658
4492850
4506434
4498038
4507221
4506020
4492234
4518346
4486760
4501588
4499937
4499657
4508913
4495803
4491961
4493632
4511364
4484193
4505684
4498874
4493139
4512113
4494995
4490148
4485667
4505573
4516930
4505120
4496167
4500912
4494050
4503044
4508812
4506043
4509034
4512818
4497898
4489802
4497526
4503199
4507178
4489502
4506210
4515468
4488493
4501561
4487393
4509899
4495496
4476886
4489705
4502866
4509331
4495247
4485821
4509960
4490207
4503270
4491214
4499562
4503795
4499546
4495003
4497580
4508707
4486943
4488905
4504339
4504853
4497035
4497620
4495143
4509263
4500979
4507218
4498176
4490048
4479334
4511124
4518941
4504924
4487747
4488119
4506278
4508857
4503933
4493916
4479957
4487155
4477994
4507192
4501405
