7792603
6152068
7629911
154665
7436224
8302328
8671681
6658888
3117597
7318267
7205407
2968634
6804771
6613700
7326923
3687267
4653392
8097202
6741912
318521
8296115
7806852
7940432
530462
1707603
4681087
6576811
317598
2251359
2613988
484853
706891
2555920
867424
6196980
5299689
6262792
35008
6091577
8855195
8914143
7366043
4195420
1866593
1563850
7992493
5089804
6333057
5840087
7965762
4060040
1368282
2155069
3841530
8747517
1075464
2052319
1045412
5404370
2891306
5902094
3487183
6729548
2417808
8478098
2811220
8475910
3093621
4090783
7826329
8246018
2270419
3009387
8260726
8290053
8120221
6088565
1844253
1018248
7408023
7424762
2234518
4471240
6097112
4217466
6866119
3369121
285897
1693797
8409575
8673642
673997
6127057
4488404
5316647
3637662
5084086
4584312
8167263
8793291
7243196
3763574
714503
327705
1053433
6973249
5799335
3187601
5148817
7676121
5126437
1334255
2920429
5213272
5495026
5406038
1959431
5192068
1914117
447568
477931
8097586
2280157
8704535
43829
2293769
4371319
7060657
4881117
7242598
6843798
1454367
2447625
2346858
74138
6968903
2181787
7494094
5349763
4871423
3637285
6153981
7672902
3762393
1238418
8632952
6777437
3146845
5978311
8361783
7832271
2989431
7977263
4625915
7301344
177314
67167
1392266
2123783
8380288
3188361
6287394
7994710
896939
6697135
8066728
3295384
1918609
2030939
5808735
3346925
8368566
2696304
4798254
7534462
662799
2566581
1773425
3014465
1983681
318403
2291326
4252995
3407107
4550659
6493427
5044514
8681814
569983
7398800
3864294
7687713
5929868
3617742
8176782
7443906
6450372
4644897
4626017
7800714
2556167
7993941
7849371
3139685
2317348
2113671
8467560
5584974
918043
6404211
208996
5736133
9262
5825562
6999215
727415
2335895
8238642
7878412
8969954
1111470
7649727
7998435
8645844
249871
6227550
1545334
148371
7975266
2090830
8019088
968520
4227769
8120840
5920276
4953835
1130292
4754890
2541498
5819262
2109610
7746730
3034655
5432973
41100
8151172
2199720
4384719
8262935
1665426
4235167
1887292
6727250
4332715
5926570
8119948
7468074
4543609
487040
4938716
6602826
872932
6402746
6373853
7155794
3679260
6682042
6322762
3045430
8907512
8730902
4306929
6700713
5723585
5427285
8388995
2636098
7843119
1022286
3198213
4927935
7328422
8404337
8963696
6280772
1548610
2153433
1645264
2088394
275310
2987772
4868096
7682888
7592168
4257861
5543988
2431357
5883010
6019404
4970486
2519664
7119954
4846959
6400245
858715
6504354
7041566
7598759
4913312
8954514
5083715
7284113
3885615
7967054
7141432
1162521
6435600
5073842
5140041
5519732
2323620
2987110
8222271
2254361
8139615
5885328
7004747
2683020
7388754
7103565
2188629
293090
7080640
4614862
7483146
3384838
3723207
975217
2541730
3986425
159584
1587616
186748
8359472
158973
2766923
8588702
4701776
3632435
7755399
746405
5043086
1856204
6395785
3878404
5409878
6396984
4113253
2868279
7781757
6334989
1814764
7594269
952783
3139859
8073561
4400093
4866673
4108621
6116755
5527956
4347007
4119365
6779408
3049359
1336108
1347351
7722998
4533015
6486266
1389625
8954974
1887591
7738512
8427958
6105586
4649806
8251302
7058008
1762326
7716308
3057307
3106787
5588766
5481587
8599418
8802377
5239340
1402829
3754560
2803058
8135486
4619729
4906261
56708
3388004
7136432
6522562
4272006
6210463
6383977
3959737
6757962
4186581
2271482
964882
4157836
99940
5217833
3136710
6517819
7060464
7638733
1065186
2031708
6940563
704434
4763130
2166903
7623216
4759860
4241533
8551231
3074212
708879
2950278
27104
446286
2684354
2633170
6847873
3966338
6058382
215678
817738
3678145
1185566
8943881
5645445
8569629
870947
1018377
4430417
7286227
7778095
3942511
1376164
3035603
617892
8394900
2451927
3784692
4919703
7533077
3616801
6270945
611936
439424
3870020
2819927
6570395
1653661
427219
105115
1809614
2422751
1583583
4563938
4363207
2515257
4977099
7052497
6088697
3429457
4095775
5362066
8636708
6053823
6215902
841002
6226805
4567501
3002985
3638024
8243003
1396789
7108284
4288070
8618311
4430601
8342629
2281960
1035874
1564260
7310338
7725678
332490
3555996
3465066
7339491
5072401
4680960
7239445
2651895
90314
292527
1306833
2351270
5524022
4281463
8598993
1543238
7896341
1058851
4316521
1834896
3162447
6407216
4021734
1073767
4108797
2830110
2648462
1330597
8692909
942871
6915746
8699187
7460588
1742338
28889
717229
7580387
5209395
5458303
6864753
1750317
1211091
6793478
4872564
6388645
3038981
4567862
8454045
2704328
8124409
5275841
203721
1866822
7179186
4445892
2611810
4371146
315188
1342797
6829791
6063073
5139978
3285342
6227246
2124715
6305588
1546450
7618554
7966813
2027489
4925741
2182095
3862952
7780690
3608896
5251380
1027742
7190763
3186134
3379262
6219079
7577684
195182
8290895
1334073
2550510
6921424
2160044
2527436
920758
649863
7334534
1707995
1998812
2757276
5461640
2716280
2601814
3018670
51801
8652378
8950277
6612790
6954592
460799
7068565
2136632
522423
1410059
4321155
8888543
3336734
2612586
8635850
3045227
2363018
2863802
3676649
4389957
3034710
560463
3308826
2826049
635030
2088278
2114942
4224822
6033822
3723386
4722359
8564288
3554878
3087727
4656921
8519899
6364336
3245051
4905645
4804676
408594
7521383
7744358
4223865
611524
5021058
3158502
7939342
7878516
8198201
7499550
1131921
1771790
7578171
1333690
3950028
4418349
4666753
4663339
8007067
2523431
8258689
374067
185351
5250149
2488872
5381261
4649899
3089445
6006436
3179302
943595
8562570
8374665
15698
5442432
5194446
6415719
5767206
8861065
2791541
2404989
3052528
2156887
3841134
3971577
2845943
4191422
6008786
5691633
7505709
3189675
8279159
3355671
3981893
6700785
4037382
1984432
969248
2399218
8872009
5850509
5640078
986986
2088775
8419972
7533421
6248553
4911286
8871384
3548523
3090091
6452517
4147114
6903608
3543933
6288485
8249582
6727444
6558150
7038003
6390222
2422833
6564528
1736640
6168399
3780600
7012164
5297170
1020125
8631237
1034754
58129
4288397
6830220
5324279
6677803
2290813
6413919
7662071
2947666
4335461
4637352
8424275
268016
5546047
8045124
8788291
955519
5386147
7910022
7382287
7299221
394061
357818
8053385
7847945
1179378
1962926
2168548
62995
4828087
5340738
8245740
1411125
2277897
2857171
5756943
2639013
8339064
4520188
2922729
51274
4873536
4728672
2873303
4019343
498647
8042077
4981937
8904608
2153160
8704390
5092156
2406037
2380167
2538432
2994791
3943030
1361763
6783518
4824552
3139171
1130817
2462209
3071635
5756524
8459737
5129927
4790905
2533874
1961338
3382061
1334560
6315936
4820990
1875626
2073927
4723863
1227455
7199085
858240
5194840
6415505
131872
8314647
4615191
2284003
8304514
3806592
4199517
5402527
1628160
5489787
6555369
5212003
6902521
5960130
7869373
6452242
5578874
4097630
6075100
3311937
6053630
7037526
1432789
3960431
5549475
8159842
5510444
6571
520775
7456438
3325277
2068960
4592980
4363716
5599906
2005780
922586
8278821
1511495
7284996
4727656
3605363
2426818
6857578
7053439
764734
2410915
4609241
5005083
3309087
4749581
3924005
2903856
867773
8783062
5280149
7877642
4175783
5632922
6398421
8546136
6349600
6141169
5558091
1429912
4371728
4209270
7516184
3939027
2803166
2690665
8797215
2204106
5955248
8877728
4104687
3916275
5691660
1240859
5031965
4838444
1376967
2694728
3910262
5683840
4406908
3566078
5314138
2967275
2590788
5964301
4367001
1369767
5863166
221094
8174191
8892842
2681463
7489857
5818756
6736546
3084364
8942227
369078
7273793
1647662
426749
4175281
4593336
1572249
575002
2475516
4460747
2889502
2277531
1589941
6467130
5318400
2378577
6608739
4397862
7146952
3951244
3773692
7792074
2342826
4907558
6987875
4981397
2532399
6156026
834253
58347
8172971
6942589
5088069
5570647
352822
5370077
3516982
6575560
2227509
8261567
4865843
1795580
5773642
7463024
8045067
404471
2301898
3574821
8978379
2468756
4353429
2593825
4333901
7130095
2996762
6420119
5275964
1156105
5119528
989447
3472291
3158143
344291
1606570
5804440
3926923
1039206
2808847
4693199
5955498
2279426
8443332
8164319
8249012
5434587
1355336
2563587
4521355
7324014
7948198
4643091
8612052
5672009
8773307
8690323
3883995
842503
2138101
3749876
321120
5147695
4175427
6626576
2843313
912919
1770149
3496727
5933662
4405313
3696647
3646823
8639007
5716167
1032274
26913
3716115
64060
7813853
8062310
7654764
1744063
1773311
2710809
4232184
2001191
5028602
8417701
1187313
5883754
161429
8193515
6259998
1794123
1422996
5371680
2226626
2488676
1459005
2809038
6032457
3517057
5812274
3853149
978896
6082930
1354013
3341282
3219617
3796127
4116282
7717882
134512
5906762
4820747
6596805
7079150
733361
4983756
7150012
8871790
1766099
8886246
63077
542974
3432438
1200030
3490454
8506405
1738727
7066855
3106185
7553663
873137
150819
7252266
2548969
160303
8390851
2405493
1843967
7761082
7122422
6144553
1625800
2886794
1551579
7685988
1281102
2102538
3655019
5133471
5427358
3579566
3797220
5734270
3042544
2406942
4347573
2241027
7743618
7513609
4965506
2426706
5636291
7569258
2376007
1402453
2768860
7266006
817937
1581528
7518556
6190870
1667101
2214151
8884462
2285208
6311236
3206988
3197957
136852
1197259
4133681
713257
1561449
7865185
8094230
4914268
8372468
522419
8639678
1996911
2969219
2053904
7809140
3947301
7817271
3735512
4091396
2420469
5279443
7151254
4213480
1451213
4369986
5909678
4250055
1411651
898464
76110
1251420
596753
6355165
5574605
5431198
802030
6456667
52234
5529743
1324024
3963401
7089740
6962596
4023075
3323413
7400619
8774432
2310087
650371
4972548
1585422
8325630
8780177
1727246
6787015
6544948
613003
4627534
2885887
5724597
3467946
7053946
1395663
122944
740173
6893910
712623
222109
4621375
4468673
2268337
5837149
3118341
2359937
1259696
8649074
6023086
4537262
6673818
6444830
7651027
4470819
4012370
1897110
4592366
765019
4460655
2894879
8882134
4133576
6415605
3324584
4673064
4031832
8338180
1421340
565037
1297217
8619609
1090295
8115233
3317869
423328
7205726
4106711
5785195
670829
7589160
7475526
2098736
5383579
85630
3390921
7851106
2985122
8375989
3079334
1468117
4805954
3742875
6376001
1791408
4895699
7391270
8397637
7980518
4700011
3628858
8880862
49347
5649269
2716450
4713126
4339382
2331854
8983169
7459907
5688796
551655
7609657
6150934
2374136
3318170
1160249
7686838
7378654
7974612
1827228
4357981
5014917
4531026
4269965
4782913
6466168
890112
3202143
1588379
7155981
3108266
1182579
8575415
5249791
7189314
7312144
3221225
7325303
6854652
2886550
3678851
7161099
5482703
7312305
7613565
1244939
4307422
5151588
3884475
2090695
8542887
3397787
8272584
1238485
4227811
3520832
4565498
1216406
6085786
8229604
5300067
3967540
621786
5239275
3926900
5915714
3966400
3386566
6567644
8439569
3462270
7021336
4108235
4926986
8967698
7233201
4255111
5503271
8355738
8256555
8041999
7983978
6045523
6096179
3957543
7665789
5699576
3844310
5085628
5455126
4480795
2940187
4659843
1496212
1171065
5551340
199693
8948199
7044195
3228171
7270949
4115063
4670584
2372540
1100564
4873656
8127414
4900792
1870854
7747832
1770176
3477104
3779489
1505902
2581603
6739858
1178813
835170
7406312
7351689
5195395
328393
2040648
7679329
7354203
7608577
2937026
7011569
1550041
6037345
3594126
2907202
5983278
6198324
8915017
8938652
4489580
3833784
7836336
7241620
3073075
2166343
2058432
413429
293774
1295198
8017191
4742041
8047939
238141
4859151
2903036
6511335
7231852
3474438
3165877
5148241
7436079
4739928
2928753
3165276
2406365
4456081
2795535
4284855
2992885
8773810
1679742
4104646
5117385
1491899
7475412
1243000
680637
6397239
8860617
8170218
4946528
141236
2808897
1399658
4389797
961171
4538295
1397408
5250996
7877843
4147067
3268046
8425065
6448066
7435231
3446078
2898988
2004219
1439918
60661
8353225
3138852
5749092
7593426
8335870
1924490
4430938
3835963
2714352
2023806
7393156
191651
5711275
6767999
1659857
3782638
2797015
377422
4397386
5119661
7827298
8632765
3952895
3876888
6290529
8460803
2491292
3501815
4635220
2392449
6242503
1611232
2257269
3687115
792950
7171829
737676
7065690
5631559
2634676
5799691
663464
5475674
2205289
7129628
2609267
2711874
3665270
881760
3636597
997781
5065818
2113895
6832930
6549989
5614190
1821560
6080850
476835
2099702
6377159
6281042
1069041
125589
3929719
1605754
709837
1030374
3380888
8165298
6885347
8700570
5424059
1665836
1228979
2629971
8113212
1249604
4307984
3113772
8758895
7223378
6412941
2032914
3359256
411197
8702987
3833047
2101646
762609
2474909
8830264
5154751
728507
1723097
770422
6680253
6914954
6768853
2165262
516350
3644315
1270745
3139726
7805937
2713747
8550361
8207780
8567456
7041205
8180451
8407488
7867868
7522995
2728851
2351110
2521587
7770891
1786330
1720679
7708964
6158551
6840674
8932018
3661454
4298958
6696900
8443949
5272151
1270365
4471165
1321408
4782258
2026105
6356396
6031961
1937045
3712786
2665624
8650243
1783732
2475459
1916626
8809427
2645127
1653169
7820431
5350652
2350981
689184
6452469
5490850
5900685
6715718
1273368
3207285
6322219
7632724
1962208
5011157
2467429
5650774
8479156
5827971
101505
5374763
8886864
6836978
6330519
3752781
6461835
1712314
2826744
4671737
5895891
7020066
2794593
4418047
2181054
7838339
3932170
5391910
6196677
4585268
938397
6380460
469184
8837311
3168112
7187994
2573217
3249394
5787232
246572
8025480
5116284
3056293
8757735
8197632
51155
4307958
7389314
7882870
7621585
7729937
2968671
2871518
7245361
3386502
8806414
6091074
691048
4208705
3052166
8095776
4488308
4675696
3991701
2243229
1884937
8356052
241504
7361903
2882406
7613495
2800406
355841
5169295
7324988
4666508
5184650
5814802
517110
1171499
4723688
2090608
3897461
5906923
6504994
1570736
4472453
2379531
8569357
1926583
3781595
1646491
7324133
5039421
5475601
7495034
8260186
2123797
4887213
6766934
8602909
4892675
1295562
3349799
5168883
756732
4908108
6966334
817004
15187
6070572
4498628
1321697
7465362
8981005
314465
212396
7751191
6234426
6355996
2015596
7317538
8540386
2284525
449244
5280162
6812266
1316737
8682937
1508173
7806367
6614487
3251489
5851282
6073808
3912803
2340607
1375946
4491962
1525485
7562593
740707
1439315
3942293
7798327
7023943
8451050
6498522
4184092
1667383
4802040
896548
6280097
6278387
43786
6987710
6484577
6134024
5888687
6918784
1040341
7117704
4834404
6185129
7134343
4961884
991838
3379619
7214238
2379169
8528201
1643282
6410586
3558983
1965989
2809218
2324524
474416
5295986
8413051
8625187
3096917
1735176
5802667
3034846
8590596
5192497
7734800
2988931
5494892
6127594
4012636
2960438
7067396
3765121
7141125
7491347
3261306
7535997
5664499
2423981
1784045
2538678
7061383
153117
5643445
1911960
1536491
8367399
1241872
6749320
4860664
7131512
5360500
814932
203178
7349550
126085
1989543
5253054
6166678
1557052
1529466
3856758
8506677
5949573
2380780
8731037
2474525
2998492
1482520
6952999
5993497
2281241
5274787
562042
5200187
6176777
2942596
155877
6226599
6599935
4590632
440319
85519
2384316
5928801
4640499
2608068
4813767
5302899
3444403
4959764
3210854
2856934
7213896
8837339
4893141
2020126
4618677
7061243
1875393
8203273
2757052
1433216
3090519
7353894
3923190
7970081
8599077
4286015
4201141
573512
5633459
3795334
5652803
3485825
7299582
4631276
7647926
7697064
1780706
3125026
1748536
6944435
982467
2760982
7348763
8850504
8122283
8298381
6562484
3447406
2111948
5622845
2868057
119556
4178176
7056601
6615997
708848
3520332
3343999
2128757
1218700
6728615
2336971
2705398
5376888
6235590
1681390
3112324
8593246
7356325
8216480
7929110
6583040
501031
1657216
1915545
4669318
3755635
7070978
3818068
7415792
7216321
5847817
1545220
4174868
6793380
8785796
7294429
1630141
6079435
5791358
3784156
364404
3885313
5797891
504819
1939821
8038738
6908699
2697243
120030
1225880
7470238
3978021
4198614
2025321
4489798
7447446
1179703
4021621
1614799
6011728
5199937
6077751
7752899
7917785
456961
6897687
501066
4163415
4274189
2081055
5890342
2946727
3883226
303923
4642747
5791717
5254566
2129801
3710974
5367738
1992128
6099186
8021100
3050641
4152694
4564808
3612603
6504337
653299
5820123
3620603
7794185
953932
8476326
6724904
3934982
5834065
2106639
8619179
1060487
4326260
6726898
4294214
5853511
3381946
4336306
3968436
5962261
1785576
1624361
1548622
1100305
8995774
1624545
5619329
6827669
7792365
6888952
1125121
6106932
1537721
3907676
7695055
33377
7733133
2417912
572419
2361673
5214184
3056875
5532650
1001344
4793735
4913249
3449380
5934552
8463789
2059581
3295682
4331964
6466407
6561753
3124413
4963812
3802435
4662096
6742620
6435847
7156029
8010951
3191070
7784485
650360
882300
5673568
6487785
5153042
3659293
286707
4255415
5167290
6005702
1994356
7572780
8678481
2318689
1316479
3451406
7810551
7491080
5438029
5570931
4869745
8542547
7760143
7949851
8613072
7441037
7821755
8521400
1316381
3442650
4687626
1171816
4768746
8060772
3110604
4467423
6298391
2518625
2775653
8847249
504959
2629948
3389190
8455080
8478160
8689738
6586293
4750409
2231440
3896718
2211348
1037970
1962290
2827773
7141899
2659831
8360621
907548
6940713
8035188
368941
2866678
2838894
3638093
7645257
3695572
2747999
4995689
7680726
333342
586044
5579706
7406745
6427742
2851092
2102522
3134166
3669421
1378512
3125834
6121044
4930581
7405334
3674272
8279804
4227808
6003003
4487700
8353844
6430038
4442737
2151704
8572673
6229009
8153249
4828074
2410442
7367597
7280569
4569694
2824430
4991234
7872249
7347364
7561618
8796338
2591883
8284960
486926
909751
1403173
299411
6808579
6504113
2704060
4219765
7548373
168162
5394318
6680052
2395958
2730093
8097909
4291779
6618744
6483881
3731031
3113617
7592292
3081627
4892684
74290
7668404
2894436
1944801
5842534
6111911
5693874
6228361
3941742
3941338
8237378
3239634
5828930
7226551
2600025
3499745
3839374
1195306
6839365
4695758
7338504
6776636
5856035
6333070
6706302
1902197
2170385
6958566
3978372
3688586
1958506
5501113
1105712
1331481
7228224
2729492
1714857
2824078
5638761
3302489
7359271
6253017
2157763
8598834
4292475
6371230
3561277
2560727
6415480
1773699
7925333
2321886
2116558
4515403
7164238
5852492
8844169
4366295
4828978
2551507
5314029
1489387
7502220
5596208
2420677
4911717
5299052
7595585
2834073
7974289
2610140
4106786
5379080
7380079
1759791
730466
6425022
2513021
4754500
8331037
1154440
1124704
8313372
8989069
799336
5195393
7888723
8808841
1220816
7997104
7876165
450131
8600808
6939583
6575163
106739
4929001
3762631
1795236
8233822
69768
543260
1939342
644662
2232280
8224516
1350343
4328912
1290295
3705352
6217697
7272714
5653668
7387631
2528038
4268150
2018675
41116
7748327
3808993
1633379
4377046
2360000
1038000
7256136
4816809
3867501
4671168
7591842
6405452
1523269
3033371
5322162
7351490
184387
6222391
6280481
6442757
303227
498039
2511112
1632851
8073667
7439475
258171
4698975
2704706
8272741
3130332
6373075
4209894
209720
6893073
351186
4116932
271274
2660849
7503501
6575167
6110960
8934574
8583696
2093834
682468
5173089
6795233
2639604
5818505
8282606
7637002
5411427
3785824
5015198
1118625
6526143
7694148
841529
5003611
1475698
1031622
4807333
406571
1617661
8727732
3353341
6942499
6440364
662
6818696
3540756
4808986
8604396
7511879
2783635
8557132
7146508
3832474
2314954
6575099
5611609
5162150
3188364
6151151
7678082
3079394
3370199
1788331
89440
928416
7203025
5300890
6053048
2847791
1400404
38501
8382186
3245631
8251015
1190822
1882582
2177519
1552426
3154790
4792522
5878036
1110435
68844
7456097
7182006
6458010
3945051
4329230
7800614
8346496
5395605
5240055
1854176
906763
3353430
6881050
3074902
8704040
6131008
4551613
505872
7524953
6649258
89152
3133514
8852214
4114468
5171898
3923834
603026
6940293
6579998
6919297
4077375
2634168
7554422
2243501
7057955
3430865
6197016
421794
205649
2892481
8623337
131665
1298780
1302116
7039544
3848551
8540852
2318059
8982540
7316870
7735966
6242483
2307305
5761314
2940778
8902282
6930806
4563101
7132822
1798896
5998917
1226107
766343
773747
2192678
7907430
8792366
8694697
1590783
6974678
2999379
939660
3554216
3817724
4214870
585732
2881750
4635025
7086479
1905174
2998844
1713801
4726964
2278342
5868666
5868569
6885436
4035149
3896303
1531592
1360818
5106563
95287
4378424
1359901
6252896
8378536
133929
2983429
3116153
5529987
4440141
6379611
4111597
5757617
1323018
5173210
4757328
5064094
4553033
702776
3154581
5854383
3243750
4415675
6444126
1239054
5068230
6657191
4681158
1161843
5041344
7716452
3591224
4766899
7963812
643832
1795500
1828755
6453565
7267902
3485578
2249239
2465378
6300629
6682572
7851334
5048100
5445375
5668334
6487766
3607067
2955975
7188598
1888405
2174046
765163
4616036
7994870
5407770
7720140
8764450
7437292
2628855
5578084
5119593
6641
1830952
5344820
7343797
2953778
3274716
3139178
6849711
4504497
7837308
7580900
6672286
8978783
1986124
5770571
5172659
8229439
3438861
3784749
6386320
3453364
1217392
1274448
2048805
4228330
5372556
5212533
2579324
6956554
3471466
3796634
1201910
882532
6539101
2984067
4289451
231380
2577764
4532534
2871843
308361
1204064
3559913
831557
3152154
3820859
8514954
5401262
3126879
8819000
3954208
4589281
5106096
8656083
4341089
7668643
8619566
74938
6645296
987077
5022238
3373346
3687350
7031256
961678
8491748
6370429
1418887
2948144
4459475
7855056
4498565
5246709
2931594
818269
6094463
8111453
6096977
1571680
1059551
5561588
5720259
5395381
3636579
7106290
5864270
6522013
428055
3866648
1854349
3814991
1196191
3776008
8114325
1877104
7647705
6136511
2591212
5014779
3848663
2214280
7581715
2942514
7283644
86716
3336084
2540073
4005014
2638735
3305306
3217434
5888534
390928
2357261
7781362
7217068
5616475
4563128
1054285
6630358
4788678
2747193
4569961
6118871
6600278
8829936
3431946
7965994
7293711
1959216
8334544
8067181
1555574
5452502
3659408
7252935
7423630
8488771
2710040
4577982
1594300
1851018
7783506
5604153
2642616
864737
690004
4498886
5921178
5881212
10950
362277
5272719
5729732
8140536
8545116
3271088
6081951
5289792
1266206
6070187
4922504
46756
6546864
8228356
398679
6262759
8702497
896934
8746123
3581354
8867715
6216574
4656718
7392776
3500169
4010359
1670275
831533
3168765
5781477
1078078
4307329
5896046
598655
3529036
3935305
3946489
3398560
7660837
574207
4879742
6205658
8819180
6791288
3300943
2401772
430482
63310
7217777
5236190
2015467
373597
1147975
7338657
4970106
7438549
1360930
3584831
6760841
2400377
5681076
2327946
140275
879892
1109180
6807662
2381641
2450977
3038346
3155050
7979800
941573
8426051
222936
5203736
2751238
5945160
8059845
4441458
4348726
4338049
719872
2085379
8968957
5078993
4657743
5041661
2794707
8843367
2192621
1329878
1482548
8690125
4355923
6638040
92723
676020
7076051
8301072
3452596
8113779
6058469
6271994
5665614
7418372
4384988
3538512
3507625
1125949
4597672
7984459
7797020
7645729
7765435
4498108
6781343
3458186
1641947
7522134
5308564
142850
640865
4800273
8096863
2077234
3845486
7414046
3291989
1951469
2557383
2949224
4058996
3826317
6256592
6215344
6465727
4512958
8479723
7254507
7377453
5518298
3491807
7099370
6349544
3060850
902154
2984933
3176324
8565007
3207256
8393646
2061181
3303466
6173279
2497426
8553243
4261310
6811053
5374178
8151349
6112725
1764708
6716321
6085535
8867654
2896239
3346591
1657882
5476478
5053100
1554971
2263959
7879018
1863377
5140104
8152675
7628423
1874671
6723781
7510476
7933564
8169965
6874145
8832464
901200
2688580
4696293
5400627
3755930
5540716
3545792
2811406
6258689
5005828
1814826
5631472
3682275
6877844
5455759
421362
7006707
337422
6944924
6552184
798346
4472752
7119305
1338031
6080414
6828550
8587379
3200655
5119652
425650
3535942
6003982
5859643
1490306
6045053
819075
1503405
8571825
2826599
18141
6793982
6345406
433226
1662166
478006
5113966
7903112
3225438
1305844
452335
8092947
6480531
6919325
8740697
4002071
662715
8392879
5028178
6391928
2477406
509139
3504706
8902820
2832850
6410524
8554813
2533027
2004388
3754309
330428
8248953
2103439
5179066
748288
2431434
6024309
6536702
3615237
2983065
4064602
7068953
3656714
2602293
3986287
4236119
8284182
8110027
3201382
5945951
4254433
6650817
1656351
3950954
5483607
3135363
7151664
1625023
7731584
3634661
8470066
5545670
5043613
5209723
4071594
5867070
6462314
3072350
4009458
3273316
1426112
6852556
1299743
1619635
2557889
5249094
1566908
8651676
7633347
4014003
1528969
3561728
3719141
2420515
2606647
8434552
197696
726989
4171134
8987645
975686
4468847
5494137
290026
7962082
8707427
6109077
5650770
3189955
8391799
741760
92875
2378847
8955187
8332082
7019794
1192494
2016513
3452499
90708
6353364
4321008
2802979
7050361
8106017
5012193
8490737
8492805
3971502
4366348
2412108
5476001
7794615
3110865
2476952
1077044
7674479
8185787
8247154
3262764
3273644
4870689
8194558
3821240
1224737
3802077
3414508
1750784
6925442
6183965
2320997
2245869
3980202
4879909
3247537
8729796
5322599
1271876
1495123
6239306
1129728
5953979
4830876
7654337
1257002
4657155
6125993
8237487
619952
2757171
4408696
444116
7737752
267894
1610446
7503855
3341218
7241197
4685662
3678595
7365354
5790669
3093308
3034747
8810349
2792361
3211268
2796120
2399449
1173230
1334885
2932591
3157649
8251983
965216
6594266
1674603
2102942
3239356
3972086
6120305
4381914
1982341
1935095
4163044
3963081
3829633
1007256
2890766
5707315
1464032
5442875
6534295
7979517
7888548
5070436
3425070
1383763
4614220
3975197
7395323
104690
4517218
4352407
2691634
3354503
6773166
8797928
5308266
4370504
1997564
724266
821384
238643
8658846
7455414
8942048
3053200
7428382
1443933
8488855
7540346
581070
7176599
3882582
3718210
8427342
5303054
1291211
8050029
6711838
3937076
6477161
8745434
3206006
7898394
1604567
7299387
8943981
4572486
8340153
8136180
3361947
8608605
2263158
3320908
4676692
1629658
1747576
1723653
8223278
6080519
1706723
8936491
7775734
7215810
2947584
3054896
7421688
2306083
266653
6801503
6009411
4564602
8979683
8804700
4139231
326330
7597938
1734650
8222083
602295
1686650
3737447
5887232
8952573
6001888
6799391
4169295
8900922
3473154
483048
5442827
5050423
1815125
2994840
5679258
3810716
2944764
3541698
5968164
7392493
8775526
5775284
3253410
69477
2950531
3691797
7030170
8957046
981107
4105346
1990429
592409
614902
2227941
2221106
3570334
6881137
7883277
5974534
1586572
8408769
3218943
7825653
1304464
6775362
762948
7328967
1345053
4670433
7035501
5137705
6569086
8950141
3454332
2999193
6778219
1637856
3274208
352400
6134542
1489301
7158287
8601763
4830172
2658761
4386768
8690141
6577654
1109603
3312205
2392465
5066755
7208256
4323616
4945938
1917005
4882512
653208
8847569
6489244
7820588
3950925
1089817
5260914
5494180
2813312
8633839
5045552
6545644
8162652
1599095
4981917
4258523
8930062
275666
7237434
1954799
8352192
4249863
7197067
3062677
3300056
7787182
5502397
1753220
1223829
3154520
6391223
7034396
8784517
5985316
6435008
4502069
5802452
1410745
3729075
3257101
7631267
975655
1082450
1256605
233202
6168805
8884566
6477835
3488703
7211605
5332034
4489349
342152
7443343
1760182
4770122
853834
8411863
5968416
7100203
7680081
3511134
5529320
7791874
5827246
7637937
8638080
6807536
709512
8933380
949993
720201
3880290
3536134
7623685
7172236
6429848
3047388
2294093
7786872
2205799
7244542
2206147
1505692
7518648
772469
4432518
2051539
5563763
4934938
2210937
5145263
1219132
3549051
123898
7411133
5257281
4697665
6067191
6432143
4222265
6697429
4146039
1145057
6191911
1936835
790471
5770877
8296157
4207476
7296006
3725744
2713825
5331875
1255470
161854
6412805
2318089
6731522
7198616
2213738
5876173
764739
8136263
35255
6140027
2472046
918009
8798238
6085397
3311903
2146934
677344
1837617
6917209
3677288
6277851
5801864
3189603
325289
6648146
6206265
757068
1168381
6839314
5372859
6590111
8159813
6202029
3652522
1721964
3072804
248990
1331914
3210106
7229742
8452494
4099506
748636
1660675
5426361
454441
1690940
7502155
8846068
3838587
5505809
8169311
7528313
1521475
4443976
4069249
7117858
7323177
3935297
6973912
3987023
1558706
7746666
7074822
506288
6180998
5728059
6215533
3618250
1385536
7886819
8276334
4610579
5428167
5637062
4701541
1273019
6381491
4265831
5725228
273324
1332902
8961812
7686534
4613760
6695723
3360175
8644108
33719
7916325
8905030
7294008
2077514
2426611
2645294
5506481
1301895
511342
5531995
6130297
8308767
6252151
2654795
7635861
5595933
6839952
2208267
4045394
1229198
6315241
7511489
2868490
5228319
204866
7806744
5558352
36888
5264986
7842772
3891019
7184132
7972297
6524678
8851932
8609221
6517718
5855331
6881513
1948554
1046696
5378084
5276996
2004471
6969168
1841967
1051807
7952869
14452
4203877
2509483
7598180
2533855
1922082
386575
5865283
7319928
5854566
4855374
49429
6335340
3616956
3164588
4945711
4248790
1821125
6566856
5507604
7745951
1179980
1561790
7146413
1981710
4614052
4752920
7811506
6319133
6759788
7079529
6135986
4618975
5311679
3663545
3173099
1095403
2002223
705110
30453
6073703
6915755
7552339
4313058
5150016
3270699
7038157
7462249
4942833
3288610
1593838
4701639
6432073
3417759
6368548
4595099
125939
7490540
1316645
2882949
7213605
6187469
600038
1230038
8629430
8119777
1550318
4667914
2577407
5681298
6431817
1891148
6129192
2310582
1796632
240132
3360063
7961466
2987898
7840516
554812
7987102
2762804
8622110
1714597
6588397
8357698
6958800
7150292
6099008
3885165
951026
8296092
1281067
3445996
8397483
696191
6162328
787486
3206960
1363439
4881742
6304167
7533444
7187383
764279
8369399
2850338
3367572
7369140
8467401
2287564
1371934
4400933
915530
6610331
2890896
1992626
602615
1617389
8387821
179875
8271735
4043154
3539057
7750655
133669
3148598
5565591
6776425
70080
7051509
1624124
1507341
4402741
5101877
2681449
4288898
6323249
1715601
3795064
6745701
5113803
950634
1231143
990173
3609276
6331598
3633535
1421731
6161218
3834674
6570092
5893986
4217072
6266344
7719169
6777765
1134902
336981
4038510
8979936
588780
4708333
8906005
200305
7311023
8173017
7537668
10582
7259223
8672610
1077270
779506
1254063
1294342
188408
3709132
6054408
4690401
6984429
7355614
1641477
2621477
4466888
310021
5242985
7361585
7489279
3475628
8001436
5194206
695687
4341961
877132
3363552
4605688
7354646
1074993
8724097
2305334
5516280
4701326
7228757
7328370
4337426
262633
4286258
7606322
8911094
3671376
4587395
4236540
6653630
398583
7659791
1216705
6648894
2155990
370264
3126058
3421271
596738
1653999
7499806
2591548
1904089
5268320
2853758
3285559
2336864
475673
8461790
6187666
8145730
3443652
2095318
733430
1125234
3694183
3169030
643495
5239580
5000064
2391205
4518583
1619799
3912565
3295679
6544858
4754229
4112097
8140571
3961669
4455041
7151703
1688730
2737884
4126162
7935423
3691867
4890910
2921395
5932775
1973786
8805004
8723907
1407159
2555583
5639107
7107182
7466960
1998035
8275088
2894732
8670212
1489420
5055570
5126595
4719704
6606368
1618156
7054424
633436
954361
2921546
4002251
6124495
6045972
1589169
4888332
7432968
1399799
3833046
5175570
4311112
7174695
6538806
1902392
3681355
361528
316613
8246611
5496081
39051
7796069
4659573
7969867
5326819
6212297
5604489
2070522
5038969
6004394
475003
4669312
8371001
4884781
2786438
974206
540593
2452218
7940154
3189258
4473426
312648
2600104
5610347
925600
6315512
4908582
737378
1746576
7640366
1192673
7557348
6504998
3329939
1202336
1258988
7257201
7651255
5548864
5384061
8850601
3230342
2946976
4912642
1016592
610437
4299392
3295550
1531215
4814897
742067
1441882
3796698
4167350
4142882
7686413
8677709
3454261
218085
2375916
3255862
6169838
7593791
2872446
338347
7702954
2799681
437377
6122784
704098
6476288
65814
8921705
7480358
6058357
1738791
3006845
3417873
5094004
2300581
6242892
2257483
6378761
983451
8921740
7295786
983423
1105284
4296230
2637909
1707792
6119726
4564761
8416378
2768429
5082319
6477536
1213633
744845
6834408
5579044
4098652
7511955
1432360
1979098
6171176
4921224
8164813
5349463
7552212
7986189
2320044
7715040
7929941
2553859
4247995
7080901
5587156
4345423
4822187
3193713
6819844
2917368
8746878
7587379
5208740
447178
965348
8275947
4168147
1332431
2450932
2723429
4229602
5190933
3999735
3402153
5191573
1705199
6835943
497835
4195929
8610423
889362
6862027
5950848
8804393
997290
707761
6633630
6691530
4516294
1409402
7346275
3857917
186663
1773097
4864395
4484411
4586688
4946398
17807
4520450
4431462
13410
1076979
8172814
8591297
4474133
200407
1520285
5830701
4329191
3779484
3787168
5689129
8045898
8124304
5555004
4587192
5588138
8141094
2124900
1226675
1189992
7759613
634548
6637786
4480883
5291979
6312591
5436550
6736955
214879
724508
7924224
7797478
8983390
2529921
6255165
7474016
2502656
8307779
968953
4319710
1749053
6337324
7267538
1119689
4997067
7839728
5532435
2002483
2915594
2112877
1248684
661011
8129880
5173934
7784741
4714653
6840544
5495899
7152747
8448006
1472328
2780616
1290361
6534797
2184972
8395757
900606
5135199
6115683
4846934
5305537
1877190
7305374
5203937
8138022
6573260
970542
6929200
1042255
1849294
7689252
4514156
5632099
7836832
7144954
8974845
1089526
6668543
5234351
2910459
4009088
39699
8826765
3028469
8434849
1881354
417926
1499874
3415842
3513749
5916862
4768443
3423752
4538313
1143757
8170942
8078170
4422021
8103778
7102802
3664920
7073663
8255709
4493328
7404089
4592503
5771410
688761
4857020
4900700
3002569
4761871
2987327
8487946
1148304
2494487
3191362
3855688
3236380
4398467
6090567
6786336
4651528
8834962
2175975
1228605
928545
2002672
8179880
8129403
7121113
2861751
1860199
865633
2831080
5678526
807100
8534390
3838794
2354710
2919109
7596884
4735397
8735802
217338
952789
1573111
2133593
4935637
2429837
8721398
335756
5647788
1434704
852079
2160652
5145095
6441157
8138823
6808011
7666682
3276827
1927914
4637829
6254745
7718827
8698025
7337293
8759052
649941
8628608
2139080
5583755
5610440
1629403
3208055
1176276
2722822
8824240
3156433
8884850
120183
8156225
2432960
5825846
2855483
748071
402573
3412422
705301
3966766
7051103
2416557
6431445
3893884
2798249
7343016
6891642
3147494
2399692
3566656
4901780
3947640
298348
7853302
2599938
2992761
6705873
3921702
1121028
6932790
8685055
8207961
8033297
4431213
6413350
1798019
5606696
3847537
2219328
7394372
1003987
3439574
4932681
5816656
6960975
3949863
2424749
762941
7851998
2946914
2664123
1732034
3984161
7459155
6358927
3921165
309933
24883
6985867
7642356
7730513
1583671
8603674
1180907
2445747
1561032
7852076
4421694
3333296
5970859
3797375
5863463
7583533
5030030
4735457
5179905
4512346
231937
7288435
4843564
5731587
3598493
6943289
944558
6299290
7617349
8538543
5982339
6834733
4771751
2991582
6810498
822831
5324362
7417032
1024496
3033866
3140768
5515696
5338122
402668
6128593
4919315
7580151
4865172
7960963
5987050
5570339
1998390
6072778
1561139
5353469
1348278
6074446
4922315
4507981
8361457
7751337
7109443
8919394
6037657
5183997
4268611
74309
1433310
6014552
7176009
4420249
4847749
1839464
1882416
977210
4988285
7799819
2317703
275786
6001548
8303015
2196490
1404326
7996848
7559477
6336473
6209647
2128576
2805212
8036148
8769905
576660
5392986
516579
7227825
7883260
3317788
6777006
5893651
6334873
561866
3393950
5616740
8052164
7807934
3207990
3310411
2161953
3801905
2723114
318421
6615679
6882970
464384
525425
1213456
796747
4124887
6424209
841592
8715926
4854431
144678
3451010
5308350
2175758
4331006
4222403
7284396
5639500
6875082
7159906
543126
4993422
7336194
1106527
1039336
1809535
1795000
6193268
5412834
63732
1834971
7975278
2427397
3062532
5492509
6424523
4403277
6127734
3218980
2087418
5967628
3849714
901086
246367
2376213
1179064
1012960
4957553
4755230
7485783
1022433
6900683
3683105
5505951
7413782
1987697
5676796
5706937
1177217
2892876
2131928
7732614
4415121
4861273
8859377
3788933
1950230
7151780
1911726
4195616
3741014
8020374
3444660
8933607
2084962
4989207
1179365
2809900
3639011
100157
7156839
8380767
7617807
4645749
7620127
1185227
5129248
4881423
7707240
4622357
4165338
4235508
7569955
6154052
2955179
1936588
2442297
2280101
1095170
720253
432498
5426869
3992220
3302703
6587237
5208826
1539129
50496
8573962
85320
2825638
