Genome length,Divisions,Fitness
1000000,2,1.0
1000000,3,0.9993142426523882
1000000,4,0.9955403077972699
1000000,5,0.9992490948721088
1000000,6,0.9958337770146207
1000000,7,0.9962241199374102
1000000,8,0.9926630315771922
1000000,9,0.9875148323881979
1000000,10,0.9839396706234947
1000000,11,0.9661038314695098
1000000,12,0.9871705071413074
1000000,13,0.9769668008096922
1000000,14,0.9790188784756994
1000000,15,0.961183066074557
1000000,16,0.9778403432931152
1000000,17,0.9625347689321916
1000000,18,0.9794219390609343
1000000,19,0.9393248788177048
1000000,20,0.9548787090848545
1000000,21,0.9422368060778277
1000000,22,0.9440567394104482
1000000,23,0.9056772969148226
1000000,24,0.9442774295611632
1000000,25,0.8660652599758291
1000000,26,0.9382364548853458
1000000,27,0.9002711378573193
1000000,28,0.9225582688925955
1000000,29,0.8359211068108439
1000000,30,0.8834216524770068
1000000,31,0.8259221086022174
1000000,32,0.849886792461179
1000000,33,0.7926823128760282
1000000,34,0.8870789319545497
1000000,35,0.7675829240001045
1000000,36,0.86294853534321
1000000,37,0.7715521643582297
1000000,38,0.8590190198265143
1000000,39,0.7066006150755271
1000000,40,0.8196272751498369
1000000,41,0.7347050634993214
1000000,42,0.7949130200850527
1000000,43,0.7196379735666624
1000000,44,0.7983835861493495
1000000,45,0.6602083952588184
1000000,46,0.7727473050344132
1000000,47,0.6901753022792685
1000000,48,0.7349722648163511
1000000,49,0.6559154061502571
1000000,50,0.7582618030629446
1000000,51,0.668455976423993
1000000,52,0.7785382432478012
1000000,53,0.6568632018704536
1000000,54,0.7643383192752522
1000000,55,0.5717998727526986
1000000,56,0.7019038855834806
1000000,57,0.6152413395406194
1000000,58,0.6975785806432244
1000000,59,0.6131631675621378
1000000,60,0.7106447459392116
1000000,61,0.5675701510869777
1000000,62,0.666157921201923
1000000,63,0.6279709344079186
1000000,64,0.6696692342217124
1000000,65,0.514032501362873
1000000,66,0.657969895250541
1000000,67,0.5538528473354425
1000000,68,0.6441240765432984
1000000,69,0.5326605004226324
1000000,70,0.6390011215144125
1000000,71,0.47466588156968476
1000000,72,0.6006237430776356
1000000,73,0.4657506120623212
1000000,74,0.5827980607648456
1000000,75,0.45307447290309705
1000000,76,0.6365612814741677
1000000,77,0.44883164999038166
1000000,78,0.5732218971957875
1000000,79,0.4328114891482821
1000000,80,0.5814978382315961
1000000,81,0.41756461094330116
1000000,82,0.57130704445431
1000000,83,0.39086007426457364
1000000,84,0.5502158509640603
1000000,85,0.41604661842370677
1000000,86,0.5598302784935353
1000000,87,0.4023715388648019
1000000,88,0.5169446482531019
1000000,89,0.39552995240507854
1000000,90,0.5348767546091571
1000000,91,0.3661203058693383
1000000,92,0.546634359331812
1000000,93,0.3643920846620271
1000000,94,0.5267213488108309
1000000,95,0.35721852724990666
1000000,96,0.5270287908587397
1000000,97,0.36456563988682167
1000000,98,0.5146074033503946
1000000,99,0.35893758017069927
1000000,100,0.5013647691776764
