497698
499429
498450
499384
500119
500677
499368
499650
501506
498788
498270
499272
500518
499322
499089
500233
501819
500704
499605
498493
500062
499680
498877
501146
499787
498181
499401
499735
499948
501471
499198
500275
499512
499855
500379
499108
499268
501120
498329
499806
502043
501036
500101
500733
498878
500392
500229
501016
501162
500697
500546
499250
500312
500211
499591
501927
500352
501259
500760
499935
499057
501028
499321
499742
499197
500407
498480
499817
500805
501462
498701
500408
500698
500433
499748
500746
500348
499968
500472
499442
500562
499878
499349
500453
498633
500236
501626
500784
498974
500639
500724
499436
501370
499633
499427
499911
501383
500203
500164
499451
500189
498742
498438
500469
501522
498825
498467
499597
498964
498715
500648
500370
499793
501070
501002
499822
498590
499316
501091
501622
499969
499781
499144
499707
499115
499576
501319
499860
500850
501029
498784
499021
499471
500241
500798
499199
500052
500320
498303
500360
500093
499867
499895
500289
499839
501405
500176
500864
500351
498442
499870
499535
499228
499433
500498
500168
501920
501539
501410
500070
501867
498783
498816
500245
499616
497843
499523
499743
497948
500933
500142
500830
499277
500776
500815
499304
498653
498579
498803
500177
499835
501472
499694
502088
500606
499173
498893
500301
499939
500427
500451
500248
499215
499062
499582
498682
497935
500576
499923
498791
501843
499915
497608
498470
497554
498170
500277
496933
501711
500988
501560
499587
499788
498829
499254
499603
499087
500524
499921
500131
500006
499430
501565
500128
501511
502980
500454
501322
499886
498753
497782
500495
499366
497604
499513
499767
499657
499719
499644
499837
501724
499503
497995
500130
501170
500976
500867
499808
500448
500791
501825
498124
499149
499463
498734
500778
499779
502708
499663
501827
498209
501681
500661
500219
499399
499449
500390
500204
499630
500330
499991
500334
499207
500990
499984
499772
501369
501502
500382
499445
500285
500267
499117
498887
498399
500727
499993
498613
499698
499515
500356
501684
500926
499233
499533
499534
499919
500630
498980
501071
501088
499440
500152
500935
501687
501694
498951
502790
499972
500961
499996
499509
500515
501196
499831
497282
499727
499029
499907
499819
500377
498258
499849
498602
500447
501487
499505
498900
502323
498871
498652
500691
499055
499193
501008
500588
500349
499801
498792
499461
498758
500105
499388
499489
499252
500680
499580
500420
499614
500202
499708
499706
501505
499545
498669
501682
501644
500958
501005
499672
501942
499459
500818
501205
497276
499608
499361
498410
500123
498632
500828
500646
500856
498754
498876
501282
501258
500481
500325
499737
502409
499213
498861
501267
501385
498353
500886
499957
499406
500549
502244
498228
500527
500201
499339
498593
498994
501323
500255
501810
499834
499038
499358
501273
500715
500557
499658
499543
498764
501530
498074
501595
500466
498940
500318
500522
499826
498979
499541
500047
500826
499932
498536
500297
499539
501741
499567
500139
501020
499521
500708
501756
498731
499516
500655
498990
498376
501475
499262
500943
499281
499559
500905
500198
498539
500759
500940
500836
497740
500083
500095
499715
498444
499994
499731
498409
500140
499003
501344
501211
501984
500322
501796
500790
499958
499219
501161
500516
499343
499979
500099
500221
500666
502544
500008
499090
499598
500736
499794
500829
500871
499954
499309
500707
500599
500644
500386
499892
501561
499577
499745
498518
501231
499465
498642
500231
499335
499792
499612
499133
498149
499212
502199
502086
500614
498474
501822
497627
501473
499840
498755
500690
500399
500602
500347
499751
499904
500293
502293
502652
498637
502562
500016
498543
499590
500059
499897
501397
499488
500796
499157
500309
499286
499479
502407
500413
498880
499329
499856
498502
499257
498697
500304
498265
500922
501363
501184
499203
500479
499413
499700
499651
500742
501352
498797
498694
502362
501357
502714
500942
500134
499940
499385
500774
499902
499659
500217
501705
498841
499618
499311
500076
500158
501441
500437
500720
499201
499956
501664
499682
501050
500745
500321
499721
499945
500947
499119
499952
499190
500461
500667
499395
501603
499909
500921
501528
499158
500835
499266
501655
500816
498476
499526
499997
500999
498641
500574
498611
501990
500145
498938
498670
500782
498675
499777
499774
500302
500030
501299
501145
500652
499619
500243
499690
499546
499344
498439
500172
499332
499828
499221
499799
500067
499552
500663
500249
500077
501379
499988
499675
500182
498471
500507
499947
500065
500556
498985
501662
501333
500155
500457
499331
500148
499088
499082
499652
499844
500432
497677
499679
498382
501354
501191
500634
501523
499086
498711
499607
500037
499078
500403
500598
499276
499511
500261
498378
501627
500136
499861
500651
500834
500891
499243
499944
500332
500357
500232
500167
502019
500081
499941
500604
499502
500323
499620
499879
499975
498465
499056
500225
501390
499538
499224
499497
499854
497828
501195
498888
501080
498531
501581
499890
500435
499714
500718
498966
500121
500787
499500
500679
498413
501391
500278
500060
500019
498790
501250
501107
500196
499713
499506
500566
500173
500025
499411
500692
499629
499363
501072
500087
500605
499871
498668
498768
501520
501343
501438
499764
501552
499859
500513
499666
500703
499525
500807
500222
501926
500045
499296
499136
500434
499544
501086
501272
499726
499809
499315
498826
498630
498236
500463
497955
501457
500113
501433
498615
500845
501181
498116
500683
501382
499848
499571
500185
499518
501328
499454
500430
498910
498956
499789
499756
499130
499232
499245
499762
499378
498101
499450
499024
498214
498903
501204
500366
498732
498916
499428
501836
499695
499019
498891
502031
498901
501587
499435
500637
499829
498948
500208
500163
498695
499030
501678
500385
500927
500685
500636
499067
499275
499875
500984
499259
497029
500897
499613
499604
500192
498991
501014
501067
498508
498333
500335
500374
499754
501564
498525
501683
500879
502515
499517
499655
501138
500918
501139
499052
500104
499836
499579
498882
500843
498839
499573
498897
499370
499628
499303
501605
500307
500946
499367
498241
499345
499360
498232
499888
502144
500747
501011
