878007
478790
671467
433528
104164
581227
845967
567471
368153
872443
261975
368349
234829
155687
429694
857256
452027
539693
744298
705159
713167
156474
996261
101297
87004
554027
109859
304196
812238
758630
597412
746117
108348
490710
432845
417460
169468
302341
851
982485
987288
663657
303906
723620
757021
802844
692281
182197
875277
586199
88228
323604
42421
980322
903392
446805
148132
186300
112731
350391
979793
394543
760715
89504
507903
886630
545115
712249
144411
47463
596668
216853
235725
868773
349137
486775
765106
380371
486580
261999
128613
155503
959683
248525
875318
677785
454385
961938
830987
819444
515751
763326
654642
733848
722827
547735
531036
197144
858222
882949
365011
429388
6810
936495
700333
658857
734241
922491
17072
538986
772564
929849
852598
591230
695038
771647
137943
536311
69685
755324
726437
191829
203552
188032
806137
780744
791353
122276
209079
467921
694807
188833
706659
772562
22254
805755
901473
654068
38441
741480
710632
298823
391241
443786
570045
464939
839706
83209
481720
816729
669880
508470
678919
762027
697073
742762
893503
392277
296494
579093
530206
985761
993548
47788
55346
235889
681161
167505
458875
79920
396092
257938
580882
751400
752890
11820
622845
327423
352657
542833
139626
321754
697449
506148
716245
211306
119071
414356
919310
110045
145807
81207
192493
909042
986577
10996
224679
593161
946541
463588
915605
756405
805562
812964
875020
712464
213732
436113
597840
129229
449783
230389
207181
349280
340171
959884
882520
266059
673833
566898
11455
589728
642779
582698
755854
855025
579585
124208
848891
662934
110131
189515
887182
745391
783649
772802
245608
85722
963160
439865
959766
835132
520594
226682
836874
136061
296864
432277
367990
566509
996664
524823
12487
353711
27068
621453
3297
715490
625469
985516
470414
121415
509715
367531
232152
943968
150991
125986
489283
120685
819388
500235
522231
753162
533718
649407
112200
699467
285823
655696
5687
910128
590797
785669
141808
523082
528191
107882
196791
70028
61363
119213
434984
483862
943214
518605
469126
598384
475130
813909
96606
44435
487322
890055
114457
54081
350472
679734
251632
148347
568036
905288
49351
959604
154423
988272
851712
783205
102986
665547
270844
45769
461179
368896
757216
646149
484892
691423
824225
259802
303489
684949
773763
387315
702746
890917
71965
278345
99412
492347
902935
730350
587654
332702
504235
459863
400989
410566
929492
705614
345925
389591
181337
876540
39206
300214
732070
696157
587190
83351
761650
142943
395554
858861
339678
638085
738545
626805
16410
918402
681029
898098
405558
681432
722085
372769
356415
112141
570338
344399
28829
826392
595894
325127
479459
119130
971213
64678
811562
967137
895904
541649
699618
702801
214127
528753
233000
148909
643518
951858
465725
691645
690018
551463
197394
748090
304088
923559
914984
635341
660948
726481
574090
457198
777557
890066
863694
810189
156546
297992
210650
883695
782126
436626
780776
581051
454761
898351
221872
239362
423444
200246
393803
810145
111767
574526
876529
1821
422703
975423
514535
209392
140549
675266
423988
361589
271864
785567
475719
122679
143183
696829
890609
78741
990353
659250
390545
572062
442660
370891
214581
70105
979105
435796
869304
994353
42259
797634
512449
791879
374570
486078
852567
422767
852482
555343
649828
243840
85482
695351
669569
204039
823745
242240
854383
329217
242696
834506
946938
631909
673150
115273
532586
452445
568604
515386
480355
193426
893373
874774
28316
826417
169573
591243
661025
908881
654232
490477
75140
177629
258827
378808
317510
238139
714801
764829
695042
487957
208422
268142
913387
868360
986241
47713
414864
343828
101504
824382
511381
380647
804588
388408
105625
397612
646457
500915
762498
294882
981590
285618
515217
275750
891687
85198
805157
3854
936770
601490
576369
328171
347717
374552
178121
651427
712453
3776
237235
341542
830025
267886
531989
93962
336309
298967
250674
482867
625715
121630
446370
692071
192758
111243
494924
758604
754016
538017
293261
23086
768713
213548
358686
887412
379401
561034
336592
120863
911207
910296
600746
211535
741155
228554
571174
60619
310479
882119
922480
154582
107599
395048
263156
235489
985204
947400
636020
12656
242303
178567
124055
384598
25299
138956
846402
933009
108546
491304
583300
923009
132068
227944
225537
654243
811739
299519
213999
684451
68269
564170
566017
751178
370566
582107
994342
255593
359822
721346
289703
642976
656514
92352
405775
129732
411871
396904
5348
461188
436928
961141
365844
395070
719248
632746
87953
829642
73080
281321
266622
311016
46618
497695
243221
691238
624808
935978
582786
452138
957800
458279
645796
757284
51422
900332
145650
265309
53625
197025
812897
642359
997144
72872
283233
275802
154333
248152
224732
761690
100027
121178
380452
980755
430010
173949
723585
23232
639084
718279
888683
894628
10674
364345
300753
577325
299760
836747
983222
593689
320349
666539
369287
465765
809090
275244
637423
459686
703194
986563
782441
922638
22852
328429
200817
422289
247309
25026
973695
629847
697261
711425
396997
180827
850208
440729
477397
612095
334475
557022
638959
448772
909633
548812
236037
343553
63201
447535
851461
957310
410306
537824
396447
838750
123709
967989
764384
299780
133834
646215
872562
180657
921272
312938
767970
372495
629315
600205
774298
210781
585745
568986
285895
469836
845094
60010
928186
52215
626153
278248
357549
111793
594879
259622
7355
448458
741669
24757
841382
618309
527061
884157
74658
979414
262425
431906
383551
620047
340506
215351
16661
899753
117511
843315
57213
951040
692556
24697
122813
553517
878269
508690
938192
206938
417112
767898
399528
194695
842866
571371
356139
201845
758422
570414
96447
823227
536682
523453
493264
157040
572967
492729
175498
29933
671955
398548
272750
723708
618646
82991
411281
327106
701470
324056
721737
69651
667156
1617
582489
201129
698607
861062
387952
363556
811628
949173
515165
530416
111832
17626
120000
861101
67072
267784
820922
708047
747196
630650
53188
435029
294441
640091
176810
586745
299096
650446
734591
769625
645732
603430
984746
808207
164977
829035
150948
298723
629278
296252
866295
817700
675865
517150
115000
189866
526434
339781
875568
795231
931620
998682
294321
692389
623019
567333
556175
168658
440815
480770
655470
531100
210943
859492
902921
627819
232787
529182
440877
549598
375392
514457
72838
305671
957203
700847
642537
815809
382826
130316
403135
492319
269015
996458
537028
898654
375999
240088
670722
639067
304224
77976
306642
231023
100735
143877
802929
988939
565852
479622
807344
533685
736451
801702
393807
645829
616998
413411
919881
362598
149357
361894
893627
363868
319774
911128
653073
862098
416738
960140
673976
712847
935802
958704
974365
856011
663490
242757
771584
990477
520610
287862
171960
965378
829336
898119
530690
983044
235844
416695
660872
197607
839132
73811
797023
71772
823372
480081
121682
746533
772477
578465
222140
703835
181618
575197
771399
921322
710716
995515
785699
163791
395586
840954
470667
869502
983633
745
471313
664194
994691
698322
778508
79801
595185
61933
298405
493973
301971
198167
401859
737661
307763
863982
399186
516443
123614
801251
698592
728121
815024
794422
985036
119166
271640
714158
833844
117382
25232
11374
501226
665212
816211
96728
205813
554094
257864
101939
141829
391139
467860
741287
580546
357813
243325
212348
929175
837485
980076
334023
423639
669
321449
622435
786480
87430
696450
683606
785020
836416
863396
580792
701296
511931
973706
36826
923694
901152
578042
830516
169730
957114
924528
756787
235095
662645
67788
834478
977571
164983
238780
349223
727882
318091
641859
843352
6418
599456
392769
555419
401010
868628
747085
149523
454582
741233
258435
109193
69909
980370
77228
628680
981054
463129
459659
831582
282555
593035
203955
16548
49443
759003
138582
312755
702832
409466
346923
585650
2475
113387
935699
24954
133313
182028
964753
780855
827437
5376
423272
55976
418017
554479
395252
271786
875319
828126
391224
501502
291536
411096
682698
49853
587591
423390
297583
167566
633683
346358
331258
906630
886459
831332
967877
841674
991803
607505
858922
691064
790380
848228
535314
465533
407355
108590
109491
132446
326858
567373
668758
196249
501413
567756
263248
590100
161944
611722
482886
598017
904881
634138
179887
805387
52380
290948
885040
161067
207375
381402
616660
507888
520281
11448
902546
542724
53130
846789
624355
862597
874345
101530
902725
673766
481462
162114
599066
797829
775394
994210
896166
549379
832252
474461
895681
593529
810488
602247
865312
402862
251889
358691
372490
627483
800447
159135
82699
389854
44544
142401
241369
167414
782858
453811
990931
658718
510688
589004
79079
971001
387889
881269
260347
486354
376315
673078
949913
746592
309810
509899
380082
661320
747384
109013
364740
750324
937271
852322
242145
632891
517409
468629
666125
637021
879700
822666
611591
268158
492107
117317
543111
286618
695449
290369
714851
767442
180815
46192
877486
373012
784185
373559
596977
883771
697975
899122
504428
536011
322662
524268
654760
266878
168954
86411
729924
308563
46925
427132
9747
364794
478996
673908
323370
875771
384441
557646
620545
1006
784350
436501
102016
928790
440426
445573
367803
388856
962767
889813
551186
644209
414306
301585
530783
901048
705664
752647
850484
681557
761362
940136
311839
169098
178987
510908
312838
742302
560225
986671
719463
422940
156100
378377
454172
124595
616317
280672
183158
934594
378091
707509
278400
692143
634497
540387
504884
987924
834595
181117
144703
509334
749546
61957
825231
781202
671963
402504
864861
325665
93387
815683
157342
805771
721937
825324
876800
433923
884272
632793
429166
160162
837092
225636
520211
291949
663865
9058
295722
333076
464099
886778
89081
469369
153897
759267
167308
260786
40998
462772
948135
243596
94625
290794
830888
356674
402895
869107
179785
440779
234323
461183
346342
994826
39640
828187
398962
725266
80655
93164
580123
511684
129947
600690
203192
37866
833235
443934
911973
27665
796484
157042
799159
361134
552490
275836
301509
392401
16027
786769
154279
464828
716514
115408
329160
616246
279348
67724
76921
260443
481327
710856
537154
912336
867939
734169
401120
403957
14204
748000
926971
900162
424501
108683
618382
377312
860858
613783
592468
20425
825869
95922
528452
872645
221038
220307
429313
819887
608696
368631
37829
389932
219125
195971
411136
967047
15030
545618
227718
995825
806802
537333
503406
668374
181894
387667
780909
3269
421808
823813
369372
333622
12652
414006
583016
683089
141218
36267
766175
734954
800558
66534
321316
735764
828087
287560
696214
283599
430307
985482
568816
871187
894451
39077
510122
123705
795853
832944
174211
467706
996974
180919
815734
817000
314098
566054
628109
177166
701079
560096
150409
928347
387257
459010
196496
14549
971030
215615
412282
577114
940668
978255
803520
285527
448705
439777
686627
304874
861995
774761
448779
286141
511501
211568
492222
519895
44844
869049
924709
980253
486921
836908
693660
300738
939788
824265
158634
138164
854783
173008
418378
77417
260925
597798
250690
65275
987072
849276
711580
739747
543906
633319
454075
620808
259982
799895
198405
918279
242937
402902
940418
629533
385184
542486
336783
777504
507144
857472
513481
138055
538127
482419
584150
319287
200485
88078
207560
575157
323365
150903
640373
14882
478743
719260
171709
638836
526292
117716
215288
934759
675380
796601
841140
438057
47758
339724
743474
947545
99176
540167
84681
594926
918546
447078
740262
595744
767104
455137
758988
16961
427358
448319
889135
366233
606099
175430
563722
634607
991431
948982
56756
492456
601143
600848
10035
232421
175102
19436
150365
986519
922765
687116
749605
23756
33822
708377
241592
551181
863627
362672
162355
217633
171171
717291
23912
88368
