3499657
3498472
3498988
3499914
3501008
3499522
3500343
3500304
3498899
3499588
3499381
3498824
3500621
3500167
3498169
3500745
3498825
3499581
3500471
3501716
3499481
3500946
3501941
3497854
3500656
3500375
3501709
3498647
3500583
3499644
3499282
3499547
3499456
3500392
3500281
3500917
3499988
3501303
3498489
3499546
3497469
3498729
3499806
3500048
3499986
3500723
3500820
3499963
3500144
3501324
3500005
3500201
3498660
3500931
3499975
3501159
3497779
3499930
3499614
3499220
3500027
3499337
3500434
3499237
3500486
3499956
3500752
3500700
3500022
3500774
3503767
3502055
3499635
3498803
3499857
3502015
3500123
3500124
3497487
3500302
3501270
3502838
3500564
3501167
3498764
3498654
3498875
3499911
3498938
3499709
3499899
3499052
3500490
3501170
3499555
3500340
3500936
3499263
3498788
3499867
3499615
3499165
3499766
3499999
3499805
3500222
3499527
3501140
3500598
3501534
3498434
3500112
3499241
3500347
3499844
3499107
3500634
3500430
3499894
3502344
3498871
3500070
3500847
3501136
3499290
3501585
3499129
3498632
3501002
3500140
3498896
3500161
3500506
3501157
3498615
3499736
3500017
3502185
3499712
3499948
3500063
3500510
3500573
3500279
3498771
3498790
3501789
3501881
3500814
3499980
3498448
3498221
3500693
3499773
3501090
3501397
3500970
3500793
3502297
3501069
3498932
3500714
3500351
3499970
3499115
3500695
3500016
3499890
3501284
3501053
3501149
3501175
3499979
3500316
3500383
3502295
3499746
3499055
3499757
3499247
3500911
3499983
3499887
3500922
3497614
3500318
3499862
3499172
3499688
3498285
3500901
3500507
3498663
3499374
3499601
3498943
3499748
3499953
3500121
3499424
3499751
3501021
3498728
3499117
3500275
3500501
3500435
3500488
3499078
3501199
3498295
3501293
3500997
3499996
3500690
3502088
3499902
3500910
3498590
3499164
3499217
3499792
3499901
3499897
3500568
3498190
3501168
3499163
3498970
3499984
3500234
3498518
3499379
3499793
3500536
3500379
3500836
3499656
3499777
3498787
3499962
3498886
3500475
3499723
3498232
3501099
3499943
3499841
3499799
3501179
3500526
3499933
3500599
3500930
3500097
3499140
3500187
3499344
3500756
3498373
3499813
3499595
3498994
3499602
3498698
3500133
3499175
3501824
3499733
3500844
3499307
3499966
3500367
3499548
3500628
3500503
3500084
3499763
3501599
3498668
3499092
3498694
3501435
3501120
3501198
3499814
3501405
3498617
3500042
3501316
3499722
3499124
3499404
3499767
3499569
3501110
3498532
3499752
3501498
3500764
3501692
3501052
3500741
3501608
3501001
3499057
3501282
3499498
3499491
3499510
3500245
3499699
3500882
3500877
3500615
3500298
3499759
3501074
3500974
3501738
3498536
3500398
3500276
3501461
3500975
3499264
3500933
3499227
3499446
3501131
3499083
3500415
3500169
3499242
3499182
3499421
3498852
3501672
3499987
3501165
3499550
3498939
3499353
3500400
3500987
3497924
3499675
3498821
3500160
3499993
3500789
3500722
3499658
3499707
3500029
3502476
3500872
3500853
3500938
3499187
3500550
3499433
3500535
3502007
3501537
3499500
3499019
3498883
3500131
3500636
3499812
3499064
3500898
3500494
3498533
3500729
3500117
3501065
3500339
3500221
3499261
3500172
3501929
3501154
3500655
3500912
3501573
3499369
3499104
3499051
3499323
3500953
3500689
3501299
3499302
3501135
3501488
3499599
3500325
3500099
3500066
3501272
3501043
3501494
3499180
3499737
3500432
3499147
3499303
3499109
3500865
3502160
3499951
3499486
3499848
3499200
3499371
3499197
3499652
3499297
3500981
3501705
3500407
3500303
3500338
3500054
3501322
3500719
3499222
3501184
3499708
3499042
3501296
3499969
3500985
3500711
3500779
3502696
3498649
3500009
3501391
3501056
3499276
3500816
3499320
3500224
3499931
3499645
3499795
3501656
3498481
3499637
3498422
3500876
3500309
3499426
3500784
3498046
3498863
3500220
3500963
3500329
3500776
3500829
3498945
3499616
3500706
3501723
3500012
3500193
3499809
3498543
3500861
3501453
3501220
3498624
3498767
3500196
3500025
3498401
3501137
3501133
3499467
3500408
3500260
3499917
3500166
3501428
3501418
3499230
3500835
3500484
3499775
3499935
3499618
3498793
3500093
3500280
3500178
3499017
3499177
3499205
3499257
3498498
3500604
3499582
3499549
3499310
3499925
3499913
3500640
3499706
3499480
3500561
3500030
3500777
3500104
3501582
3500364
3499686
3501062
3501395
3497858
3499579
3499515
3499785
3499361
3499065
3498683
3498575
3499697
3500530
3499214
3499348
3500447
3500725
3499978
3499436
3501054
3499132
3501986
3500205
3499622
3500395
3500426
3500270
3500696
3499393
3501480
3500456
3500443
3500146
3499461
3501759
3498782
3500212
3500797
3500273
3499832
3500080
3499928
3499886
3499026
3500035
3501033
3500870
3501156
3499566
3500414
3500409
3500851
3498210
3500850
3499443
3498814
3499702
3499877
3498918
3500478
3498597
3498326
3497822
3500182
3500389
3498783
3500832
3501686
3501471
3500707
3501237
3499364
3499235
3499836
3499525
3500692
3500949
3500376
3497701
3499695
3499362
3500026
3499641
3498710
3500855
3500976
3501865
3500244
3500163
3500152
3499005
3498894
3499493
3499891
3499377
3501574
3500394
3500105
3499233
3500138
3500592
3500445
3499870
3501820
3500287
3500227
3498877
3498021
3499542
3498998
3498639
3498212
3498118
3499884
3499212
3498440
3500645
3499027
3500223
3500780
3499231
3499279
3503185
3499903
3500412
3498709
3500211
3500427
3499484
3498350
3500069
3500570
3498946
3498502
3498964
3500165
3500011
3500249
3499957
3499732
3500554
3499545
3502104
3498941
3497627
3500320
3499195
3500923
3498633
3500754
3500590
3500499
3500265
3498672
3501116
3500258
3501338
3498609
3499976
3499882
3500119
3500988
3498447
3499228
3500154
3501169
3502181
3499254
3499728
3499769
3500352
3498504
3499584
3498437
3500371
3499330
3499869
3499571
3499668
3498408
3498679
3499681
3499520
3499802
3499477
3499689
3501495
3500619
3500459
3498582
3501040
3501328
3500256
3499660
3500438
3500702
3501183
3500044
3500437
3499506
3498854
3501139
3499683
3499815
3499850
3499630
3499586
3502006
3500932
3501427
3499168
3500630
3501619
3498249
3499563
3501014
3500021
3499317
3500032
3500740
3500587
3499289
3501304
3499389
3501228
3499860
3500462
3498548
3498929
3499339
3499691
3497995
3499091
3501507
3500233
3500522
3498571
3499000
3500980
3499284
3499482
3498387
3500282
3498535
3499717
3499204
3500716
3498620
3499995
3502806
3498874
3498684
3500679
3500359
3498442
3499189
3500623
3502635
3498598
3501058
3501307
3501407
3499359
3500638
3501182
3500198
3502253
3499946
3501060
3501731
3498004
3498196
3499494
3501016
3500670
3498160
3499441
3500916
3501373
3499696
3500420
3500541
3499875
3501853
3500306
3499590
3501162
3499472
3499360
3500841
3499370
3499439
3500361
3499489
3498153
3501297
3499639
3499328
3498343
3500297
3498658
3501388
3498690
3500305
3501216
3500023
3499605
3500058
3499184
3499927
3501108
3499662
3499144
3500405
3499442
3499198
3501035
3499796
3497805
3503332
3498686
3500317
3501659
3500694
3499596
3500036
3499998
3500761
3499715
3498462
3498390
3501666
3501268
3498569
3499293
3500787
3499788
3501762
3499511
3500906
3500037
3498893
3499654
3499018
3500509
3499923
3501026
3499084
3499950
3499576
3500206
3499459
3501176
3500040
3499196
3500041
3501186
3499465
3499301
3499526
3500268
3498503
3499299
3501380
3498030
3500512
3498763
3498539
3499036
3501191
3501438
3500264
3500291
3500867
3500157
3500691
3498407
3499376
3499185
3500704
3500766
3500495
3499915
3501153
3498263
3500504
3501618
3500977
3500871
3500493
3499294
3499082
3500990
3500353
3499312
3498482
3500819
3500373
3498990
3500921
3498429
3501330
3498726
3496840
3499626
3499403
3500111
3500738
3499336
3500589
3501231
3499292
3500413
3499721
3498494
3499878
3500345
3500657
3501190
3500068
3499912
3497917
3498921
3498085
3498704
3500612
3501365
3498867
3500735
3498801
3500253
3499130
3498971
3499592
3499888
3498895
3499081
3498042
3501965
3501256
3500845
3500812
3498524
3500381
3500596
3499735
3502026
3499714
3500064
3502265
3500047
3498230
3500421
3502148
3500896
3501429
3497561
3500815
3497936
3498786
3500357
3501888
3499926
3500310
3501531
3499512
3499816
3500278
3498716
3498890
3499937
3500524
3498341
3499939
3499924
3497887
3500687
3499632
3500441
3499103
3499839
3501385
3501320
3501769
3499990
3500545
3498379
3501816
3498752
3499971
3501079
3499186
3500653
3497841
3498796
3499852
3498499
3498433
3500730
3500113
3499873
3502030
3497962
3497974
3500173
3500608
3499847
3500425
3498202
3501148
3500229
3497763
3498931
3499761
3501627
3498151
3499851
3500567
3500728
3500424
3502541
3500336
3499101
3502282
3501505
3500388
3501617
3499272
3498377
3497786
3499713
3499100
3500148
3498550
3499473
3500204
3500171
3499478
3499556
3500824
3498904
3500236
3499960
3501192
3500553
3499536
3500137
3500934
3498488
3500574
3499063
3502514
3499326
3501882
3501594
3499239
3501400
3499643
3498930
3499893
3498948
3499357
3500049
3500228
3499811
3500496
3500569
3499936
3498605
3500384
3498601
3499768
3500369
3501542
3499989
3500862
3501147
3501720
3499729
3499114
3499790
3499551
3498156
3498250
3502135
3498724
3501635
3499776
3500637
3498495
3501346
3500102
3501012
3499720
3498473
3499508
3498826
3499277
3499199
3500410
3498705
3501260
3501124
3499086
3498643
3498751
3498911
3501089
3500411
3502570
3497904
3499308
3501230
3501024
3499982
3499633
3500858
3500715
3501907
3502134
3502593
3500141
3501638
3499250
3501798
3499291
3501115
3498680
3499098
3500083
3499900
3499938
3500951
3499338
3502545
3499319
3498296
3500778
3500672
3499755
3498882
3501078
3499311
3500446
3499558
3499690
3498888
3498509
3501701
3500616
3501017
3502720
3498236
3499232
3500328
3499846
3500620
3499929
3499194
3500918
3502095
3501679
3499469
3499703
3500893
3501006
3499245
3498657
3498606
3496334
3500743
3498725
3500795
3498845
3500758
3500718
3498642
3500433
3500884
3498830
3497907
3500956
3498335
3501663
3500045
3498750
3499058
3501526
3501281
3499892
3498439
3498383
3499122
3498523
3499693
3501233
3501764
3500863
3500107
3499941
3501486
3498797
3501185
3499368
3501232
3499305
3501030
3500821
3500164
3499904
3499760
3497232
3499202
3500533
3498003
3501376
3500143
3501837
3501463
3498810
3500671
3500516
3499499
3500177
3498804
3498510
3500216
3499010
3501440
3501410
3499038
3500285
3499819
3497993
3501958
3498718
3499685
3500937
3500860
3501695
3499800
3499046
3499531
3501387
3499501
3499409
3500902
3500476
3500038
3498424
3500618
3501644
3501088
3498079
3501933
3498898
3500733
3499076
3501339
3499255
3500386
3500428
3500322
3499011
3500682
3498953
3499910
3500346
3500014
3499412
3498519
3499764
3497939
3499874
3500092
3500261
3501787
3501579
3499889
3500283
3499156
3498029
3501039
3497827
3499684
3502543
3498288
3499029
3501211
3501238
3498979
3501318
3499710
3499325
3500463
3500139
3499331
3499535
3500028
3501348
3501546
3501411
3499314
3501086
3501416
3499679
3501193
3498717
3500770
3498866
3499462
3500189
3498619
3497605
3499451
3498666
3500096
3498828
3500856
3500768
3499771
3499864
3500085
3501178
3498741
3499048
3500195
3500358
3499968
3498256
3500663
3500894
3500581
3500055
3498545
3499040
3499606
3500973
3499829
3498459
3499610
3498272
3501578
3499383
3498305
3499105
3500492
3497731
3498847
3498963
3498240
3499363
3502227
3499127
3498199
3498443
3501852
3499739
3499608
3500019
3498773
3500703
3499866
3500075
3501775
3498736
3498526
3500439
3499318
3499054
3499967
3502523
3500262
3499179
3499060
3499779
3501477
3498404
3500115
3501384
3498848
3498677
3500760
3499919
3500971
3500241
3499612
3501750
3500746
3500998
3497882
3498926
3501364
3500257
3502375
3499329
3498798
3500965
3500540
3499827
3500643
3501434
3498712
3500859
3501774
3502706
3500251
3500792
3500073
3499613
3500566
3500391
3497792
3501616
3500087
3500873
3501999
3501150
3498406
3501285
3499742
3501310
3499609
3500685
3501885
3499629
3499474
3501508
3499949
3499519
3501649
3500827
3501496
3501263
3500991
3500684
3499648
3501403
3500928
3500271
3499831
3501362
3499468
3501739
3500708
3501523
3501722
3498340
3499533
3499418
3499445
3498470
3499347
3501462
3501208
3498521
3498517
3500184
3499388
3501506
3501240
3501331
3499160
3500450
3499896
3498078
3499049
3500086
3499408
3501042
3500360
3501225
3500897
3499387
3499838
3500559
3499600
3502402
3499825
3499020
3500292
3500259
3501827
3498753
3501098
3498496
3499587
3499854
3499719
3501772
3502489
3501013
3500652
3498805
3499210
3499394
3500742
3500800
3500337
3501575
3501201
3500106
3501683
3502120
3501940
3500967
3498873
3500852
3500431
3499295
3500627
3499080
3500903
3502317
3502611
3499397
3498100
3500239
3499401
3502047
3499031
3499141
3500057
3498972
3497951
3498900
3499837
3499067
3500404
3499427
3499842
3501563
3499731
3500060
3500248
3500528
3499211
3498983
3498205
3501890
3498591
3501677
3498949
3501814
3499430
3497688
3501436
3500203
3501733
3500879
3502165
3501317
3500255
3499567
3498480
3498082
3500000
3499296
3499131
3499135
3500767
3499517
3500686
3500788
3502722
3500396
3500114
3500771
3500120
3501675
3501367
3499674
3499781
3500101
3499154
3501019
3500156
3501177
3499251
3499798
3501181
3500286
3500885
3502143
3502031
3500531
3500307
3500748
3499280
3501815
3501394
3498394
3501196
3500098
3501583
3498124
3498912
3502136
3498746
3500078
3499636
3498608
3500401
3499322
3499623
3499437
3501354
3499209
3499248
3499183
3500940
3499069
3499680
3500660
3499178
3500576
3500597
3497390
3500731
3499856
3498878
3501423
3498469
3500982
3500449
3501141
3500763
3499554
3500737
3500678
3499415
3499604
3499672
3500125
3500849
3498697
3501315
3499420
3498444
3499273
3499834
3499155
3502305
3499807
3501482
3501188
3499025
3498052
3501347
3498421
3497865
3500033
3500240
3500135
3500786
3500734
3500497
3497760
3501152
3499541
3500683
3501847
3499718
3500295
3498194
3499649
3500153
3500622
3503190
3498928
3500808
3498508
3497914
3499942
3500534
3500454
3500215
3499749
3499694
3499435
3499346
3502300
3499249
3499934
3499540
3500944
3500372
3499534
3500207
3500349
3500003
3499789
3499833
3501989
3502071
3501266
3500458
3499840
3500145
3502234
3499725
3500074
3500444
3500582
3501254
3501051
3499470
3501894
3498561
3499577
3501142
3499646
3501430
3499333
3503016
3501475
3503539
3500654
3497300
3501180
3499898
3502592
3500552
3498973
3501122
3499822
3498891
3497903
3501861
3498664
3500382
3500957
3498676
3501246
3499384
3501271
3499991
3498604
3500442
3499620
3500370
3501993
3501096
3500050
3500757
3501703
3499001
3499573
3499074
3499256
3499495
3501066
3501332
3500402
3499932
3498691
3500992
3500864
3500267
3499593
3498999
3500794
3500480
3499161
3497960
3500289
3499881
3500639
3501932
3500331
3500584
3499597
3501636
3500059
3500191
3499043
3500263
3499399
3500472
3500247
3500868
3497109
3498393
3501926
3498475
3499745
3500848
3500214
3501031
3499945
3500118
3499631
3500197
3501068
3499503
3500625
3501770
3501777
3501640
3500288
3500753
3500565
3500230
3501630
3500648
3500519
3499138
3499859
3500983
3502229
3499454
3500558
3500095
3500477
3497592
3501300
3501584
3500925
3500905
3497956
3499676
3500294
3499274
3498967
3501908
3500979
3497602
3500984
3500416
3502694
3501603
3498844
3499306
3499176
3499524
3498445
3499448
3500710
3501413
3501194
3501499
3499068
3500647
3501509
3499981
3498908
3498602
3497661
3497687
3497626
3498784
3500713
3500904
3500874
3501044
3498838
3499627
3501839
3498910
3500374
3500676
3499741
3498915
3500007
3500521
3498123
3502919
3499670
3501742
3498981
3499203
3499664
3498841
3501473
3500575
3499704
3499267
3498836
3499619
3500610
3501059
3501900
3501712
3499651
3499821
3499022
3499845
3499252
3499298
3498297
3500126
3499505
3498997
3499460
3501443
3500736
3499492
3502318
3500162
3498774
3501676
3501103
3498868
3499849
3501441
3499152
3500142
3500062
3498674
3500594
3498570
3500274
3497748
3501590
3500811
3501003
3499206
3499634
3500210
3499883
3498872
3498300
3500024
3499365
3499673
3501800
3502610
3499539
3501389
3499004
3499743
3498775
3502032
3498375
3498860
3498846
3500900
3498455
3498909
3501212
3499066
3499770
3499617
3500515
3501843
3501114
3498251
3500632
3499192
3497893
3501217
3499350
3498579
3500109
3499502
3500365
3499797
3498876
3499002
3498167
3498012
3500673
3499121
3498484
3500538
3498966
3498048
3501336
3500110
3501063
3500052
3498795
3500785
3500209
3499003
3499908
3499985
3499341
3499479
3499544
3498490
3497552
3499518
3498031
3500237
3501250
3499823
3499758
3500315
3498239
3499954
3499528
3501838
3499753
3500332
3501667
3501624
3498486
3500232
3501018
3501872
3501402
3499033
3499762
3501490
3500051
3500046
3500091
3500399
3502190
3498688
3501144
3501606
3498905
3500644
3501287
3501515
3501572
3498234
3499843
3499059
3500460
3500406
3498081
3501329
3499275
3499434
3502069
3498592
3500081
3498919
3498856
3501243
3501064
3501588
3500094
3498982
3500772
3500677
3500301
3501961
3498547
3501093
3500508
3502551
3500514
3500560
3498356
3500601
3499327
3497669
3497692
3501409
3498757
3498817
3498641
3498006
3498348
3500183
3498588
3498957
3500964
3502132
3498380
3499110
3500600
3500769
3499496
3498464
3499603
3499455
3501906
3499830
3499246
3501036
3502423
3499580
3500765
3500681
3501968
3498581
3499007
3497886
3501842
3499315
3501604
3501236
3500577
3500077
3499118
3500588
3500726
3499661
3500968
3501085
3500330
3500300
3498097
3499671
3499611
3500505
3500235
3500473
3501721
3500341
3500527
3499575
3502167
3501010
3499285
3499463
3500467
3501614
3502383
3499356
3502228
3499190
3501379
3500296
3498701
3498331
3499079
3499041
3499780
3499659
3500039
3498861
3499223
3497319
3502021
3501432
3497290
3501334
3498274
3499521
3500202
3500147
3499665
3497471
3500585
3500344
3496357
3502168
3502048
3499304
3501401
3500999
3499106
3499784
3500380
3498733
3497408
3498819
3500607
3498902
3500626
3499423
3498747
3499444
3500966
3498636
3499974
3500846
3497579
3501357
3499149
3499073
3499922
3498125
3500333
3499413
3501479
3501005
3500544
3499382
3501869
3501160
3500170
3499395
3499628
3499008
3501076
3502236
3501581
3498687
3498833
3500806
3501717
3498466
3502998
3499431
3500356
3502361
3499380
3499400
3499188
3501783
3498673
3499538
3498513
3498755
3501023
3501830
3499016
3501511
3500103
3499216
3500755
3498465
3499392
3499464
3500825
3499266
3499335
3497799
3500366
3497547
3499343
3501707
3500823
3498962
3498105
3498933
3501046
3499920
3499113
3499201
3499072
3499669
3502630
3498993
3500750
3501974
3500888
3500810
3501155
3499452
3499504
3501262
3499977
3501344
3500802
3498227
3499024
3500246
3502049
3502175
3498446
3500455
3498626
3499868
3499355
3500826
3499166
3500418
3500919
3500557
3501873
3499879
3500226
3501743
3498007
3501700
3499070
3499701
3499726
3500775
3500067
3499162
3501487
3498549
3501345
3498770
3499687
3501038
3499386
3499705
3500666
3499552
3498329
3497998
3498762
3500436
3501113
3500181
3500961
3497667
3499565
3502130
3498616
3500709
3500158
3500994
3498922
3500355
3499259
3498961
3500242
3498409
3499425
3499352
3498984
3499562
3499207
3499375
3500920
3501605
3498745
3498231
3500034
3502209
3501020
3501735
3499754
3501101
3498645
3501684
3501771
3501369
3502336
3500378
3500843
3500913
3498800
3500348
3500186
3498614
3501729
3499095
3497835
3499625
3498625
3501694
3499772
3500217
3503149
3503194
3500176
3498951
3500134
3499316
3500385
3498732
3499102
3499961
3501730
3500751
3501654
3499402
3497628
3501378
3499268
3500006
3500362
3497654
3498468
3498818
3500194
3500498
3500100
3501071
3500489
3499071
3501562
3497394
3499449
3498223
3501277
3498361
3500225
3498585
3501714
3499568
3502065
3500481
3501164
3500452
3498238
3501530
3500555
3498799
3499791
3498332
3501728
3501864
3501858
3497261
3501197
3501803
3501758
3501650
3498944
3499111
3501100
3501493
3501227
3500453
3499373
3499955
3501221
3498477
3499428
3499215
3502012
3497539
3502613
3498574
3500762
3501710
3497751
3498965
3501747
3501366
3499863
3499281
3499037
3499804
3502433
3498842
3500335
3497830
3501468
3500717
3500312
3499143
3500661
3501319
3502944
3499858
3498630
3500945
3500579
3500500
3501097
3499158
3498743
3499801
3501350
3499419
3500805
3498578
3499258
3499824
3501138
3499269
3499265
3498955
3501353
3499810
3499351
3500072
3500571
3497876
3499219
3500071
3500363
3498837
3499236
3498714
3502754
3499727
3499895
3498925
3502057
3498094
3499349
3499407
3501541
3500857
3501431
3497649
3499208
3499345
3500192
3499097
3498621
3502479
3501390
3498467
3501484
3503268
3501356
3500491
3498739
3500015
3501447
3498815
3502186
3497556
3500807
3501061
3499234
3502332
3501312
3500698
3500219
3499366
3500883
3498328
3498353
3498766
3500403
3499724
3498862
3497767
3501189
3500127
3499591
3498352
3499014
3499783
3503180
3499700
3502077
3499087
3498820
3498906
3501812
3500350
3501633
3500801
3500390
3498538
3501985
3498646
3500675
3499803
3502475
3499820
3499738
3499794
3499126
3501274
3500606
3499756
3499921
3501294
3499243
3501784
3499260
3498087
3501025
3501105
3501037
3497545
3500927
3501551
3499169
3497476
3498564
3499153
3499880
3502169
3499218
3498940
3500688
3501867
3500818
3499650
3498707
3498362
3499787
3499170
3500469
3501637
3501094
3500311
3500250
3499056
3497899
3499150
3498735
3498040
3501109
3499062
3500061
3498855
3498216
3499035
3498950
3498558
3501145
3501229
3498009
3501273
3501123
3500290
3497905
3498139
3501982
3502205
3498758
3497754
3499747
3500076
3498554
3498342
3498344
3498452
3497507
3496521
3501734
3500010
3500889
3498813
3500562
3497891
3500926
3500790
3501966
3501896
3501372
3500520
3499537
3499119
3500828
3501451
3501449
3498253
3499559
3500674
3499952
3501790
3498914
3502301
3500881
3499965
3500485
3498772
3499012
3498992
3499855
3501000
3496713
3499044
3501522
3498371
3501007
3501187
3498927
3501326
3498637
3499564
3500324
3501580
3502412
3499994
3501207
3500603
3498460
3499334
3500466
3498397
3498418
3499270
3500128
3500387
3498432
3498045
3500323
3499532
3500482
3497269
3501632
3500419
3500667
3499744
3501104
3499642
3499085
3498791
3500479
3498759
3499283
3502693
3501648
3500116
3500782
3500668
3498423
3501452
3501215
3498650
3501146
3499174
3501577
3500031
3500548
3498623
3500429
3501727
3499578
3496959
3497984
3502101
3501688
3503275
3499417
3502244
3497972
3498719
3499667
3499416
3497044
3500739
3500213
3497708
3499134
3499475
3501292
3498695
3501748
3500839
3497512
3498976
3498748
3498325
3498975
3499958
3498136
3500907
3501118
3500065
3503640
3501960
3498491
3501166
3499422
3500129
3498715
3501015
3497849
3501047
3498315
3499497
3501469
3502133
3499786
3499835
3497867
3501708
3501871
3502419
3500502
3501565
3502764
3501102
3498737
3501439
3501643
3500880
3501343
3499734
3498692
3498458
3500175
3500468
3501286
3498816
3498277
3500185
3500537
3498369
3501368
3501876
3498556
3500978
3501593
3499313
3499240
3497641
3499238
3499221
3500942
3501295
3498713
3498662
3499663
3500422
3500831
3498436
3498670
3501022
3502218
3502328
3499278
3502114
3503148
3500803
3497342
3499872
3501370
3500159
3501151
3497954
3501548
3501442
3501517
3499861
3500817
3500199
3501028
3498104
3497718
3499090
3497684
3498742
3501834
3500321
3501863
3499574
3498417
3501130
3498060
3498483
3500079
3501420
3499730
3501222
3501459
3499028
3498907
3500108
3498727
3500969
3498977
3498634
3500659
3500284
3501341
3502005
3498596
3500393
3499513
3501333
3497682
3499992
3499570
3501200
3499287
3498583
3500834
3497594
3500517
3497588
3499342
3501943
3502239
3499099
3498667
3500989
3498864
3497959
3498678
3497683
3498989
3497770
3501545
3500474
3501084
3498681
3500293
3499450
3501080
3502703
3500525
3500440
3499507
3498935
3498541
3501781
3501554
3499483
3498181
3498103
3500542
3500299
3502568
3501077
3502649
3498382
3501903
3501698
3498420
3501540
3501553
3498991
3499286
3501620
3499523
3500720
3501763
3498638
3498934
3498985
3499193
3500705
3496985
3499907
3500804
3497648
3500664
3501520
3500915
3500602
3500611
3498730
3500314
3500511
3500721
3500799
3499959
3498276
3498527
3498005
3502145
3500556
3499818
3501806
3498622
3498130
3502046
3499947
3501536
3499405
3501752
3501895
3497798
3499226
3500043
3500130
3501533
3500549
3500591
3501209
3500875
3501470
3498120
3498413
3502063
3500878
3501048
3500546
3498096
3501560
3501801
3498968
3497311
3498229
3501711
3499466
3498226
3501456
3499476
3498252
3498435
3499655
3500886
3500457
3502238
3501415
3500924
3499271
3498345
3498839
3502595
3500837
3500950
3497977
3500641
3501161
3499453
3501981
3498744
3498599
3502404
3498145
3499530
3498291
3500935
3501311
3498180
3501768
3500208
3501412
3500465
3501598
3501472
3501973
3501950
3500151
3500002
3500529
3498402
3499372
3498255
3501049
3501239
3498865
3498119
3498287
3500150
3499077
3502092
3500954
3498365
3502382
3500842
3498956
3501655
3497647
3501399
3501918
3499514
3499096
3498146
3500972
3499485
3501279
3500020
3497472
3500783
3502023
3500004
3498399
3499225
3500243
3500773
3501283
3501613
3501081
3500188
3498974
3498198
3500813
3501647
3502572
3500614
3500008
3497533
3499692
3500605
3498562
3501651
3499229
3500649
3500327
3501269
3498192
3498685
3498656
3500952
3501335
3498311
3498703
3499885
3500461
3500368
3502606
3500669
3500727
3501355
3500483
3498195
3501253
3498050
3498756
3502495
3502587
3500948
3501111
3497709
3499151
3501589
3497947
3498290
3501924
3501223
3500996
3500547
3500633
3502131
3500943
3498534
3498338
3500155
3498339
3499411
3500854
3498851
3500277
3499034
3502492
3500266
3500593
3500798
3502497
3498179
3500651
3499516
3500665
3498785
3498114
3501454
3499682
3498721
3499406
3501591
3501880
3499125
3499009
3497777
3499774
3500056
3497969
3500986
3501206
3499808
3498219
3500629
3499157
3498960
3501374
3500180
3497157
3497660
3498309
3501532
3498822
3499853
3502804
3498969
3498374
3501248
3498303
3502000
3498067
3498901
3498835
3498032
3500053
3498765
3499378
3500082
3501795
3501561
3499876
3500518
3498870
3498403
3499871
3498768
3497842
3500941
3498314
3500962
3498451
3501761
3501445
3500680
3501685
3499918
3502421
3497821
3501352
3498552
3500833
3498113
3499213
3497457
3499782
3501855
3502123
3499543
3498706
3501433
3498088
3500397
3499137
3499647
3501810
3498829
3498889
3499778
3498611
3497334
3500947
3501611
3500635
3502083
3499716
3499944
3499108
3499585
3499589
3499398
3499390
3501121
3497092
3499905
3498500
3499557
3501951
3501996
3501841
3499677
3500451
3501204
3498363
3499262
3501275
3501527
3500513
3498122
3501878
3498936
3499145
3502743
3501173
3500939
3501819
3501158
3498978
3498075
3500642
3498317
3499653
3497890
3499385
3500149
3499015
3498528
3501360
3500539
3502010
3501556
3497883
3501483
3498134
3498811
3501674
3499139
3497526
3500122
3498308
3498041
3497603
3499572
3498360
