1500247
1500121
1498625
1500244
1500138
1499600
1498230
1500456
1503790
1499493
1498164
1501036
1500368
1500518
1500463
1498126
1499780
1500069
1500378
1499588
1500792
1499945
1502456
1500573
1499512
1499673
1499608
1500205
1500326
1498540
1500755
1500109
1500312
1500258
1500819
1500436
1499733
1499293
1500718
1499565
1499848
1500631
1500156
1499356
1500711
1498630
1501584
1497335
1499846
1499399
1500473
1499812
1500582
1501179
1500589
1500569
1499704
1499375
1499657
1499715
1498280
1498271
1499115
1500097
1501974
1498940
1498791
1502124
1499847
1500024
1499315
1499572
1500140
1500015
1499060
1501083
1501272
1500357
1499960
1499735
1499506
1499754
1498212
1498532
1499429
1498223
1500090
1499377
1500163
1499931
1498478
1500193
1501002
1500130
1499062
1500628
1498792
1498687
1499036
1500038
1499805
1500553
1498425
1499286
1499150
1500696
1499616
1500979
1500588
1501038
1500074
1501544
1500465
1498933
1498808
1499022
1498605
1500124
1501715
1499461
1500441
1500030
1498936
1500172
1500381
1499870
1498989
1498391
1500624
1500827
1499852
1498843
1500921
1499818
1499971
1499082
1499437
1501063
1498873
1499767
1501092
1498234
1500699
1500802
1498229
1499460
1500673
1498591
1500941
1498096
1499148
1499709
1499968
1500752
1499676
1499459
1499299
1499863
1501135
1498479
1500215
1499680
1501541
1498612
1499660
1499646
1501225
1502259
1499778
1498321
1500301
1499849
1499129
1501521
1499419
1500823
1501248
1499550
1499691
1499071
1500151
1498267
1501037
1502083
1499891
1498823
1499369
1499974
1500210
1501035
1500999
1501257
1499119
1498500
1500498
1499096
1499083
1499218
1500091
1499106
1499516
1501053
1499385
1499834
1500535
1499587
1500406
1500359
1501157
1500382
1499924
1500474
1500402
1499851
1500176
1500282
1502057
1500040
1500422
1500182
1498996
1500209
1501042
1497687
1499318
1498729
1499577
1500174
1500565
1499884
1500019
1498577
1499198
1499451
1501447
1500787
1499020
1500508
1499127
1501068
1498972
1500135
1501099
1501737
1501941
1499696
1500218
1498580
1501175
1501123
1499482
1501990
1499712
1499099
1499132
1499402
1500254
1499187
1499195
1500476
1498493
1500824
1502211
1500379
1501204
1500525
1499995
1498914
1499856
1500804
1500805
1500391
1501758
1499499
1499684
1499319
1500938
1498135
1502315
1500925
1499959
1499750
1499344
1499615
1498999
1500220
1501142
1498714
1500342
1500751
1499789
1499449
1499645
1499122
1499394
1499205
1499265
1496528
1500568
1500487
1500604
1499604
1502416
1499156
1501122
1499640
1497803
1500249
1500492
1498033
1498578
1499666
1498755
1499515
1499547
1499309
1500094
1498207
1501788
1500550
1500687
1498859
1498926
1500350
1499136
1503744
1500947
1501747
1500815
1500320
1499325
1499454
1500178
1498949
1500690
1500287
1499820
1500053
1500083
1500353
1499753
1501746
1500386
1500566
1499558
1498684
1498339
1497934
1500697
1500773
1501441
1499170
1500365
1499972
1500934
1500306
1500160
1498955
1501335
1501164
1499142
1500299
1500241
1498636
1499390
1499626
1501675
1501098
1500642
1498694
1499343
1497746
1499843
1499729
1499757
1499076
1497515
1498114
1498581
1499890
1500392
1498971
1499012
1497885
1497817
1499957
1500071
1500655
1499484
1500036
1501307
1499271
1501495
1499297
1499189
1501128
1501300
1500981
1499919
1499285
1500806
1500120
1499695
1500427
1499496
1499887
1498317
1500117
1500884
1498708
1500260
1500891
1499181
1497754
1498902
1499783
1500279
1501351
1499304
1499084
1499479
1498912
1498746
1500972
1501387
1500791
1501432
1499710
1500542
1498573
1502219
1500608
1499398
1501249
1499895
1500131
1501074
1499570
1499222
1500295
1498915
1498868
1498529
1499737
1500785
1499316
1500271
1501303
1499986
1500064
1499776
1500622
1500756
1500435
1497535
1499601
1499744
1500903
1500250
1497861
1501062
1499330
1500404
1497917
1499955
1499811
1500014
1499839
1500722
1499756
1500734
1499975
1500373
1500527
1500539
1499769
1501330
1501046
1500200
1497768
1500975
1500372
1498255
1500912
1501126
1501538
1499155
1499188
1500048
1496912
1499095
1501561
1498216
1499575
1497962
1500648
1499632
1500043
1501360
1500764
1498219
1500514
1502006
1498696
1500318
1500396
1499552
1498748
1500499
1499108
1500939
1499734
1500118
1498942
1499554
1497894
1501358
1499904
1498979
1499349
1499998
1498563
1502115
1499340
1499468
1498665
1498812
1501385
1498815
1501508
1498036
1500080
1502593
1500286
1500104
1500129
1498689
1501148
1499382
1500811
1499345
1500689
1498963
1499412
1500065
1499837
1500304
1500935
1499951
1500643
1499410
1499105
1500103
1499568
1502237
1499397
1499857
1500334
1499872
1497529
1501111
1500658
1500754
1500678
1500016
1498528
1501338
1500501
1500942
1500159
1498762
1500915
1501455
1501345
1501110
1500270
1499751
1500781
1499828
1500051
1499845
1499742
1499098
1500513
1498571
1499719
1499663
1499168
1501151
1498752
1500534
1499301
1499826
1499428
1499480
1497837
1500319
1499788
1497984
1499639
1500812
1501929
1499530
1501620
1498328
1500561
1501859
1499810
1500490
1499966
1502042
1501368
1498669
1500348
1502198
1500362
1498954
1499678
1499005
1501466
1502727
1501284
1500166
1501462
1501506
1499183
1499179
1500329
1498545
1499739
1501424
1500003
1499760
1500489
1501612
1500656
1500708
1499465
1500262
1498773
1500185
1500883
1499213
1499674
1498197
1499692
1499603
1499926
1500363
1499605
1500771
1500592
1500171
1499562
1499791
1500510
1499138
1500957
1499386
1499544
1498370
1500729
1500838
1499423
1501579
1501058
1499718
1499985
1498432
1499806
1500191
1499121
1500092
1498351
1499762
1498146
1499028
1500556
1501061
1500231
1501146
1500834
1500614
1500018
1499961
1500704
1500753
1500744
1501203
1500281
1499370
1500050
1503062
1501503
1501294
1500714
1499638
1500991
1498923
1499850
1499901
1502810
1498308
1500217
1499522
1499771
1499448
1500031
1500098
1499886
1499225
1500228
1499475
1500460
1498062
1500272
1501163
1500954
1500179
1499634
1500748
1500760
1499043
1501000
1500061
1500626
1500672
1499964
1499877
1499090
1500861
1500886
1500548
1498530
1501059
1500686
1500242
1499270
1499534
1500219
1502286
1500349
1499644
1499338
1497530
1500503
1503400
1501865
1500759
1502610
1499109
1499032
1500855
1501124
1499438
1500154
1500719
1500429
1500268
1499738
1499978
1502345
1499667
1501468
1499612
1499555
1499569
1501648
1499058
1499350
1502351
1498932
1500871
1501102
1500479
1500093
1502167
1500445
1499435
1500866
1499146
1499443
1499801
1500897
1501871
1499800
1501531
1501217
1498127
1499093
1499260
1500616
1500881
1500750
1497089
1498896
1499592
1500340
1499745
1501713
1499288
1500502
1499424
1500982
1501754
1500134
1501013
1500484
1501473
1499556
1500936
1499000
1500099
1499563
1499104
1500723
1499057
1498889
1498992
1500085
1501069
1500045
1498536
1499284
1498434
1499278
1498149
1500766
1499596
1499152
1501213
1498389
1498793
1500269
1500446
1500086
1500963
1500425
1499841
1498590
1500341
1500321
1501440
1501848
1500970
1500677
1496902
1500267
1498283
1499816
1498794
1499994
1498596
1498450
1499268
1499589
1498848
1499210
1498953
1498870
1498706
1499033
1500325
1499216
1501097
1499495
1499295
1500433
1500985
1500783
1500409
1501924
1501293
1499665
1499408
1499633
1499107
1499367
1498861
1501158
1500046
1501724
1499414
1498364
1500874
1498693
1500758
1498169
1500799
1499725
1500826
1501021
1500106
1500158
1499988
1498855
1501007
1499527
1498554
1500495
1499008
1501637
1499591
1499686
1499056
1500057
1498844
1501934
1498332
1501243
1501753
1499393
1499833
1501229
1499664
1500845
1497670
1501136
1498849
1501662
1500796
1500305
1500507
1499662
1500654
1500779
1499247
1499425
1500545
1500028
1501678
1502178
1499907
1499477
1498763
1499576
1499535
1501090
1502187
1500374
1498734
1501415
1498903
1499671
1501113
1498885
1500966
1500528
1499584
1500164
1498919
1501950
1501231
1501186
1501695
1500659
1501756
1500248
1497770
1498026
1499689
1499990
1501190
1497849
1498546
1499126
1501392
1500082
1497677
1499779
1501391
1500645
1499450
1500275
1501169
1501361
1500932
1499207
1500276
1498631
1498966
1499523
1501209
1502647
1500125
1498709
1500280
1497522
1499533
1500810
1499723
1501054
1499362
1501087
1500691
1500000
1501606
1500632
1501015
1501115
1499184
1501219
1498797
1498647
1499259
1500580
1498925
1500601
1500867
1500983
1498438
1499300
1500127
1500674
1499234
1501166
1500336
1500122
1501094
1501472
1500317
1498160
1498671
1502576
1498584
1498539
1499599
1501256
1498405
1501478
1500078
1500863
1497838
1498637
1499621
1499149
1501840
1499280
1499916
1500877
1499143
1498836
1498841
1499567
1500693
1502424
1498916
1501431
1502205
1500300
1500229
1499770
1499050
1498251
1499092
1497981
1499190
1500555
1498935
1499875
1501205
1502585
1498678
1501019
1499908
1497469
1501008
1502367
1501414
1499404
1499838
1500383
1499539
1498897
1497446
1499387
1501174
1500313
1501807
1499483
1499011
1499166
1500173
1500610
1499405
1499118
1497078
1500044
1500837
1499519
1500738
1500818
1500620
1500370
1500197
1499365
1500646
1498264
1499348
1500023
1500157
1500705
1501374
1500033
1500434
1498353
1500832
1500042
1498200
1500995
1500715
1500774
1498809
1500380
1498416
1500870
1500203
1499879
1500150
1499332
1500343
1500765
1499690
1499006
1500623
1498820
1498720
1500953
1500962
1499758
1499314
1500496
1500198
1500477
1501824
1498853
1500712
1499835
1500544
1501039
1500780
1501012
1498911
1498772
1501633
1501480
1499498
1501227
1501605
1501423
1500355
1499670
1500902
1499281
1499275
1500776
1499313
1502085
1500155
1500096
1502068
1498701
1498817
1499804
1499239
1499194
1500665
1501767
1498784
1500946
1498257
1499303
1500908
1500055
1498931
1498756
1500763
1501519
1499217
1500937
1499613
1499174
1499236
1500745
1500467
1500735
1501133
1501237
1501444
1500351
1500809
1501232
1501120
1500835
1500906
1501757
1500315
1499962
1500136
1500852
1502170
1500056
1500423
1502218
1500911
1501401
1500297
1500730
1498921
1499925
1501885
1499052
1502986
1500216
1499101
1498512
1499139
1500926
1500390
1500010
1500243
1498666
1498629
1498740
1500188
1497765
1499543
1500500
1500236
1500516
1500899
1500768
1500668
1500956
1501052
1497614
1498642
1499273
1500794
1500119
1499263
1498969
1501073
1499114
1500388
1497843
1498376
1500232
1500165
1498598
1499433
1500110
1502777
1499553
1499967
1500940
1500788
1499958
1500536
1501034
1501070
1498986
1501687
1499331
1500559
1497794
1499233
1499720
1499415
1499112
1501779
1498981
1498369
1500026
1499832
1498151
1499368
1500076
1500990
1499147
1499537
1499647
1501100
1498890
1499939
1499510
1498585
1499469
1500237
1497649
1498991
1500278
1500657
1497825
1500988
1498418
1500653
1498600
1499507
1499731
1500400
1501651
1501271
1498513
1500875
1499989
1500633
1502307
1501627
1499898
1498997
1498449
1501691
1499736
1499619
1498050
1498785
1498481
1499185
1500968
1501320
1498453
1498615
1501442
1500720
1500102
1500314
1499821
1502447
1500462
1498617
1501143
1498031
1500547
1500651
1499358
1501698
1498318
1501446
1500032
1501167
1499176
1502428
1500519
1501328
1500679
1500606
1502043
1499249
1500577
1498840
1499492
1500530
1501240
1500949
1497643
1499844
1499922
1498822
1499376
1503335
1498248
1502046
1501153
1499973
1499252
1499251
1497759
1498824
1499125
1500034
1496659
1499912
1499418
1499641
1498757
1500587
1498649
1499264
1500831
1498568
1500020
1500853
1499067
1498557
1500058
1499836
1497870
1500144
1499996
1498043
1498806
1501295
1498360
1500478
1498192
1500840
1501408
1498985
1498789
1501649
1498964
1499241
1499701
1500328
1500726
1498349
1498884
1500945
1500727
1498268
1499352
1500830
1499411
1499798
1500288
1499694
1499422
1502209
1498976
1500930
1499991
1498616
1499823
1499167
1499979
1501292
1499752
1500184
1500021
1500222
1499159
1499755
1500506
1499902
1501006
1499290
1500523
1499866
1500595
1501159
1500928
1500346
1499703
1500265
1499524
1500578
1499520
1500778
1499396
1499609
1498913
1499016
1500011
1501413
1498910
1500737
1501028
1499702
1498433
1498424
1499031
1499206
1499042
1499151
1501598
1499004
1498188
1500284
1501718
1499865
1500583
1499392
1498582
1500327
1501247
1500575
1500637
1499819
1500890
1500859
1500227
1498907
1499929
1501868
1500111
1499878
1502343
1501838
1501543
1501147
1499269
1498362
1502580
1499302
1499943
1501296
1499595
1500419
1500649
1499594
1501430
1502150
1497719
1499027
1499952
1501268
1499514
1497365
1500167
1499854
1499606
1499602
1499697
1499627
1500795
1498900
1500072
1500403
1499906
1500961
1499940
1501659
1499630
1501409
1497145
1500335
1499250
1501025
1498863
1499976
1500951
1503491
1501193
1498544
1500407
1499785
1499796
1501265
1497909
1498721
1500352
1500680
1501018
1501078
1501132
1499997
1499721
1498680
1500296
1499501
1498874
1499892
1499248
1499573
1500666
1499917
1499045
1499932
1499486
1498980
1498892
1499659
1500847
1500619
1498458
1501357
1498744
1498128
1499688
1499829
1499883
1499635
1501323
1502238
1500201
1499585
1498627
1500081
1498790
1501156
1500087
1499335
1500865
1500395
1500647
1499458
1502546
1500888
1500739
1500872
1498904
1500212
1499809
1501266
1499235
1497906
1497356
1499859
1501233
1500596
1501308
1498406
1500012
1500923
1499934
1501857
1498381
1499432
1500563
1499474
1500584
1502063
1500767
1502947
1499864
1501093
1501379
1501748
1497952
1500432
1499224
1499283
1499212
1499546
1498421
1498858
1500311
1500814
1498441
1499337
1501255
1500980
1501609
1498245
1500449
1500597
1500088
1501238
1499193
1500833
1498120
1499947
1499214
1498541
1500376
1498847
1501435
1499354
1498743
1500701
1500029
1501806
1501298
1501329
1500576
1500841
1499629
1498072
1499862
1500521
1499351
1500916
1501791
1498138
1500008
1501909
1498117
1500108
1498583
1500635
1501194
1498510
1500234
1498047
1500494
1500965
1502806
1502696
1500206
1501171
1499944
1499427
1498520
1498968
1501005
1498054
1501081
1499928
1499980
1499470
1501253
1499395
1498408
1501239
1500399
1500100
1500440
1500816
1501071
1500152
1500128
1501755
1498575
1500893
1502414
1498494
1496496
1498657
1500204
1502980
1500681
1498550
1499444
1500077
1500757
1499467
1500013
1501380
1499153
1500183
1499312
1498827
1499984
1501993
1500927
1500364
1497465
1501979
1498516
1501798
1500572
1499781
1501315
1499133
1500233
1499597
1499946
1498058
1500793
1499622
1499842
1499277
1501176
1498645
1500213
1498664
1501981
1500417
1501668
1500442
1500741
1498380
1501049
1497958
1501406
1499903
1497781
1499824
1498662
1498614
1498856
1499969
1498357
1500579
1499160
1501452
1501493
1501744
1500075
1500339
1502459
1499086
1501215
1501310
1498549
1500066
1500996
1499517
1499529
1500290
1499200
1500123
1499463
1498643
1498118
1497313
1501088
1499361
1497878
1499117
1499759
1498041
1501602
1500114
1500960
1499941
1500992
1500385
1497740
1498676
1500410
1501693
1500006
1501301
1499242
1498621
1498486
1499135
1499262
1500822
1501751
1501417
1500415
1499794
1498672
1498292
1500246
1498499
1499977
1498064
1498552
1501619
1500684
1500505
1501389
1499204
1499953
1500716
1498343
1501055
1499446
1502174
1499310
1500177
1499485
1501676
1500221
1502135
1498947
1498179
1500671
1502392
1499822
1502636
1498593
1500876
1500089
1501299
1501721
1500615
1500777
1500358
1498811
1501065
1500820
1502009
1497859
1499389
1500839
1498652
1501064
1500721
1501026
1497937
1501635
1500261
1501112
1499074
1502038
1501923
1499490
1497989
1501403
1501514
1498679
1499687
1499873
1499509
1498562
1499623
1500175
1499267
1502357
1499131
1498895
1499648
1498115
1498154
1501344
1500202
1501449
1499065
1500161
1501075
1501818
1499705
1499938
1498233
1499502
1500594
1500562
1501318
1501552
1498236
1499732
1499007
1501708
1500728
1501134
1498977
1500599
1500613
1498632
1501910
1499289
1500497
1501434
1500369
1501206
1500538
1498551
1501326
1498293
1499165
1501451
1501258
1499041
1500627
1498570
1502605
1498622
1498468
1501482
1501010
1498055
1499317
1500316
1499830
1499009
1501426
1497972
1499088
1501439
1500828
1499813
1499775
1499513
1501869
1498566
1498715
1500858
1501119
1501353
1497462
1500717
1498956
1502483
1498938
1500253
1499029
1498158
1499024
1501395
1501149
1497404
1497806
1500895
1501980
1499717
1500762
1499329
1499072
1498952
1499987
1498943
1499075
1501628
1498726
1500430
1500581
1499227
1500709
1498275
1499913
1498641
1500384
1501114
1499407
1500428
1499921
1497617
1498961
1500004
1499942
1499814
1499256
1500116
1500291
1498995
1497954
1500541
1501280
1497911
1499802
1501297
1500471
1500277
1500347
1498469
1499965
1501306
1501469
1500308
1498521
1501738
1500257
1500148
1500367
1500857
1502311
1502217
1500944
1501484
1500636
1498504
1499023
1499774
1500333
1500113
1500733
1498777
1500251
1500146
1500168
1500226
1501896
1502120
1501108
1500998
1500283
1499784
1498768
1499869
1500141
1498725
1498799
1501553
1499574
1498766
1499381
1498719
1499266
1499202
1497933
1499417
1498565
