1846080
1759175
2231242
2538119
1365188
214189
1985963
2990950
1990510
648527
2347046
2482538
1454437
1025015
2087114
1952128
1189786
1131813
899946
289195
2949573
2624493
2002766
2136346
1461851
2069686
1556458
996105
94280
912517
1955745
114106
343294
349548
1778648
2152836
965080
1054095
2578846
1932904
2797707
2204843
2934445
1236966
1699300
1199599
2326334
902153
657544
1933377
1553552
866579
1107916
1990556
244801
1790708
1576464
39370
38633
748294
982202
316093
1653842
1274975
298751
1795820
2998170
2843391
1033724
1620228
2508635
1527821
1773803
292037
854445
1959171
137441
871795
1564256
602331
454719
2269894
821517
172946
95803
1280979
1698036
1785103
1247843
1496057
2223266
536388
2251240
965864
2584218
150313
452080
1882081
1413
2446615
1898124
2298377
1899034
199033
2983319
1331603
2018903
913542
94440
1689029
510653
2483149
829655
1284300
2289936
2278311
121818
2825975
245835
29808
1578915
1763217
2095763
2174474
2641966
471631
1668013
1575578
1611497
1307815
469608
2225816
1413687
668691
2644360
90751
2354595
2967829
722526
911650
1496692
717020
1885065
210639
2811018
1639948
1995798
711046
382180
2523705
126228
2535768
2879189
125790
529608
1119304
2934047
2699549
791046
2470064
682268
307909
2491606
447828
1302812
1732349
1749807
2473456
2525819
210124
347410
1167080
2920547
2992550
1959080
1491277
2635862
529181
369604
1251931
1290193
1993781
1244690
1952502
2183278
1693189
143120
1930948
174903
161899
568935
2480270
246913
596595
2881917
889861
1194889
2796130
614080
205437
524488
1606834
1576590
2768925
263384
2548940
2795529
2982733
1542356
1542616
1317122
2917455
688060
1030848
202527
587666
2401861
1283535
228528
37493
1708771
779388
774165
905418
1438578
596800
1716856
259815
2968582
1434145
2015929
1734483
1194724
2319702
332952
2679480
1857899
2258524
1958271
1841851
1998741
1653386
2087086
2761052
2089086
1584713
159093
1380439
1943625
975189
1808924
2658826
811329
843669
226199
469307
113872
291189
2981238
2213624
1387876
1977162
1596112
537741
716952
202626
2218790
2517792
1454133
2006314
2070122
807459
2914775
1987449
2653634
821826
2974663
1460769
596117
1693918
676658
1824634
1510170
293645
1250009
2481897
667005
851747
1306155
832767
1316654
448927
244353
346034
1855251
588872
893479
1090231
1417247
1565662
2100905
1433164
1224386
2677626
2585221
114282
866247
2596027
174361
1809456
664275
1692469
2246269
778061
2219681
138266
2189605
2728597
781290
2280675
480790
1335732
1988214
2755339
2503652
191860
331719
1336692
2605692
2000052
1827017
918311
2566086
1443170
1528128
645234
2670628
2107634
2114087
1541368
2102098
1045798
1771610
156724
2420573
1877988
2574119
214322
1483328
2809305
2227393
168736
739939
2670863
457833
992721
551105
569193
861286
1087020
214138
1806138
457967
2766294
2255049
154436
2730784
2017782
863117
2578053
2870862
2755270
1767784
1008622
1889282
1693765
1073190
1171190
314009
358731
2111803
2282761
1791469
2462005
966179
729610
265350
1536555
2973154
1360315
1073567
1053200
1888853
1661070
1528478
1847364
1008880
1089367
210151
2060738
1007572
2790486
2110036
922997
944814
455575
1902641
2428462
1067742
2665704
1240096
2509924
14930
328736
144370
2853182
2447835
712798
1660595
1892432
1742174
920642
542227
1957936
2214968
2868188
1472847
2267441
2530868
2852256
2035120
1993543
1704943
2593308
2171446
2291882
2707830
2058266
2862265
215142
1967096
59760
2819759
216863
1237257
34827
330512
2200597
1305826
2412025
1097409
2278626
962723
2902132
2118062
2724212
1014864
2521233
78633
1806008
480139
621463
1365330
219495
41078
2674410
1569992
937286
226579
2219313
886468
233277
442137
672175
2513747
663373
928271
1178620
384629
941797
2250577
292116
176582
2709007
2198113
1291704
1209551
684554
543029
1764511
416493
1962780
2229213
1794159
1418988
3303
1238139
859275
2906496
2545031
237641
1932733
2399903
1793586
1617329
8022
2106045
1607607
664476
465697
150260
42079
2772467
2299958
2136324
1791349
1928557
1326249
2095546
1293134
2939467
489947
764031
951700
1884490
868247
2404356
1996571
1288167
381972
2314429
2747863
2409910
96307
727443
619471
2570392
1314352
498835
2521423
1927043
405667
1805644
2484924
2458790
403136
2660880
973862
1433542
144792
415298
2780332
229071
2976037
2260651
523156
872399
1572679
2858979
1679965
409686
1995408
1170723
1168619
2579170
810541
2920428
289738
101914
1042854
841929
2283384
2964158
2959952
2774279
1121479
1616700
2517691
1382557
694909
173295
1698151
2933448
2161664
762249
1452178
1588475
2615343
709308
1827970
1913848
2459662
55132
2052887
2705615
459260
2554217
2153515
759683
2474425
2681309
1732166
1434911
807820
1638531
2611099
251887
1170436
2217467
2573306
1292357
2809143
403913
1490165
607064
2024552
2370340
2789091
577370
1566214
2829829
2396343
2994746
1774242
1520841
1912196
2493670
2827367
98487
2325784
859909
2928141
558907
2833603
1055473
376527
1505578
2608925
1176774
842895
2172419
1239034
1492377
1768508
303983
799878
2402286
128533
2908770
624048
1561540
288899
349259
1852170
2914546
2374696
2383248
758569
1516885
1125213
1588799
674946
2970883
2294709
2603647
769311
718255
93859
1342668
35169
1008589
2211200
1576945
1597539
377127
1967515
1455876
1886687
2658201
1686578
1992510
1734455
1769298
530434
698566
1498043
1318747
1817651
2126231
2738106
1779898
1478596
88314
2378466
2516558
2973420
1932141
698815
2713769
1188269
114032
42268
1990059
2638942
204507
1587593
2680239
2973681
2881667
486884
694981
1940214
1712208
1259332
1279231
988475
641877
2195299
2878664
1338211
457975
2095602
562963
800736
2754514
1523741
656624
2463013
79562
2138537
1236792
2346132
2617454
949230
1087982
328456
2700775
2460508
2893280
2945136
1762263
1165796
2219070
673858
655448
135656
916980
1183603
1178228
2949240
494356
143568
2086408
1285166
962744
332450
2553084
1798912
568220
844248
1540769
2205545
1138405
2492394
499976
249370
420942
1851178
2436293
51731
2753842
165938
1907728
107809
1646023
1236312
1516816
910014
2823460
1887758
1883910
2982530
2447145
700109
1824214
320666
2821766
33563
2301535
2685305
2368629
1874318
1607008
2016803
180041
2460184
78331
1551282
765135
1951527
307546
465043
2908988
1704197
965774
2439562
46004
2207877
1818381
1989405
1516008
832579
123591
1635064
190950
242799
1667698
2752115
1352556
318869
553904
506850
447298
2709030
1449699
780122
841611
902765
2721137
430136
2221982
2620711
2186892
1065089
957814
285820
2991196
2765872
1877052
2758224
1400910
1972620
1116554
353628
2467204
2064788
7398
1264337
1039436
1784791
854061
1668041
2545998
135542
1359987
1504053
2200900
200973
1486352
1276663
210920
2625502
641104
348423
1882277
411467
2840444
1456161
1737745
2135323
605081
2370875
1275035
1131711
1278473
2866017
593274
2733635
1755438
1334657
1916251
327421
2637837
2145768
912610
2567165
254190
712129
439925
813364
189421
2808915
431783
1785701
1150605
1403961
2481094
1931105
1880138
1454187
2814792
1643678
2572601
106207
2977387
109504
2079865
344510
1094918
1473007
1353325
1685819
2712584
585892
2166782
2978984
1057280
2286150
644485
2315083
117332
1346149
1096813
2786594
327828
285082
2930539
2431593
540822
1372731
2926070
1908694
2218103
2438658
1962524
1768563
2538825
788270
14051
597626
1047210
938382
186627
688281
1814963
1859306
2386439
838217
1020391
884380
2575319
559668
1304146
2268224
870862
1216354
528490
2323121
320048
2602371
2878853
1786518
143644
285287
397379
2129817
2596726
1256221
896960
1030386
2703710
1723922
2604062
244698
2664577
1598814
947907
581024
1807599
1783801
1315109
681603
1769078
2400880
2389420
549220
2017871
815542
1601185
1882475
61411
2059102
2717338
2745552
9095
183530
2123692
2261640
161318
1458741
950149
404201
716666
1984341
793237
2658889
1284687
449878
2362507
2341457
1616048
153679
1966817
1878395
2002988
2653103
2885521
2457020
2222666
2859678
222193
1899538
1736223
510563
1874065
586189
286078
1626065
2385237
685915
2751852
739551
201431
2216420
716220
1168754
2248239
2277020
787236
1236879
1878219
764683
1900366
2792886
1888387
2327015
2388822
2241184
753025
1633218
2896357
817328
1330248
1623049
1210632
1582734
1517447
1491693
617121
613705
2461087
1777801
138155
884492
2502491
1640107
7053
2223619
1776493
352499
890189
857767
2040987
1704084
1862195
2950380
2491179
2322623
1540361
2777164
1648575
325716
325398
2629515
1920924
946533
803125
339599
629474
2437020
476574
2034007
1480081
1065303
921669
2063442
2462144
1890205
110317
998109
2777677
2229680
1522016
2305347
265840
2803889
345483
2226484
2105817
451595
1245695
268234
2763333
2192053
587056
2184502
27889
625943
2672201
2952152
880091
2155385
1464894
676256
2436786
1391145
2041500
1828460
2902147
2692136
1984964
1838087
2863415
654761
115803
2296860
2368737
2888107
1644687
1082742
2107819
2687406
77232
1404728
940759
2717308
2667426
2554445
509621
2347874
1473106
2356605
2373231
2722892
2689916
1549276
2870040
2532217
1073095
2346386
249350
1087398
2629737
2339632
2164542
1718949
458395
423231
662396
2159301
2661366
262699
1613992
2194698
2787827
2908586
434028
1816069
798964
592187
2894402
917523
1952733
322593
559352
1898568
158968
299766
1058717
2678560
693421
2068885
1483308
2925881
167595
772918
1872796
110611
293257
1050024
867929
1011871
2936261
863230
48757
2544862
2737784
2655531
1387535
2617925
2121171
867646
328582
868494
1013385
16889
278981
262677
1449375
569373
2870621
2736072
560445
1400555
1880739
2048204
1707465
1230088
1021954
1214045
1530020
1067695
320740
2490793
2029748
232436
2325495
2456606
2130929
1390541
1384967
2173440
2397960
2078986
1069602
28073
1542252
1929202
198488
742421
857346
2893333
1862488
2767341
604427
2344192
1693819
912030
64238
2997869
1341492
195081
1547493
1387676
226991
3068
641830
190194
417280
2164819
768000
21597
740722
1501818
1611956
924677
1521427
1440977
2221745
2852969
1156818
1185398
1798754
307845
2974666
2840938
1111998
2465469
604061
1891413
154713
2557084
1577963
411659
2033645
167720
2289491
133641
1035241
2000424
2848209
1850627
2845090
2482798
2585505
2007297
1171722
1646282
1095370
68948
2770668
1908951
1518557
660843
1016504
1941430
1601326
1723316
396439
1227784
596832
2372785
564055
687245
600885
287804
766687
667107
2475600
771488
2142109
163942
1665033
711220
1899861
183169
1280256
1483170
1301507
411842
2102011
132535
1219283
2969269
1316976
394365
1545858
620976
2248942
1747622
539995
250409
1625649
1507765
126056
1633640
195476
2081769
2708512
78636
2783672
2796548
941637
2171092
703367
2072975
2662419
1604566
1862876
73037
1799122
2669005
1418192
2587990
67319
2856709
1540430
154718
301797
2625797
1843345
401770
2958009
577006
159847
1388758
2257432
1721564
952741
2121394
1801155
371581
1701194
2614615
828463
1006293
2182619
1099610
2571676
196094
1660562
1681252
1314621
1626264
1489959
965252
301565
788391
214082
2187422
958948
991281
1951022
1121467
1336426
865536
1530743
2573870
1170403
1235732
62351
2609147
2533647
1122368
1322163
1280234
2980047
585360
72888
730631
2587461
2283420
702859
1234914
727015
1142412
1397930
2504624
1218289
653140
995464
645864
2691161
1059559
2278467
792676
2200360
257243
868328
2535399
497284
1063701
2167773
2768656
1181936
2273435
1527035
722260
793116
414615
1833222
665371
2864232
2299754
2717022
2440513
884016
1222697
2492689
2238173
1646163
1466403
1776236
279872
1804301
928207
116242
2230935
982132
1306492
15976
341241
1402805
811217
173448
878417
570548
2176853
1898400
2824812
2714053
125374
66168
207024
1202552
1461505
288068
2738291
2958840
143695
