4498567
4501249
4501444
4500898
4500281
4499216
4499442
4497656
4499795
4498647
4498134
4500696
4500432
4497934
4500079
4501118
4498210
4499996
4499731
4499393
4500159
4499652
4500040
4500486
4500737
4500916
4499400
4500514
4498575
4500534
4499378
4500382
4500604
4500216
4500774
4499677
4498933
4499824
4501967
4499584
4500485
4500363
4500298
4498935
4499902
4500308
4499581
4499397
4500277
4500611
4500596
4501326
4501279
4501803
4499176
4501467
4500237
4500877
4499840
4498702
4500295
4499078
4500809
4500377
4497095
4499637
4500401
4498715
4500155
4501302
4500972
4501301
4502166
4499682
4499481
4498993
4502167
4498662
4499470
4500229
4500667
4502108
4499253
4499787
4500869
4500415
4498537
4499671
4499052
4499333
4502109
4499046
4501128
4501048
4499273
4501104
4501161
4501114
4500144
4499686
4500875
4499809
4499861
4500564
4500348
4499359
4499624
4499876
4500280
4500045
4500334
4500028
4499963
4498936
4501008
4500053
4500897
4500680
4498273
4500518
4499745
4499300
4499494
4499467
4500475
4500220
4498787
4498720
4499599
4500206
4500186
4499619
4500833
4498676
4498733
4498721
4498980
4500533
4500500
4499811
4501025
4499801
4500371
4498112
4500851
4497900
4500467
4501293
4498414
4500302
4501096
4500915
4500782
4500046
4499192
4499808
4501587
4498365
4500933
4499005
4501226
4499553
4498516
4500198
4502246
4498949
4499121
4499730
4500900
4501295
4500858
4500439
4500399
4499613
4500123
4500643
4502975
4500468
4500320
4501023
4499649
4499294
4500921
4499490
4499620
4498841
4499204
4500751
4500659
4501193
4500358
4498482
4502244
4498919
4501381
4501052
4501374
4499763
4500412
4500464
4499900
4501561
4501035
4502126
4498838
4499729
4499073
4499516
4499265
4498353
4499930
4501071
4498971
4499816
4500347
4499687
4497295
4499324
4499786
4499929
4500099
4501922
4498317
4499924
4499769
4500362
4500065
4500429
4502120
4499988
4500663
4501247
4499428
4500715
4499784
4500511
4500443
4499947
4500630
4499241
4499508
4500057
4496785
4498890
4498148
4501001
4499616
4500120
4501533
4500664
4500243
4499207
4500116
4500929
4499962
4498585
4499248
4500271
4500815
4499185
4500700
4502042
4501098
4500559
4499984
4498654
4501461
4500292
4499956
4500525
4500326
4499980
4498766
4501139
4501368
4501489
4500245
4500018
4500736
4500905
4500444
4499995
4500438
4499187
4500135
4498497
4500577
4501409
4500922
4500652
4499658
4498984
4500242
4500309
4500555
4500544
4501950
4500379
4500645
4499309
4500901
4499874
4500821
4500671
4500872
4498697
4498982
4499894
4501264
4500085
4500107
4500068
4499080
4502111
4499881
4499796
4499605
4501547
4500520
4499944
4500451
4499640
4501185
4499477
4499157
4500484
4500796
4501033
4502569
4499213
4499169
4501337
4499245
4499054
4498614
4500097
4501639
4498921
4499905
4500690
4500075
4500941
4501814
4500650
4500299
4498795
4499337
4499478
4501747
4499748
4498208
4500452
4498940
4501284
4500719
4501692
4499834
4501003
4500260
4499131
4499991
4500773
4500138
4502406
4500189
4499564
4499858
4500188
4499013
4500551
4499238
4501797
4500739
4499868
4499406
4497520
4499699
4500083
4499461
4501105
4498698
4500177
4499901
4500228
4502394
4497963
4499559
4498944
4499702
4501044
4499922
4498882
4499846
4501583
4502661
4499297
4499973
4497721
4501722
4500487
4499094
4499537
4501402
4500578
4499862
4500459
4499503
4499506
4500056
4500261
4499562
4499885
4500328
4501830
4500060
4501907
4500350
4500448
4501116
4498774
4500027
4502710
4499001
4498630
4500127
4499320
4500981
4499882
4500873
4501164
4499266
4501162
4498581
4501553
4500213
4500230
4499495
4500054
4499972
4499371
4499386
4500209
4498997
4501605
4501536
4499895
4501530
4500562
4500902
4501236
4499364
4501864
4500880
4499480
4499380
4500333
4497699
4500581
4499606
4500044
4499712
4499585
4501106
4499326
4499866
4500293
4500091
4499016
4501141
4498167
4500447
4499126
4500919
4501589
4500871
4500657
4499647
4500730
4500067
4503349
4499159
4500115
4500948
4500868
4500215
4499754
4502339
4500590
4501032
4499818
4501038
4501458
4500743
4499971
4499891
4499037
4499961
4497918
4499000
4499670
4500359
4500014
4499896
4500550
4500859
4502301
4499043
4502457
4499933
4499926
4500367
4500911
4499219
4501206
4498779
4502250
4498441
4499175
4500062
4499781
4498474
4497509
4500329
4501518
4497824
4499023
4499177
4499989
4499124
4501205
4499693
4499592
4499676
4499735
4500279
4499738
4499288
4498746
4498825
4499096
4500171
4499229
4499072
4501324
4501607
4499263
4497670
4498390
4500012
4500165
4498607
4500278
4499672
4500687
4498111
4501046
4501220
4500569
4499627
4498545
4501414
4501223
4499550
4500704
4501644
4499789
4499993
4499306
4499114
4499289
4499618
4499092
4499812
4499321
4500335
4498020
4498655
4498617
4500710
4498023
4500679
4499626
4499439
4497969
4500936
4499170
4499147
4498099
4499270
4499319
4501196
4501880
4499394
4500681
4499848
4500513
4499443
4498895
4501178
4500744
4500032
4500156
4500824
4499454
4498780
4499450
4501200
4500008
4499278
4500337
4500234
4498892
4499621
4500137
4499558
4500373
4498624
4499899
4499196
4500325
4499681
4499249
4500545
4499377
4500006
4500134
4499983
4500640
4499298
4501154
4500896
4500654
4500048
4501869
4501576
4500976
4501407
4499327
4498045
4499611
4501838
4500181
4500385
4499002
4500558
4501282
4498536
4500764
4499212
4501450
4500584
4498158
4501077
4500547
4498732
4499596
4499404
4500973
4500734
4499384
4500163
4498481
4500286
4500610
4500023
4500521
4498862
4499999
4499794
4500264
4499701
4501109
4500528
4499314
4500139
4500442
4500214
4499941
4500312
4500051
4501494
4500633
4500357
4500370
4501131
4500947
4500355
4501778
4497430
4500540
4499472
4500575
4500641
4500454
4499709
4500478
4499802
4501436
4498203
4501727
4499165
4498615
4500831
4500607
4499583
4497930
4499430
4499012
4499806
4500920
4498361
4500263
4499600
4499708
4500124
4501007
4499339
4500321
4501040
4499252
4500866
4499287
4499919
4499431
4501687
4499010
4500745
4499888
4500726
4500735
4500400
4500114
4501094
4499869
4499240
4500050
4499542
4498871
4500811
4499376
4499497
4499602
4499760
4500504
4499822
4498053
4501088
4499205
4500404
4500795
4499399
4499097
4500269
4499765
4499742
4500572
4501666
4501260
4498626
4498952
4500852
4500585
4499528
4499631
4499440
4501115
4503219
4500925
4498729
4499940
4501562
4500691
4499650
4498321
4499234
4499138
4499975
4499768
4499332
4499500
4500029
4501312
4498972
4499375
4501897
4498220
4500483
4499367
4497800
4499155
4500095
4498854
4498643
4500967
4501595
4501125
4500070
4499492
4499567
4500539
4501307
4499403
4498722
4499907
4499943
4500000
4498064
4500226
4499804
4499312
4499871
4500192
4499412
4500838
4500160
4500762
4501019
4499311
4499223
4498755
4501335
4500413
4499049
4501757
4500233
4501262
4499325
4499434
4499032
4501272
4499836
4501410
4499573
4500024
4501415
4500527
4499511
4498839
4500360
4500960
4498593
4501505
4499737
4501507
4501248
4501474
4498994
4500526
4499870
4500322
4500225
4501076
4501654
4499423
4498623
4501582
4498859
4499459
4501798
4500702
4500074
4499707
4501241
4498471
4501808
4500167
4500157
4500711
4499173
4501823
4500914
4499387
4499457
4499783
4501825
4499642
4498847
4500566
4498109
4501571
4499318
4500489
4499580
4502160
4500785
4500613
4501448
4500069
4500089
4498102
4499565
4501664
4498988
4498900
4499414
4500090
4499692
4500642
4499292
4498872
4500178
4500330
4500455
4498549
4499873
4499689
4499381
4499813
4501158
4501514
4501447
4499011
4499452
4499604
4500720
4499388
4500741
4498499
4501760
4500673
4498950
4499877
4499448
4498175
4499997
4500332
4498553
4501588
4499541
4498937
4500256
4500043
4499514
4500440
4498485
4499653
4499519
4501855
4500879
4498513
4498035
4500162
4502375
4502086
4501579
4499987
4500409
4500287
4499513
4499904
4499271
4499764
4500683
4501439
4499479
4501244
4499317
4498796
4498282
4501404
4500306
4500618
4500037
4499683
4499260
4499485
4500556
4500986
4499201
4501786
4500499
4499195
4500208
4498991
4498674
4499496
4499741
4499526
4500541
4500625
4500474
4498899
4498713
4499122
4502186
4500579
4500507
4500765
4500341
4500779
4499958
4498303
4499429
4501238
4499684
4500305
4500519
4499703
4499504
4498380
4501411
4499568
4499625
4499918
4499906
4498651
4500646
4497763
4499614
4500923
4502311
4500378
4500722
4499949
4500317
4501858
4499455
4502924
4499959
4502370
4498327
4498560
4499925
4499217
4499158
4503209
4502793
4500756
4500554
4501512
4500627
4501138
4500456
4501469
4500634
4500100
4500251
4500738
4499935
4500073
4499112
4499421
4501398
4500672
4498149
4499369
4500406
4501403
4501351
4499390
4501027
4498945
4498163
4500273
4499227
4500512
4499316
4499129
4499444
4498621
4500848
4500112
4501064
4500126
4498511
4497772
4498310
4498417
4498881
4499790
4502053
4499130
4498771
4499570
4500418
4500749
4500430
4501586
4499051
4499328
4501070
4501217
4499964
4499189
4499179
4501039
4500391
4500238
4501766
4501014
4500678
4500904
4501430
4499415
4501481
4500169
4499743
4499280
4500250
4500101
4502215
4499678
4499304
4499296
4500457
4500110
4499688
4499197
4501194
4499231
4501768
4499079
4499771
4500496
4499782
4500881
4499884
4499143
4498975
4499960
4498403
4500236
4498802
4501170
4498469
4497856
4498742
4499724
4500397
4500502
4501839
4501354
4499295
4498756
4500106
4500252
4501601
4497923
4499411
4499710
4501333
4498835
4498508
4498263
4501030
4499462
4499985
4501334
4502228
4498736
4501190
4497798
4500661
4500591
4498887
4501964
4501111
4499407
4500118
4499826
4501701
4502132
4499193
4499774
4500803
4498889
4500563
4500857
4499468
4499102
4500951
4500381
4501135
4497837
4500780
4498283
4501822
4501689
4500676
4500108
4499560
4500908
4499512
4500338
4500600
4500717
4501124
4499255
4500200
4499646
4502365
4498932
4498668
4499819
4497624
4501305
4498810
4501292
4501199
4500039
4500436
4499093
4500433
4500267
4498803
4498566
4497786
4500927
4499171
4498896
4499967
4500017
4500422
4501086
4497329
4500224
4502514
4499410
4498488
4499166
4499800
4500164
4497960
4500793
4500240
4498829
4501423
4500458
4500049
4502110
4500639
4501446
4500383
4498568
4500594
4499713
4499254
4501183
4498478
4499720
4500146
4499458
4498223
4501283
4498812
4497601
4500560
4500636
4500202
4499148
4501801
4499392
4498618
4499859
4501434
4500810
4501680
4499574
4500066
4501215
4499358
4500185
4498384
4500161
4501406
4499718
4499778
4499792
4500917
4499521
4499446
4502390
4500840
4497517
4499942
4499363
4498877
4499898
4500494
4500994
4499664
4501706
4498885
4499595
4499420
4498946
4499645
4499665
4500589
4500817
4499680
4500706
4501845
4500342
4501018
4500708
4498465
4498337
4502374
4498865
4500030
4501079
4498300
4500219
4500158
4498834
4500047
4502139
4498297
4500190
4499523
4500836
4500462
4500424
4499405
4498958
4500318
4498731
4500244
4499476
4501548
4501346
4500154
4499852
4501438
4500974
4501153
4500465
4501615
4499445
4497129
4500832
4499982
4499533
4499501
4499830
4501080
4500940
4500978
4498596
4499123
4499856
4500635
4500445
4500262
4500945
4498246
4500693
4500170
4498288
4500789
4501036
4499607
4499087
4499178
4498347
4498831
4499352
4499662
4498635
4499465
4499552
4499225
4499582
4498891
4500963
4498308
4500449
4499772
4498744
4500849
4501273
4500324
4498758
4500020
4500996
4499416
4499532
4498673
4500583
4501653
4499756
4498181
4500232
4499843
4499062
4501144
4500605
4501169
4501107
4501143
4500837
4498748
4499766
4501923
4499284
4500081
4500431
4499283
4499855
4498152
4498868
4501935
4502255
4500675
4498587
4500174
4498870
4500865
4502216
4502035
4500033
4498572
4498782
4500662
4500011
4499561
4499524
4499690
4501395
4498897
4502056
4501015
4500217
4500648
4499372
4500989
4499609
4499323
4500104
4497845
4501155
4500670
4501756
4501550
4500426
4500827
4499953
4501300
4499515
4500218
4499064
4500205
4500223
4497906
4500561
4501350
4499141
4500977
4501317
4501894
4501095
4501120
4500421
4500184
4499056
4498962
4498701
4501959
4498858
4500601
4499235
4498467
4501083
4500272
4499279
4499706
4499854
4501090
4499509
4502137
4498814
4499758
4500248
4501663
4500918
4501708
4500222
4500891
4499545
4499887
4500568
4499069
4499186
4499285
4499198
4498648
4501925
4499668
4499977
4500856
4499844
4499549
4498146
4501240
4503316
4499970
4498341
4498557
4499814
4498305
4501093
4500004
4499164
4501627
4500366
4501191
4500631
4500864
4500753
4500235
4499183
4501641
4497965
4500944
4499798
4498864
4499076
4500608
4500015
4500885
4499115
4499575
4499044
4500791
4497984
4501917
4500612
4500682
4499356
4499275
4500747
4500036
4499669
4498953
4501303
4498786
4500461
4500699
4500576
4499663
4500153
4499226
4499305
4500199
4500323
4501310
4501385
4499773
4501031
4499857
4502103
4499417
4500638
4497359
4499373
4498413
4500822
4503145
4500076
4498344
4501002
4499577
4501187
4501174
4499651
4499749
4498941
4501399
4500294
4501168
4499057
4500180
4499715
4501065
4499206
4499389
4501278
4500086
4500862
4497310
4499744
4501721
4498252
4498667
4497881
4498550
4500819
4501694
4498783
4499033
4501657
4499291
4497997
4499661
4501483
4499864
4499916
4499810
4499365
4499441
4500356
4501544
4499368
4499697
4498709
4499151
4500353
4498851
4502725
4499482
4497970
4499753
4501475
4500428
4501270
4501163
4500092
4500787
4501949
4499986
4499230
4500021
4499860
4499889
4499432
4501506
4500343
4497953
4498842
4501319
4500516
4501216
4499239
4498428
4500825
4500247
4499719
4498886
4498863
4497544
4500147
4499343
4499955
4500061
4500997
4499531
4500387
4500548
4499313
4500546
4499014
4499739
4501591
4501073
4498682
4499354
4501117
4498580
4502351
4499951
4499762
4501387
4497819
4498081
4499755
4500724
4501958
4499694
4499879
4499487
4501459
4499850
4500889
4498293
4500571
4500758
4498637
4502371
4498570
4499666
4498811
4499634
4502128
4500340
4497852
4501843
4499362
4498707
4499402
4500524
4500841
4500082
4501509
4497633
4498151
4500694
4499483
4500034
4499917
4498920
4501668
4501372
4501322
4499499
4501137
4498548
4498219
4497951
4497470
4500255
4497404
4501435
4498313
4499752
4499007
4501349
4498056
4501380
4499108
4500529
4499799
4500395
4498400
4500553
4500266
4497622
4500434
4500760
4499353
4501800
4498368
4501674
4501315
4499952
4501527
4498583
4501207
4502356
4498247
4502148
4499617
4501671
4499419
4501379
4499837
4499346
4501608
4500517
4500096
4501356
4500041
4498964
4500876
4500084
4499282
4499540
4500884
4498879
4498251
4499978
4499029
4498773
4502641
4499912
4500725
4500257
4501612
4499815
4499329
4501363
4498824
4498759
4498685
4499267
4499117
4499623
4500386
4500593
4499236
4500098
4500490
4501443
4499722
4498983
4498590
4499088
4499908
4501993
4499027
4500435
4500644
4498052
4500239
4501298
4498521
4500196
4499357
4498711
4498128
4501802
4501268
4496420
4498226
4498174
4502214
4499310
4499920
4499464
4500078
4500757
4499438
4498000
4499034
4499603
4499797
4499576
4501327
4501669
4498043
4501484
4498658
4500022
4500152
4498754
4499736
4501213
4501616
4499520
4498789
4499994
4500620
4500407
4500103
4501479
4502998
4499938
4501543
4501676
4500203
4500863
4497643
4498012
4500477
4499182
4499679
4499463
4497614
4499180
4501299
4501386
4500491
4500603
4501101
4500988
4500396
4501508
4502430
4498407
4500894
4499780
4498718
4500797
4498430
4502045
4498515
4501740
4500542
4500117
4498472
4501360
4498660
4497443
4500246
4500013
4500665
4501151
4499091
4498727
4498190
4499302
4500119
4498168
4500071
4499174
4500503
4499536
4501237
4501942
4499572
4499578
4499530
4497988
4497463
4500816
4498930
4497628
4500313
4499838
4500647
4501809
4499597
4499998
4499878
4497985
4497889
4500523
4501142
4500695
4501392
4502245
4499911
4499160
4500609
4501795
4499156
4500111
4501133
4498906
4501291
4498562
4500172
4501362
4501047
4498348
4499101
4499923
4501515
4497292
4502396
4498880
4500928
4498036
4498189
4500471
4500677
4501274
4501963
4499038
4501539
4498582
4498492
4499473
4498963
4498166
4500958
4498387
4500005
4498981
4501084
4500991
4499293
4501320
4501630
4499167
4499089
4500755
4499188
4501835
4498632
4498743
4500655
4500221
4499047
4501455
4498942
4502066
4500290
4497972
4499535
4500653
4498169
4499946
4497145
4501777
4498577
4500291
4499632
4498204
4498925
4498067
4498493
4500878
4501704
4500531
4500800
4500599
4499451
4498777
4501764
4499133
4499382
4500962
4499785
4499194
4500201
4500402
4499474
4499286
4499633
4501649
4499517
4500423
4499262
4500055
4500187
4499883
4500331
4499146
4499370
4497986
4500955
4500035
4500907
4500142
4500938
4498788
4499728
4501028
4501916
4499510
4502418
4501357
4498608
4498914
4499200
4500010
4499074
4501188
4498502
4499931
4499336
4497942
4500530
4499829
4498415
4500515
4499851
4501261
4500712
4502338
4498979
4498386
4499657
4499385
4497398
4500727
4500697
4499134
4499453
4498259
4500274
4501167
4498912
4502828
4502266
4499750
4498684
4498391
4500249
4498966
4498084
4501978
4502019
4501253
4498901
4502938
4499590
4499026
4500227
4501755
4498033
4499391
4500026
4500472
4498818
4501042
4502196
4498242
4499340
4502376
4500288
4498385
4501287
4501377
4498579
4500801
4499342
4500721
4500307
4500926
4498349
4497416
4499655
4501519
4500895
4502719
4500574
4498939
4501570
4502073
4501062
4499437
4499111
4500740
4500276
4499841
4501184
4500094
4501831
4499058
4499331
4501126
4501110
4501491
4497696
4500823
4501819
4500166
4500372
4500488
4499913
4501391
4499053
4498985
4499705
4499224
4499886
4498826
4497167
4497929
4501056
4499161
4500813
4502238
4500179
4500182
4498080
4499696
4498799
4501629
4498710
4501061
4498995
4500709
4499832
4498498
4499484
4501549
4501486
4498768
4500364
4498765
4500957
4502408
4500617
4499274
4501289
4499125
4500995
4500204
4500629
4497998
4499591
4498046
4499525
4500698
4500388
4500966
4500660
4498196
4500924
4500414
4498753
4498051
4500140
4498331
4502332
4500151
4499586
4500587
4498106
4501511
4498198
4498359
4499939
4501309
4499290
4498398
4498934
4498622
4500303
4498791
4497575
4499974
4500408
4498038
4499191
4501476
4500802
4501696
4501186
4500855
4499803
4499018
4500886
4499914
4500705
4502300
4499776
4501280
4500352
4498462
4500469
4500132
4501232
4501147
4499817
4498740
4501720
4499976
4498848
4500446
4498828
4499656
4500394
4499587
4498769
4501013
4498425
4499233
4498998
4500913
4501632
4498639
4500543
4500042
4499828
4500626
4501318
4498340
4501437
4499433
4501501
4500552
4500893
4499019
4499084
4498830
4499601
4498978
4499734
4498823
4497792
4499475
4497436
4500766
4498741
4499571
4500769
4501891
4498815
4499598
4501426
4500016
4502142
4499534
4498369
4500284
4501242
4501285
4499228
4502062
4500128
4500025
4499232
4500259
4501613
4499937
4498131
4498179
4502314
4499588
4500742
4497870
4501255
4500573
4501554
4499119
4498700
4500953
4501325
4500509
4500427
4500772
4501051
4501620
4502703
4499086
4497719
4498345
4501364
4500870
4499733
4498595
4500130
4498205
4497861
4500129
4499761
4499954
4496668
4501986
4497995
4498266
4500968
4500058
4500038
4501108
4498884
4501965
4501067
4503368
4500952
4500150
4499095
4497790
4501424
4500063
4499732
4499835
4500788
4500776
4501389
4500197
4501934
4500476
4501068
4498666
4498436
4500368
4500481
4498432
4499948
4499349
4500470
4499714
4500102
4498869
4499103
4499957
4500806
4497659
4498970
4500775
4502064
4498491
4497878
4500549
4502294
4498177
4499502
4501211
4499539
4499522
4498819
4499594
4501276
4501212
4498236
4500349
4502184
4499259
4499845
4498569
4501713
4502331
4501361
4499036
4500934
4501157
4500616
4499247
4501149
4502058
4500723
4499644
4499981
4499031
4502178
4498703
4501888
4497574
4501600
4498592
4498195
4501063
4500998
4500463
4501872
4501146
4501673
4497687
4499256
4497968
4499711
4500453
4500888
4498416
4500688
4498404
4498915
4501294
4499543
4501729
4500437
4500282
4500956
4501034
4501082
4498739
4499641
4499338
4499725
4497936
4502481
4497880
4500141
4500283
4501000
4498509
4499184
4501749
4498888
4500632
4500954
4502439
4499675
4499546
4499827
4499486
4499700
4499427
4498767
4500906
4497421
4501021
4498299
4498241
4501631
4501762
4499555
4499345
4500732
4501493
4501422
4500285
4499335
4498695
4500834
4500087
4501225
4500310
4498784
4501069
4499770
4501558
4501771
4499775
4499449
4498918
4498636
4501016
4500619
4498613
4500649
4501296
4500109
4498588
4499847
4503065
4500460
4501369
4500419
4498584
4502424
4502499
4498807
4502252
4499872
4500716
4498752
4498200
4498401
4501761
4501693
4499825
4500942
4500411
4499244
4501214
4500829
4498561
4497401
4499910
4501640
4500624
4501679
4500707
4498977
4500131
4499361
4497607
4501072
4499491
4498873
4501049
4500510
4502234
4500818
4501367
4499020
4498757
4501113
4501355
4501482
4498678
4498611
4499821
4502016
4499149
4499021
4497235
4498170
4502592
4501468
4501918
4502076
4502330
4500854
4498454
4499622
4497214
4498606
4500784
4501006
4501433
4500883
4500805
4501267
4502065
4499466
4500592
4500193
4500125
4499740
4499107
4500887
4501703
4498928
4499127
4497795
4500501
4499934
4499105
4498822
4501166
4500890
4498431
4499507
4498057
4502580
4498706
4501556
4497940
4498902
4499867
4498544
4497927
4500932
4500685
4501707
4501779
4501449
4498968
4501227
4500405
4501495
4501960
4498214
4498540
4502195
4501445
4499330
4501413
4499085
4501140
4502146
4502163
4500899
4499932
4497971
4502521
4497599
4498124
4499659
4498556
4501250
4501462
4499203
4502153
4500615
4500748
4499383
4500088
4499897
4501953
4500009
4501733
4498285
4498048
4502115
4499548
4500345
4501575
4501431
4498992
4500771
4500950
4499915
4500689
4498813
4500597
4501871
4502510
4499557
4497495
4499751
4500212
4498849
4497626
4499075
4502003
4501646
4503358
4499992
4501171
4502410
4499909
4500842
4499648
4500480
4501074
4498194
4498816
4501451
4499805
4500351
4498860
4501150
4499068
4500425
4499120
4499209
4498680
4500768
4499554
4500254
4501281
4498781
4497862
4500241
4499579
4498999
4501812
4499424
4501257
4500826
4502299
4498329
4499153
4498875
4501684
4502075
4500133
4498098
4499341
4499612
4498176
4499366
4498239
4499979
4500253
4502696
4497567
4500145
4498792
4500007
4499426
4499413
4498967
4499040
4499070
4499593
4497847
4501419
4500975
4500993
4499471
4498534
4499350
4499875
4499425
4500790
4501252
4500892
4498857
4502030
4498296
4498280
4500621
4500336
4502231
4498524
4500416
4498510
4498294
4499654
4500606
4502223
4499110
4501510
4498656
4498973
4497222
4499308
4500311
4500703
4502113
4499635
4499272
4501078
4498307
4499418
4500746
4502467
4499660
4500844
4499551
4499132
4498245
4498776
4498421
4499628
4500728
4499456
4501004
4500651
4501156
4498302
4498022
4500637
4499218
4501179
4499246
4500983
4500297
4499258
4500148
4499360
4501265
4498157
4500093
4501660
4500403
4498620
4501775
4500971
4500390
4499090
4500314
4501552
4501181
4497915
4500777
4500376
4499251
4498947
4498555
4499518
4500535
4500666
4502015
4498969
4500001
4501011
4499077
4501609
4502008
4497496
4499639
4501980
4501748
4500532
4502041
4498483
4499966
4501045
4498007
4498708
4501715
4498451
4502476
4501259
4501919
4497826
4496688
4499307
4498290
4499638
4501876
4499965
4499746
4499839
4498058
4499154
4498909
4499315
4499048
4500786
4499721
4499767
4501948
4501397
4499968
4502055
4498362
4500946
4498237
4497888
4498699
4500080
4498724
4500505
4498539
4501371
4498938
4498591
4497821
4499893
4497356
4498845
4501075
4500754
4498130
4498281
4499823
4500380
4501221
4498664
4500270
4501050
4500598
4498723
4499698
4500798
4498522
4501490
4502044
4498381
4501132
4501092
4500143
4499717
4497665
4501100
4501136
4500860
4501996
4498525
4498917
4499113
4498129
4497905
4499322
4499936
4500850
4499950
4499945
4498484
4499757
4501497
4501961
4498751
4498843
4498495
4501585
4501900
4499408
4499042
4498659
4498065
4498286
4499759
4500686
4501529
4498364
4501564
4498955
4501532
4502229
4498463
4501010
4500867
4501005
4500497
4501628
4501020
4501569
4499162
4501517
4497895
4498747
4500258
4498719
4501129
4498494
4497627
4498564
4501026
4501780
4502412
4500759
4501870
4501841
4501997
4502422
4499489
4501041
4499045
4500346
4500522
4499849
4501383
4501645
4498574
4500622
4499716
4501009
4501783
4502364
4498898
4502156
4499104
4499116
4498578
4500361
4502112
4501463
4499281
4498907
4498315
4498772
4501541
4502684
4501089
4499355
4500931
4498762
4498377
4500843
4500031
4501336
4498289
4501405
4501782
4497395
4500839
4502871
4502121
4499344
4499831
4497801
4500441
4499556
4499880
4499211
4501177
4499636
4501794
4501275
4498688
4499214
4499059
4501752
4498961
4499726
4497506
4501520
4499168
4500761
4498309
4498817
4502717
4501408
4501342
4498801
4498487
4496751
4498542
4501258
4501254
4502333
4498957
4498677
4498874
4501899
4498392
4501555
4499569
4501472
4498402
4497427
4502209
4501222
4499351
4498790
4501746
4501340
4498074
4499261
4501573
4501103
4498867
4497947
4500674
4498850
4497938
4498125
4501209
4498760
4497797
4501499
4499303
4501735
4501145
4497485
4498689
4498663
4500019
4498716
4501345
4500392
4501710
4498533
4500992
4499150
4497532
4499566
4499128
4498840
4497705
4498628
4500794
4500296
4499791
4497952
4497343
4499667
4499030
4498778
4500939
4500344
4501081
4498646
4498253
4500176
4500570
4502049
4500389
4498429
4500656
4498800
4501893
4501738
4497391
4501441
4501043
4497706
4498738
4497841
4501197
4499060
4499529
4498132
4498878
4497946
4498535
4499447
4499220
4500064
4497480
4499685
4499890
4501739
4500191
4497846
4502638
4501862
4501724
4500595
4502233
4502074
4501634
4501228
4499615
4498775
4501457
4499820
4500910
4498218
4498334
4499190
4498693
4498526
4497238
4499833
4500183
4502001
4498446
4501480
4500479
4501988
4500804
4502028
4500077
4498846
4498990
4501661
4501087
4499004
4501373
4503425
4500301
4499493
4499066
4497791
4498191
4498433
4501341
4498737
4501937
4503063
4499017
4497268
4501557
4498691
4502119
4503551
4497957
4501542
4500374
4501224
4497814
4502298
4501658
4497367
4498805
4498088
4501420
4498686
4496864
4500580
4501936
4501256
4501744
4501464
4496931
4502061
4501774
4501810
4498118
4499299
4500002
4497163
4498954
4498911
4498370
4501995
4500537
4498230
4500052
4501313
4497808
4499221
4501417
4501578
4499643
4499788
4499003
4498147
4498054
4501339
4499347
4498770
4497623
4497341
4498250
4498489
4499257
4499727
4498461
4501983
4500168
4499135
4498704
4497766
4499082
4498374
4498501
4497277
4498974
4499892
4500393
4498276
4502817
4501643
4500113
4499172
4500136
4501537
4499396
4500602
4498078
4502191
4499673
4499695
4502122
4502129
4499008
4498507
4496950
4498604
4499022
4500493
4499538
4497959
4501425
4500812
4501201
4500814
4500300
4502505
4498926
4500105
4500482
4500506
4500861
4499990
4499544
4499243
4498393
4498291
4501856
4500316
4501314
4501910
4500909
4498298
4500729
4502092
4500949
4499250
4500614
4498473
4497272
4499264
4500750
4500658
4502130
4498371
4501903
4498114
4497855
4498552
4499199
4501929
4503038
4498424
4498458
4499100
4499242
4497765
4500582
4500990
4501487
4500874
4498438
4499865
4502388
4498827
4501440
4502419
4500828
4500770
4499422
4502236
4498040
4501057
4501233
4498238
4498375
4498055
4501574
4498468
4498455
4498197
4498448
4501842
4500961
4499674
4498140
4498650
4499374
4498017
4498265
4502562
4500984
4501677
4501987
4498150
4501642
4497009
4498960
4497515
4503261
4500194
4500965
4501492
4500495
4498076
4501432
4499099
4501503
4501785
4499136
4500384
4501130
4499055
4501700
4501886
4501531
4500628
4500713
4500692
4498333
4499140
4496958
4502281
4499691
4498529
4497511
4499435
4498477
4497630
4502784
4498546
4502151
4501427
4498558
4501328
4502709
4498457
4497853
4499527
4500175
4501498
4498412
4501610
4502545
4501460
4498475
4497653
4498717
4502359
4498705
4498597
4498645
4498730
4501789
4501401
4501017
4498629
4498367
4500417
4498108
4498379
4498519
4501304
4498159
4500369
4499208
4498141
4499050
4498336
4497545
4501560
4501546
4502173
4498278
4500781
4499025
4498409
4502141
4498456
4502582
4501836
4497722
4498696
4501428
4500315
4500565
4501563
4501711
4498453
4501055
4500420
4501592
4501365
4498351
4497522
4502091
4502459
4499301
4501656
4501066
4498183
4502067
4497266
4500845
4498322
4500210
4498185
4502105
4500304
4499395
4502017
4498616
4502260
4499067
4498797
4501330
4497784
4501599
4499629
4498117
4496760
4501984
4500701
4499006
4501134
4502649
4497559
4498086
4501926
4498459
4498082
4500733
4503306
4498232
4498538
4499779
4500767
4501832
4498943
4502382
4499109
4498563
4501097
4500466
4496859
4497620
4502346
4500763
4498479
4498764
4500669
4500410
4501165
4500808
4499903
4497586
4498104
4501875
4499334
4498395
4501189
4501908
4497999
4497012
4501580
4498087
4500752
4501686
4498876
4498496
4498352
4498924
4500830
4500731
4501572
4498408
4499630
4497342
4502675
4500450
4501709
4497671
4499181
4498027
4500354
4501429
4498201
4501375
4501231
4502006
4500275
4497979
4502026
4501266
4497375
4501012
4498640
4502526
4499028
4499927
4497803
4498923
4498627
4500979
4498160
4501635
4498450
4501210
4498728
4498240
4501678
4501198
4502054
4499488
4501698
4502373
4502384
4501180
4497516
4500375
4498749
4500149
4500072
4501991
4497744
4501868
4502182
4502143
4497931
4500964
4501343
4498894
4499276
4498725
4501347
4500623
4499222
4501990
4502165
4498350
4498672
4502219
4502152
4497057
4504583
4498670
4500211
4502202
4498256
4498956
4501053
4496790
4500289
4502387
4501246
4498113
