7201464
2339320
6549397
4842905
7188420
1905798
6294198
4995680
2424316
7120730
7368818
3202401
7122755
5680193
6911555
6982132
2860523
6728182
780263
6063502
19296
5188467
3005904
2284807
1984697
7332538
2927137
3653237
7899151
3212444
6141781
2312373
2950699
737655
98384
2085616
6480860
228264
3431306
4680923
2563709
2744602
7442944
6884492
2449206
6453141
3638506
5656887
4852865
82696
7199718
4680309
5744364
6210385
4346914
13546
1036593
3712037
3160296
2974363
4336897
1003591
2028881
3874665
754613
7115285
7193579
1515963
8459864
8600789
7964779
6850103
7619978
8450990
1800990
5955442
7339801
2682462
6046746
4179481
4496256
3153452
4243666
5507363
2606884
6733230
6734979
8461461
5435511
655902
3369554
3798787
7552286
3917854
3672338
1431576
767099
5564533
4920437
8263747
5311975
6347995
5574850
8834811
7078433
3760119
6008828
3778503
7063132
4829468
6180933
3575685
6621055
8407169
7725067
2728158
1884369
897133
8888023
3281513
8620348
5740663
1105914
5742306
1783836
7850231
5318177
6568519
6198181
6687775
4831899
61800
5034574
1015204
1119779
8095283
1716618
3512196
1759588
2338482
7943995
66137
1326111
1292539
5413368
4175855
8220557
7628405
1991068
3967014
5743507
5793118
7136561
5501598
440572
8570076
3078587
5913772
1539222
6403228
2729169
6547456
5244924
8231800
7905399
3162676
4068377
5459525
4645010
4746665
4014398
8907231
4884637
358138
5842979
3340923
7410595
5223326
6549873
65121
1137741
7817376
6543392
3379166
7820027
6805595
8539461
4446294
5895269
5591812
8327434
2355700
8075224
2101388
5781535
7760936
438203
4812946
1472980
7529894
4530667
6398326
2767574
3707866
8139620
1129989
5202825
8962033
1990589
1687239
5773644
5758566
5174939
2895891
588306
5431075
4122454
4263304
5924818
3293452
8638428
340491
2870871
8439598
7911948
2011510
3172115
4997101
2062925
5034716
3765608
2902052
3352097
3720600
5327198
8653768
8043541
4889131
3076121
7994569
8457047
143577
672115
6871981
5772863
3935898
4566818
1467543
3521523
362407
5213980
8665803
7053651
385736
4331225
3057635
5697759
3984719
2469025
479375
1212197
431700
620447
2404512
3318898
3270727
7188447
148229
5667959
4251512
8907927
3710033
6120999
8956082
4646369
6401455
5475663
8524812
1080895
2257469
7985202
7764179
7706433
597001
3105424
8120525
2225085
3760718
3155195
1554433
4175929
2648424
63674
3714959
7623634
6077444
6421947
6080536
7360903
604678
2974432
1885308
641014
6652142
5104477
951270
112562
2061332
1575393
980300
449846
8221806
565364
3497587
6096642
3461325
4747376
5567626
7484024
170483
6515164
6497031
8809022
7783511
2962936
1611480
7471283
1385876
2798186
3504778
8619811
738291
7822182
7730356
2100921
1961380
8694742
3836397
6378891
5457642
4698815
8456128
676970
258772
4642213
5105490
3885502
7120714
6913099
1941727
7254686
2791728
1029125
5540636
6872602
1503382
7938201
4202643
7235801
2055038
6222346
735007
6272572
8092542
2065358
6572650
7012503
93495
7632605
6973979
2861331
5382769
301969
472336
7210577
2939907
2688624
3795098
604447
132307
5938086
360297
4777591
6016787
6911375
1582034
8103837
6023535
5418504
7512438
972191
7665249
196982
4535554
6394633
8473989
860278
4340935
2684434
8901798
5316664
4030548
2051070
3861921
5049402
6800757
7274058
7292742
2455771
1372473
3774870
1000480
6157656
2398493
80240
6736111
5028326
4985545
192422
6901667
6827834
777009
8773415
1207909
4865473
2461860
113695
7471391
1954064
210208
6639921
1060369
5207695
242882
4908594
5338501
6969152
6897410
4287919
6415331
3960701
3682823
1696395
2940923
3123415
2729984
7697698
3964240
5547918
4822228
8446385
8500422
3155949
3145215
8608670
2054310
3638471
1392663
1822001
8911443
1706072
48504
2467500
3363669
6719225
7108999
3604170
7487076
270992
805249
6602650
3853006
6019058
4381270
6459258
1591361
8581771
797223
7187663
6074530
2939560
2933182
360880
6593597
3453623
7647075
927359
5568580
5891278
6618259
4216004
6272422
4950395
4780180
6544695
8128214
3453953
8403696
7635704
8593797
6978430
8572502
7337657
2372732
5216341
5382280
7024414
7366095
3337002
1614687
5049277
7350415
63704
4747971
1557612
6861590
5287102
4004889
4365642
1373705
744148
2974667
4176078
1562302
640971
1449454
7019231
2735262
8863519
2917183
6738868
3359481
5829494
6122919
2778352
1233062
2985139
4745498
7689289
3334971
686174
5995320
2971816
5798597
6108241
3253041
7319083
2978633
171973
2318125
3008927
8351078
5528019
142964
7143806
3678123
2818710
7085804
8324181
8851016
1106395
1096236
5578096
1724910
8576520
6352785
8881056
3465434
8862570
234058
4379244
4084091
3686493
2860713
4811604
5222466
3203184
6599440
6929524
4671010
2049702
1720217
5695640
6554565
3675989
2332774
7182662
4844589
4242823
1506010
8567669
5575725
4984754
2589223
6041296
5421124
7548435
4311119
7600034
7492980
8064372
6253463
7766141
3655567
4306658
3882217
1254141
6039519
302481
5824466
5992349
3305624
6182275
6819587
1531260
8574471
8761387
3766284
4471191
5620788
4113523
8323488
3526240
8774081
918890
1319670
4011960
3897316
4499354
2042849
3111026
4221572
8410436
6406884
5520188
1718533
967568
4859387
8794414
6850707
8078624
4798505
3094785
8175966
465436
5556852
1214189
8876491
6573436
6794074
5566039
4738808
975831
5298210
431188
985016
8747842
7071582
6399736
5065452
6398213
4509287
2626956
3716186
1549832
3212740
2087265
7280523
5710134
6156046
11479
5449179
8790338
5206953
7294579
8293982
7612704
7936032
6522155
6793639
2190793
8041989
5243880
3807346
7742984
2046962
6676732
5076446
7782724
2236251
2496578
7430081
234901
5525372
1824884
4633321
2430554
5428049
1947756
577143
5634207
1870395
5775105
2969391
3296311
2978883
6540687
4713707
4352544
8874200
2444139
2878879
6106754
2672314
1760414
1974757
1595776
6687140
3503789
3133617
6558321
222350
4714172
6505845
7148651
331566
152857
3933392
2532294
4293064
8152981
5720111
6849933
1505931
1769206
1809320
1657365
1149732
2457177
6697940
129906
7066104
4927953
5584891
3470940
8196571
2218980
5326521
154201
3303490
5025441
4216193
6940891
4762598
3488613
6143617
5197810
7210927
3329487
5937315
4492558
1598579
4732009
7193081
4344203
7635182
1742794
1801104
7445969
5998358
99982
2502790
7387452
6317197
292941
2641304
3677391
6116941
2324464
8620798
4105051
4163049
8586932
332248
1489337
2077787
756620
2437221
4117538
4249971
8744221
2437997
6206193
2667855
1788490
1354686
400407
4598591
8083246
1318621
1288277
6070714
7588932
8118132
6833236
2465501
3518575
4554209
209289
8833796
3995518
2107732
4425769
1469833
8115798
3301946
6373535
8740952
8184620
7437775
1166065
1445902
2734710
3230559
3378255
7755304
5773990
5372752
1932010
2803442
8024224
4574425
6044376
1720705
7007268
6875760
4122292
4848460
4296330
3443910
6494297
191671
1516470
7141785
5230642
5317659
4157195
6931383
4870122
6217217
8207616
1215231
6290072
1325417
8195885
1062072
2056124
6805861
866929
1478568
108148
2739706
4729436
5665201
5385701
3285827
2788075
6763352
4748770
6881467
1959233
6869297
7208570
6553045
6871835
8225888
5658276
8951477
3486629
1411317
3191248
642195
2648933
6266155
3661018
7194363
3235141
4669225
5763401
6611054
3832838
4673410
2722658
768780
1652752
7880296
3922562
4423866
3156985
6704563
973150
4481494
1253404
1296668
1708170
1147427
8560838
6764044
791652
7788241
3207190
6399280
8487562
8656900
7841481
6910572
3004716
5989814
6402921
44049
4368213
556840
7583222
4888035
2108638
3609829
8527446
3086270
8749109
5544143
3397266
4256329
5836535
5515187
2749931
8702568
5236598
1055806
1460112
5313675
5110774
2609155
2041957
3402711
3141799
8108893
6755686
8368279
2774818
3736395
2952863
5774969
4359850
3226841
4518232
5302746
6440059
1685736
4746682
7560002
8368411
1475886
4956189
5016311
5884487
1333287
6299007
5471007
1282530
5864549
3714596
8733876
3913902
5929165
5104868
4191534
6811818
3555212
3274027
1829304
5912193
6470828
3530427
8563831
8724657
2931711
1456765
5710463
8429773
7000383
3859670
5141097
1455191
3970871
2618974
2770371
5138136
1148385
8781188
7197000
8995124
6441213
5113438
8764918
153072
8972572
1108466
5866614
8085444
8924927
3322648
7616378
3133178
2048510
4372290
6810181
6006091
1345587
6882853
6939214
2835125
724172
8461146
6288581
3176970
8657771
870752
7753781
6629936
490079
7440752
8000896
1535185
2747890
1441040
3693511
5930663
5698991
8187599
4794726
2996932
2751321
743215
6354566
3261083
3045215
3032363
4651580
8275061
775054
810422
7971269
1859200
1265051
2361395
7404471
4347291
5385960
1637148
2105518
4629424
8515459
2325872
698243
2730871
8750763
7572027
4216324
4809662
7625127
8942880
3777912
2163341
8371292
5826362
3620800
1428533
4538822
8171320
542463
5825827
4432164
7929500
7992030
2543796
1303125
5113666
3708721
1993652
7608727
6789497
4698569
8770879
2523704
2505802
6387272
485068
5871565
6043520
2004590
7334155
2164205
3862879
202350
1982231
4652831
6253732
7761564
1621990
7387975
8399943
222971
151485
5751430
7205503
2251024
4931070
2848069
1978198
7492326
3736992
7749850
5367735
1657413
1944135
3153218
125844
1145331
8875845
4839372
2653004
1665170
2639714
1496061
8948406
4849276
2828557
2667635
196278
3085114
5314621
1697281
5683600
8020372
1574325
482921
977421
7937739
6316039
5248860
3219820
3848089
2494757
4872831
6997615
5176047
6883343
6805155
5210750
4204068
16298
760666
3756799
4659360
2183809
4797255
6724800
2829093
5952944
2054449
4989181
58818
3873570
8019931
5883430
3154708
6484019
307307
3969490
1029813
8501232
1900707
8898009
3587859
3373079
5288244
8502759
5700557
8919725
3128561
1924031
7551044
6409456
8771661
5955854
8596649
450285
2089844
2429785
1672829
469638
1504536
2249176
7660308
4936396
1340521
2562562
6082914
6136576
4795675
4529336
8460148
4971529
604005
7617393
4890573
129074
7616090
3254003
3193091
3279130
8208451
2619456
3731030
8868347
1431369
6074945
5664596
3414508
448636
6777176
6993070
1698321
2765162
8227296
788267
4879449
8181591
6381386
3395681
2038514
3469723
4918173
4477709
8926016
7143186
4414751
4511550
2736578
3743238
270972
6131514
2310477
5292812
5788567
5887458
7943281
6036636
6720855
2868778
7381347
1476255
8869502
7410913
3281656
4156238
579129
334051
1831779
8391309
5184922
7061
600201
39567
3858939
6209454
1740664
24531
532798
6834956
2157895
5982307
7188301
8176463
6010184
5613907
5538661
2983158
5494632
2114786
3761576
3834381
1556324
6745119
783048
8079666
6414612
6012959
3762533
7871079
5601448
8180653
4730941
1886773
1107362
4989108
8001028
7217634
6609158
4055365
7559241
6234451
2850898
4231037
1367580
5652845
3886645
5602754
1808272
7473626
5155439
1455317
8613050
1852633
6756563
3021839
7803979
7844635
1515952
6923117
5646038
7944470
4675006
3782650
8245549
4561890
273617
3630691
3845441
5585330
5766412
8548329
4498332
5995652
4988022
6211822
2802200
1371780
1455658
6877169
307107
50888
1346253
4928217
672163
5124575
6703410
3731923
2479491
2237343
708367
8811024
3961706
2406506
2682061
4969247
6968600
5483274
5219529
5239829
4816136
8214762
7959810
3719361
659725
8961076
3988153
662876
8127130
7989474
2144036
4042942
515937
1030281
3807566
331817
6207384
5503070
715404
1587790
1844360
960731
3951665
5783374
8730583
5595178
1922768
7713113
2867308
8047955
6211243
3507044
7871817
5260878
4798267
8227144
7679072
2561723
5853699
8008586
5794950
8479231
2109781
3681518
5941481
1652120
7243557
826175
6699896
3377170
5764067
615945
7809282
4191349
8667735
1530035
1543548
4516630
88993
8670713
518413
4079113
1509932
5051279
4132158
8160837
2611379
8380452
7848344
5088639
6128698
22891
3236283
7745329
7763525
5419057
7345945
490723
58729
8619315
4678387
3838246
82596
5267066
693852
3420561
5016653
786373
1137021
2671629
2425296
8358508
5539341
336008
8788021
6580129
6429083
5463770
1267172
1040828
8434000
3357428
2100443
487389
5681510
2783864
1494879
1165155
3995200
7358892
627742
581467
8145880
4385441
4893938
6205709
1838539
5968890
2445088
8602346
2948631
1998990
3588348
2138709
1731860
171072
1354957
8808470
4434752
7208687
1094883
4563590
7336500
6047301
8752507
1416189
729272
5879726
6461801
2938236
7368450
15076
2287307
2602519
8297772
4707648
5813475
5426615
1436619
4065442
3968301
8314833
4121573
8885379
489109
4729546
818821
4154317
3535883
5294447
741033
8431736
3258609
5971584
8525388
1370929
1769202
6540629
255492
1890472
7687508
2089550
2588556
5757637
644001
2989212
7211096
750515
5727371
7291103
7017958
5809886
218268
4801855
6494574
6627293
7841506
5684375
2372258
105701
737902
6067726
3548609
6510675
3470604
7007132
5888307
4585254
7517463
4890273
5960103
8646298
7643592
3703137
5311852
1684901
1227883
6531822
7586290
50387
3136265
6337928
4183188
2556093
2841539
3427836
4576253
1527391
5494808
5869654
5259077
5524629
1951863
7053077
1320074
454447
4066775
4071482
4072509
2134568
2834362
1500626
1259550
7870901
8556444
4612823
7130929
1031460
6334791
6302152
318296
860660
6640557
3753703
365514
4920838
8801924
1080407
5543918
6825204
5105139
8161346
5642805
5117835
7634347
6227563
7536688
3536378
8075134
7580044
5664198
5357902
2908316
3721765
1166913
1734624
2992833
5142520
6948496
7985136
5673887
1411660
6198475
2133282
3061756
2202804
4795476
3063371
6050162
8420986
5054848
5893516
2181362
5098901
8972250
241753
8563119
5827031
774486
5876400
6345079
7100778
2708482
582517
5144805
4580097
344710
1171037
835245
6829088
7967331
767145
5342890
324538
1638196
1164801
1965388
5978537
2233028
7303460
3671192
8042083
6190546
2062034
7648207
3164681
8444277
2640670
3999712
3486743
8798413
7614319
75121
1306682
6554528
3226316
4987071
2345718
3572179
5477676
710815
6642988
8930814
3566706
6169443
2630260
1305235
6439165
944551
3506500
6413685
7511854
4601507
6358610
271115
2217712
4933258
3788120
6428712
5284073
7481189
6543452
4632009
6279771
5938227
5779669
8227031
7919259
924619
7271824
95645
6583494
6640607
4140279
3304613
7690035
2083654
4573740
7746690
4935798
6857403
6386282
1440470
3411855
8809476
8315126
2005663
4147692
8002927
7539322
5126648
117978
542273
7242935
464249
7448291
8420380
8469721
7681128
6841246
469016
3331629
4349445
6668774
2978630
3455108
6491863
5048895
1194894
2323731
5947142
4164212
4082756
3434884
1089932
1128581
4262499
8470965
2127184
3974051
4231382
7322195
3935318
6029246
1569287
7204791
6144858
2004087
5964974
2384113
8258413
7684798
692658
8650534
3848786
2098963
7347881
5971672
4662260
4484229
7215529
5315257
214999
8228535
143909
7880250
5365155
214498
103661
7364836
5535593
3467823
4260355
4579764
5591836
6106907
8566968
2866263
3042686
3364910
121425
3978654
2576117
218258
132205
4909383
8798862
5062967
5560781
4265312
2657615
3705361
5877585
7127389
1339329
2235906
2466783
348558
4795057
1341626
6210583
7264255
5650045
7754629
204706
3374624
2838472
4875491
1599581
3162125
6385682
3652928
2406970
5569380
7165529
3470793
6308027
6206197
8764208
3955006
4280028
3492000
4992988
39353
350829
5914579
3844919
2575852
1249174
862003
8953742
8727755
596664
7993651
101532
81897
8926441
4349504
4460694
4985956
5082350
3486384
1129765
8038531
1778724
8744687
8571831
8724055
8247878
6794361
130380
8594191
8754111
1441239
2450762
2523333
249852
3348909
5801567
2926579
1970616
5300801
391944
2810577
6506191
7439135
5217516
8737176
3129971
4120494
8512117
1822387
6695588
6050701
8330578
167280
2069352
1210936
2172522
1544135
1574262
8584249
8999572
4383039
3299506
6113490
7487139
4786615
6292912
6116165
5986397
1601411
923573
1028533
5188449
6605924
249203
4337341
5356078
8117521
6518939
2197535
2789625
6867082
8748034
8291338
3150642
8651267
635603
3404132
2557443
506793
3821287
6897437
516726
7709301
3561747
8545481
4400708
2482850
7277196
6878457
7612595
2453881
1143938
3977636
5795096
201859
6923960
4795572
8119873
3813190
4584637
7042039
1381997
4842469
4499995
4311317
2096394
3056569
3577116
2124140
8609891
2400388
3060854
4413327
3295801
1994740
6738977
2017525
3897441
154113
5888514
3150272
1160155
419559
2149620
5616810
8328367
3399104
4405306
2803243
3686682
2344663
3152527
4674213
1169514
755474
5252705
7778687
7047583
7549514
3596810
5458288
435307
1822201
3484309
2810762
5839699
7028831
8670213
3601304
2449818
8481131
5210089
1205334
1266770
1298914
4419393
100362
8795362
7066254
2104597
5139337
3873261
1338795
4248935
8431036
8340384
7551265
6029518
1177585
2158220
6473371
7118451
2302984
3554439
484996
4498503
4038665
3023965
2325820
3445734
1889660
3602040
8868016
6927904
3264631
8476416
2597136
3624237
1123816
1677304
7526590
3377094
6572683
791937
1160811
1761440
57954
8956341
1891170
3296291
2042598
881631
6243782
5179931
5101953
6027633
3204395
7293063
3492208
4933985
1831387
1297851
2560823
8042625
6264169
8645268
3443944
6764389
3923612
2837627
8561545
8791458
2741245
3710574
5391052
6686871
3599199
7484811
7720573
8149761
170360
8771573
1507474
5835451
1740792
3437471
4732519
2199363
1151081
1921326
4427596
7037285
5496636
3265056
3466140
5040987
8004818
4595499
344693
6995640
1798449
2545465
2290285
7448606
8095420
4641847
1041534
5205339
7054497
7016929
2940288
468872
803897
4589520
4631431
7058712
147638
3955117
3523652
2650870
976353
4586932
91798
3419127
1680382
3253899
6191963
3244969
5841644
1371350
6486943
3004400
3407132
2211997
1083993
6332437
1978440
8229159
2827362
40299
2103987
2572324
6803701
5339342
4391714
6266095
5656403
4866189
2054586
2019557
6095124
7315496
35819
1011140
8715022
8260909
747892
2354043
5551225
3642372
7161517
8318244
8231052
7505731
5854599
5965137
2943399
6131908
4266383
1528067
8636764
5758825
325766
3086013
4249898
1670933
2567341
7552910
920382
8655477
7521062
7469439
2241695
4974318
4446443
6337617
8205535
1328488
3346049
2841652
3040662
6915103
2043341
4102983
7679313
5531414
5743454
3727495
3165696
8023297
7322541
5694370
3910754
7160828
1431326
5017995
5531174
6119372
1875952
4231114
6410697
230786
8330775
2190445
7162352
2834938
2647952
8861198
5332924
7474223
3639401
4654230
7468073
3219835
2372760
7666708
7792774
3703205
4417612
6478254
6679520
6499703
1764158
6248171
2588664
4090990
7709188
4511998
1861768
4367450
2368786
3525014
3699717
870820
1179856
8447634
480104
3765362
3873619
2866929
58478
1520475
2321392
73921
4335994
5139975
885401
5191703
8646614
6035916
8847506
8576381
8914163
5284114
4375135
4059945
6406999
8039070
5798666
4617848
1036874
6042660
1469103
5777203
3546151
4793428
6299665
4513102
8922628
3444288
577498
546151
5783103
1282490
7555212
6683849
5650701
5115861
8258007
7029792
6276191
5691122
1194071
1210691
5121697
6634
4745070
3447896
5470230
2876446
47656
5571307
3301518
5151068
5430541
724911
7694742
3378114
3439959
7345505
514463
5390341
116194
526217
4458296
5396044
717357
6724398
3246862
3299784
3244366
3198194
7581503
4059686
4497014
4163348
4215807
6773139
2851353
605251
5237617
1005553
4802725
6785300
6773686
8405295
969049
2537892
5681507
2181021
3776320
6640121
3935199
8909325
3739164
1444627
2279169
2253320
1503393
377974
5146367
3932640
6772504
5496982
8505229
5570934
6751426
5390329
483485
6920556
4082847
6818814
5298877
165280
7096577
5488676
8684724
3273491
4216439
6516101
3749072
6586213
1442087
3072013
6834245
8121186
1013239
5639069
3502277
218993
6600682
5260692
4820132
3315706
829128
6640480
3984311
5236311
5345491
6516290
6070751
1653411
487843
104680
4889080
5486315
4139453
5387613
6230373
638346
6653377
500409
4641079
736171
3338993
5149131
3532939
1377089
981582
3197114
3546781
5570134
732073
1459293
3086581
3977516
4064955
4600268
3933548
3284422
2285332
8995254
6184102
6738562
8855947
1776771
6441660
1902619
5133750
6008199
1387233
8722595
4733937
2813967
1445480
5027638
1021453
6224071
3212731
7197582
8367375
2501614
6509560
305837
577803
7151543
6009671
7945347
3421231
6682386
3278879
1332309
314426
8701281
7035856
3909926
460759
4352475
6184027
5593994
3905396
474340
7129113
8085258
1796721
637135
2875012
7252679
6022838
2837655
354833
1678841
6621126
7735620
1226353
4283750
4372054
1641695
2344167
4857838
5990884
3585509
7803904
5323833
1468148
8880333
4029977
8583165
4800926
7062627
6966656
120378
7625345
385386
2550310
1188288
4420269
4422655
7081215
4486219
7967565
8589383
8335034
7087026
2537241
5824509
7196393
8487033
5703086
4912420
7634397
3999456
8069266
1522149
8973310
5345759
2123358
725560
6850916
1396290
3491284
8129184
918289
8885956
6792846
5836188
8758892
1525378
2522729
1627880
8919378
7516910
3434790
8678960
555972
8978820
2639541
5444368
1344027
7534650
2280463
372961
5498733
2236380
223307
8100388
7793025
7378584
8285316
2680804
4666565
1802500
566663
44876
6078869
5046187
8661166
7485983
7644865
2524556
8043288
4192564
7844623
3800340
1163432
3771474
553102
6785627
800245
2652095
268647
8804340
2279626
1631196
4247103
2811047
4910446
4234148
1374408
4902874
5361588
4029426
3502286
7074540
5818640
997090
2343525
6924160
1701245
583601
3484208
6116696
6970840
5727463
2001612
8517016
6574897
3611810
6124843
6813204
7798967
8919131
4130192
2257886
1699831
7992299
7605440
5339625
7468446
4656710
3695794
3988833
3839908
6643060
8417818
5528365
4828611
6833615
8090709
3708556
8266534
4653695
4555401
8559318
8329749
7627205
5605018
7911513
689951
2524670
1915738
1810565
7091023
6420679
4617762
7833382
8871644
3253075
4271623
276904
2598821
596777
7493081
700201
7364831
4587202
7587408
472640
8831295
3679634
6450219
6667115
921988
8713351
7347149
2299918
438697
2139642
5122543
581838
7761868
2873332
3444012
577947
7630468
6632145
8265585
2541667
7720812
5562296
3320655
5473174
7109501
6995068
7877296
5443049
8303903
2875567
2361584
2307910
4137679
1627296
1145680
2331343
8882742
1220829
8070550
2548126
6910292
3028573
3274177
8026378
3519428
559603
4000315
4774700
3605408
5026788
4079967
2616931
6648370
2663478
7849194
4532814
8509104
2407319
967587
1121046
1992069
5483395
4659766
5858103
3968996
712332
700568
6708349
1584915
1986776
1230946
8131894
7786811
37652
6557574
4910857
4707318
4879595
376167
3198343
7893977
4549868
5736368
5656551
6292613
6505197
7241832
1977727
4752955
4145985
7768480
2828911
1172048
8904044
1470611
3905175
2641848
5023216
1284194
2126852
3375015
5131360
6142929
2522558
4947339
5799935
4729475
525898
6975305
6371772
8116428
8100250
6153359
6437688
6202579
8377243
5797650
8601418
8498007
5881181
5639847
6970122
1514699
7710688
5156929
5057370
2108265
4265522
2325243
2282603
3969373
1798649
5276098
3454928
1038630
3790081
1868052
5698516
4794876
3126632
111618
2175335
4127019
2029790
7037537
5368095
5845856
7830447
576154
3297770
3597036
2377265
5238388
6770282
4926614
8310062
6362354
5904119
129415
1535955
7177924
2235581
7080619
6546862
3356167
2146465
429359
7268110
6758213
6754554
8657324
7029170
7579440
7341232
6549775
5758018
1345683
3851296
7132397
2376436
6460964
3932753
1781828
5573028
5570423
4799401
2588458
5673256
1073525
403818
7434445
1205384
8812495
1395704
2088038
6329355
4154443
5165365
7491550
1626688
6636093
6967879
1409829
454257
4156245
8589851
7300640
6232579
601769
8486458
7980419
221989
6766483
2893239
7196372
6994741
1661350
5458189
3432213
8272606
4524878
2249398
8723054
6285454
1803857
6327548
1543928
8136710
8515965
8622084
6038123
471884
3755864
5097298
3824341
7645156
8272452
2732853
4576701
3977389
7736684
8301630
5756983
8126494
8009296
5298699
7883317
691499
1844209
5312100
5023658
6979002
8028164
7191625
2526407
184158
6102572
4444502
688619
7632364
6409587
4055211
4501057
4806719
8108127
8433961
6412262
1346038
2613662
6773476
275565
2106537
531020
4148707
3938810
183825
8015358
5634035
5365884
7175306
5120592
3774904
2027963
1872240
6579802
6529652
8908876
65880
4060044
1101175
1929689
770189
3204362
1207272
4408946
1818283
5640762
1771172
5673981
96149
2386851
7469913
2977520
7277352
2983007
5807070
5104886
1628672
2648
5572115
1712888
3256841
8903078
1916657
6898835
4384281
6480144
7469607
5162112
8051147
5040748
5400677
5252918
4372998
4809397
4835717
2255982
4506629
4707256
8900943
1529763
4958818
6094939
2921770
315438
4570301
4385617
3238000
8918965
7965827
6575430
5893700
451330
6064846
3126450
8508650
2056365
8349792
7585423
7489669
8404731
7854340
6533623
5907664
7357406
4636299
2529186
2544767
2272655
4741245
7997335
2250692
6306972
3036425
2870827
8412855
6426845
5297582
7662774
6479467
8096571
1610344
5906203
4166867
5050632
853742
3817961
6820065
7751447
8174042
4672942
464898
3881440
3076531
3801392
4423334
6612916
6560919
5716021
8765652
6659237
6685914
6015665
5574360
2104899
1666335
7680456
3423921
2038845
3826028
8027900
7561217
2067504
1946522
6407143
8954223
2023350
7342738
5621225
7529670
4048772
5645065
7293634
8419655
2712584
4380464
2900633
3581959
7313619
8494719
1301897
645233
5806236
5991835
7637556
7670386
507983
2664611
4831246
1783918
4659585
3030725
7313491
7509424
6190861
1048098
6036186
1471139
8933664
7258462
145818
488978
4490812
5217278
326591
7779029
6547112
7886818
3382262
6255253
2979137
8318537
7468179
1721163
6900815
7669831
2474664
1762298
3916084
1873111
7662066
7926673
4678862
2913155
821195
6743541
6760825
6121219
2844769
2590147
3208389
3047810
3315916
2918576
6713415
8368260
2627327
793364
13639
3787792
6584918
7189407
7216429
110828
69997
6021068
2706001
5623601
2342855
1794309
6229590
4752497
4099440
6446663
6174552
6026593
6429686
6663511
6976186
5512494
4434926
528596
3676420
7927118
1459066
4110648
4098702
565556
5636529
7998686
7080044
4735770
2175160
1150143
219816
2902618
3863231
3865235
7415716
4766621
6397541
2138981
8119891
384467
8027382
5666033
5296243
6962272
2890549
5490748
4726070
5501679
1189029
7930828
6574199
7799882
4645933
8602156
8236535
6940683
2270754
5880203
2289056
6935756
7920973
8814141
7591287
2140750
6356338
6849832
4895651
3481559
3541261
3489024
1994959
6524454
6558404
81813
8628617
701771
8992038
6276662
151894
5328147
8938457
4178249
3143066
4659903
177685
7494433
7476185
1644750
8686115
366098
2808633
1897251
8661846
3802179
7605186
333229
5793190
6411159
3803498
4345880
8105038
734494
1494273
1849968
2499745
4870446
2491639
3442856
3108550
3905223
3034269
390415
1649965
7964164
5823976
7088054
8550870
3836905
3341077
8047766
6087259
6253475
8383617
89347
1486839
7699116
603727
1270191
361478
7792385
5862131
384154
8322122
7634191
7661160
6326383
7475644
1181211
1211466
8608633
6454781
6596667
3689204
5629484
553186
4460925
2855013
7539193
2132950
3379416
6272333
798811
8597861
2125753
7614271
4567839
3830864
6366551
3970123
2943045
4945973
5839668
7056780
5149838
5787974
8680987
1304088
6962245
4258533
8042044
474613
1883738
6131529
5069565
6040773
3838858
715012
6194358
3011715
261561
3355981
4547059
5465075
8769376
250262
4889703
1743020
7807531
3865614
1811507
3838650
2683196
486014
5569963
625154
8152496
3320530
7279745
6773212
8376864
2012886
4314422
5822009
5273989
7162474
1777260
2394065
8057295
3453864
5052864
4652855
6785147
424111
7215165
2113419
2421144
6318322
861241
7086548
7867652
8444967
4807418
803988
6863048
5764179
8842450
2858579
8577370
8603932
2087126
7561508
8456730
5281534
573466
7458912
5546614
8509865
795382
7062240
7317610
5326234
4129114
6854133
6956472
6747420
3414353
2788793
5965107
2372540
4748414
4640162
2094116
8785601
2080939
3556128
1389992
2031863
5746190
6835517
4418169
170036
2626546
836318
8897901
3649105
845143
541566
7851899
3758104
2706679
5199291
4342992
5372196
4053794
5839006
6132286
8840988
6382495
6264210
8258500
3075559
7376185
352147
993331
97385
7141724
8738578
861893
6259073
7439006
4895745
5475032
3713056
446650
183051
1932777
8979381
1002306
6792982
242359
119311
3473572
2166233
2708817
2147680
4813969
5455253
4346391
2674210
3121582
8464649
6483198
4673262
3946648
7398292
3208817
4533858
1897971
876644
5626947
2436033
5510218
4225318
7384680
8408051
2884839
6355761
4904200
599721
3682666
7634178
610577
6922780
2242479
8171061
5066459
4132899
6908445
40699
4067750
7959511
3385556
7755925
100854
8340220
6133618
8128947
7785886
6151218
694646
4828789
4707693
695915
7705785
2729976
3744504
4264291
2326189
7563684
4073492
8979095
6477194
2041190
1008032
4523339
6573041
1931286
869622
8507355
7639987
7748302
8480502
2033842
1470687
5792827
5091299
2095010
4094659
8679739
1405109
2328487
4235718
7364484
5457394
37760
1748279
4178569
5565039
6323037
6272445
1116955
3710768
8668352
7609658
2723968
8647940
4682598
6927233
2071019
4084149
8028035
7350002
3619809
7557457
996451
3187794
8170137
61034
7702539
4810445
4783898
7445110
2759637
7275243
1048011
775639
4548609
7013669
5869812
4728602
7389791
1154517
6928572
775987
8818474
7826900
8034858
2972397
5717554
211098
5473389
5029734
6734418
5083649
5219957
5012552
4346063
5830330
3179369
8951537
1762570
4364039
5500625
8442798
2034254
6745885
6041438
7252242
3542831
6318704
8385314
7929271
7326290
4191268
4894217
7973218
7965915
4909123
4224733
1010744
3692198
2502062
7303207
286307
6093000
580292
7554569
5032123
5637535
5755409
6279649
8311556
2326561
353078
3442202
986859
5525320
6796692
7020849
4180715
7938656
5262959
5201919
512673
701654
4991059
5146916
1843400
105503
5283189
6724409
6345287
8735893
6190937
5378727
4893424
2600006
996397
4717542
4728525
8616455
5243009
7997694
8831841
4556326
8166605
337628
8090736
1905298
743629
1642730
7559328
7305908
6758920
8166496
5875715
5061315
2860261
7964142
3173042
6368171
1552041
2567485
182743
6341222
9373
3087676
6634488
5597958
190397
7786596
1535980
8787066
5400452
2452479
7932494
4118310
5741467
4888807
1362048
6296997
3007942
2093314
2480239
1218678
341931
8775876
7644187
4758788
6674484
3463571
5872555
7502223
1998675
6666791
4266403
2614399
928212
2695908
4958565
278480
161891
54582
5659600
4198680
893502
1761255
4932268
851463
1902490
4241952
6341439
6202559
7880501
2847759
2395714
656247
8554984
5788919
2209751
6934716
8662666
2732417
3208264
7783336
1506935
1684691
5096719
7428549
7636573
1566039
7087474
584018
6453481
787196
3008044
8812410
800652
2508399
2458159
5031629
7374477
8054808
421324
5409304
2137168
3512329
3109410
8028960
7433839
1411220
5442894
1461383
1000228
7545813
8334958
4533349
1150147
2905010
2345042
1081385
3775567
88386
2749435
4848075
5103155
3603816
4083786
4647415
6498923
5505775
2000249
859237
8038680
3837824
5549305
1380631
6747084
7041722
702356
3578494
3456578
8078429
3988760
5188356
7259334
1897386
3608643
5359215
8105897
7214829
7143910
8204609
2706
4492496
8431351
6732968
6666840
4331801
1250863
5263617
6559959
2255588
6807370
2863123
4222528
1363626
3020852
8434054
2990885
6988119
195217
8623530
287818
6648410
7380968
1924646
7640606
6931457
3364114
66912
2084414
55587
5895019
8581482
7599315
8223440
4701008
7739169
1145891
827806
4256280
1380433
5553077
5682171
4157233
3220178
3611279
1860991
8732665
6820411
6676098
7437700
6043280
3189508
5476904
4603867
6553242
4945506
6483991
1008873
4724633
4953606
1136442
781936
2855862
7481706
7383858
5866351
6992565
6807085
2343913
2429869
3503642
6846161
2705636
3508669
3008171
7322898
1827146
6647957
1855789
7647466
5335534
7880178
2248835
4825345
4676850
8395685
3876793
4532910
1258165
3521437
1861364
6971561
1717027
3768439
4002430
7486927
87125
2923348
7255672
6633916
607760
3454494
3915313
2641009
1303400
8334437
4882883
2083034
3823354
6139209
504398
4918781
3560854
2781138
6796490
2546185
4745997
6947356
4836207
2035473
944616
5300570
7937145
4490692
4566648
1992708
8080725
7268887
699531
2010889
1416001
8187559
5915794
1177822
2512370
8464751
8009657
2315649
2269523
1061854
3994089
6649079
5534506
4041338
1469304
6681598
1974025
8264432
7624271
3743282
5806478
6072363
2340261
3327491
1434238
5941332
3199755
1367821
1766791
1973279
7287316
1921716
8623690
911659
6007748
4212377
2103556
4814334
6722619
8282642
4815754
7575852
2526901
1974681
847832
6958269
2412803
2159067
5884450
8903834
6844336
4138548
8901695
2779584
4773897
7420951
1535139
6414927
4027674
6398735
3390238
5478009
7520308
7353750
8127758
690012
2945726
8988063
2198631
8773074
5422267
8375493
7196594
629740
634282
7706715
4130611
1221773
6485995
6048660
3171705
3013335
7756076
8527034
5830414
3988732
2451990
8397553
2081556
826394
799513
5187315
586268
2191362
6616481
4757932
4185621
3933705
7308200
7257175
3033128
5831532
1577085
5636634
7030959
8906088
35001
5386027
5825765
1027523
6543951
481851
995934
5151121
7145781
5037225
1206149
7275382
2289345
3804759
5752633
8300984
7891096
3529215
6831719
2783891
3175213
7404142
794069
4597829
3177780
8015363
7082052
4411227
3373907
2736173
166007
6564329
7110216
5564166
3781918
4807792
7870336
5674298
7297181
1475923
5336509
8129749
2302082
6250734
7799435
3712047
2929415
3203216
8341323
2496605
649770
8353592
6595976
6454713
8895052
1955628
8386725
7262358
2669228
951680
6584669
4017660
3085604
8120120
5406139
5871260
8723168
3937566
3196063
4934077
8556004
8773790
4697188
1301298
8139460
6123314
2928443
4852136
1522550
8642799
4857943
8609284
385998
5725833
1804493
1147863
3679997
5144616
7983292
2570742
5827988
851459
4621925
1192117
8484736
179342
391372
6180826
7765563
7531432
1694909
1796203
6800301
4784501
7930687
5004248
2814103
5966702
6042474
4918147
2834481
3738509
6591290
5307642
5054731
3302268
179022
4364911
1412959
8482056
8277319
8873114
4670531
2224667
1818065
7257320
7583560
4628388
6614870
5972248
8701797
6362338
7473127
3841150
4912355
2624227
4877056
3079842
4229289
5468339
4708963
2157701
5053716
3800168
2177284
486090
7522679
6733531
8430716
2848225
6296083
6048718
8979645
7006363
4378698
7977580
3121904
5660696
2853107
5153525
1628244
2255871
1872358
8321937
8721598
7710984
4909621
8566546
6043241
4989812
5953400
2340283
5688129
4282863
764542
1707489
760612
6420570
1844159
1067108
6488419
1658554
492587
807437
4086809
2449628
2351888
4999471
8178832
3442780
8783751
8703074
5838327
5951261
5679774
2391490
7162116
2812315
1332013
7177262
7331800
4640734
1160364
1350857
1871314
6131451
3371601
1930237
6588743
2539428
8308174
72473
954100
3195277
3874409
3090682
6950944
2454556
6865578
3397135
7665432
6469701
7824350
7098624
5277771
1318877
7970947
2382448
8845772
2860558
3951346
793103
1806467
4405719
7163568
5822348
2784304
1961741
2412960
16062
6392348
7474626
7150243
972652
7097964
3065232
8413468
6801644
8139854
6493885
998573
837564
5474298
1374441
5027920
945905
3154274
7664485
6309097
6980813
8314782
4185994
3932235
1957802
2191529
8816504
1830557
7561503
6201434
3473578
6137082
2614595
3317622
5936888
4674910
1844533
1600400
5651999
1646538
8029583
1560736
3478616
1496740
2565732
640693
569709
231162
7434261
7978429
7730741
7116943
2133698
5382890
6217184
3616027
8948987
2080497
4068947
4070683
8491835
608380
2167326
1459008
1690376
7346642
4101610
268527
613868
4740349
8019555
6316699
1863092
6047293
7633552
1883515
3566258
2036013
3914505
3150060
5058491
1975332
6470589
6133512
4623151
7423310
6040164
2976445
7588101
1965487
7805758
7030952
5281372
7175018
8603105
4402381
8214626
1235055
8812492
872191
2940766
3662736
8734184
5648057
90302
8754630
5751290
2875475
369890
7228364
3865
2318467
1793690
3794870
8254423
5942458
7797609
4415528
7898434
6284376
7562791
1983115
4997931
4646414
5523851
4971783
1936088
3647192
1605485
976176
4050532
2338170
1995261
2891525
3113294
8403100
5171225
8085887
7856561
4820348
4909388
7924174
2187208
2727612
6204960
8752523
2322694
7287858
7100628
3991077
1075151
5912401
3907082
5359715
3998529
3488794
5780889
1315376
472995
1055164
8690201
4524079
8711091
4660385
6332162
1945958
8735854
3826479
1490425
6255352
6253967
2062709
4416616
8767804
519
3328597
1896843
4625964
8963400
5511670
2813055
5042149
5813243
450627
2759005
4601963
8484147
3671356
8867445
5020476
2560655
4916779
1884562
5358651
3394167
6626300
3264370
6892143
1773218
1682505
2462585
6186981
1641935
4908486
2198319
3602552
6014017
574165
7979240
8777345
4728734
3310080
3336425
1141725
7008529
6093306
3928846
4606122
2397520
7075445
2262854
1396738
6086412
5277123
2062088
1556721
7280984
8976827
5594090
2082317
762477
2604184
7775526
1321315
8543069
8520042
6265007
5775695
5358284
3059922
7663745
3822759
989823
7897305
2666548
7393797
925571
4863619
3127304
1093493
4432613
4110630
2946327
2921955
3365176
4276624
2099041
629604
4799373
8629563
3008463
3892413
6329553
4662974
7345411
2500077
4400919
3466508
1576108
3768141
7021936
8796072
2471008
7141653
7868271
4721853
3095750
2866581
1503756
8113824
4223140
4971048
5079376
4973191
8102569
8532020
1819210
3481718
1448216
5144358
4481554
8002875
5364497
5407552
7806508
7272678
8357379
355043
1543987
3885084
3126873
8644309
2961198
6819825
2293202
6137265
8228685
3402860
3899318
6003644
7943916
8342758
4736271
6996774
4826328
1243022
7438117
8621706
8738477
1204593
8259510
3768778
2277760
6523339
11935
2118351
5493931
5957541
5694499
8617507
6881048
6297175
5754078
3225010
4095317
7126607
1424940
8573358
7834934
1959523
8659517
5676434
8079714
539577
2968685
2660684
2240893
265282
7203474
1596845
6397683
2290950
5955939
2229287
2849540
5281875
3822384
1491460
2666817
3640113
5462222
1104929
571581
1668632
3063041
2335475
4185899
7434846
6110787
5012924
1526100
1602927
5433259
8222940
238819
8347307
8628409
8655737
367657
8013265
4309660
960728
3657575
4217292
4271916
2410027
7936792
7578354
1115677
3609535
8848215
1653295
8865850
2543768
428420
6094986
5767645
7449381
4058723
825838
6068611
7941133
3645008
3645380
8161074
4007909
4697244
5764793
4607932
5700664
1729612
6831086
3813533
6139268
2524573
2244514
354736
274340
9831
297390
1841539
626434
4980938
1242992
6268081
7549677
6294588
5250967
6103319
5407224
2343569
4428853
5960058
194017
4907523
4636934
1756813
7285229
1897348
8502710
4722234
2535678
1592001
7457980
2152383
1559685
66726
3094369
2998237
1577691
5393547
7013272
7598585
3335259
8359977
7202877
8726599
8861895
7811545
8080067
3237937
3299823
5552443
1450872
8758447
3202701
598031
5066812
3126380
7841862
6018481
3903741
7196985
7973057
472404
3221587
8562756
1629089
4404682
8783237
1063810
6415960
501233
2428495
6198326
2894839
6857418
735800
2281974
4816228
5226640
3139061
5178425
2929884
4253415
5823278
7461672
2443977
7224505
270889
5533507
4466282
7099751
8614519
6118145
2036864
6981530
4520324
3781622
1380968
2990904
7887198
3310746
784004
6923279
3682523
6201768
5820196
2287558
5011457
3928259
7629816
4921995
6332699
7641243
2157888
2075837
2504354
7779702
7895227
8245901
5063037
7379720
5011534
1954930
5456264
1465708
8406488
2297706
1953482
499463
7453338
769500
7035409
2009085
4123941
4729227
8001740
3032740
8499562
567373
8829868
7174062
1539646
5439541
2144467
4117208
4337158
6923501
768045
3906975
3339572
2700296
991475
5754977
1857399
3014543
7560059
1864392
4595873
5328847
4261622
1773481
1039713
2500161
4654930
3441375
1220405
7177696
4369636
4412849
6452143
5886478
584438
8247444
8370159
6267108
4141713
4895435
7037596
1006839
1531057
6089845
5959775
2990191
6687777
2203622
6515380
3078092
7031752
4542233
3472852
4930615
5470831
3521350
2860607
1886899
2324785
4150563
6055838
5511663
1376728
6553677
8799521
1062175
1686372
8818571
5567617
7229676
1722094
8651333
6672317
105224
5418443
8753114
1597917
7867623
4496109
5524783
1814067
5325971
339196
4476047
1336937
2898262
1784183
3046350
7624705
8459131
2127569
558665
6260221
6101802
3456123
1722538
7726284
195967
4741730
3514723
445932
7065786
5877870
235886
8733649
1298940
2949404
6754236
6851949
5663498
7150614
7143266
4898292
7758177
4294453
6719538
3311248
4358108
8052147
812007
5153124
2398228
2489144
6011533
4295484
4024381
159992
2544670
8740808
1512869
3081133
1617750
7699537
801653
1877317
2538176
5686199
8122409
3693568
3185183
5430343
8699229
4822294
974611
4018145
1184940
1173941
419023
4490141
169799
1727927
3764890
8283598
6109769
828538
4271230
3565365
335515
2224333
3426518
7694393
523548
1645045
8503339
1972522
6966368
4433351
3423603
6550421
5445259
3255732
3353769
7240295
6722979
5124699
5886041
6596553
5587559
5714714
2919188
628797
3694512
5633103
6004283
7374981
7865490
1395356
71006
2944266
7646002
3275112
1939805
8500135
2895401
7679281
3371407
7343996
4003355
3405491
5036488
310381
3788997
5674857
8825394
173719
1083141
8245326
5591008
8951640
5985953
6138850
4762493
1228785
4984058
654910
4163530
4635658
492885
7600249
6775236
6677991
6327424
8977199
8798709
2518955
8150450
11639
5462395
6325943
3936061
940889
349462
4697434
8659417
6551247
3745137
8625473
5967405
5608169
3673121
2496425
8023827
2700307
8235505
1479019
5642481
3998037
7348188
596632
3197758
7994907
6078770
2679083
8128372
1252665
7942418
6314824
3756632
3489304
3831834
977279
849480
8169749
7500654
6385984
1315053
8655613
5847810
1142828
4635742
1577937
673346
7780547
3142055
5912332
270466
2105389
8659359
8632157
8249405
7843815
2081749
5971374
1028117
2487712
2790382
7105786
5564442
8554572
3591808
2807068
5325557
8779651
439132
7472205
613977
1700267
1081574
3102269
1610382
3955431
2582139
7113741
5351765
1341418
6310710
1210699
8382647
5969633
8028695
145360
4968962
2717542
313837
6407697
5530043
7808085
772119
4363490
1890106
7469379
2728329
724442
8494455
2977295
5417350
8325595
3287782
8023020
4691152
6252742
1379076
5287205
1496422
8680312
4145631
1962996
3078004
3228733
4531547
4150099
8577645
2465481
1850194
946332
1236802
559222
3056256
6679493
7953034
4105573
5113681
1563752
1271648
1843759
4248490
1407096
2542665
1118065
5392300
7119243
7155375
8247813
3097758
7259937
3833404
2263365
5818861
3358653
3213907
4165257
3132679
5517121
6615682
501451
8126360
2551785
6008564
7811803
739045
6291179
3545986
4772860
1655455
6603004
6817621
855685
6057047
6266528
3295249
3539768
2462554
6303223
99134
6958686
3045045
6577750
4057480
4904413
1565225
5852554
3934658
4478626
1819107
8227386
2916577
2530020
6092645
4375050
8017691
709195
21732
1940080
2854175
111633
470667
3271498
812778
4146829
2058104
8752095
2358027
4103860
2253575
2692629
2729426
7263215
8294299
3009478
3909847
8571850
3945423
8263829
5323178
7951766
5929552
3316870
2582000
6759196
8340700
7822046
8042614
2149047
4271045
1411518
8030873
8236874
5870683
3549832
1190953
7920881
8237872
3873684
4855965
1389030
2701484
2880708
771842
8359622
1540800
7118679
5888862
950584
1569157
4742567
7942548
6874207
11862
3829990
3830849
5853393
4618190
7162713
5105131
4394337
6583200
4411131
2398699
2134061
259715
3950774
2902609
5047997
1220465
7122234
4356600
8740440
7279683
472596
191687
1691896
4995067
2543251
90991
7388084
1443792
5369129
4721479
2549317
7508058
8900647
1989788
4089744
3995806
3520456
1524499
4263918
6867417
177425
2517964
4173307
8049628
8763826
897232
8918752
4739418
7018696
1298337
6301730
5575311
2424031
756995
6975228
2109943
7868085
4128596
3997782
5161178
5375771
3193014
490521
1415365
1316596
2087212
7455147
1934126
7020409
1521149
5774125
8532229
3334146
4437346
2761454
1001662
5277039
3764434
7560005
4029694
5832016
6022978
6099134
6300345
5026832
1120367
1353019
5160826
5269460
6889375
7130488
3613647
8928962
4204846
5871700
8504379
2919308
6083311
7193381
672584
8864144
2453660
5426242
8918613
5579605
5600972
1043144
1635855
1109942
8415827
7235403
3085000
4223603
1433232
4410160
7964933
826185
4813858
7268566
5253139
8290409
2527765
8231885
2552156
5845640
2754866
6056265
221685
5074199
8019346
7412277
6132707
5429877
5255351
649039
1587519
7043266
1484627
1886130
1002889
8871174
6033059
302701
347404
8776489
232833
8882486
3258771
4065161
736828
2942937
1954957
1205951
6366866
2747398
2309062
106077
6004061
5187497
1142519
2892934
7055045
746801
8163389
471660
8931410
4556758
7064556
8670121
4601161
8271046
43445
2456373
6084438
3183618
2550775
4901305
2090759
7532523
4663036
1364724
1532892
6946227
2048583
1062100
2063879
234958
6571392
8546355
1737084
7378668
7994025
4094930
671207
2663828
6055540
140150
2147895
6754725
2290316
507049
1736966
8852781
3390673
7667714
2019249
8332569
3863266
6349162
6109576
3113023
3136624
4842185
2106682
2791455
3976313
3045155
7752057
6214056
7007008
5418047
1615339
8495573
128421
3001172
7408398
5781488
7358046
4855191
8708904
7150292
3936483
3506495
6183649
2231882
8290719
5813218
1814664
3375453
7312889
3813254
4459473
6900689
1200049
8842817
3801085
2385045
1288443
7602781
8686394
7303304
7576719
4282017
5757329
5339324
1060650
2805726
1154336
8360285
1322583
6019968
464459
2228522
4471618
3488941
7766722
8568528
8071426
941848
1779247
6612126
5450906
1121918
4402724
1057378
4074584
4824512
185682
2659794
279168
4893495
8613760
1208321
2573936
4706057
5498287
6492543
4368147
6092596
5865864
4497928
3896033
2063596
2315753
6159049
3325055
3625960
4074984
4922496
2339979
7436037
5779675
2190201
8883236
5827787
3969399
5875307
3245448
8209407
4967818
7721033
352088
4548352
229026
4262843
4668768
5548677
5470439
2488885
3900169
2866975
8280291
2283832
3671036
4701437
5770047
693602
1307961
5088844
6173787
841162
5523837
1073924
7250049
2651291
5975352
5604088
2002646
5978172
1496614
8067036
8135531
691213
3729483
3729114
3778750
4245634
7098825
8932498
6523343
6505604
5222850
1679639
4105437
6901404
4015215
1322643
7474123
172871
4267839
7833569
6153343
1176466
2460226
6735795
7229731
1190557
8071947
3457585
289811
6719510
8882469
839145
6432298
7312494
8648113
5178844
8297324
8452060
5770720
3268301
8719714
1294246
1785517
3221673
223019
7525358
1318032
4135710
6959040
4698746
1057238
7641318
8098701
1006571
8603328
6537428
3221726
8843404
2247148
5733630
679449
8122196
1967312
3220180
1514742
4932691
5232471
4071413
6342362
2920936
3423540
3796488
1868323
2672871
5616991
2100714
2318635
5328714
1821081
5683617
2207696
6656988
8959676
3920102
5834054
1727232
6812292
3827723
2468696
1996298
8380183
3768490
4926958
7004052
1063868
1523979
7848835
2253179
4439290
1039474
70759
4743333
4050540
6944619
1345701
6182190
1485899
1262990
3957789
1574896
5790594
6903917
567371
894501
4117266
7291901
2202252
136340
8361368
2401917
1340918
1100515
2967315
351549
5858794
3951654
2160518
2019511
3791606
327420
7664210
8039180
1541079
4712608
8019546
5179801
2014467
3316250
8764061
7812087
6990255
2158650
3446794
8192794
3298477
2999275
4642849
903633
5523487
1981491
3569221
8989560
6059417
8664184
982855
2808190
2037000
4909549
33452
8756243
851580
7257806
1775608
3420660
8912203
3660637
7767562
7019084
4338848
4287500
5770016
6722822
5924801
5120459
5660907
1158288
2443945
4316517
1249927
5337051
6032416
6396061
3532021
5030648
1697137
3897244
1630733
5933136
6433985
3553390
6811316
5455477
3469399
7723091
7066987
1464618
1217813
2596376
2700776
4330487
7120582
4235245
8791567
34429
5114421
5987516
2601338
5062490
8267000
2011444
8353523
5684254
5145299
2959658
5515551
213002
8932981
2783069
3986291
665699
7111874
3319671
8631574
5600006
8532341
1276360
4924199
6148262
7563598
4623320
7708113
7578111
2382027
7572769
4038426
2177609
6049152
1875250
1932781
6902132
7389159
4222960
7597302
5662806
967543
3831101
8705322
1061098
3556700
1222736
6750455
2203252
759426
3306339
3761016
5401453
7785609
292165
504343
8023907
2572718
6531699
2492267
2432968
1390658
1073159
7883101
3994880
8541248
6372009
6942486
2904226
248721
4877587
576578
6633998
5145962
8456992
1622502
3649915
7394048
2120999
235058
7898326
2646671
8800788
7818991
3085674
8410402
137998
5672096
6387066
7979009
421964
967118
1359757
5441007
1525380
2309577
8269547
6791731
6956122
8980821
6853016
5418325
3285494
7773974
7040834
3581258
6754886
7257676
3966646
5499917
3552658
7803074
6474609
2754869
2815558
1680442
6087308
1078712
7738227
5985562
482442
1424254
6285056
3819362
1593361
509774
1677155
2249026
1453168
4968609
1528806
248327
7374201
1448668
8855108
1711951
201776
1425402
1625285
8384468
5684293
729790
944727
2712752
4973963
3778538
4358874
5205199
2108075
6064451
4266098
6816324
2523393
1770603
4846686
3918348
2591553
5012501
1378616
3746788
4254264
2925238
1833554
8112458
6525761
6043634
3523807
1097120
467256
8254077
1894779
2073326
5884073
5836004
5232641
4372887
8033128
6965718
6573377
575343
182221
2526224
5092206
2568992
4209390
7130523
6406997
1447779
2383165
191676
8008089
6814693
8512441
5876197
6085916
6715191
1731173
7122765
1200505
8875066
615094
8435495
3812457
5306101
8392717
3190429
1250310
116265
3647869
2511965
6555546
3729914
27950
5412507
1210196
8879621
1699342
8000326
6505911
238233
3240377
6969680
8694978
5949018
3558558
8819126
647618
4391343
3430548
1899386
7607370
8249508
1331670
210898
7929224
6807339
5315018
2102563
6178323
7316139
8594055
5819369
5616696
1973270
5050375
8017726
3346078
3759011
7754656
5130121
906066
6650423
5913042
5971135
4779280
5985474
3713605
5045660
239038
1824853
5048011
2492435
7902960
6473606
2172073
5431516
1520867
3132281
1684096
2984759
422419
7382793
963714
391271
2367874
8383101
1153451
4159521
1833677
8195931
6355904
986149
8878559
5515987
3337191
5690756
7410813
7218838
1231052
8651630
5634487
5359662
3695040
6853058
2618663
298375
8341844
2184352
5842805
1646021
3140244
4301620
566537
4531685
1838749
4884391
4726276
3420452
6790459
6702733
1674229
1491650
3993505
1158256
2373296
1931599
1366728
4160477
4196522
2269005
7456514
754458
7996621
202314
3761681
792830
2095681
3477697
4745854
4463413
6927404
8070077
6421679
26896
5631143
2407495
2659429
1252182
3047913
3877638
8803104
2454359
8770723
4337452
3572557
968280
2765688
7290000
4723294
6987465
7063716
3421010
4929302
2855514
7911562
1407917
1669929
7467396
8566792
6428134
6421996
6730719
8787007
7446785
3443085
7659763
3639426
3925282
4800313
8263111
1540911
4785449
2154730
1121963
2317817
7524886
6641945
1300391
1122761
603276
6299905
3788971
4342856
5286551
8695055
986685
4232601
7811295
7315460
3108563
1198858
548463
6523414
3783187
4161874
497787
6272046
4612826
1234126
2704266
299024
7241106
2290683
7224507
2744092
3296718
8157800
1639203
5304863
8660478
3607596
7666549
6067797
6153584
7984833
3936561
4393779
5231430
8315386
3493083
513008
6418883
1711374
1390482
8428821
5553321
6292437
1925139
658830
6741554
1990977
734152
7356990
4717043
3544458
95313
6764082
1760695
5447835
3612467
1611325
610881
3478040
6866397
274453
6628198
1857909
1974124
6542135
4917257
1605885
7329922
5366858
1229875
8832658
4051815
3678930
2331694
6538178
7917305
8433724
8974790
7763543
7534738
7688825
8958887
1695016
5467516
1980225
4413529
6878792
7903376
51516
1609144
1666200
5944805
6479487
7886773
3402723
8592658
3286209
5985845
764135
1521835
8769801
5230229
2464941
4169279
7959429
1470607
3060715
5359001
2085292
2604110
2051107
6720235
8988677
8448322
3660639
4054852
5201327
1501132
639179
4471011
6179155
987809
594511
3942573
5548257
2912438
278045
4593902
7049525
8174609
216989
5049303
7058937
3780936
1518884
2468089
4221722
1799376
3401187
1238996
4245306
6447058
6033102
7085890
2983296
3700614
3404533
1200735
5729703
1576553
5941294
3195433
4440601
5506346
627062
666236
1640149
8964416
1397465
1375128
4469255
1666815
188607
4932019
1966832
523066
4290577
2291790
4387402
1253740
7506644
6449073
4066501
1136100
8954621
7212171
3066358
8771332
1850603
8926046
6169591
5729330
5732281
3187050
1550726
307871
7138428
1348108
1576339
190501
4077593
1498887
4113238
4887128
8808267
3337353
1323765
3532321
1716261
8342947
4257616
3969147
5622250
817041
682517
1619662
6022081
1308663
8187007
7892637
4906831
2707138
6485089
8080654
1016559
8410691
2364145
4955613
6926434
7809148
5279953
797203
126295
1973556
1325233
2181903
5976896
6976217
6047811
7731907
96869
8709744
7949536
222995
3316443
6004181
2051427
1447673
6469069
5288292
8990976
4813968
2224221
5142989
7760795
4390083
2462172
1811866
5677170
355826
6689283
6970037
263865
2398771
4866374
6054140
8792267
8584596
4848544
4950411
8743183
3119452
503837
3171984
3346985
8886926
905791
7220275
5667107
7615817
2234451
8174223
5444457
8557080
1505265
6187097
5429663
3630673
8564652
7641292
149353
7482929
2853367
7882841
1273968
8007396
1370827
7682601
5449082
2719298
67062
2811834
1040700
7886019
1920469
415015
2336294
1882755
1745965
1002598
7798295
856212
6613708
3148800
4885199
5867658
8800744
865222
2829387
2417481
1570708
2487234
8162521
8539678
8355857
3963287
4390950
8812563
7288047
4953241
8914567
2882457
7459294
4659669
3356174
8959890
1563052
4639837
4700995
6515584
378300
947647
3564540
1553841
5990473
2491020
4234190
7402580
8000391
3965576
5040060
7672903
2663295
2747376
235599
7908320
2286197
1383570
3381018
5002989
4748908
7370567
6329368
7790042
8955819
5283955
6923875
2622276
6798981
8873581
3173839
5467547
8377392
6005569
614242
7950367
8682541
8649201
7266828
5859841
2595971
1706553
781904
6123124
1498328
7352420
5294896
7492834
7989682
6853875
7131545
5635430
2905379
8042093
782554
8771408
4623253
494535
8999401
2659704
8700703
3429826
2041077
8304793
3716022
6694850
6351361
63824
6551252
6575564
485262
1649295
7303043
2269721
3417209
1534750
5882791
8132297
4099515
7632794
7166358
4981548
6793182
7073364
8107337
1581726
1918956
659404
2134707
4836963
4240981
5201708
2596885
6712490
3835077
97171
648617
4006930
2069510
1517397
6544979
7718691
1579496
8862106
3024296
3030045
1023572
4059912
5141631
5777658
6783721
7892695
5021133
8296991
6540778
2227773
2084835
1528223
8334144
7948098
4213420
893698
6703493
5660615
789936
6798208
6993587
7370069
4235240
7911527
2968619
3002935
818128
8972498
366306
2089347
5299747
4412477
885262
3355279
2848948
8656331
3176504
5404633
3794345
1528979
8263815
3118219
2958735
3066635
8205215
7053736
1466411
2272285
2477308
3420122
4077838
5643943
3054685
3580760
713007
1337066
272923
6829932
5175947
4713664
204431
5885525
3010807
3272657
2805488
1547648
1647831
5032186
3535585
2505194
2952860
2945125
3724866
4054858
5878337
6790208
8358148
2291847
779541
5271119
7378120
2053150
3504616
6747234
2605422
6141948
7300782
2294119
8576556
7713679
6713170
6546087
8388070
4607985
1215200
2565665
4284423
931408
3373099
8047052
6085270
3899058
5129062
2378049
8664773
8173473
5933172
3230971
8796708
151281
3779451
6648718
1201071
5338941
3610259
5021974
8889230
7042319
5999979
852821
752208
6593931
3235609
5708385
8725455
184600
6082962
7456430
6412526
355599
7111816
3723667
6067067
1932141
5583367
7660097
5639327
8111631
3802573
5240586
8183485
4195385
4204582
531967
8964910
6837722
8380255
492427
5307589
7748237
426534
372764
3701484
4289480
7980949
4462578
7062476
8910962
4779499
8739288
4715875
38685
6199043
3983028
2919436
7668312
5961097
1019099
8341221
4252370
7737977
8807305
1124902
8526334
7568857
904028
4971500
6207533
2294017
425695
6877427
7407058
2324180
7880212
3590602
3561247
3927461
6770130
946149
4817313
2791049
4177199
8112984
5959476
430715
5975293
8197970
4648153
4381129
2558842
5678799
3424909
6493437
432976
5769488
1546772
3024252
2450189
2237614
5635113
8590687
7108902
7845625
1121882
1106433
8377507
8821727
2382114
3315698
8812159
1799008
420278
1636579
6785113
2253129
4886319
4084778
6446598
2031635
1313039
7960720
3294532
2439793
2130568
6341602
3195815
8879646
6094633
7516905
3146027
8303348
529839
5206198
1584228
3073249
8857200
1757929
8709215
3458397
1223574
4734025
5123194
6840240
5775273
4397280
1217503
4878428
7146923
6374242
3010942
2750950
4304365
7063987
2555363
8550421
1098803
8718784
8000176
2815865
4627267
8174688
105073
5037694
6726320
263809
7828465
1643977
8278299
8373739
8822902
8351507
4365171
8289328
8590754
5310584
4961368
7835754
4265270
6392262
3741428
6444796
6423733
6952218
2743721
2424539
7944282
5210809
490597
2138137
519486
395290
8788677
7617955
1163431
8035342
6661524
6109479
7765190
7854469
5974555
1374022
7443194
6916197
4886078
1173802
4231077
5987783
3440208
5582583
1642955
2078150
2105047
5150527
7898993
456698
1439187
4368628
3354278
5640199
3166506
3818330
6694230
2484330
5056048
2577063
2105335
6199703
1894607
3796406
1786270
2003355
6663076
8503771
8529577
7873628
6545176
6370897
6880332
6577380
7044566
8852019
5508165
7866877
3549695
8196576
8303295
7270045
4492498
1414718
2112737
4448776
5683102
19970
2796982
5143914
5365288
4479932
4688259
8843467
3038433
3937740
8591641
3280121
444011
6120584
7788948
1786475
1783347
348889
8326791
3363831
5478268
4760648
3609794
5525228
4616653
3590040
4179177
1902027
7852850
5851699
2741419
5344628
2942778
2874841
6973807
8679282
4637017
5097535
3024548
5459254
6065793
1531929
8175928
6675464
5066510
1696537
1602715
913524
5830611
8509897
1703002
2850716
854541
1349690
1398437
970817
3980516
2776005
7014648
1663786
2954329
5736629
113739
6046110
5531071
4565625
1130796
5673059
7507521
4613346
8483832
2289663
7150296
2617696
2826887
8967407
7077529
7350202
7077409
1709930
7697854
6033258
5229891
1351944
6063422
3214832
6776589
8077597
4830377
6550455
1126237
247018
8700832
3564159
1764689
4716595
7042951
3671670
5569620
2986926
6768038
5843603
6385431
1736658
8230634
717658
5366627
4742972
2848949
6459500
8102908
1493228
4276840
2828280
2561688
4645624
3989874
2443155
2098449
2169899
5345986
5336878
6020670
2790424
8606978
3680149
4196490
3455138
6882116
7226532
5791529
6739305
7339200
2113917
1772424
4881712
4767071
4069769
3526712
1228334
559429
2750780
6095084
8340397
7573258
2228981
7651110
8978066
1680929
5638480
4914320
4050358
8783663
823912
5108781
3166455
8033331
4057111
2468890
6885451
3214571
3293919
3609075
2585136
6105248
3331003
1910773
5755385
8706406
3251018
5545445
5679607
2817797
6927921
8013513
6686149
1339233
6779870
8270004
4106868
5371266
646950
3257935
3455879
592402
8928830
4152968
5355649
5374792
5663318
5709142
3166123
6575473
8119237
6955473
5482037
1843296
2141865
1726432
2374012
1603443
7623820
5428717
6001188
6766136
4117100
5192334
6973246
2294924
7503348
637102
3539102
4213195
825365
8635560
1106468
2951580
3608265
3138746
2194273
6156256
1075789
8701747
4598721
6461646
5376422
7029910
3532142
6233012
5640766
2552635
1537721
3386782
8141426
2294328
8582886
1270318
1087769
3063185
2333736
4480866
2395442
997694
2981313
8288076
5192955
5768781
2937451
2743422
5005302
2905570
6460080
7486776
132759
4172781
6996987
5927320
4519976
4453768
3792037
6286974
1546464
4590080
5777511
5875595
315850
3458217
1370113
1990415
2767739
7940100
1162533
3027924
2574497
7940056
5129805
6180626
8837017
7838118
4392324
2913975
703290
8069546
5068072
3336148
1602967
5001407
6413341
8601
3464724
935769
2344290
5784977
5495272
6361824
7070435
3115795
1022961
3542898
2778893
2611361
5516104
4117451
3777277
5309351
7061674
1960355
7689757
4793762
7762550
4130428
8936939
246857
1337656
8247357
400708
7847514
7271975
7452515
5772689
1329057
4845610
8244995
4817644
4847636
1084357
2236790
2965238
3686393
524818
823215
7627124
4201354
5269282
1431483
7604221
3276062
1902834
35470
4881245
5985035
5108469
5427281
2655455
2493438
8675981
770350
5227407
5273637
6082481
155526
1418988
1300914
3403889
6586548
2662277
2819910
3561724
6428425
8921125
1444055
7699173
4114605
4034586
7776398
1592244
8573023
3751721
3771738
293555
137069
3606114
1579038
7155
4079993
6382474
3220665
4796365
885424
193012
7045448
6178059
8290522
8658956
374910
2714560
6728531
7851568
6741561
8144718
3906388
7456596
6692576
163038
3469823
891443
7174251
1356292
1895644
7171110
7681748
6802693
8674724
5078387
3189473
1009480
4016634
2908886
2912613
5232824
112610
2123151
1894342
3759770
8434764
4702208
4268575
5505864
5794555
3197351
2382194
7547973
4021471
1648318
3914991
7491657
5706832
2285375
6414450
7018808
487000
4350626
3889799
455006
3211328
6880902
971351
7035960
396760
1352271
8412362
7089341
2422078
3944284
5118874
8854009
8814766
2674473
6134871
2528915
1477798
3997526
1318801
4120997
8153906
7298548
7613389
3109880
8080424
7192039
8367659
3774451
85023
6220515
1270485
8781369
768380
4798204
8276548
4919059
2774601
6000759
694181
4817525
291818
4824965
6778145
4291369
6294012
4159300
3773466
6939301
2623341
8368593
622407
2231440
2904173
3397295
6039733
3870046
2082728
8171002
8528962
5444654
1378069
2566557
5337575
4705546
8542629
4765553
5190809
3568523
1088161
5643957
2259761
1507703
3788141
1877308
2340081
6613020
1654017
2858740
1019581
887569
7859569
170817
7751876
4770938
5478727
6454517
602582
1139021
2789892
711915
7373862
2634624
4158082
5062896
3569094
1718125
1620155
5351145
2968599
4364105
4913004
483534
4992520
5324752
4971621
7734908
1534610
7881397
6822799
5563491
7449223
539855
5089319
7577866
661437
1328836
4088946
1009155
1598421
5046186
4280575
8361317
4762572
8435590
6126027
2474497
701890
8528645
7609381
6804196
5356606
3406621
6332151
2532942
658977
929126
5040958
2691482
7671284
686386
544151
6344449
5421485
5989634
4515757
1464512
5597642
1529930
4772576
8263064
5878711
7305229
6708736
4304065
6322399
3436969
627743
8895788
2376386
4458521
2880620
1810532
5337212
2275816
5683586
2588942
2003238
2625846
4468322
5131128
8787616
1154926
8279977
2910107
1738102
579024
3835052
7234378
1381415
4351717
3418161
8565356
6311145
8477123
4403267
6708321
6207063
5912086
1272423
8734294
5714713
2925750
5905556
770291
5674808
5443984
8397756
534073
3880353
5769531
7528658
1084931
2062185
8773212
2673141
1814394
4460685
2646582
1427336
6099591
7048402
6965439
3529270
8051177
7719504
7545319
845328
7583724
5304790
725063
7286875
1767637
6149869
2387897
3471654
4313117
8968152
7058059
6297394
1740236
1647358
1768935
7726759
5840502
4698638
1211364
5943786
7078416
4495254
3661856
2908691
7109993
3462250
572796
4599588
10109
2732642
5094055
2389253
3625199
1206822
4588282
8919434
5784363
7143131
5203784
3457484
2636546
2835904
4874148
6231696
2465484
1347468
7833867
6360435
3107931
2417857
7549154
6011223
8311280
641390
1187416
1568398
3052744
3762890
5213968
7495979
2629836
7010800
6398609
4463395
4226169
1628223
7506921
7593538
8487612
7080849
5126336
6707519
7565027
5106042
5641126
5808464
1317849
8848509
5455362
8553650
3837053
7667386
3970732
4277353
7707300
616329
7603424
2710325
7169390
6572475
2728109
3958453
2772064
3398017
759044
6971575
3924724
8588433
5542844
497590
381465
2731196
1444034
7130209
2149510
5518169
6046252
6747385
1436683
5743029
1953533
155047
4785612
8315678
2711907
2500612
4065881
6861890
8113130
7547347
7771677
8183308
3841589
2048701
3166000
5869240
2897830
5207900
5718221
8645939
5519625
5012194
1165190
4119999
8762495
8687570
2176856
4971813
7930911
5535920
904159
2591114
2080007
2231561
8296379
500436
8929262
2078130
8461498
1044372
3791974
8714679
3569624
8770271
7401101
8161881
7887301
1832944
8081042
2952527
5695706
5167325
6366755
175201
8821698
1083902
4178543
202060
4206163
2492952
7118224
1064484
8779528
1778198
4727050
3024542
6312009
2412735
6733437
6029988
2630134
1429308
5984786
7310878
6948405
8417227
2110594
8682604
1966141
8510707
6812653
3080419
1999610
7635774
4123341
1456320
1763308
3198380
4704502
2911851
3364531
3933978
7879725
7401858
5212753
5902896
2414428
2339121
5662172
6637351
1273037
8418753
766236
6777669
5703707
8369169
1892113
1220942
1589306
1292869
3588992
40785
781443
773415
673748
7265795
7415681
3988340
631155
8414927
8100306
5373767
4161559
1793612
4978282
2184536
4595528
1456827
4869782
8984936
3433112
5914145
2817785
5223512
4606505
3631995
2220510
5908526
555290
2813998
8959773
6431583
1774189
6786641
8095704
5320865
7685318
4280687
1393580
4602164
3254757
6514949
5457034
2349181
533428
4535238
852555
3786013
439380
7203322
2762633
1152793
8802924
7320584
361748
1973713
3251064
7060971
4422307
4494132
1057602
6264415
8284015
2288691
7197159
3895974
6800937
5311361
4503145
1741519
4887847
2901965
6439177
389993
6088385
2256326
4325442
2635987
2488708
2725606
6984360
6164664
2542991
216887
622687
1464631
7784536
3598497
1736717
7760741
5976254
88941
3989012
4296665
8717835
7324819
7855531
4629102
488937
204523
8485472
2009629
8333252
1574732
3534141
416801
7301717
7016332
6046455
6498327
4100826
3349964
8651699
8961814
5870659
6771474
8504185
4201248
7125509
4845671
5135334
4882196
6667609
5779246
6693855
209149
5796599
4229070
7747344
6748438
4566154
5452305
2828675
439269
628768
3569402
8248191
452520
6285082
7250107
6377023
1509212
4411143
2820622
331479
3285265
5086522
1705824
323494
7240841
6357443
7310988
2915074
17137
4720482
6707708
4011148
7926946
7795468
4191853
4496670
8801936
5640750
2746640
5749604
3259789
1664090
1232479
4755396
7598187
5324487
266721
3497418
548472
4479856
3695998
4320169
1384088
2837327
1275880
6240578
6422747
8613308
859769
354126
4710865
5259322
4922752
6951766
8567700
8348668
1007373
1204514
1484189
2214179
3532742
4364355
5943941
8335892
4952381
3812756
5156737
2818640
4670982
455745
4881500
1218861
7702460
5861579
4655437
3532596
1792655
4649247
8232412
1133018
2545699
7226777
7036558
6293226
7644604
4152958
7642559
2240815
7250401
1913118
3954010
1821832
6520649
27949
2623226
5448629
8742875
8529143
3563764
5358722
289747
2041751
6894215
8487019
2443487
1725979
3665664
3936133
2052522
7155161
2199150
8387263
8550458
2223467
436231
559050
2803547
5399897
6534440
2796793
4438521
5256413
5550553
4548495
1604586
6861493
6045660
3435495
4598366
1637350
5581072
128584
3085795
3538959
380707
5140392
5176724
8547677
6318180
5886487
6791154
2803435
632182
7034297
8760031
7412231
8349656
8662087
4517790
5994930
8255441
5973380
7679956
5710674
7103345
5966008
1253677
3465897
1690002
5837767
420039
329046
6341252
1612464
4962901
1371835
4973386
5320549
1192181
2903840
5146110
7891046
733320
1790782
8603058
6063429
3228240
8744283
3649117
377384
4618468
5302674
7832874
4170990
5923241
7264784
8654879
5609165
5383255
3553844
4450367
8161923
1488140
7676148
2648917
7411284
8014601
5574379
6725445
1581904
1080984
8780757
5164286
22793
5926757
6926117
3923459
1615403
1123522
7836905
4230490
431529
3315228
4233217
4160409
5616339
2169233
7781305
7611217
95748
6609104
716518
4933805
3230862
8504575
7557127
2021634
2975939
1238400
7405505
8271668
7291737
7859938
4297114
6682569
3784339
1382660
8735204
941219
8278541
6713341
2511574
5147659
7058030
8710320
6827103
6105122
2737066
7515383
2917136
2604486
1551211
7285616
1213395
5438838
1419887
8177764
3671400
1989501
2464440
17448
5781829
1558592
6988674
8955035
4744928
835875
4635366
952429
853993
6592677
3872603
2639246
6258338
8421082
1720763
7055358
221021
6792696
7072336
4227314
2281031
5385954
2680756
2013214
5026047
3191137
2577255
6144335
7891152
7903960
6602196
3615268
6997509
6947270
5164648
6022988
443703
4601692
6378963
7963556
7581581
5357750
2894770
8212717
5321293
5296691
4034994
3686869
1187417
5013517
734676
6716192
6959933
2153936
1353236
5797525
4301013
7706970
2812114
4207433
4494802
8794804
3358828
1377700
5387198
422534
4346013
3440617
1419103
1548620
2236418
2101938
8701386
4100985
5472182
2103044
3422654
5860683
5583237
7440737
4344937
6178051
3409230
1551156
1101254
6562371
3435211
3207951
196491
2928102
6306475
677776
1236047
1828818
8184462
1900546
5897867
8555002
5455965
8671236
942778
1848662
5426772
1903861
6116264
4907766
1906738
7132303
2936756
2657755
8235657
2485214
8577393
8550356
7676040
3648592
8698660
7215687
597948
1535176
51193
5576150
2307439
8910547
3361718
8623792
8539644
2018442
8024601
4092627
7286454
4998611
5665741
346555
553395
8785568
4135915
7025988
5697373
3001099
1202682
446552
6910197
4720499
1824266
8618950
6397268
7235969
2005022
4787272
694196
6134066
5672419
510358
8479665
2646369
7809644
5392486
624472
8536938
3334619
7062474
1562794
1164696
7828997
683483
2294880
736292
5486851
6738584
184019
2595713
4535429
6614086
813990
6267325
438091
7818884
1256513
2415594
1087470
3612100
5238173
1249210
2933386
101393
3661329
6135260
2125863
2461910
4282626
800559
4203802
7861670
1300227
470716
411706
7526394
7673626
7526606
8110161
7887457
2105052
3988260
7159405
7371243
4085855
1687705
8754991
2573039
5735795
5387881
4838814
6278639
8545506
3731752
5882435
741728
32047
2364389
2729774
4543315
5945780
2644677
265561
2543533
8143092
3124859
8872930
4326855
1700988
6616949
4660512
6515679
7940247
7249422
8950786
2801731
6199445
7105543
3524544
6837843
3048723
7307495
4913253
1620569
1606927
3585154
4729042
323049
5913806
8974220
1914596
8708795
8702834
1994489
4576427
7853626
2204762
5017546
3166260
8935940
4555367
3472569
7177453
5475252
4373791
2899850
7500256
4689038
5690473
8129634
4599698
7231985
4718639
3638001
7885608
59690
723271
3650261
1148069
7921209
3743129
6513420
3850282
6960879
313098
8950344
3378021
1952424
2760089
1312761
6667427
8530101
5930417
6097702
8365600
5852327
25734
1269347
3516053
2182766
8263897
4102213
1214533
4782042
7402265
7994294
1927144
1888469
4629618
5199963
8330641
2876637
5107617
7215691
217213
4844335
1206226
1598189
198125
6119856
6103260
7054488
8918662
6215497
2429981
4474266
7610218
4999658
6205537
5174725
1780386
6388718
3427706
7710792
1101575
2647885
2059211
6959883
5816949
782137
3150106
4948917
4217801
7437145
3142709
221620
1705565
1508014
1976651
7403697
8104031
1792990
3990580
6362333
2228415
2990403
6292784
8469884
3367558
1472767
5166236
6890163
8426927
260624
4391252
6576753
4274151
3619525
8907403
5187155
1699382
5792235
8550063
5446680
4695556
8524791
7425415
6651835
7909439
2782873
8515949
7502890
16121
8095042
1137662
7089948
1782377
8015697
4264827
8801847
1527482
3052689
1312547
4685157
7750435
2302313
8209090
511827
7950820
4076182
4687005
3789780
6881798
8050600
4588326
2665537
4508779
1248530
6426333
1832773
4311959
2413180
3023229
8380963
6522449
652042
7436692
5245710
2952797
3831743
7215762
138118
6806048
1468265
8873074
1020021
5064060
6568689
482709
8723567
1427708
820551
5105434
1137241
7174781
2034186
8858617
1413670
4829998
3455748
1560638
4687635
1214315
6997564
5053851
3046199
6369986
1047
5502265
1293688
4591119
5518608
7838862
3632328
3225789
1169138
5053982
1730680
7058361
228305
8314934
1965022
986679
6104687
6327533
7624331
1934965
6753978
6631819
7621823
5289807
6560837
489458
3085590
7169335
5722088
4803046
5971037
5912445
341602
3388692
3901365
1401018
495275
2092543
3638279
5356572
7750442
5802417
6803250
2069936
1889906
6970174
6151996
2676363
3262613
3544637
8920041
2152169
1175241
201910
7733541
3602952
7724964
3072770
4055137
5123396
5176293
5466238
2418427
7632032
5300643
8012231
5906485
1297495
1705315
3786897
2809107
7606404
1640717
363383
1252439
930593
1794861
2340989
5884282
1886953
2259235
4429049
380178
3980616
6862748
6928625
4725332
8728424
7134482
3385437
6256346
7683700
8718262
7799869
7475299
4654935
4245051
6046382
4548356
6314018
983696
6726130
1053266
7676508
74073
3498622
1890245
5931955
374408
4937759
2314282
3128687
5849788
4312781
7421654
813650
7065325
7566209
2399500
314319
3300963
1417802
5459436
1925358
5258264
589069
5910340
7935628
1354465
3083011
6422182
4399676
7776924
8298334
2475002
8632009
2390032
6796662
8858618
1208352
4105030
3845911
2174715
2904061
1987
3006649
7420736
7270012
2520941
5394244
3650089
81280
801485
2866759
8070835
646926
8495534
7978086
7466005
2326061
4690370
6854318
7049168
300515
263754
1131370
5619065
7905520
6521153
7975754
7289626
1431584
679012
6921088
1314287
2572493
4266664
1837292
1468712
4127017
6334125
660487
5251996
5732411
5930317
6448765
4907063
6822200
7826091
6413267
1953522
1332543
6040414
2506667
6762140
4729699
3130254
5121593
5805268
8477806
6833860
6696790
1294599
5022189
3953709
1447216
7677941
4050500
3775514
3949862
444503
2160927
5108600
7994642
162092
5181213
3866836
7407367
4795420
5050472
696310
3117689
6889400
4274318
6464450
4409410
8448397
5840380
1853986
3084652
8862864
956088
3233846
2522765
3836538
3721069
1499561
3947269
4054971
3022168
3803374
6976341
5989640
8177605
1205224
2910311
2105777
1646559
7174562
1053918
4986681
