2498939
2501120
2500158
2500913
2498200
2500860
2502164
2500491
2497725
2498052
2500696
2499685
2500597
2499361
2499207
2499758
2498971
2500440
2497991
2500857
2499585
2499763
2500062
2500140
2500582
2500964
2502702
2501359
2501147
2500991
2498919
2499385
2499351
2498683
2500361
2498966
2498644
2499089
2499410
2499766
2498418
2499908
2498912
2500305
2499518
2501253
2500421
2499715
2499285
2499186
2499631
2499851
2500533
2500046
2500672
2500027
2499472
2499108
2499041
2499427
2499532
2498703
2500462
2497526
2499118
2501313
2501658
2499051
2498837
2500148
2499192
2499880
2499392
2499712
2500885
2500071
2500958
2499052
2502023
2498493
2501555
2499725
2500220
2499799
2498784
2497980
2500517
2499336
2497904
2501012
2500755
2500943
2501193
2500110
2499506
2499310
2498306
2499993
2500988
2499643
2497802
2502810
2499110
2500813
2499673
2498743
2498779
2500112
2499610
2499932
2499833
2501063
2499734
2499269
2500752
2500435
2500189
2499923
2501141
2498870
2498427
2499882
2499693
2498634
2500580
2499765
2498945
2498828
2500293
2500868
2500994
2499675
2501041
2498414
2499564
2500723
2500651
2500635
2499103
2501131
2502821
2501646
2499947
2499678
2500532
2496358
2500042
2500448
2501610
2498188
2500876
2500463
2500454
2498704
2500083
2501201
2498251
2498715
2498875
2499945
2500955
2502495
2501289
2501988
2499132
2499111
2500292
2500160
2501250
2500741
2500240
2499279
2499376
2501577
2500156
2499943
2500495
2498256
2497945
2500809
2501210
2501361
2498075
2499066
2499879
2501746
2499925
2502195
2500162
2499684
2500961
2500215
2498396
2498008
2500012
2500878
2499788
2498853
2500592
2499895
2499795
2498814
2502080
2501543
2500829
2500360
2498242
2501106
2499933
2500245
2499870
2498798
2499660
2500859
2499637
2501316
2499811
2501801
2501416
2500060
2500939
2499348
2499953
2499149
2501346
2500687
2498802
2498932
2500126
2499536
2500663
2498946
2499163
2498435
2500836
2498742
2501142
2500232
2500228
2498574
2499668
2498255
2500223
2501628
2501047
2499567
2499976
2500688
2498158
2500135
2498979
2498712
2501281
2500853
2499271
2501189
2500094
2499896
2497755
2500142
2502384
2500125
2499900
2500388
2498942
2498976
2499985
2497697
2498639
2499058
2499265
2499119
2498648
2499373
2499445
2499690
2500548
2498519
2499955
2499247
2499036
2497385
2500313
2499349
2499559
2498284
2500136
2498859
2499047
2500526
2501188
2500581
2500609
2501209
2500474
2501791
2500132
2498817
2499516
2500019
2497929
2500235
2499802
2499350
2498650
2501082
2500645
2499533
2500515
2499123
2500106
2500273
2500161
2501291
2500604
2499805
2498267
2498241
2499446
2501171
2499915
2499583
2499104
2500204
2499139
2498975
2499898
2501238
2501306
2502654
2499702
2500298
2502698
2500840
2500251
2500276
2497422
2499664
2500128
2500438
2500872
2501428
2499832
2498630
2500234
2498812
2502435
2501573
2500272
2499566
2500051
2499464
2498252
2500093
2501485
2499954
2500571
2501288
2499621
2501242
2498785
2500735
2499000
2500996
2502248
2501375
2500383
2501792
2500401
2500618
2498994
2502032
2502599
2502152
2499387
2497643
2500544
2497901
2499809
2498991
2500788
2498552
2498658
2499817
2497761
2498831
2499383
2498930
2499981
2499021
2500738
2500295
2498337
2499681
2500129
2499655
2501339
2498921
2498090
2499650
2499524
2501937
2498686
2499315
2499329
2500447
2499302
2500907
2498625
2500301
2500897
2500314
2498391
2501107
2498890
2499578
2500648
2500637
2499970
2500370
2499572
2500178
2500428
2499438
2498258
2498508
2499836
2498815
2500968
2500718
2500405
2498623
2498322
2501007
2500995
2500120
2501129
2498908
2499312
2499489
2498594
2500380
2499855
2500790
2498065
2499343
2500701
2500708
2501056
2498156
2499803
2501026
2497185
2498520
2499856
2500665
2498807
2501229
2501680
2502374
2500024
2500171
2501321
2498006
2499987
2499983
2500020
2500084
2499599
2500726
2499988
2498431
2501429
2499732
2501848
2501069
2499682
2500253
2499995
2501711
2498262
2500433
2499771
2499928
2501402
2500422
2499602
2500459
2502587
2500434
2500570
2498317
2498524
2500674
2498887
2500844
2500880
2498488
2500250
2499408
2499696
2500214
2499663
2499541
2500450
2500365
2501019
2499374
2499757
2498167
2499230
2499994
2499883
2500458
2500319
2499849
2499090
2499614
2498290
2499542
2498997
2499588
2499546
2499881
2501360
2500352
2500920
2499989
2499707
2501689
2498575
2500122
2501332
2500275
2500029
2501419
2499613
2500244
2499345
2498107
2499661
2501071
2499016
2500081
2500218
2500116
2498846
2500803
2501311
2499991
2502607
2499845
2499624
2500320
2498965
2498937
2499918
2499635
2500549
2498024
2497805
2498764
2500486
2500194
2498571
2499853
2500511
2501039
2499561
2500780
2500015
2501582
2500558
2499448
2498007
2501059
2500153
2499480
2499294
2498475
2500501
2500047
2499318
2500107
2497721
2499727
2500155
2501143
2501283
2499442
2499213
2499096
2499166
2498633
2498556
2501263
2501099
2499209
2499493
2499246
2498681
2500392
2499305
2500595
2501970
2499401
2500457
2497507
2500753
2499878
2501167
2499080
2498980
2498149
2500505
2498512
2499386
2500294
2500881
2497984
2499658
2499892
2500556
2500202
2501427
2500473
2499581
2500567
2499094
2500673
2499902
2496347
2500329
2502323
2501822
2498272
2500874
2499611
2499134
2498843
2500453
2500540
2501134
2501005
2499059
2500742
2498048
2501634
2500749
2499717
2498540
2501187
2497448
2499525
2500325
2499888
2500914
2499418
2500028
2499229
2499871
2499159
2498924
2501077
2502126
2500188
2499784
2500584
2500998
2498245
2500802
2500037
2498616
2500602
2498640
2499035
2499555
2502155
2500921
2499768
2499252
2501088
2499297
2499175
2498498
2500296
2499126
2500935
2500269
2500695
2499814
2499889
2499874
2499840
2499600
2498910
2499201
2502399
2499550
2500877
2500117
2500922
2499211
2498790
2500192
2499221
2499290
2499846
2500863
2498474
2498078
2498593
2499951
2501160
2500376
2499948
2500304
2500854
2499697
2499570
2501450
2499042
2500056
2499612
2500211
2499618
2502012
2501207
2501592
2500159
2500216
2499535
2500139
2501073
2501949
2499013
2501208
2499509
2499403
2499421
2500949
2500565
2498734
2498437
2500791
2498227
2497664
2499656
2501211
2499662
2501135
2499031
2498879
2499526
2500411
2500684
2500773
2500514
2499901
2499558
2498907
2499800
2498369
2500327
2500164
2499422
2499548
2501153
2501070
2498620
2499151
2498413
2501448
2500324
2500340
2500983
2501020
2499852
2501533
2498628
2501649
2500598
2500817
2500523
2498103
2498738
2501046
2501230
2500538
2502078
2499979
2499484
2498769
2497671
2500478
2499920
2501206
2500008
2501514
2499154
2501613
2499683
2500566
2501782
2497775
2499906
2498827
2498578
2499777
2498390
2500124
2499733
2498407
2499762
2501590
2500561
2500091
2501855
2500588
2499034
2500589
2498347
2501548
2499261
2501707
2500291
2500911
2499437
2500926
2500980
2499514
2500247
2499217
2500984
2499622
2500484
2498497
2500615
2499646
2500309
2498748
2500634
2501258
2499428
2500414
2500053
2499222
2501213
2498985
2498949
2499127
2499687
2500971
2500424
2499120
2499384
2498872
2500303
2500330
2501090
2500669
2501200
2499277
2499164
2499218
2500806
2502436
2501709
2500811
2500003
2501961
2500267
2500436
2499156
2501566
2500632
2500384
2500739
2499436
2499665
2500475
2497630
2500371
2499267
2499306
2498981
2499640
2500587
2500096
2499520
2501225
2500731
2500130
2501146
2498778
2500539
2501384
2500025
2499556
2500608
2498724
2500287
2500038
2498888
2500748
2500864
2499176
2500690
2499723
2499380
2501686
2500689
2499282
2501276
2498412
2500288
2499941
2500737
2500144
2499393
2498042
2499704
2500090
2500002
2498986
2498736
2500704
2499327
2498521
2499180
2502074
2500787
2500705
2499355
2499669
2498294
2500469
2500896
2499468
2499565
2498517
2499412
2500610
2501456
2500239
2501348
2499603
2499563
2500403
2499608
2501331
2498816
2500969
2499912
2498950
2499789
2501603
2498302
2500075
2498346
2499270
2501108
2501474
2500875
2501733
2500616
2501747
2500613
2501350
2500321
2499512
2498324
2500729
2500354
2498978
2501468
2499142
2501562
2502325
2501739
2498904
2500190
2499173
2499226
2500471
2501441
2499039
2500479
2501214
2499710
2500393
2500599
2498379
2499982
2500627
2500030
2500720
2501329
2501624
2500903
2499531
2500085
2497847
2499586
2499744
2498328
2499653
2499966
2498483
2500630
2498744
2499580
2499961
2499431
2499326
2500487
2498694
2500593
2497732
2499479
2501824
2497965
2499153
2500467
2498915
2499764
2499812
2500562
2497848
2502319
2501300
2500193
2502805
2500176
2498989
2500264
2498589
2499396
2500141
2499699
2500866
2499430
2500893
2499465
2501411
2500530
2501227
2498283
2501157
2500909
2500606
2498264
2499686
2498615
2500200
2498885
2500930
2498325
2499776
2501386
2500769
2500873
2503200
2499549
2500363
2501452
2499540
2503073
2499604
2499129
2500173
2500655
2500097
2499934
2500101
2499905
2500206
2501122
2500257
2499504
2498787
2501918
2499545
2499125
2502206
2499720
2500898
2498876
2500601
2499116
2500067
2499619
2499454
2498463
2499449
2498222
2500867
2499647
2500557
2502232
2501472
2500978
2500985
2499456
2498410
2499807
2499242
2500482
2499798
2500812
2499752
2498826
2499255
2499962
2501215
2498811
2500797
2501609
2498984
2499761
2499919
2501244
2499266
2498139
2501462
2501028
2500249
2501366
2500963
2500481
2500299
2501475
2502351
2498996
2499866
2498560
2500871
2501269
2500412
2501202
2499745
2500879
2499314
2497076
2498534
2499296
2500785
2498033
2500242
2499097
2498709
2500007
2502148
2499839
2497753
2500375
2500504
2500255
2501271
2500502
2498906
2499057
2500560
2499722
2499607
2500339
2498925
2501266
2501087
2499147
2499641
2499709
2501185
2501759
2500404
2501241
2500045
2502224
2499140
2498579
2500439
2499864
2499913
2499741
2499432
2499808
2499411
2501254
2501280
2501865
2499174
2501608
2499248
2499527
2501990
2501015
2498880
2500021
2500541
2501835
2498718
2499102
2501440
2501925
2500960
2499287
2499457
2499568
2501489
2498030
2501781
2500451
2501378
2500134
2499942
2499205
2500395
2500553
2502292
2500529
2498461
2499865
2500693
2500619
2497935
2499986
2500744
2500077
2500416
2499467
2499073
2500229
2500641
2500915
2499975
2499876
2501511
2499458
2500332
2500743
2498544
2501374
2500316
2499461
2500839
2501203
2500052
2499553
2499317
2498673
2500962
2499135
2501800
2499143
2500086
2499861
2499283
2497573
2499894
2501694
2499819
2499353
2498300
2501677
2501105
2500711
2497864
2499433
2499730
2501347
2499801
2500367
2498577
2498514
2502592
2501887
2500670
2499309
2499813
2500413
2499341
2501199
2500181
2499910
2499691
2499999
2500355
2499095
2501551
2501967
2501554
2501100
2500119
2500970
2498646
2500351
2502222
2499067
2498829
2499379
2500494
2500034
2498886
2501655
2499760
2502464
2501328
2500814
2499850
2501226
2501314
2499842
2499332
2499508
2498429
2501392
2500525
2500399
2501085
2499304
2500576
2499105
2500082
2498855
2500499
2499598
2500391
2498554
2499026
2500111
2498953
2501365
2500638
2502010
2501745
2502104
2499003
2499829
2501500
2499590
2499786
2498983
2501368
2499122
2498762
2498661
2500895
2499224
2499307
2500402
2501650
2498010
2500432
2499592
2499368
2500243
2499391
2499502
2498446
2500172
2501170
2496891
2498444
2500745
2499815
2498836
2498601
2501594
2500578
2498766
2499922
2500918
2501480
2501351
2499466
2501031
2500546
2500838
2499551
2499076
2499867
2500647
2499346
2499485
2500722
2499497
2499652
2500026
2498485
2501408
2500302
2501323
2500279
2499416
2499769
2497647
2498371
2500396
2501556
2498995
2498638
2498923
2500489
2500702
2501277
2498564
2498261
2498909
2499146
2498998
2499748
2499530
2500286
2499439
2501051
2499409
2499324
2498355
2500323
2498110
2498678
2499917
2500168
2500389
2500068
2499946
2501115
2500694
2500972
2499030
2500259
2501982
2499724
2499273
2499916
2498917
2500507
2498113
2500850
2501245
2501180
2498600
2499666
2500456
2499780
2500510
2499286
2498861
2501078
2499227
2502120
2499719
2500437
2498201
2499973
2499659
2499569
2499395
2499131
2500213
2499547
2500762
2498903
2499471
2499779
2499018
2501684
2498360
2499818
2500430
2500650
2500543
2500676
2501740
2500133
2499645
2500678
2502329
2501996
2502030
2499402
2501164
2500740
2497514
2501076
2500946
2499778
2498174
2499830
2499014
2499893
2501192
2500013
2498495
2501262
2499476
2501152
2500677
2500195
2500452
2500483
2498777
2498727
2499544
2499924
2499320
2499413
2501128
2500852
2499837
2499490
2498609
2499190
2500102
2499806
2497836
2499695
2498214
2501752
2499847
2497593
2499109
2499212
2497737
2501148
2500344
2499992
2499958
2500369
2502316
2498618
2500246
2497784
2498789
2500522
2501668
2498562
2500643
2501434
2499625
2500406
2500409
2501061
2500775
2499065
2500861
2499141
2500536
2499372
2500954
2501235
2500827
2498550
2500121
2501382
2499215
2502368
2501220
2500127
2499220
2500031
2502605
2500419
2501055
2499959
2501497
2499911
2498922
2500187
2500819
2501435
2500182
2498717
2499816
2499228
2499170
2501742
2498308
2498084
2501418
2501234
2500577
2501876
2500976
2502171
2499172
2499980
2498526
2500636
2500884
2500170
2499605
2498809
2499538
2499773
2500664
2499899
2497850
2499824
2500524
2498835
2500108
2498099
2499775
2500199
2499284
2500347
2501523
2499749
2499930
2499339
2500765
2498415
2499790
2499451
2499330
2501145
2501298
2500143
2500956
2501223
2497750
2500358
2499716
2501217
2499482
2499453
2502797
2501066
2500163
2501417
2501484
2500353
2500583
2499079
2497966
2501491
2499258
2499360
2500800
2499938
2502947
2500518
2502184
2498341
2498451
2499632
2501425
2501050
2500318
2498883
2500061
2499968
2499721
2501029
2500079
2499308
2501030
2500807
2498768
2500586
2499971
2499425
2502180
2500948
2500317
2501075
2498881
2498210
2499885
2498068
2501993
2501239
2498608
2498335
2499797
2498178
2500759
2498532
2501264
2501299
2499738
2500241
2501252
2499328
2498889
2500472
2501260
2499124
2499582
2497474
2500870
2501116
2500464
2499753
2498733
2498878
2499274
2498663
2501219
2500957
2502101
2499554
2499236
2498491
2502221
2500822
2499152
2499359
2501161
2498701
2499626
2500938
2499616
2499596
2499735
2499171
2499081
2497624
2501821
2501648
2500699
2500776
2498825
2498471
2500343
2498170
2499969
2498460
2502190
2501286
2499424
2499494
2499177
2502268
2501833
2500131
2501032
2498467
2500862
2498334
2498751
2500311
2500574
2498823
2501490
2498611
2500975
2501685
2500792
2499537
2498220
2500137
2501043
2499199
2502480
2500374
2500271
2499322
2500055
2500039
2499276
2500712
2500041
2498894
2497608
2500076
2502191
2500477
2500368
2499804
2500078
2498465
2497607
2502255
2501038
2500073
2500497
2501385
2501690
2500691
2498228
2501114
2500547
2500345
2501126
2501173
2498551
2500713
2499630
2500706
2501919
2500628
2500607
2499868
2499250
2500728
2499338
2499792
2499093
2499935
2501194
2498400
2499522
2500322
2500407
2501137
2501432
2500767
2501279
2498749
2501476
2499117
2498219
2498179
2500191
2499136
2500315
2501274
2501240
2499921
2499260
2502776
2499909
2499767
2500888
2498097
2499342
2498189
2499796
2501340
2501391
2499083
2500959
2499844
2500509
2498722
2498710
2499714
2498235
2500109
2498492
2499382
2502457
2500230
2501875
2500733
2500891
2501172
2500564
2500681
2498637
2500725
2499417
2501205
2500069
2500657
2501736
2498029
2499366
2499944
2497760
2499193
2500167
2501682
2501058
2502914
2499278
2500252
2500203
2500307
2498327
2500932
2497964
2499972
2501657
2499634
2500152
2500151
2500519
2501837
2499877
2501696
2500843
2500087
2499952
2500551
2500263
2498419
2501976
2500736
2498728
2498168
2501334
2497375
2501616
2500931
2500417
2501478
2498705
2500506
2500820
2501104
2499077
2499256
2498536
2500274
2499148
2501259
2498535
2498713
2500258
2500858
2498331
2501011
2499483
2498657
2501004
2499072
2498791
2500626
2498382
2502075
2500441
2499978
2499011
2500080
2499519
2500849
2497626
2498312
2502927
2500516
2498196
2499503
2500227
2498509
2499429
2501615
2502061
2499950
2500366
2498140
2497564
2499591
2501699
2499679
2500732
2499444
2499288
2498943
2498679
2501297
2499644
2498707
2499099
2500065
2501797
2500394
2499838
2499534
2498647
2501376
2500653
2498003
2499381
2499161
2500774
2499560
2499552
2499998
2497796
2499728
2498729
2501605
2500197
2501001
2500902
2499352
2501470
2499957
2500032
2499299
2500427
2500784
2499470
2501670
2497621
2501454
2500697
2500465
2500642
2498487
2501692
2501770
2499219
2500328
2500233
2501501
2501113
2499367
2500184
2500660
2500443
2501735
2499295
2498860
2500568
2498293
2500100
2500205
2500804
2500986
2499075
2501053
2498479
2500537
2498972
2500590
2500940
2501719
2499487
2498893
2498933
2500092
2499711
2501889
2500138
2498864
2499657
2498053
2498871
2499513
2498848
2501295
2499491
2500348
2501390
2501102
2499434
2498820
2500400
2499223
2499390
2497996
2499460
2498424
2499960
2499977
2502049
2497956
2501212
2499705
2499651
2500397
2501371
2498780
2501111
2499708
2501965
2501695
2499347
2497660
2498613
2500260
2501163
2501922
2500498
2499162
2499044
2500832
2499184
2500123
2497812
2499331
2500418
2500378
2497368
2501096
2500795
2501858
2501706
2497749
2497406
2500146
2501013
2498388
2499939
2499375
2498990
2498920
2500033
2501766
2498231
2500675
2499188
2498740
2497804
2499070
2499539
2502089
2501891
2501505
2500919
2499362
2500527
2501508
2499459
2499726
2497962
2498339
2498558
2498513
2500058
2499903
2500692
2499609
2501877
2501510
2500310
2499233
2498545
2500300
2501521
2500185
2500442
2500614
2500680
2499244
2501008
2499597
2498821
2499399
2501477
2500833
2500890
2498781
2497871
2500714
2501054
2501532
2502601
2501072
2499232
2501021
2498688
2498865
2499478
2497907
2500992
2499022
2498194
2500198
2501482
2500805
2499200
2499405
2499587
2501679
2498590
2498610
2499187
2500385
2497379
2500659
2499064
2500766
2502281
2501806
2501233
2500342
2498368
2498711
2499195
2497253
2498349
2500815
2500851
2499759
2498916
2500901
2500500
2498926
2499743
2500009
2498675
2501550
2500248
2501464
2500174
2498884
2498585
2500760
2500254
2499029
2500521
2499263
2499936
2499251
2497166
2502007
2500554
2499389
2500942
2500183
2500118
2501795
2499670
2501144
2499510
2500824
2498417
2500488
2499130
2501109
2500207
2501232
2498314
2500892
2502270
2499243
2499377
2498277
2501748
2499319
2500924
2498806
2500283
2500445
2500088
2501370
2502112
2498597
2501110
2498173
2499364
2500573
2498125
2500415
2501312
2502271
2500177
2501498
2501828
2498962
2498580
2499984
2500359
2498745
2500040
2501457
2499477
2501688
2501569
2500446
2500387
2500799
2500818
2497876
2499495
2498782
2501024
2501595
2501389
2498752
2501355
2500063
2498882
2497762
2500826
2499623
2501149
2497879
2500180
2498767
2500591
2499649
2502083
2499648
2500652
2498276
2499620
2498891
2498464
2499354
2498631
2499828
2500535
2500014
2498586
2500372
2500444
2499486
2500036
2501155
2500928
2499595
2500794
2500157
2498605
2498208
2499203
2500801
2499754
2498750
2499823
2500585
2503171
2498776
2499038
2499238
2497710
2498936
2500262
2500186
2501251
2498627
2502737
2500023
2500282
2502523
2500429
2500555
2501352
2499165
2499137
2499363
2499627
2500512
2498970
2501691
2501325
2501568
2498674
2500210
2501362
2500150
2501166
2499106
2497717
2500231
2501495
2499739
2498951
2500905
2499688
2499521
2500886
2497791
2499183
2498968
2499671
2498706
2501084
2502128
2500837
2500054
2501421
2499443
2500912
2499370
2500798
2500666
2500823
2497572
2498804
2499781
2501198
2499606
2500620
2499202
2501430
2497071
2497701
2499886
2498198
2498747
2499291
2498841
2501583
2499834
2497652
2497631
2498775
2497799
2501471
2499249
2501723
2499890
2498931
2501731
2501715
2498529
2499772
2498484
2503169
2497806
2498854
2498445
2498680
2498190
2499298
2500951
2499225
2499463
2499160
2499365
2500945
2500098
2498788
2501458
2499787
2500466
2499358
2500420
2500623
2501132
2500686
2498697
2500965
2498622
2498546
2499825
2498386
2500377
2500217
2499289
2500048
2500621
2498796
2502352
2496995
2499404
2500362
2499344
2498992
2500057
2500727
2501914
2501838
2501282
2498506
2498938
2502025
2501625
2501014
2499543
2500043
2502660
2499990
2498014
2500356
2499133
2500508
2500001
2497981
2498093
2500900
2501638
2499150
2500398
2501221
2500779
2499167
2501405
2500825
2500662
2499929
2499333
2500830
2500493
2499873
2498273
2500685
2500947
2499577
2500847
2499069
2501248
2499672
2498839
2499794
2501724
2498857
2500848
2500917
2498629
2501195
2500631
2500596
2498669
2498356
2500346
2499810
2501010
2498792
2499831
2498296
2502129
2501854
2497416
2498666
2499024
2498523
2501139
2500734
2500756
2499740
2499300
2501268
2500927
2502344
2498015
2500350
2498862
2498313
2501589
2499574
2498319
2501591
2497394
2498281
2500145
2497886
2497445
2498869
2497566
2500099
2498977
2500010
2499872
2500011
2499113
2500974
2502358
2499056
2501097
2499234
2499357
2502499
2497729
2501404
2501991
2501081
2500559
2500990
2499440
2500834
2500552
2497919
2499098
2498918
2499617
2499340
2500066
2497862
2500856
2500333
2499082
2499755
2500277
2500208
2501644
2498960
2499884
2499253
2499848
2499827
2500679
2499505
2499742
2500981
2501493
2499843
2498340
2497825
2498038
2502425
2499155
2501349
2501098
2499281
2498818
2501049
2502161
2499275
2500937
2500855
2498643
2501606
2500633
2501380
2500285
2499931
2501948
2499100
2498398
2498783
2499054
2500758
2499158
2500534
2498702
2500611
2499293
2499101
2501528
2502971
2500341
2499891
2501016
2498402
2501068
2500104
2501704
2498344
2499997
2499268
2500789
2501357
2500542
2501956
2498041
2498505
2500835
2501002
2498009
2497501
2498399
2501459
2501296
2500005
2499028
2501700
2501631
2499820
2499940
2501932
2498274
2500899
2498934
2498905
2501778
2501576
2499398
2499053
2500973
2498929
2499689
2498367
2499692
2497605
2499529
2501184
2499179
2501158
2499703
2498868
2500575
2498421
2498612
2498999
2501998
2498476
2501017
2500455
2501322
2501287
2499262
2499033
2500201
2500629
2499750
2500335
2501048
2501819
2501373
2501953
2500470
2499115
2498553
2501410
2501935
2500381
2500236
2500169
2498433
2500219
2500925
2501326
2497944
2497994
2498436
2499835
2498928
2499241
2501629
2500166
2501570
2499316
2497979
2498935
2501869
2498873
2501986
2499214
2501190
2501186
2502002
2500700
2498824
2501600
2499965
2500710
2501911
2502333
2499061
2499500
2500624
2499956
2498797
2498716
2498892
2501216
2500612
2501103
2500770
2498913
2499264
2498260
2498091
2499005
2500979
2499189
2500496
2497565
2500461
2499194
2498763
2498354
2498073
2498581
2501702
2498182
2498203
2498799
2502364
2501393
2500904
2501564
2499729
2501257
2498026
2502174
2497815
2502084
2500334
2501542
2499579
2502067
2499027
2500196
2499481
2500908
2497516
2501140
2498746
2497274
2497400
2498031
2500364
2500379
2502077
2501045
2498819
2500016
2501023
2501265
2501270
2502050
2501403
2502930
2499017
2500982
2499112
2497801
2498384
2498477
2501623
2499280
2501044
2498070
2500338
2501534
2500114
2498969
2501092
2501178
2501827
2498636
2498449
2501305
2501256
2500730
2498755
2497646
2498760
2497648
2502055
2499731
2498496
2498604
2501581
2500639
2499206
2500746
2499785
2498563
2498381
2498867
