4874735
2519320
3431998
3190604
528400
3196101
3372888
1006374
179374
2961818
2776557
2396751
1624050
3161714
2787181
2277303
938534
3377070
1485053
856336
2120608
2597606
1317996
4069452
3583713
3831046
2191003
1282362
2137404
92112
2176588
1604844
1502270
4532443
2610042
1986076
486980
1217308
1004242
2800822
3436774
220677
3466219
1442248
645326
1679391
4866699
885174
1766463
1774831
1815299
572688
759234
2330286
1579482
3843055
1842206
4748536
4333076
2996871
1908833
4383115
1699972
3372330
2990696
2091293
2107567
4769356
4425970
588171
1881019
3004390
1671055
730713
862173
2537700
3497371
1435328
4554162
3301523
3649275
2123770
4437052
3292512
372987
3939274
2365116
2397580
785357
4020630
479850
1196434
3115951
3478250
1255934
1599980
2258351
3307932
4648373
412494
3820967
1274160
1451144
2628541
2602324
3860116
3451991
3642558
2561074
190840
4057192
1736474
2455608
4812522
601056
4380913
4411065
3923527
640163
150416
3842969
1306141
596862
4125021
2740266
4434747
3247497
1640928
1348730
2071162
3567980
4368178
779607
2223307
406714
1934660
2467752
2289176
1757042
3427798
1871013
4386102
2370384
329125
2256001
1093699
3443696
1165943
1318255
3202759
4742086
141275
2951845
3175857
2973764
2265302
4222962
222351
484952
1978430
4061122
4036672
776077
948324
4702201
259498
3165319
4006456
2370747
3366045
3269364
4509255
319713
2873530
3018657
212897
832979
566028
1244608
1077003
3510846
4411138
2382238
1068257
163083
1814594
29268
744942
1333683
3050659
558746
3172046
2403559
4086428
1204702
2468323
4062789
3690325
2931289
797434
946559
1532005
1514016
2238661
4049131
2265210
90356
4504011
1162093
1854884
4684861
2351503
4834100
3997286
238980
1669456
1917765
4720420
4243733
3021711
1463815
3068487
2249865
4568921
4750840
4388099
985697
3925113
3695311
1170550
1031767
4518731
2758179
3535500
1992081
1297863
2228488
2533383
4363415
2096054
3371645
2903436
1214858
1268004
1750254
4567028
3486226
3456454
2923729
323869
838445
192228
3335446
2370198
1869
4384160
3452191
4602369
1387154
112487
2216635
4947672
140638
3910064
425140
4025796
4486616
1031555
1194485
167092
838752
181199
4099953
290912
337960
1646134
3330414
2663687
4010265
1403395
4123870
2758212
4797774
4357122
1206547
1032873
3151347
439075
1950886
3515710
2735057
3398517
336505
2383010
4062389
2687778
3402575
4961113
4567042
3872265
3064867
1816994
1627045
2732154
2167753
2750076
880577
4419796
513077
1038494
2237718
44133
1529928
4119394
2920371
4839817
498920
1036532
3986718
387463
414657
980852
2555883
4801483
1305939
1746520
354669
943745
1938659
2468656
525477
4463939
1918919
3974860
134741
2151087
1566532
1783491
2292168
3851569
2142496
331479
2561077
3467562
4568054
3099865
3174612
2633083
3046793
3539096
1296443
520016
2632194
4570323
2418606
989446
4251121
3728843
98057
3631909
434912
2763389
154751
3659630
169060
2326810
2812933
4612869
3303005
2317241
2106073
988472
863243
2200960
3803268
2939019
2950748
3541143
424381
4973887
3925060
2788995
2275920
393492
65488
2724701
4247688
4650801
801551
3589298
1180877
3220554
624492
671744
3092589
2737671
814908
1532566
3579191
284612
3415959
1329773
2540645
4020565
3057395
3621946
2305720
87885
587903
4346509
3730139
3897912
2115558
2134896
315118
4792829
2216665
4577844
2104448
2075362
1669108
1719703
2119806
4279420
4932727
4576224
3133222
250232
1807194
525698
3964360
1653514
1160450
3800784
2209575
1051619
569466
549164
4169092
3259514
665265
4454110
1385427
726915
4386096
561737
265016
4710832
2530164
698896
3219755
3754033
2981609
891774
1388402
2454372
973149
870835
2983396
232853
2570877
631625
4566189
2833203
1641204
408216
805781
4071096
4054185
3150581
4501790
2046217
2910677
3795325
2044734
3717583
4981148
2342829
3877897
1798430
3758034
2889124
3691309
1964392
938451
4898273
2894196
2039370
1679209
3587754
4953765
3441804
2485296
4375698
2197520
298820
4191554
1108135
1574370
1210746
422894
3283817
2419760
2195429
1185790
2648282
3430098
2496139
2688116
1450159
2362694
2516865
2686
1720231
2404326
1113328
3172546
1864934
563477
2968704
1736950
1505898
4743520
3450514
2589960
550928
2968896
4160511
2534440
3423227
93049
3879177
3840555
3333036
4643983
3752797
1574483
2635545
2980269
4032946
1744169
1833695
3502849
3372874
2847216
2132387
1317980
1625507
2166395
3931008
1442919
1012496
3703803
879005
1284985
1645160
1982908
331659
732567
690378
4071882
1521753
487376
2730822
1008483
2660951
4229879
1743639
4892658
2454586
3977955
3978631
1523604
461702
2466827
3435005
1845107
4892923
1873706
4575882
3661926
1012001
2949704
405746
1428689
173809
4755122
596493
1761532
498944
1478093
1135220
2574103
3761971
4659361
2368533
4652828
4200483
3116804
4121024
3458675
3930230
4228141
494648
3151449
4579879
3346077
3933868
4716826
2912631
1525786
3896628
1672837
2310755
3492257
2378830
4732290
2232234
2991292
681029
226844
1250545
2228525
3777740
2427932
1484008
1489803
3136971
1740526
623675
4672539
2433402
3972621
4561040
3417868
880790
735930
1299268
4641503
4061288
2195499
3920132
2901755
1175548
1763144
2036365
3594007
4708455
4639993
3162699
2155349
3279316
3701766
675347
1710638
77788
3822043
4158982
3058799
4057861
4129657
581048
2721900
275809
3600558
3106661
960014
658666
2660090
52149
814701
650192
1685724
1578859
4535890
2366691
4217260
351766
2247291
3022497
3149633
1802305
969787
3318845
4892954
4132902
2098321
430728
2182950
776231
4326842
4093434
2630921
484689
620621
3153151
3087651
508039
2039540
1779787
1261739
1395008
4608440
734268
3323319
1557556
1556522
4109859
419274
4987713
2908892
453335
4448190
4844445
2850493
390938
4767028
2318063
4832662
3239237
3988130
2014702
1448055
3190850
1756771
2286154
3175358
549874
17594
1933103
3574793
4114450
3529960
2900763
2547367
2868941
825305
2505957
1017934
644749
3857584
4996315
2083963
1010608
3013472
3316641
4609934
353358
2260297
860676
2068977
4384734
4465607
3536457
3583369
1331091
2691753
1481965
2763495
3131937
331652
3400809
2962261
3956576
1186699
625647
3851656
1224501
3711696
2972587
4522241
1375404
1393303
162771
217977
4804114
706875
3156525
2228084
4828540
4504303
4757909
4591037
336739
4634176
1211309
539926
4372509
4611371
573161
958165
3686248
717730
2959540
2998929
2168082
2144947
4797914
1427668
1062080
3947538
3000400
4577362
4205488
3407914
169661
3652491
951065
1255557
4730438
2646081
1856705
4821829
898107
968344
2466067
2446137
170034
723460
3057741
4933952
4495602
3746978
4860839
1689440
2281595
4143916
3146297
4059887
3065606
3838460
3509978
2786469
624323
2507577
429079
1811908
4314064
2965681
2685640
1633575
3607138
3536365
3633164
2993128
4138683
2409346
1832592
489436
4537416
4366936
247883
701540
4141191
1071188
473690
2619546
529535
941848
979712
3743681
3308787
4663348
1213153
782803
3961291
588039
3308354
1911776
1402895
3814187
2739465
4646842
849841
4070435
3446223
1726685
4765476
2455885
362760
3174602
3641606
2009261
594549
496846
1331578
404786
4137127
657968
2079096
2233432
2052886
3197622
684881
4266064
3588838
4371034
193053
582637
3225280
2153185
1314336
784953
4821925
1884410
3892951
4874512
4564624
2668230
2371865
521362
2104169
753723
2344386
2732826
3913482
3245252
1417992
4177434
915594
140191
4610225
1784149
2296050
3589381
4818214
3454172
4855825
3337062
177571
2267066
1976565
1914757
2217116
2313191
3750430
3965161
1246893
8176
1068102
2971830
3863853
518416
4236969
299205
1929870
697719
3482634
4770625
3854035
431491
1941207
3242709
1415602
1022994
552532
2653442
4976244
1859502
403107
202170
4066657
2906575
127408
1222884
4303274
1659705
451493
3923658
3754698
3952175
1923872
3843487
2201141
63770
1516502
2608163
375078
2142978
1239157
1124147
2156202
179780
4022397
1604947
4349716
38603
4833191
1321249
861347
4611428
1413246
4777371
439451
3345973
4709871
781089
4110861
4771672
1223389
3726931
1470047
2830559
1836149
3042920
4664073
2124476
3706503
4166799
2678912
4634118
4240606
637289
2091431
287042
1489296
3251309
2491093
393801
4763131
20509
4440493
1361161
1551238
710149
647324
3749166
2693130
467118
3768247
3531691
4882874
722928
1912628
676795
2248264
3722564
3211778
2476611
1060132
2247137
1974495
219242
114793
1396356
980114
3449157
4694447
3894524
616781
4035556
113465
1657146
1686213
1163226
2314390
21638
394637
4996109
3760324
2846602
240788
231559
3293997
3932937
4612066
1306759
2085343
3544011
619605
3614933
4903895
1089942
4596109
638231
4666025
2245064
3847700
637543
1883640
3048776
1099663
4281476
4612598
989803
2732402
772056
383941
4830105
1951540
3017643
1888977
3732383
3714324
4945084
2360337
760393
4704569
1896574
3527336
4584936
373410
3650482
1150733
2644369
240701
3192302
2800656
1417631
3718470
2796484
2249239
3750187
636887
1893498
2713143
4009222
841253
103007
3096283
4096783
373780
4756447
4839642
37353
1422992
3812793
4607700
2183939
2366862
2216583
2839006
3719314
2771244
3688728
2798886
3101970
113493
3522548
493390
3076733
2344337
1961069
3292554
4907249
3419442
3933401
437901
3970324
2711902
1175295
3350831
4426092
2289846
4537515
923894
4812087
4490388
300242
274783
2524242
1428364
2546586
2553861
1514592
323970
2663138
4769795
1101277
801161
1967125
532518
3046780
2426529
1612481
4302207
1047538
3544449
2200791
3403513
1262823
3996750
1732061
306979
3591359
3090733
1857088
2195415
1053793
1741272
1700294
849299
3847907
4765805
3161434
2995175
273278
1249004
3559687
245600
2522902
3932965
2930705
4781318
4369510
2641573
3052452
4775553
4248619
1454851
4517829
4531332
4966394
524819
4701713
1659108
3243478
465493
2630511
1234055
7115
626876
4282549
4186958
2001412
1543612
195336
2370863
4477667
642143
208550
1204586
2626546
1852506
102023
486358
3707032
1187294
1322135
1024078
1684971
2653637
318907
3731740
1257999
3022657
3882874
2357290
944943
2962378
2167735
3465831
1484884
1972471
3688465
2772409
1953864
3079987
1102690
3262245
4210735
3319301
577278
3363415
4102982
2521619
2397976
3918133
3969968
2961045
4346363
2977835
1944904
1088050
3716985
853459
3177899
2876543
4988713
386465
1973558
4744766
1289563
4316658
4697194
1613081
1954171
4511771
1634556
2031437
3371522
3263400
2796741
2150347
4528980
4811057
1980322
4971245
2506986
4345829
91035
3682930
1332351
3371719
1074494
4296540
2839012
2063601
2955763
521803
1721340
1784936
2942970
4029008
3324274
3580794
841590
1002146
4182899
1840970
2909946
3127296
198699
3608789
3184931
4535245
2879327
1213167
3123628
1127747
438616
4285659
4849753
890478
2075644
1948296
921576
2448978
2977401
2361475
4106238
1947727
790974
2766567
3587200
635069
358787
4868535
1385717
1460328
3827234
3202982
3781045
166738
3933102
3869855
3990549
3303028
1176629
103165
1437952
3805473
3265816
334997
3105590
1737286
2224047
2073763
670728
677337
3882312
4832767
2287513
1923422
1032811
1410358
1402773
3060974
877576
2455730
1322812
4370699
3416272
3105669
3885660
582318
4569727
3468162
3517499
2101342
787808
2068986
251769
1104015
1256470
565504
3753210
2422647
2077136
4113264
1843438
1140274
1030559
358595
2666781
3439104
822359
1628866
4713725
1542401
3760246
3715893
355688
3164606
4757090
3392978
2227783
38631
3145567
2084272
555099
2112927
2392300
3616546
126139
4162423
1339760
3747167
1642635
277347
2258942
3858647
224080
2216432
2111992
3886528
526685
1003082
3889014
1368069
2486913
3155306
3329105
4251391
4166250
2606249
2295565
1836353
3786674
1000836
821497
2050739
2830512
1742638
252148
2581872
2289093
440093
362129
1274282
4708254
1603012
2084244
3084794
4864316
2113292
779589
3283611
3011351
839356
1089774
3449754
2858813
2161386
738820
4582257
1613939
4504616
672622
486145
3835424
1918530
884619
3924811
4837838
1417367
1146235
2617983
4935017
4110842
490665
2525466
3174549
2090077
2246691
928046
121539
4092544
4054964
1323119
2902170
2601170
4533861
2715695
4695064
4209883
4512165
3978862
2386163
2439847
4501526
4021476
3787441
1071005
936632
3708186
1368784
4592733
3787777
2751925
705647
3423643
989600
2093621
2522598
279989
3375580
4519628
761258
3306655
836985
559608
4648803
2366883
2912313
3712900
790093
89016
1520969
4860408
1467097
2406742
535511
3037133
890247
1054045
3110348
4888445
1505930
3751047
3421130
3929024
2338976
1934673
1585217
4155868
265897
3839249
408781
2174705
4843867
2982948
1237214
3932201
2829149
3297688
3581642
1098121
2169168
4955284
571673
2995105
1031227
470491
1315016
1932714
1956231
2354698
622940
3878120
4644324
3198521
4410192
2580046
3821822
1251265
4308267
2986127
1786784
4893933
4683104
1838218
3789286
2013334
4771971
1343024
19878
1641650
2023757
3233800
2610836
3790474
1300297
4631542
1715796
1326935
3473049
3406205
3875516
798001
4760766
3478227
2404305
3679231
1926790
556294
4627601
1868557
2414542
4089600
2997881
4981301
758699
85903
3224104
875988
3154501
4731868
4811233
3606644
3489741
1686588
1412384
2304696
2480534
2464613
3782137
1988794
4953089
2066621
3865283
4330942
2815742
3718353
196496
4862771
1556039
2770952
1385542
2545093
4354683
2734546
911642
2980168
4582276
4276735
3027683
3717651
2013637
895460
550535
2783375
3422723
427128
3969429
4776579
4730682
2332395
3031557
3720774
1822972
2234407
2111849
2838381
653351
3393851
1248103
2198589
4992221
1400359
1641187
4807228
3843683
1915267
910736
3056050
4920854
4646357
2044174
3174712
1227541
2260263
4127292
2323034
4999672
2188270
1418042
142416
1820523
1565135
2269110
2492892
639061
610947
1380182
4484848
2340649
2900986
4689445
3966142
1805600
4126299
4816371
4429063
4964326
1254770
3563074
4119904
4326379
919048
1171008
4287340
2495116
2654929
2989461
1407996
3827481
2751762
1933943
2894397
4298615
3583972
901098
4129836
2920669
2196670
2330818
287202
4106452
4426408
4544209
4301322
2103014
1089042
2039826
582788
2762516
3689408
799523
1936397
2017896
2215962
4475222
4480416
2360116
3567051
1788685
2771272
1008976
3073656
2990466
1623815
4054801
2182141
3184998
2148975
2152392
4694367
3384414
3868217
4814708
3073571
2355507
2796223
3227033
202035
1581137
3045003
2843126
2646457
3253734
1279342
2986908
4979485
4363964
939557
1334904
3373793
2817704
4162493
3960511
4180332
3009832
3697155
1183718
1586130
571272
2811420
3193026
3379124
1809849
1330185
2396588
3200637
3292666
580676
1116365
2391305
1200772
2489055
997951
2890725
381012
2147479
3446195
4581811
1150372
4635124
1555516
1350827
179681
3791776
1101648
2481636
2302539
3767630
1862206
3818363
4770657
1469276
3128915
2113051
2984899
3393024
2635640
2976539
3795908
4100019
2117235
4814930
53458
1537126
4244480
1619346
3344360
2318729
1176532
4014772
2473870
2167845
2225633
4383387
2403357
1955090
3946620
3047209
2251001
2978585
4396118
2029820
3761616
2956073
59328
1829746
3978546
4094252
589264
3642343
2007228
1968473
38776
4936877
1704729
1635230
2509111
3015793
3519576
4739940
4534225
681191
4190117
445787
3664254
1152079
3199755
86779
1753074
4487127
3056779
726166
1285125
1205142
110357
2626595
4617236
4472136
148520
1314165
4203852
1583147
90412
1204822
1316153
2130058
2865653
3201637
4845562
529491
4019245
4701997
3422196
2292882
1339961
3250366
925303
3733367
1991295
1318296
84855
425892
2555270
1887200
1672235
4687867
2183389
1102745
3256966
3384729
3299901
532782
3594927
1402220
2645114
394904
3450791
1813110
3919548
292257
4351698
3631623
2826269
2493835
2648660
675504
2640569
2515075
1902749
799019
2469153
191753
2587907
3190923
2947700
741679
2761755
3134247
3544845
2353568
712156
3825498
3285991
1135141
4643391
3279207
3481663
3789525
749667
1318940
3203146
3055170
188495
3696127
3431393
4940093
4831643
1702380
4460158
1471493
3864157
514138
3892735
4846008
4603617
1042008
4973196
2203259
3052317
4145580
1508565
3829760
4126728
3278266
1817373
485520
4431112
4019689
2934809
1302302
2826918
4771339
3515168
3769409
83357
3821575
1380990
2758195
4550252
4796180
1055498
1250709
2287368
2186885
1575100
3972476
4611619
1287227
1026958
1835494
4806226
4097459
2574106
1733746
389098
763421
4119571
3721180
2732558
2766160
3482303
4122522
2816664
750163
1220800
2590356
4013165
4707593
1838973
3777310
4809396
4130514
3442530
1028460
338512
2412367
525511
4808497
56325
3965883
2310700
691288
4964236
831988
2243839
4702635
3526516
3735185
96535
1334681
1774095
2690177
3036819
4972829
4408641
2388935
4663979
2710179
3035284
4498276
1168125
1529447
3807585
2738186
374215
296251
4156206
4053256
2298823
4546102
4942196
270552
4499562
802147
1765991
1053940
1047374
1146156
2651835
3286874
346923
3626664
988806
1052125
1774974
2555464
3879573
1812079
2553935
2646370
3447470
2312368
4581584
2677867
3967654
1821100
414897
380976
3491965
2733040
1603106
2199432
3596165
1052524
986144
3228958
1975436
271484
1038607
3738651
4572760
992946
2340522
4169015
3312556
769449
4673870
1373251
3988039
2155729
1253333
3476088
3594247
3161539
2547033
4629834
1251929
4447812
4090822
3532491
3956404
2208997
3140074
4448569
648685
3796844
1272585
676434
2903016
1773376
828678
2584524
236977
1333772
2573230
2149570
981501
4192436
4590361
1437389
547283
4082288
3120444
512259
1244157
3617530
1430134
1710833
3160841
156566
4064730
4638489
3011291
1180879
2352522
4288732
1681370
1184878
1238393
3350561
4860662
4226346
4852700
1956894
3964555
2431203
4467779
4022763
845611
1295393
2637401
1165152
3965332
4336934
1007995
3224123
1559722
3879749
587113
2756864
3170293
142138
1876909
3091339
593799
416720
3547222
4288260
2007116
740686
2753250
408179
2122276
2030566
1614102
3029649
206434
209589
1808361
43239
3916085
3329400
2627336
4656736
2580137
4792748
4622503
1780336
1042089
2830665
4350631
881166
1030089
4040838
3061970
1260433
4748455
348010
3990584
4456061
3859991
1487130
3537825
121202
234813
1814020
2654658
629586
3834408
4789567
1157194
1453558
2649171
594260
1607224
4002944
2185904
2979168
651825
1167284
143861
4922532
3396875
2060836
443890
2953046
1613495
922862
1704772
4907875
4658730
256122
1513377
3293740
3088271
1602727
2667435
1038779
3946860
4192260
2550432
1266148
2059321
1993745
4346228
424276
2854564
3357934
2213469
4154460
3425864
3261280
3505393
1801817
4552102
904326
2483248
740028
4407542
2520730
689576
3895973
2085204
93413
1841238
2362462
3855411
4938502
4333960
3699573
4448504
1702127
499870
4052134
400111
4997917
3678553
217361
3817584
4220289
1540755
23488
3082709
2666801
2999258
560713
2295130
103247
2111609
4027298
4947254
145202
3665783
987507
3232922
2261433
3709125
1973839
779596
2264887
2482352
3863343
4442128
4761960
3632136
3542399
2754720
4021704
3032923
4026853
2903303
2052185
26816
4618213
1075026
1894600
2726875
1606553
3063712
688992
2358443
2756594
4838837
802257
242164
4676727
4722059
3821858
3160877
1119561
3082465
4628077
188329
3771612
2872716
133957
83394
2202991
1417262
4084893
1742681
3342027
1886874
978796
3627465
2811109
182890
3889216
599517
2256404
3802617
2357129
2992404
4088789
3575774
4407925
1643028
1317438
1577303
3249723
1223119
1177424
2362039
3298110
4431581
1041779
3166610
4621295
2590819
2241073
2931585
484252
2831718
3890745
641278
278288
3645042
4319782
3291273
4473344
2021624
3442270
640783
4455835
4823727
4434422
657405
1838671
702920
535711
1594771
2246769
360068
1154692
2769288
1020167
1467914
206544
1493642
1837627
792049
1332189
602845
2769785
4320796
2984932
4263358
4794725
1184649
4775994
3101156
1089807
4904123
3988973
407552
2451198
419073
4642079
1516211
4805979
3749691
2200256
4483738
3711366
319004
4315770
3805084
1545891
1815215
2632346
2326704
4225700
1267235
1713919
2560326
3128792
932753
1716704
2825479
4379962
2121342
2861318
1264423
1381133
894063
693767
3606989
3721469
3111496
2553745
735403
2021221
4256198
1127771
4823249
2162902
2461371
1302139
426011
4560185
4411155
4633299
