2499302
2499683
2499819
2500489
2497344
2498883
2498790
2500478
2500773
2500430
2500465
2500254
2499319
2500579
2500112
2499073
2501055
2501518
2501698
2499479
2501760
2500800
2498873
2499082
2501522
2501119
2499412
2499603
2498583
2499121
2497981
2500274
2499638
2499808
2499411
2500422
2499579
2499840
2500965
2498366
2498563
2500717
2500139
2498827
2500007
2499417
2499306
2499498
2499628
2500903
2498346
2498628
2501386
2500186
2500809
2499503
2498983
2499410
2499094
2500018
2498225
2500405
2500360
2498717
2500496
2500509
2500012
2499008
2499850
2502241
2499630
2500541
2499428
2499605
2500402
2499011
2499331
2499849
2499573
2500523
2498931
2498904
2500069
2497980
2499828
2500844
2500051
2499524
2499478
2498771
2499077
2500340
2500345
2498951
2497825
2498370
2501093
2499525
2499943
2498436
2500301
2500875
2499141
2500637
2499923
2499719
2498136
2501374
2498386
2501797
2499440
2500315
2501745
2499957
2497112
2498994
2498302
2498706
2499145
2499707
2500327
2498777
2500716
2502134
2499241
2501402
2498336
2499233
2500730
2499166
2500601
2499343
2500317
2499747
2501345
2501354
2499427
2499827
2500296
2500493
2501018
2500515
2498318
2500085
2500201
2498896
2498695
2500371
2498608
2499389
2500188
2499150
2499511
2499183
2498909
2499834
2500190
2501175
2499492
2498602
2498755
2501819
2499549
2499214
2498375
2499332
2497836
2499755
2499995
2501247
2499858
2501379
2498322
2502327
2499971
2500169
2499632
2502466
2500904
2500836
2500785
2501091
2499275
2499228
2500632
2498824
2499697
2498947
2499563
2501489
2499800
2500810
2498762
2500491
2500796
2499308
2498507
2498376
2499221
2500074
2499393
2499924
2499551
2501963
2499596
2498426
2499696
2500876
2501397
2498324
2498323
2499648
2499251
2498960
2500146
2499698
2500674
2500309
2499944
2500095
2499615
2499880
2499508
2501261
2500494
2499929
2501148
2501129
2499795
2498708
2500154
2497997
2501305
2499946
2500356
2500329
2501539
2500279
2499770
2501063
2501756
2500163
2500890
2499293
2500686
2500099
2500649
2499279
2499063
2499590
2498210
2499325
2500040
2501106
2500382
2498862
2498988
2502790
2499496
2500311
2501787
2498348
2499246
2499709
2498853
2500619
2500917
2500171
2498867
2498285
2499618
2500130
2501008
2499935
2497326
2498342
2498327
2499329
2499974
2500128
2501648
2499796
2498503
2501250
2499567
2500856
2501485
2500791
2498282
2500534
2501514
2500727
2500757
2499459
2497991
2499514
2501230
2499867
2499143
2499746
2500813
2500864
2499401
2500551
2500618
2501263
2500870
2500150
2501893
2498776
2500155
2501137
2498596
2501181
2501202
2500690
2498881
2499248
2498224
2497627
2502267
2501162
2499750
2498979
2500198
2502456
2498447
2500531
2499056
2496907
2499312
2499818
2498865
2498971
2501007
2499588
2499823
2498898
2499787
2498442
2501869
2498638
2499899
2499968
2499500
2500104
2498016
2500325
2499067
2501595
2500192
2498842
2499019
2499185
2500330
2500054
2500840
2499081
2500550
2500420
2501524
2501069
2500645
2499239
2499116
2499956
2498431
2499261
2499623
2499093
2501938
2499572
2499942
2499538
2499608
2502095
2500905
2502021
2501526
2498893
2497580
2498546
2499072
2500148
2501324
2500599
2499209
2499409
2502632
2498878
2500348
2500444
2499429
2500046
2499593
2499399
2500020
2499003
2500760
2499494
2499643
2499568
2500563
2498355
2500802
2499197
2499952
2499154
2498854
2498537
2500574
2499257
2499395
2500367
2501673
2500643
2500789
2499381
2499748
2498716
2499771
2501140
2499280
2499671
2500302
2501443
2500486
2501735
2500492
2500234
2501061
2500278
2499580
2498844
2501217
2498615
2500084
2498430
2498880
2498870
2499180
2501970
2500582
2501407
2500788
2499018
2500092
2501914
2501258
2500982
2499813
2498552
2501142
2499324
2500461
2500000
2500854
2500239
2499930
2500093
2500705
2499238
2502017
2499766
2500227
2500290
2500180
2500449
2498943
2498692
2498062
2500980
2499322
2499271
2500077
2501283
2499207
2500243
2499369
2499230
2499991
2500693
2500283
2498702
2500168
2499128
2499000
2499064
2500270
2499529
2499912
2500885
2497905
2499526
2499108
2497662
2499484
2499391
2499651
2498700
2499192
2501109
2500951
2498135
2499799
2501065
2499535
2498895
2497170
2499517
2499463
2496873
2501127
2498894
2499159
2500851
2502375
2501362
2498975
2498087
2501509
2501890
2500553
2498782
2498872
2499489
2497202
2500805
2499664
2498737
2500596
2501158
2500364
2500641
2500347
2499969
2499515
2499509
2498934
2500900
2501829
2498373
2499555
2500600
2500211
2497690
2501512
2499423
2500215
2499179
2500477
2498283
2500948
2499084
2499902
2499085
2501975
2500573
2500481
2498412
2500076
2499751
2499653
2500801
2499760
2500087
2499675
2500416
2499925
2500286
2501838
2499035
2499158
2499602
2500718
2501985
2499321
2501144
2500961
2500833
2499779
2500253
2497818
2499921
2498968
2500115
2500536
2498200
2499646
2500184
2498826
2501015
2499931
2502004
2500830
2500062
2500768
2498832
2500043
2500590
2503059
2498913
2501737
2500852
2501079
2501184
2502698
2501168
2497993
2500362
2500272
2500995
2499477
2500053
2498772
2500719
2500792
2499676
2498601
2499786
2501143
2499506
2500498
2498995
2497566
2502196
2501454
2498974
2498640
2498726
2497755
2500744
2499598
2498750
2500323
2499949
2501081
2498830
2500173
2499848
2501294
2499778
2500355
2501112
2502113
2501227
2500219
2501325
2500262
2499592
2500231
2498945
2499979
2499089
2501380
2500031
2498491
2497113
2499776
2500588
2500709
2499194
2500971
2501212
2499540
2499243
2501048
2500655
2500339
2499914
2500068
2499911
2500110
2500447
2499118
2500898
2499941
2498088
2501013
2500907
2499726
2498211
2501987
2501927
2500434
2499967
2503041
2500280
2500379
2499397
2501319
2500203
2500651
2498565
2498843
2499404
2499926
2500170
2499223
2498456
2500137
2499480
2498653
2499908
2500748
2500105
2499373
2500676
2501717
2501529
2498918
2499326
2498295
2501764
2500495
2498765
2499301
2499340
2499877
2500200
2500052
2500680
2500453
2499422
2500672
2500448
2499352
2500352
2499231
2499959
2497637
2499758
2500353
2500016
2500963
2499977
2499045
2499358
2498718
2501705
2502895
2501350
2499740
2500514
2501064
2501215
2501656
2499885
2499679
2499493
2500292
2498611
2501405
2499875
2499584
2502045
2502253
2499594
2500882
2498067
2500003
2499896
2501433
2500640
2497834
2499934
2500533
2498143
2499203
2499528
2498944
2497492
2499161
2500960
2498290
2500346
2500772
2498554
2498378
2499721
2500711
2500678
2499103
2499430
2499774
2501316
2500047
2500152
2497955
2501939
2499472
2499348
2498472
2498754
2499780
2499966
2497891
2498933
2501980
2500042
2500673
2499037
2499784
2500125
2498501
2499822
2501243
2499519
2500207
2500419
2501154
2499174
2500162
2500614
2501029
2499649
2498822
2501364
2497774
2500398
2497810
2501953
2499790
2501554
2499396
2498730
2500437
2500668
2501020
2499757
2501553
2501849
2498273
2501126
2501038
2499624
2500953
2498464
2498769
2501852
2500194
2501437
2499545
2500962
2501627
2499057
2500421
2501002
2499274
2500913
2498950
2502604
2501773
2499537
2499564
2501157
2502096
2499380
2499674
2501194
2502211
2499973
2500159
2501384
2499318
2502808
2500846
2499735
2500639
2499600
2499202
2500304
2500625
2500401
2500597
2499871
2500682
2498116
2500811
2500525
2499446
2498411
2500206
2499282
2499576
2497315
2500630
2499724
2499772
2499382
2498715
2502007
2500935
2498996
2500331
2500548
2499215
2498923
2497399
2500102
2500259
2501123
2500834
2499213
2498264
2500205
2500265
2500469
2502059
2500011
2500396
2499402
2500529
2500938
2500241
2499893
2498405
2500483
2500457
2499055
2499817
2499531
2498171
2500342
2499951
2499853
2500384
2500543
2501683
2501257
2498397
2500761
2501628
2500502
2500141
2500607
2498587
2500816
2500879
2500911
2498557
2499491
2502583
2500284
2501682
2501578
2500133
2499227
2500389
2500048
2498663
2499798
2501014
2499314
2499734
2499879
2499609
2499518
2500246
2499927
2501280
2501279
2500209
2499582
2499806
2499058
2499132
2499932
2500179
2501865
2501149
2499863
2498998
2500472
2500604
2500263
2499420
2498651
2498618
2500202
2499216
2500225
2500107
2500004
2500892
2501901
2499666
2500158
2499024
2501703
2501150
2497673
2499126
2500373
2499370
2500123
2498906
2499357
2498791
2501857
2497824
2499017
2501141
2497508
2498999
2499742
2500034
2499716
2500299
2499730
2500055
2498834
2499835
2501179
2501775
2502839
2500287
2499541
2502179
2499845
2500178
2498742
2501214
2500432
2499591
2499384
2501390
2499078
2499229
2499844
2498489
2499291
2498271
2499249
2499738
2501271
2499107
2501470
2498861
2500562
2499781
2499074
2498280
2498652
2499345
2499641
2499690
2502340
2501223
2499290
2497705
2499613
2501757
2499259
2498561
2500228
2499135
2501242
2498113
2497553
2499953
2500388
2500363
2501134
2498788
2498757
2500786
2498814
2500545
2502827
2499633
2501017
2500683
2500945
2500750
2501863
2501095
2497660
2499910
2501117
2500941
2501822
2500183
2499684
2500361
2500778
2500930
2500067
2500025
2500487
2499917
2501113
2499438
2499961
2500922
2499445
2499168
2500530
2499612
2499662
2500713
2501125
2499360
2499253
2500442
2498207
2500821
2498140
2500946
2501800
2500399
2498806
2502011
2501747
2500733
2500337
2498156
2498496
2499777
2499569
2500291
2502050
2499338
2500063
2500358
2501981
2499621
2500124
2498924
2499691
2500153
2499315
2500780
2500929
2500547
2498986
2498607
2498274
2499204
2500080
2501383
2498018
2501422
2500762
2500633
2501920
2500328
2499101
2501138
2499883
2501868
2501100
2500815
2501347
2499561
2501471
2499292
2499516
2500308
2498155
2498603
2501681
2499172
2500669
2498340
2498735
2502109
2501905
2502302
2500710
2499176
2499789
2499106
2500160
2498992
2500214
2501339
2500033
2500245
2500196
2500482
2499226
2501088
2500519
2501377
2501736
2500394
2499566
2498569
2500877
2498749
2498215
2500763
2501056
2500595
2501173
2501268
2499483
2501516
2500176
2500118
2500544
2498181
2500454
2501363
2499475
2500540
2498418
2499639
2499313
2501278
2499717
2500359
2499732
2499916
2498818
2502693
2500901
2501163
2501629
2500675
2499356
2501755
2500704
2499892
2500181
2498740
2498506
2497665
2500658
2499504
2500842
2499768
2499589
2498538
2498919
2499803
2499211
2500451
2498783
2498631
2502040
2501233
2500581
2499860
2500147
2500696
2500195
2498915
2500338
2500561
2501558
2499471
2500005
2499744
2499099
2498434
2498713
2497669
2499163
2500049
2499836
2497714
2500378
2501107
2500681
2498505
2501493
2497708
2501334
2500912
2499728
2499672
2501772
2499521
2500431
2499501
2499069
2499281
2501124
2501909
2501934
2501511
2499964
2500702
2498980
2499802
2500661
2500527
2499889
2499434
2501021
2500166
2498811
2499426
2500414
2497236
2502519
2496689
2500524
2502794
2498901
2500787
2497001
2501372
2498981
2500485
2500648
2499408
2500695
2502452
2497471
2500230
2499583
2499232
2498753
2502058
2500065
2498028
2500508
2499890
2500463
2500313
2500479
2500726
2498317
2499907
2501406
2501971
2499330
2498938
2498249
2501421
2499677
2499160
2500185
2501220
2497549
2501312
2499444
2502242
2500191
2498589
2499130
2499801
2501782
2500858
2498469
2499558
2498985
2500187
2499353
2502268
2498352
2500617
2499839
2500226
2500223
2500593
2500383
2498869
2500233
2498808
2502703
2498675
2500638
2501036
2499647
2499351
2500707
2497301
2501502
2500826
2500628
2500242
2499851
2502251
2498231
2499169
2498212
2499705
2500175
2500164
2499225
2498688
2500751
2499092
2499522
2500455
2501130
2500793
2499505
2500073
2499870
2500208
2499821
2499745
2500351
2500267
2501315
2498625
2498069
2498952
2500572
2500510
2500957
2500662
2501916
2498570
2501929
2498122
2499368
2499614
2499486
2499670
2498821
2500610
2499617
2501403
2501115
2499805
2500554
2498786
2499552
2499838
2499998
2499030
2498234
2500777
2499162
2500029
2500872
2499117
2498415
2498997
2500566
2502705
2500569
2499245
2498662
2500670
2500386
2500663
2500954
2499773
2499200
2500577
2499470
2501228
2499940
2501332
2499804
2502688
2498437
2498908
2499652
2499548
2500288
2498613
2500404
2501058
2500050
2498847
2499833
2499785
2498773
2501086
2500921
2499413
2501547
2500070
2500380
2500197
2498006
2500490
2500273
2498395
2501978
2499865
2500056
2499807
2500689
2502289
2502744
2498254
2500546
2498152
2501542
2500629
2499102
2500136
2500132
2502103
2499811
2498291
2499741
2501507
2500700
2499205
2499295
2501368
2500506
2501080
2499146
2497837
2498308
2499788
2498036
2500149
2498604
2500144
2501740
2500058
2500739
2499843
2499036
2498961
2502320
2499171
2500974
2502221
2502941
2500555
2501613
2498752
2500017
2498449
2498435
2500086
2498399
2500438
2499937
2498137
2502546
2500616
2499791
2499076
2499847
2502140
2499010
2498959
2500556
2501906
2500252
2500564
2500282
2499565
2500101
2499364
2499120
2500222
2500257
2501108
2502239
2500458
2498989
2498965
2501689
2501024
2498111
2499562
2501358
2501662
2499882
2499864
2498504
2497561
2498805
2500464
2499642
2499894
2502766
2500019
2501430
2496986
2500978
2498627
2499543
2501436
2501802
2497387
2499597
2499544
2500902
2499217
2500594
2499260
2500794
2500782
2498993
2499604
2498316
2500372
2500817
2501262
2500321
2500310
2500539
2499667
2500445
2499049
2500412
2499256
2499869
2499619
2501935
2498297
2498900
2499997
2499625
2499752
2498454
2499142
2500771
2501548
2500715
2498270
2498649
2497510
2499986
2501178
2499007
2500403
2499859
2497779
2501003
2499188
2498785
2500116
2497894
2501118
2501649
2500881
2499365
2499497
2500213
2500138
2500952
2500987
2501398
2501537
2499433
2499874
2500747
2500030
2500365
2500218
2500542
2500143
2500687
2499988
2499020
2502266
2499635
2499962
2500038
2500646
2501922
2499289
2500865
2498787
2500735
2500624
2499881
2498239
2501234
2502082
2497858
2501207
2500650
2500537
2497747
2500294
2498916
2500466
2499263
2501169
2501533
2499532
2500045
2499878
2501054
2500134
2499708
2500298
2497735
2501477
2500098
2500475
2499181
2499897
2500565
2500729
2501074
2500021
2499237
2500397
2498166
2501200
2501418
2499534
2500066
2498497
2499031
2500009
2501085
2499488
2499100
2499711
2500837
2500769
2500456
2498836
2499631
2498457
2499694
2498466
2498678
2501491
2499385
2500474
2498885
2500721
2500026
2498344
2499919
2501699
2499347
2498925
2499502
2498108
2497956
2498543
2501438
2501994
2500959
2499727
2499668
2500605
2499458
2498779
2501813
2499047
2499661
2497921
2499405
2498091
2500712
2499678
2501395
2499473
2498643
2500476
2499032
2500103
2500981
2497914
2498744
2501651
2499626
2499273
2499468
2500427
2502687
2499208
2501609
2499954
2500889
2498124
2500973
2497976
2501795
2497320
2500653
2499437
2499224
2501174
2501224
2501770
2498650
2498956
2499254
2500697
2497287
2500010
2498738
2499876
2499831
2498298
2501067
2499963
2500985
2501050
2500100
2498139
2499820
2500591
2499115
2502542
2501404
2499933
2499441
2500320
2500357
2499091
2499530
2500528
2500652
2498564
2499378
2499829
2500684
2501843
2500015
2498746
2499575
2499656
2499419
2501562
2498803
2498976
2500385
2501738
2500471
2502530
2499574
2500993
2499918
2499512
2501563
2499165
2498888
2501249
2501603
2500305
2499595
2501232
2497859
2502355
2499127
2498461
2501032
2498478
2501221
2500221
2500220
2500322
2500349
2498677
2500199
2500808
2499888
2499476
2501276
2499950
2497963
2498272
2500285
2501854
2501001
2499928
2500268
2498633
2499720
2498887
2501688
2500895
2498725
2499298
2501633
2499379
2499190
2498942
2499722
2501340
2500368
2499996
2501933
2500552
2500615
2499288
2502141
2500120
2498380
2500460
2496799
2500480
2500303
2501780
2498576
2498542
2499824
2500893
2500266
2497987
2498929
2499455
2500157
2499718
2501289
2501338
2501730
2500111
2501172
2499212
2498949
2499825
2500694
2498667
2498673
2499832
2498641
2499285
2501031
2502008
2500731
2499547
2502618
2498671
2501341
2500585
2498751
2501196
2499984
2500258
2500899
2501789
2501458
2501450
2500806
2498654
2499284
2499104
2498278
2501337
2499992
2499495
2500923
2500473
2498547
2499133
2499692
2498514
2499386
2500871
2499546
2499733
2499416
2499571
2499287
2499861
2499775
2498311
2500395
2498035
2498263
2500732
2496802
2501644
2500970
2500109
2500028
2498624
2501763
2498724
2497641
2499450
2498495
2502176
2497862
2499490
2500706
2498253
2501515
2499377
2501274
2499794
2499759
2499105
2499970
2501135
2498527
2499267
2500119
2498781
2498912
2498567
2498064
2498470
2498151
2501674
2498928
2500094
2499987
2498802
2501094
2501616
2499087
2501570
2500072
2498121
2499689
2498721
2499173
2500522
2498793
2501579
2498023
2500232
2497091
2499753
2497440
2500411
2498354
2499999
2502034
2500754
2501835
2500613
2501473
2497881
2498921
2499469
2500505
2499090
2501373
2499936
2498672
2499620
2500106
2499723
2499900
2500392
2499792
2501722
2501600
2498238
2498388
2500333
2498798
2501110
2499654
2500847
2500592
2498556
2502651
2498967
2499053
2497917
2501870
2498188
2500350
2498828
2497902
2500499
2498728
2501696
2498509
2499339
2500314
2499812
2500467
2501344
2499297
2500665
2498619
2500318
2501035
2499337
2500910
2499043
2499346
2501320
2500797
2501057
2501839
2499390
2500866
2500758
2500841
2500462
2499499
2498838
2499636
2501785
2501041
2499585
2502545
2499948
2499533
2500151
2498553
2498581
2498954
2501066
2499447
2499704
2501155
2500002
2500586
2501037
2498837
2499392
2499610
2500277
2499886
2502226
2502684
2498905
2497555
2500766
2499122
2498817
2498306
2500743
2498813
2499320
2499041
2499587
2502089
2499334
2498477
2500701
2500251
2498398
2500891
2499060
2500513
2500507
2499013
2499327
2499079
2500426
2500611
2501346
2499005
2499749
2501501
2499355
2498244
2500319
2500860
2502496
2499098
2499846
2499033
2499550
2498145
2498712
2500001
2500827
2499425
2502965
2501661
2500942
2501023
2500992
2499465
2502013
2501726
2498812
2500081
2497845
2501587
2500057
2501098
2501152
2498799
2500677
2501376
2498907
2500224
2501026
2501060
2499510
2499309
2498526
2500377
2501019
2498572
2497503
2501801
2499286
2501791
2502125
2499255
2500623
2501846
2500657
2499467
2501766
2498860
2501918
2500560
2498963
2501348
2500089
2500061
2499660
2501936
2500770
2498519
2501076
2500972
2502070
2501948
2500906
2499611
2500857
2497432
2500691
2500627
2501004
2498610
2500036
2498357
2498120
2501084
2500428
2500417
2500990
2497770
2498745
2500589
2500433
2501392
2500022
2498232
2498914
2501251
2499466
2501490
2500344
2499513
2500741
2501510
2501128
2498891
2499616
2500500
2500557
2500082
2499922
2498487
2500520
2502342
2499240
2501943
2499536
2500559
2499004
2498406
2499333
2499247
2501201
2500297
2498176
2501658
2499891
2499520
2499155
2500749
2502020
2499693
2499527
2499975
2501378
2501468
2499359
2498566
2498305
2501881
2498852
2498840
2498508
2498577
2500606
2497562
2501240
2498679
2498039
2500238
2500470
2500091
2501639
2501042
2499406
2499852
2497948
2500897
2499743
2499048
2501638
2498876
2501264
2501614
2499149
2498467
2497478
2498529
2501096
2500829
2502420
2497732
2497918
2499842
2498568
2499366
2498616
2500720
2498279
2499451
2499783
2498109
2498917
2499457
2500165
2501492
2500370
2499994
2498555
2501089
2499124
2500503
2500041
2499026
2502039
2500937
2502529
2502036
2502432
2501199
2498535
2499111
2498797
2500182
2499989
2498058
2499443
2498532
2498293
2499909
2501357
2502527
2499682
2502630
2501369
2500868
2498275
2499342
2501046
2498884
2498590
2498585
2498197
2500393
2500928
2500189
2500145
2499637
2501360
2498183
2501718
2499700
2498475
2501070
2498284
2500293
2498747
2499264
2499474
2498493
2499242
2500642
2499938
2498044
2499659
2499140
2502362
2500873
2502314
2501960
2498034
2499388
2499681
2499336
2500634
2498172
2498230
2500113
2498756
2500413
2501310
2500090
2500774
2500621
2501560
2498609
2498689
2499062
2500204
2501040
2499344
2500580
2501059
2500950
2501467
2502852
2499144
2500439
2501366
2498571
2501590
2499715
2501218
2501090
2501796
2500956
2497704
2500698
2500440
2500117
2500452
2500096
2499913
2500443
2500799
2500336
2501388
2500977
2499905
2498482
2500306
2499816
2497727
2499283
2501329
2500406
2501120
2500664
2498764
2499650
2501670
2502274
2500497
2499990
2500939
2498149
2499980
2501122
2501010
2501499
2500859
2501762
2501314
2498201
2498848
2500671
2501213
2500991
2498463
2501170
2501666
2502952
2498075
2499310
2499219
2501593
2501564
2501236
2497865
2501336
2498857
2500578
2500798
2501375
2501713
2500894
2497802
2500212
2500013
2499316
2499367
2501665
2501695
2498544
2501006
2498850
2499186
2498748
2498502
2501804
2503243
2498767
2498401
2498871
2498338
2501210
2500996
2500488
2499553
2499634
2497241
2498969
2498626
2500264
2498130
2501506
2501520
2499559
2501769
2499837
2498990
2500666
2501225
2498927
2497842
2500764
2500441
2499665
2498010
2501414
2500400
2501676
2498558
2498515
2499193
2499978
2500570
2501190
2498681
2499901
2499856
2499167
2501132
2499220
2499119
2502101
2500807
2499764
2500708
2501615
2500703
2498804
2499462
2501753
2499982
2501103
2501606
2498859
2498498
2500335
2499809
2501861
2498341
2499487
2500023
2498698
2498525
2501949
2501371
2501425
2497765
2500567
2498368
2501102
2501025
2501712
2500126
2499456
2499234
2502198
2497889
2497795
2501203
2500271
2499454
2500820
2500660
2501068
2501394
2501739
2498595
2499016
2501679
2501503
2498939
2499737
2499400
2500845
2501188
2500609
2497773
2498085
2499371
2501456
2498632
2498816
2501183
2499015
2499601
2499729
2501343
2499269
2499680
2501568
2498957
2500724
2499299
2501166
2502349
2499046
2498693
2501602
2499222
2500940
2501728
2498875
2499854
2499627
2499131
2498530
2501990
2501222
2499644
2498079
2500008
2497964
2501270
2498115
2503164
2498432
2499960
2499701
2500644
2501293
2500193
2497309
2498455
2499152
2498313
2502330
2500300
2501451
2498691
2498704
2499898
2500926
2498948
2499403
2498105
2498014
2498657
2497656
2498696
2500075
2499797
2500326
2500602
2498345
2499703
2501659
2500071
2500781
2501198
2501259
2499873
2497577
2500667
2499436
2498630
2498403
2501630
2498468
2499688
2500369
2501972
2497768
2498359
2499198
2500237
2499453
2501355
2500775
2499965
2502044
2501053
2499736
2501596
2501652
2502704
2501352
2500247
2499097
2502123
2499578
2500850
2501532
2500888
2503499
2500512
2498419
2500688
2501417
2500983
2499481
2498710
2501803
2497615
2498141
2498241
2499088
2498953
2500083
2501082
2497893
2499435
2500914
2501313
2497515
2500468
2500535
2498251
2498794
2497597
2499448
2498446
2501991
2500583
2500831
2499054
2500745
2499175
2501998
2499622
2498978
2499714
2498936
2501420
2500250
2500006
2499311
2500059
2501871
2500064
2499868
2497861
2498422
2500883
2502832
2500376
2498639
2499268
2501549
2500862
2498483
2499383
2499201
2499686
2500814
2499976
2498524
2500812
2501777
2502954
2498877
2499570
2498510
2498309
2499725
2502254
2500944
2500752
2501295
2501687
2498768
2500039
2499920
2498932
2498548
2499673
2500343
2501569
2499350
2501692
2499075
2499939
2501180
2500738
2497645
2500989
2498941
2499262
2498946
2498940
2499129
2502428
2498962
2499872
2499663
2500699
2499029
2498784
2498930
2501005
2501996
2498391
2500436
2500631
2500908
2500969
