3671018
1355237
2146535
1001927
937953
997888
3373464
4770251
368340
4470682
46212
509429
289547
1247675
3315022
847342
1711528
3231045
344302
1355195
2441487
4630321
4981326
4712548
4336516
3628712
1416416
4207361
3490902
3778115
4715364
541127
3475735
252518
3629385
3358608
477379
2217683
3612763
2018017
4048853
4535873
138939
3426235
2690756
4542315
2029453
4325318
2266551
1864566
4045500
4745361
2306692
2100697
422343
561739
3760406
3806473
4912100
582052
3462169
1444504
2955808
1506517
3744983
1897186
2563775
4091907
2239964
3128223
3447951
4443385
2769290
1251905
2532242
2635896
1695203
2944741
1270917
3980370
4940158
203845
2571889
255356
1746210
2311270
3506590
4942116
984993
1987409
715808
906319
4600896
4926101
4932488
430130
4901730
1762940
3987095
2074430
2838042
1350803
2608476
3282772
4797828
4689864
2345703
178546
2080127
1887694
206477
3360776
4351784
1987950
364297
1039814
145517
4212467
1967980
3197089
1067320
3471791
367054
854632
1875701
492325
2818428
3546016
2316494
321554
4251519
1579265
2350157
3739210
233521
3128821
2094375
2492050
183692
1571460
2590177
308609
3254114
3184351
1139778
2541426
3376027
1646926
4079068
4456550
97482
4634913
4999612
161001
568807
3473119
348723
4373677
335443
1556330
412890
3949948
4154674
721120
3248769
327401
1460345
4457707
3013130
3132136
2751442
2706791
4590245
2839479
3698844
1306776
2453601
2168701
1117263
3716241
1204039
2266965
4465543
4230774
4668607
643014
1598638
3113678
2923559
3925000
3060337
2364442
3722825
141086
1954478
4012128
700484
2940251
4883131
4854904
4275332
524522
4204565
1044519
284772
1714625
3566504
2749261
1767749
1792569
4335909
3416313
186809
988420
1879736
540524
1575266
4466668
4317630
1579976
783040
2237052
819433
3575165
3625016
4799800
2914519
4108555
3571516
2187069
2135502
2509586
3037166
3347748
1521920
4849199
1869181
3638418
2216987
4465647
4330325
4311263
2561948
1567222
2996709
2346671
3159789
3860899
2500744
3371320
2682799
4069126
2684349
3917840
4924812
4346100
131857
3912165
4906095
3419332
4137515
2207312
4447288
159894
2734293
1681082
2027411
1563294
1828281
3970134
3904650
2978132
1700915
434057
1092609
3304038
2210838
712456
4518132
1758201
4509926
3731145
1419887
3199694
1306713
525483
2681203
2734034
2688202
1633805
3542631
914127
1575563
827657
421686
2684481
3570846
3708204
2749273
3380928
2207934
4784351
3067132
3690791
402781
3983251
1434701
317379
3488282
2271461
2097337
3318228
3162539
79385
2806316
1571773
3156618
3172780
3652857
1818974
4035471
2455761
1348383
409097
4778111
3850842
318269
3876410
3318800
3920083
6054
3842332
2606882
847028
2464426
2803964
934066
1367590
2265115
2356695
3393690
4854496
2297588
4951988
4348379
4839163
969243
605076
109677
1923385
4890065
4633183
4276015
4427148
1571944
4779617
261650
4691243
1941906
2262283
4277729
488674
3468997
1760168
3101716
2707394
3987203
2866193
156339
3387130
1851547
2032534
638187
4995323
4956216
3093303
4495853
4625235
1768654
4315059
3722276
3477548
2037703
2909806
829186
209595
1173684
2127834
669665
1634673
3272912
4287903
4651551
4038516
2549092
3528661
3579666
2324721
285773
1878753
4192017
4981324
426465
685901
2891799
1273120
1809513
3170076
1090271
3471648
1900794
564425
1050825
1119261
2366668
4187883
4343919
397187
1407899
2265087
4727569
452280
4605507
1516064
86590
3440128
4414073
513179
30559
2681184
4401464
2532835
1562057
4805746
4064168
4630588
2785539
1661360
2333238
4341680
1626620
2676163
3701214
4136852
877692
1963714
396369
1002692
134669
1088001
792690
4478748
1466738
3343749
1286775
4726549
4034413
2569692
4646485
235595
1029024
1323079
4254512
3575176
1595780
2395250
1704079
3145628
1838723
3119468
1572936
4793370
3731576
4898471
86804
3175165
3341277
2140749
3651558
4053321
3902473
3402029
3480332
2622159
3652795
122380
2092140
4956865
4123154
4539148
2435760
3785967
3046358
4314619
224383
4993063
4326196
219363
114822
4938642
705269
3333952
470856
1732403
4965606
2123071
2161984
4941651
4981706
4310371
3811143
4622575
3711813
386530
2070653
1111898
1367497
598599
1786802
1503832
55724
2098503
3628184
1485782
2908135
3564863
672320
3940378
1681398
85853
4614919
952467
2534225
809349
1273556
549028
3708929
310051
2819375
1693672
2067655
4573234
825388
2211901
2977084
3448423
3082472
4166856
2066495
3125944
2071973
2410670
4380189
4603481
913103
839038
357370
4059628
1543183
940839
420134
3786241
2624053
3554663
3943678
3712335
610271
1886629
3231874
1609149
2740004
245421
2666861
1631307
745721
837068
4316066
4528898
3732691
3408825
1345384
2070565
4461441
2259004
1964558
2356375
239894
4901562
4500845
1142528
2572209
3651102
1316094
313947
1309413
2793758
3963172
2049645
2009625
4800357
1934477
3318515
2574892
1361905
2917245
2777564
1190018
2945784
3600647
1943250
2343109
2712855
2872216
3949342
2807141
3291555
3619564
981990
1404305
2383756
54897
4385715
110699
694216
1899527
3199401
1003695
4311856
4039622
3472436
512264
3313819
1493071
3197263
343680
1545601
76871
4364933
3630774
3472225
4499910
2795625
2262926
496202
1659676
345682
1443900
3079140
375910
1808990
2371191
1212376
4240777
3115811
1258824
4259192
4835042
3600574
271314
891873
3296802
1683227
1424403
2701222
978518
1216220
4681704
3979975
3135011
750034
2179128
4417641
2176944
3643558
3846929
2439928
2364752
2029123
4580582
351693
3883340
4184664
3584201
4890099
4841330
3180494
228278
1847287
733999
4517656
1243916
3360580
2751301
784496
357046
2472316
2658766
2613341
3056517
331422
1519071
1526160
3750826
2151322
3642760
2309348
474196
466768
4050030
2803328
1113370
2222947
2058957
1578163
4240450
4902788
3398383
3402414
2523499
1984808
2741123
1072755
1617108
4957687
2844077
2098875
776330
417188
3531361
4404518
3365758
4029185
886522
3911804
2938610
384135
3782669
2430642
4328038
1267248
2379695
546990
4107968
793619
2128731
1942336
600763
594875
3467392
733687
965353
1448876
3038849
2157292
3648928
1922692
4527724
1235836
3228010
809976
2637906
2214753
3951869
584416
3486355
3297265
1094657
2445429
4375743
1042029
728560
1477164
4803939
2244883
205345
275428
821294
3361991
1448154
1282318
2434691
1539658
2867812
1074576
4369311
4531042
4227353
3153269
1949039
3488375
4300081
4574474
3401851
891
750683
980728
1242214
2081313
159696
3023339
4895286
3180961
353526
3869280
3923790
2246450
3880754
2158776
4939186
4719437
3830274
493149
890190
2303433
1174518
927860
2460777
413929
3173028
1064805
1455976
3140121
4801971
4006504
640184
590600
2992519
1976620
1015346
4205617
238439
498935
1966877
1740761
4441121
3354492
2288247
4904386
337728
796219
4940230
4683324
3458976
973125
4075930
3953749
192957
2040039
802796
2363283
1684721
4222131
3483646
2296560
3934029
3757881
2398310
2400686
2522616
174710
2811884
2121934
4097400
3045181
3443475
2725365
1631233
1104789
2114443
4225211
4867137
2727316
4488521
1275723
665792
932416
1772225
447204
4660231
481197
1910283
2588980
3889486
1876185
3343652
4090274
1719303
4998142
57604
1430306
3144024
3126536
4605620
1548464
1070474
4889671
3641309
1628008
2498712
1172909
2607231
3640467
2434941
61039
253259
2459277
3931435
1898440
4349440
4110909
2328061
2101304
1044685
1289200
2674654
1160613
4504421
1421253
578463
2758260
3087729
1395027
2591413
3848220
3940843
2604754
1037424
4784750
4103772
4785774
2661888
2956944
1257252
1130357
2173857
1730620
4288298
4829667
100247
487595
4883581
4343202
1293836
1319241
1212759
4069765
3887727
4612050
1875334
1866430
979605
504253
2103739
2254647
1676206
4985743
1590729
1753762
3100386
911045
3573974
1665554
1261476
1749287
1351056
666552
1537875
1170369
3676632
4739962
2016546
2634474
1763547
756175
1688377
3032192
3454418
3425693
2274214
2169348
1840494
2181740
148094
1953207
3169508
3782514
2174314
486827
2767132
413673
3313005
4533413
1373208
4247258
1474302
2020404
2389225
4445705
739319
3828171
796363
248846
3966051
3815138
2154849
1480683
1206574
4606081
4143156
4468303
1482310
4217674
3283907
3345867
4614867
3058783
4270035
4002886
3092041
3265767
2472570
3452317
2908371
4830460
1866120
1120920
1956047
1744489
817616
4351246
1077719
1786907
1396693
1266765
4048527
4492523
4146608
745214
2088957
903807
3893575
3387615
4118679
4414561
3245968
677674
120144
458185
1241968
2942987
2884302
3957416
2167790
3099290
859601
1371138
1256288
2994461
4522515
2720740
2218383
1295667
2266617
4234814
3101816
2090767
1577864
4788296
2606291
1074928
2386959
3066073
1238497
87304
2111031
2845019
1353756
3515769
4732188
2945639
972550
3805308
577289
3029214
158053
3377622
2839323
2220344
1470577
605453
4342678
111659
3012606
1746620
3500864
4042118
2334335
4412305
512246
4931346
1608117
4665675
3029566
1159763
4067996
915459
481620
1891034
2342468
594865
896473
2225854
3388015
2713196
3854119
4973627
3057930
1351511
299534
2956543
4214801
3132984
3482207
206194
2546958
3870447
2056427
1881108
1113621
534455
2572743
873509
2850295
2882527
130934
2242096
903014
631257
3506607
1470703
2430376
954205
3269050
987696
663643
1541494
334310
1043852
3618553
2633
4770641
3187062
3612925
749557
424950
3066309
2064299
2365960
4911517
3272746
3722011
3559624
1245554
3756820
1565537
3333037
3806630
1186225
4842602
1843563
242519
1223622
1088022
2131482
3388480
4270549
2081979
4450482
530205
1774846
2872239
1239830
1325649
2129071
1227976
3521229
4065858
2218160
4358155
4108856
3326031
501323
4068340
1715462
2587813
4391162
1675183
1388211
3818240
2968183
4731334
4897472
3172823
2059479
504815
1770223
625946
4277358
4172212
2341026
3342326
3663343
2136759
3898076
799025
191507
585210
3212024
1112423
3387245
2745971
4986624
2056519
3133432
1327464
2687795
3430660
3280103
2120159
2436200
2297582
1186295
1087864
1485485
2042626
396063
1228710
4390477
2593383
3128650
3511543
2020106
2024082
1401550
965666
3961703
299526
1212208
4895304
848815
2429240
1310294
2571773
2915393
2661678
2711747
753196
3888588
4361377
1650152
1345236
1449647
4863963
1826333
4752873
2758561
1086367
2574755
2220381
2569126
4893907
957201
4379141
679848
12968
4893956
2879499
3672553
3204934
2280324
3227104
224311
4954335
3820848
1317444
3799774
3059725
2445956
3901875
3612258
554148
3604532
3721413
4649426
4370908
884968
3275813
4570244
1229324
984493
4726207
4239921
2623009
1234024
1860531
4124874
4962295
997866
4510538
3093226
718795
2118160
4242769
4717547
2319277
1486800
615321
1392381
3660650
4261869
2595964
1276128
3899230
24962
520192
2504788
941240
1208895
2987558
2234728
1595919
370066
1500598
918738
821037
4030897
1767930
4694065
2986683
4315223
1132927
427780
2377138
2921554
258499
4324772
1300378
2719629
3386844
4834615
1826004
2149955
3246566
1149655
3259967
4578506
3628499
2517935
912781
3662886
3051018
4094559
2616729
2692261
3960473
3629511
1347129
2012506
3210957
2314295
4992780
605276
2112630
4858918
1318628
728198
2443766
4768717
4877654
1414399
3730446
4831903
2139114
1998403
229220
1135990
1695286
2295221
3950430
1258389
3545347
4639723
738382
2980963
3675465
830418
603654
1233391
4918188
3518251
2479404
2637096
2268010
3327556
2056985
1113199
1739082
1655127
100491
4938575
3392114
4822249
4920963
2136823
4716275
1557714
526739
1766324
1999636
3470904
4837695
1802240
1441419
3695711
4607193
4054641
2472053
62130
2782221
4761763
822049
2594801
3683743
592790
284875
729698
4268391
2163798
2026848
4181318
2231108
1040246
4400614
4232554
4983028
3249986
2177585
2157073
1396885
3739707
4901018
1374611
356685
108968
4940814
547679
659479
1107228
622109
1975235
898006
4065741
3806118
131830
3570990
1251140
3223544
3528362
463522
3053096
3225023
3838050
1690892
3229594
4234440
1142762
331234
697630
1592559
1372701
1405415
3449931
4264404
3912005
3020379
2067218
4706018
4043248
3398344
1655756
3842000
3399237
2378096
3015665
2191238
235812
4260132
3990352
2852872
1819456
319203
1336592
1207321
784255
3886223
3370556
1190764
1346230
2503873
1889368
4984393
4433283
378071
2980984
4897914
1088976
2499189
4555383
2968149
23623
2033875
1037652
3163527
1991201
735597
1943722
172920
3702695
2727103
2144922
876136
4308596
2935943
1057692
1071733
2397069
2272746
4057192
1859636
101407
2100924
2408945
1483004
851246
2256825
3871724
4497621
3428928
2306157
3566989
1413277
4422455
3330027
52175
1971311
2926049
4911078
1620194
3971755
1002317
2053853
1433713
109147
4296028
4927958
2353093
2078992
3746147
1322454
2214309
418906
3201168
1591406
1126489
1255635
3567307
2023244
4228103
1315521
2523050
1371507
3387847
3319283
1265414
3057702
305817
1985825
299687
2807985
533519
3610369
3911591
1721776
2966226
3497240
3185463
2917863
2662227
4463416
2383627
2186652
421522
1792783
1386384
3844101
1966456
2280279
412144
2365449
3462691
4299481
2893519
2250903
4643431
2613609
3486052
4982302
2373710
878185
2683697
3034179
927125
2534993
3601311
4530287
2362790
3422019
729459
3091334
4039159
1896145
1643643
387589
2404948
4770830
4875147
382285
1128171
4245118
3100192
4221083
3283552
2652527
3879207
246461
4138902
3504164
417167
1306852
2770811
128812
3878331
4683984
582558
3050635
510191
922732
3360027
2553808
4864217
2929011
4393629
886259
2884647
3411721
2552078
1755844
2125750
1553846
359087
3613199
1502599
2083639
2970263
726139
2787257
1130028
1412302
3903047
3182695
1985403
2974684
4567626
692197
1282871
4696455
4263584
1032080
4197773
4824685
3689174
3455103
2683640
664812
2419571
1708899
586552
941171
4019510
2797817
3643639
3241296
3294829
1350641
4726073
180717
3005104
4091076
2882178
2279953
3649707
1484489
2537264
4827258
3792677
1070606
2905737
3373163
2318299
4847117
2833129
4251056
4265695
3268549
3298014
3576236
1858875
1557959
1365217
1445971
3162853
4017881
4156639
384900
499108
3737726
3196784
268811
2281396
813943
1111238
595690
4102574
667169
795753
1999909
3310151
3310886
830405
435663
4693842
4120024
809054
3899143
1277137
4526940
3104378
59459
4106167
745866
3346881
2498010
4734284
3855049
1011943
4185055
1531935
3142400
288013
1039092
2434726
3847289
1780548
3744182
2234207
3128375
4870752
735249
2397382
4548739
2417930
1040882
1047866
2465212
697258
2082335
2076392
2322326
3073053
2204511
4902129
3885763
2410552
806842
115065
1734437
3699908
3351586
3800900
1764726
4942758
3491703
591443
3843395
4423694
2612476
3764550
4204942
4888569
3924314
2062342
1609827
1671574
2038306
3976711
4439659
4111182
2881206
288478
47992
4354439
3269182
1822000
2547176
3523544
4315612
3737280
214553
4090835
3323017
21019
4860364
2838633
354105
1102090
4267247
931847
2087775
4672526
4537007
870526
945128
3407218
60870
4353494
4146625
4196142
2139838
3239188
3581517
1715866
4775569
1085338
4715628
1034849
17065
1773222
598144
47142
577966
3634363
764562
2238132
3183995
541621
3621869
3879150
2901658
2812823
3067854
2107834
4793071
140365
3425339
2350874
1591444
4085556
1567836
1280366
3390891
3319292
1522745
3491648
2100435
2262695
3053401
2188325
4022143
3100203
1795609
741880
112099
4325392
775472
2483818
1596398
2848193
4204775
644116
107556
4407535
3580454
3473842
3666905
2305323
2058295
2724228
3715959
2355348
4539936
644487
1413859
4860449
1724405
491709
782075
1545113
514363
814929
4214727
4139965
1130639
2500155
1149946
3723727
573525
2996671
1914937
3270207
1803643
2651801
3575847
3700593
859618
485246
1179925
3684586
660585
2825684
37386
4623655
3148710
1557093
3031341
412304
1106333
3108671
4878319
4756768
3027418
3468795
3246907
1756348
2036256
486428
4826643
3156454
4392743
445682
34250
1184729
3273058
3939484
763461
2176043
3859550
4037316
1085934
4486021
362138
4924390
72388
3946357
4005857
2266451
680532
4432521
2800276
2992486
1166875
3457272
4139280
3114267
1944460
2718704
2516146
4634674
886132
4860314
2483056
2114104
4121450
1827953
3157651
3871268
4282699
1748879
2544496
753992
2724532
1075598
4877344
4754458
758065
2053772
4825243
1342061
4367027
15417
39225
842640
408411
579093
4032713
2093622
3576684
2661222
2800598
1557259
1648480
398258
1144697
3797349
3057812
1240619
3224078
784685
2082710
2031150
2939600
866022
747249
2482406
2791105
3376091
3777766
1460896
3797841
1839230
1234398
1501895
1376705
2807549
573627
129725
3220976
4996974
2139446
1006088
1034931
2346885
2686022
4660912
1488635
1116413
3611209
1189585
3201778
3403003
225643
64983
154563
1955578
4212997
3802473
2566861
4906877
4622202
3055345
2736223
2137870
1881677
1228292
165538
684132
2571631
2336483
3950030
2539052
2516181
595875
4943727
4626296
3101801
1062163
875033
1968434
2830302
407348
4478131
4813817
2919696
2209358
1140949
4520988
2583429
3095378
3989158
2474208
4286058
1544583
3315032
2324065
1213167
1639915
4031402
4541037
1882820
967583
1507411
472683
455783
2567476
309575
1576286
3472811
1102163
3600488
4616795
3854609
4375997
2347515
828187
2420497
2885813
4220714
1939806
1265163
2592218
527799
1727365
3089519
3429999
2803913
4240086
4982230
3616319
3443325
1348619
2244773
4552732
371277
311605
3736305
2375181
3750630
2987484
4626573
808606
440677
4412490
1022938
2467898
757622
4007233
522113
3807850
286307
4464221
1509238
4236573
2138670
423609
3393934
1842163
3328580
4197698
938660
1496525
4112722
645598
4486964
2072128
3706614
2321759
1492173
1039879
831217
3711041
3937815
4853926
3881739
387604
232990
1971603
4605536
445659
1295743
401695
4464218
1791557
4321571
1441281
679537
169286
4474837
4584026
453661
1388001
4032315
2693677
3858812
4076196
223704
3833155
1328468
3241245
2942209
1588089
42021
3620626
609311
2413346
4665127
4578803
3083371
3683093
1624153
1676858
1132058
3093312
1984640
3081298
947658
391687
4614433
2568468
821822
2409930
3948569
2486002
1347360
630437
4107739
1470707
92529
3842311
1927044
1494230
403492
4819866
2316891
2313509
878123
548666
1834793
3379633
4331390
3598400
2278240
4029296
2048867
442860
3106931
227373
4719316
1817024
281386
2355521
2752210
1944831
160289
3924452
849735
1274380
4090937
2829898
2552347
1620046
676889
3718194
4130252
3209464
2416572
782498
2771655
550388
204076
1812826
2828209
1093482
2510555
1269678
2220427
3250702
4472692
1461403
1043346
740385
303783
1295601
3599715
501880
4433865
376697
1869905
313059
3051627
213542
2807812
2924369
2558493
3759182
728373
2144158
4452144
1981662
2195432
1359275
191624
2665411
1141374
1148562
3145285
2708479
2965138
205670
3674664
4110035
2659619
1957299
191022
4314176
3696979
1954748
4890637
570898
1886654
4997501
1421851
2732458
3501470
4670886
1551760
4182193
393155
3913068
2218639
4201385
2090196
4763374
3763154
1413911
2000768
3373798
370099
1596131
2338093
2103721
4771931
3937322
4003039
2076860
2122380
3155071
748045
4450980
3637833
2750845
2344805
2868483
91751
2696650
1803756
434059
1701234
1093935
1122373
2655043
3580470
1966069
4808686
1536210
2833732
3372175
4505969
3946270
148437
1398367
3288192
3378589
4413241
4474986
3745344
3715465
2985211
2338618
238491
3296486
1259855
741712
3873569
862392
1608336
4254884
4769110
4047940
2909731
2876469
4060230
3543835
3860557
4008864
1153949
1156080
674952
4003510
3329341
596865
3711832
1806418
984132
639744
3611830
705458
2056305
2286790
1689910
637964
1552668
4928443
1474395
1920780
66536
2986084
2914117
345363
2330216
429388
2593552
127134
1756833
3768384
1710165
563011
3626448
430033
4657286
4572345
75201
3437707
1842157
1309536
4177081
3149428
3834695
1099401
3150980
2500256
2986833
1078760
3488385
4425188
2532878
1014085
3503127
2068925
3560187
918180
380356
2860852
1168415
513246
2211655
575843
3988839
893303
4425125
2979280
3083444
2122748
158662
4876296
755798
2744180
1628335
3732929
4325234
1863585
1815653
3823241
4553156
999243
3800016
111519
4973789
3645529
1582734
3114862
234453
690108
1867755
4891642
2269771
4382738
1264916
2324324
410738
1874801
323373
1563128
2690266
4344871
1256431
4128100
2424396
205371
646662
1238734
2472651
3478757
987923
607818
1845676
3873674
4580866
4499348
3443555
3156617
3988762
1211020
4233793
1622221
3903774
3044947
3572553
476873
390336
4812021
2777248
4369495
4872900
4119485
3062281
1161487
2830573
3926452
354909
188988
1029182
2565410
4869186
3324854
2681026
1490648
3819123
390464
2836426
3046643
1399891
110071
4755386
1732594
643806
3637428
3389325
1640772
1219872
2778167
2413429
3864493
1845225
2918485
2874084
2803042
1585773
2069065
1973094
1176900
1149515
1770617
2204635
1544545
4379897
609194
978535
3033088
4122746
1489161
467573
3300268
788064
3535122
947870
1544457
4494602
4866161
3532223
1728759
2854924
1893593
81674
757773
4710578
505536
1396195
3112148
346777
3504952
249699
2213592
4510457
2649378
1247773
1760360
2540258
1605067
2192999
3958677
2334721
3054834
1704314
374932
3951473
1396852
3430361
2411200
4954235
3010393
2188154
1444806
784190
1740854
526848
4879062
4703881
3805162
785528
3085656
381012
1888519
1948918
1194738
2264519
4973637
3618988
1360536
4542451
1796068
2968780
1079217
671415
4206363
2884191
2405964
470817
1493007
2706973
981675
3085511
2161575
2784900
4067166
4640108
3546566
3359147
4378474
1305261
823772
4489133
2140753
2265847
1705241
2524949
4710383
3776117
1148266
2917850
2656284
4745961
1216850
1508195
4323252
1616365
491473
2652354
4393026
4175673
3670481
1838769
1826052
2858611
4573012
752798
493013
2685732
2329077
3310057
858775
2473161
4052088
2189935
752517
4355930
1168751
146648
2547236
4441705
900784
582912
4537606
1526716
186112
43693
495984
1943518
4595532
694225
3078879
3727948
2694629
2830859
761563
1675709
3209492
3165071
4672663
4314843
1894434
2840465
2512600
4931975
579450
60310
18110
877584
1157756
259858
100558
2483831
2988930
2093095
1298406
1316847
3925492
4214258
2905781
1560065
3731005
3359267
4964446
1754187
3620303
4920008
3024927
583892
2903967
3031133
944544
3733277
4865326
4413737
2491938
3726696
3869590
81255
2815724
3706832
1795363
1031670
1972749
3338611
115687
4967694
3693815
4867510
3951760
1170292
306919
2610599
3359343
492958
2995192
2133629
1374043
4121095
1983282
816367
4892754
3833314
634364
1847948
794189
4691627
1169831
4342231
1471502
38987
2524610
2449816
2579356
1678881
3248263
2729383
724269
731263
2391122
1237123
3055389
3360567
3676528
3003760
4599939
2691131
3402968
4803685
181753
3924099
3863415
1774251
1407104
4112193
1893610
3085715
2080389
1484287
4545838
2973680
3340098
3647183
3353189
3074726
2155457
4506306
4989694
3403487
1044660
3513625
2588379
761055
4558138
3079236
1054843
1357710
2131202
690403
3404820
101929
1872273
3959883
2922486
1337080
3736569
888175
3053635
2084023
4533394
2250251
3828432
4136506
559295
4690445
3158125
775741
1697975
3924436
3699889
2322898
770736
3681680
1224499
4765361
1747735
4964950
2271918
367227
3134800
804560
4568214
1650651
994127
2831260
3001120
1860964
3857761
2477035
4475877
2409531
4391950
226163
4997697
2982025
891488
578656
4494842
313532
3596199
2296676
2692842
1699017
4540934
3097453
508384
2262544
1449587
1250648
4877866
1930845
4181502
3583556
889783
4085773
300729
4660181
1598342
2578384
1446357
1053909
3222305
3287188
3855779
607494
951259
3830979
914193
3063239
144833
3618989
4471908
1784102
4438011
3153256
1945816
4973056
3497974
3871819
554177
921619
4628600
1946507
31439
4536543
84766
2747599
387269
1839090
4781689
4558693
4238422
345228
4814740
4724938
2525432
4953358
1448270
3633690
2526670
71549
3323003
733022
109774
3370654
4276328
2345713
1892622
1566188
968741
3495516
3844134
1971089
4765261
51942
2361509
1315852
1114703
2217172
4371388
4059267
276278
1019100
2837940
4084004
756759
1432078
1383059
786279
2523609
2998279
3084075
1244880
4283267
4869636
4004036
3075151
2048629
1779957
3350271
3575944
2528038
1922702
3393367
569639
967765
4328120
4378568
273980
3992775
4852163
3810830
24682
2248504
4163245
2864481
2188161
2639987
4717433
3677680
1444268
2647797
3478371
1334657
4761920
4080060
3524353
1167402
3503318
1423477
209314
242716
2581368
3998574
1903544
1091323
2695371
236452
153011
1411354
2836796
3427983
2879579
2379297
2517970
2302060
4703328
4957927
6157
403454
3073492
42802
1921698
4083492
805837
4167599
4188476
362962
2668294
780633
2769219
2250040
1396192
1508856
4836801
4379403
4093625
4001032
2782122
3212286
2248025
813262
4866369
3732845
1829259
4208082
3670883
2114940
1990724
2531036
2872367
2399618
1829347
1327553
3471549
2175193
2973611
3952556
3257252
3565912
65433
2828521
1046832
184795
4111776
2843431
4518425
1588060
1143001
3427702
4018343
1988375
695479
1941703
300027
2342422
4305570
1789642
4969185
3825676
4983058
395688
1664693
2063779
3411894
3894639
3065898
1160185
4214731
4637652
1898358
2797238
672885
2926008
2994775
3630969
4482352
1173100
2426405
820717
3952742
4473427
1881048
66957
4441605
156368
2348925
4929658
197926
2717464
1080143
1036198
1896037
904510
3034121
2595623
2159278
4328153
2824058
2913255
1757433
1806217
3609916
2300307
1224719
2224794
368600
3315487
1465673
1598712
4734627
3156008
721636
3541406
355586
3422629
489133
2961223
4040461
4062408
246801
614877
1249491
3141288
731575
517889
3287511
2868577
4548910
2466884
4701540
3936053
2284466
3513027
4459706
4767695
4336306
3229768
4272635
1901000
4998820
2448771
2345572
402062
1750060
4683290
2980626
1463288
4292292
1207419
2471738
3159558
4362072
2486752
4887566
1811698
1259320
3839078
1534428
2784126
1057647
4221588
2529384
4387456
2020294
991330
4902055
669964
620341
1487982
1934668
279255
731273
1831192
1169483
1348899
1463771
3059810
4539200
4488891
727924
3575434
640596
2868556
388303
631194
462163
3350953
3401368
4426042
4267201
2236200
256995
20117
495733
4865722
3803397
4281071
4892762
4600838
4386976
3628488
3573955
3486880
3419050
1323728
3965685
1783675
4942109
1544138
3161415
516424
3282928
1032807
1920313
3578738
565089
3116715
4142492
581045
1441221
1292135
1358892
3221114
274662
3272652
3181549
2097904
4770615
161338
513216
2481413
4734280
4311670
3997840
783477
2208878
3011826
2841432
3454055
2927786
456244
3059526
1375433
2832374
2273644
3161123
4980766
555749
575538
4907189
2937446
2098277
748109
3045885
1868465
2272532
1443544
3031820
2166981
4315345
3216834
1510888
1989568
1101060
186230
4457539
2098693
3167072
2740163
4302750
3748369
2354400
3328516
922767
776893
4003279
413487
1845817
2667219
72251
3043442
1609762
3822948
2893551
4375816
2721113
3119406
2863347
2845806
3289889
3935801
263277
1009724
370688
4249310
4804934
4427857
2669733
4751677
2606616
947256
1644684
895045
2017863
1640804
92486
4619435
3557318
2473295
1643382
1804865
4541702
3915757
3441547
2547137
4770957
3370837
1584404
3711279
12975
3466183
3576988
3392173
640348
4214719
2849846
539764
1069721
3735347
1363736
2736701
515739
4946049
4223
3243285
1185758
476494
2550617
1067449
2126163
4749474
1576330
154611
133023
2553528
3946013
4324265
142821
4173054
307692
3478945
1476683
4942908
1264067
3539406
126762
3935731
788350
4922965
1438541
2797392
1481873
3050263
3210671
4071853
3646969
4616008
3419909
3488890
4937112
3530490
2635371
1335337
843583
2395775
1027677
2490755
58927
456919
3147999
297916
3581208
2604564
1115354
677339
1523892
2976294
4328650
2658508
282413
4971915
830889
1260816
2207966
2114366
2072622
3171115
1913601
1932852
2382655
1060797
838769
758357
3554838
1744036
3519677
4640025
1838665
4557430
1926612
1075346
1639941
2890394
618091
917188
18280
2003276
1413017
4179562
3336267
3249422
840571
2573347
236290
4904663
649321
2945656
4745688
3518067
1067298
2737307
952554
2180763
463492
3456339
1969629
3016284
4243232
3490650
1208893
4691392
2710901
1386418
3878883
505488
1775671
4148663
2200098
1249560
3367885
4811401
3777138
2949416
1518397
2915062
2076515
4349565
3285288
2990624
615135
1571379
3579434
2560127
420516
138679
4203039
3597437
691505
3850986
4973547
4090172
2607229
2468625
3681687
4411274
1140920
2908762
83210
909999
1505248
4569097
2636540
1376982
4270615
3412665
627053
367616
4472348
3914643
3242581
1672534
2289940
4732409
885844
2604055
3536216
1066035
2177511
2601973
3144872
2627232
2195090
2460246
3419894
4025602
3534218
4395280
480647
253090
1665533
628755
3037006
2336818
3225973
3672019
4017651
4014829
78963
2169280
4366101
4977053
2338586
4237160
1301007
534052
3862531
673882
1648996
1095642
4394467
4468331
4689596
1963505
4044884
2396474
2252820
549721
4478710
3704262
41892
4620654
4184482
3129036
3634727
4589045
960442
2025765
94532
946240
375768
2177282
1914089
4980869
233654
3810313
3906237
458031
1377205
4873818
1183580
417713
981519
2065542
1716972
160266
146349
452738
1762583
399328
1838787
3026382
2862310
281342
1836171
2828712
1881104
3755854
3475292
3987146
179290
3044712
4328317
2600301
3913620
1996062
2525657
4875466
4039841
64179
4018236
1515283
4254968
3612627
988900
3814308
900028
4027311
4383257
1546909
3065993
3731217
3904791
4884324
937218
1296784
807500
778940
3174235
346232
4012848
1816960
2586588
4569062
4546166
1625864
3253028
167428
2122867
14519
426548
2103869
2225199
4968412
1968745
1051525
1626300
905779
3615131
3417837
2942720
77974
1218559
957234
4850255
681001
3109067
107995
4123006
2474556
2350637
3350747
2838386
3193144
2567314
2256356
4200529
4360459
1910590
4513668
252777
2245616
2833964
3120742
2801617
4702945
4707175
3864050
4555785
1338676
2364221
1886969
3476908
4647754
1236166
712360
1468076
3905931
3096912
4148672
2177144
3324548
1023158
1014472
3641078
3205634
3915564
667410
3863945
858705
4232462
3728044
2122789
3065039
3400582
490417
4326641
5784
577631
4586755
2659341
613377
3160668
737087
4584454
3020312
2615602
1338026
4672927
882019
1614966
3348270
1340136
1927224
1280696
520146
367305
2549951
2451617
1647354
1858275
4837452
4920816
913119
2638362
2805696
318582
116703
3767678
4485413
2150025
3386178
3730547
1274849
80646
192725
4512334
429821
4710792
2202848
3036460
1775732
3064914
2033677
2672807
1149785
2248708
4335708
3924598
830923
4366518
808176
4732604
1306889
1557639
477522
4311569
4544765
3027162
1238063
2816120
3525735
1565782
2129524
581400
606601
3477047
3780769
3186365
4692740
3951245
2232743
1447367
3633401
860082
4338113
898328
407959
1690372
2620050
1113129
496754
4665578
425989
4906450
2638832
3312323
2466719
427965
3972559
333458
781652
2775751
4412329
168387
45517
3264499
298653
2606468
4701828
4877253
2947450
1933636
1274275
2961004
2830588
2529636
1050671
3494162
4050946
2083907
261433
1978428
1762975
1560149
4063592
3792815
3237268
1369969
186957
3294209
1027506
73122
4095774
682236
2754007
2526047
1861185
1974250
2251421
3142215
3797039
3430034
4524759
2004351
4597863
4066281
4261190
4869156
4049103
2117511
3198744
4008876
119564
405130
795285
4719226
984021
2609195
3683905
1033472
1822553
2683165
2693644
4022166
4756434
83908
1062821
54788
38939
2083715
2178748
165751
3511435
476571
4409497
2962140
1997568
3204047
2041717
1772448
240508
2028632
3903283
2453935
688405
4645531
2050256
1528862
4478801
3224570
142193
2932580
4950526
3033864
1231250
1439810
3362475
1026998
2056474
1506790
4509122
34320
2717191
2583079
2745929
2120766
3229656
2316307
4413048
2329688
311662
4993092
163821
4126693
4232760
185326
2642233
80030
868106
1691850
1737885
1950605
874138
4425295
1206973
4234465
1255847
1172847
733234
4237184
4930714
4249938
3161585
4234620
3143699
2097929
2420112
3741309
3906893
4178942
3809583
3594530
2834687
1661433
2358456
3582561
2015655
3625563
1079149
1602551
1348221
533476
4792374
1271653
1402933
137840
2394632
479785
2377820
4713292
2701086
830858
3828924
3993814
4388474
4122731
4203446
3078224
4054082
2436368
4152091
3793457
4773842
4918977
4589417
1974005
771306
3790710
130461
2747277
4608107
2298285
1988313
3468802
75439
3454611
2003499
1173863
848155
1971439
595705
2783258
1347902
696403
2239326
1100522
1450476
1731969
430403
3744517
4740922
3831334
4208633
3614447
3944677
1949905
1420287
3103567
4890827
476302
766979
1321874
4677454
1019552
4224590
4615023
1072170
4726716
695910
648971
2007087
4635854
121650
1746640
821366
1359446
4164316
1119139
3603140
1779882
31270
693725
1982611
1995671
2477191
2325477
4493168
2131175
3686058
4862136
148318
4280759
2420850
4506894
3532301
1672709
4282002
2678368
4721861
2776144
2053930
2399882
122118
2089804
2481735
525313
3959624
4735677
3240078
3230042
3195420
4995521
1710214
3511314
2809198
2273516
1503474
334646
2795991
1315822
907722
1195019
4280002
4429173
2500377
3292982
4594602
2909983
3851366
2568274
2531870
2592378
2156049
2324271
346304
352579
4610837
2004848
1849804
2407275
1094155
1148073
93218
471648
1094326
4086066
2344831
2008359
1916648
1776004
97772
2791535
1836501
3666468
4007577
1131661
1748544
1211252
4700055
4061341
435076
1446691
1952137
4083106
4196642
3597021
461466
2707103
252047
1365716
1480095
4614925
904496
1980801
114385
1663768
4058486
910116
3016952
1068115
3615809
1179010
961581
4894517
3521828
770895
4698953
4849664
592982
2892960
37081
3166897
1415258
1623065
2653469
2730193
625029
4508664
4339511
1400375
4259540
4378406
2961753
652386
144725
858630
3388139
1838961
97201
2162097
3067642
902382
1808954
4404364
4838768
4356495
1160322
168352
3021388
4016903
3298779
533633
4124273
1543761
598079
1507011
4203843
4793523
4008488
1910477
4829845
936081
4720261
513558
722927
3442575
3455774
443766
622853
3900746
1573554
4563963
3498715
2990586
3451636
254689
2961995
1587388
4940028
273367
4398843
844734
2908169
3347675
3215169
2728233
4960111
1957680
1607277
4773658
2778922
399424
3308789
2802598
2055328
389877
4000934
703216
777342
897857
4300154
499060
3264405
818552
662372
2735043
2442945
4115311
4144273
2084779
2317875
1395764
3897133
4343471
1555100
715940
4988674
2678665
1988279
4177000
2178373
1475668
328193
4435968
4863749
849186
3749643
2397219
2041702
1588965
4957532
4560780
4009623
1398606
2776949
1738120
4701960
384558
1223621
2166858
3007263
195506
400622
1185460
4197919
14858
2993888
2243548
4468316
3713358
3576735
4767985
2775966
1613449
3072261
968297
2711141
1790090
1559848
3295992
3937818
2016626
839727
357641
1102474
3179204
1615233
2811129
1393951
4687208
3575435
3780525
4214256
2221689
1421002
3889661
4868322
1437031
1998091
1797702
3311386
2415221
233510
140248
4452438
46838
92300
2421767
4021253
613244
918531
1063554
1155953
2989855
4721682
604319
4025845
315771
2129894
3993405
270679
4146115
468392
4606591
556150
684433
1297152
1219445
1752417
4555108
3559397
1154876
749335
3951093
1473259
2908411
1356210
3876124
3384916
2604865
3804204
2465740
3484180
4182649
2201752
1659162
851834
1074882
2083781
3487152
2416157
3418437
4779885
3138302
2833767
291062
3367847
1483664
1822786
4682096
991034
2976623
4153078
644578
4726197
2770191
224775
1290396
4105419
4977914
1360135
1459588
1148210
3254148
2620547
3739788
147210
2400757
728077
4104831
1627782
3307115
1307111
922422
4783083
4433601
1957125
497895
973123
3575154
4855961
526642
1739515
3844923
2008377
3103120
272224
1791394
4499266
1588984
3990894
2076901
251529
3837600
1886405
2164406
150738
2245639
2136291
528780
260738
1446874
4271923
1316640
762146
4058903
3192207
3432008
1187116
1501503
3625306
2697669
2009289
4601038
3468896
3499408
2356352
4609925
4373927
17965
1013425
601908
1213625
3734529
3383712
4287673
4339496
169746
2709149
3854849
1582618
100803
4989972
4923737
2900913
2538283
320686
2807430
239719
1128449
389306
808984
449146
2354395
1181691
4832782
3415730
3252010
396550
2341481
4833446
2302962
1989282
3014522
3721849
3486259
2005914
1767206
1749165
3398825
459371
3752429
1513245
3279423
4056822
235033
1086920
4543135
3550257
3461228
2306515
2596469
4145652
897164
2022706
2367499
1999001
3220280
296351
4763249
4715627
1046649
3562553
1334167
2433741
2002252
4487446
3050888
4655475
683276
4291017
1819199
4445387
3159116
476823
804831
3122251
447534
2183154
416016
1633269
1844102
4800922
1802771
3702237
4643262
2680035
325209
3710190
1911450
3083219
4056652
3996857
3291658
3416029
4197569
2931205
522267
1788159
2001123
3405242
4929620
4031768
1748578
1670919
622443
3258276
878613
2662909
4666964
4109235
596962
283829
4261356
3306479
4217337
3349763
2392020
2948398
2356933
4348183
3341214
3868071
4250085
1111251
4996697
3887234
4175372
3994396
4402836
2555282
1767858
2079773
3665588
505112
433000
3313074
2623385
615835
2606896
617807
2500804
2627698
3541844
472565
2638677
953850
3473361
3190081
1404885
4332825
3416292
3402672
3321653
4599951
2236336
217744
1930860
3160637
2506866
4831621
2968340
1806761
1312050
2743060
3599536
2795954
3427243
3937763
124725
4011739
4571824
3509504
3021024
1556766
3923009
297057
4957961
642585
1999720
4621707
4268185
1636500
2751724
3842951
4871528
3649551
1441878
650833
33763
1391469
678565
1422036
4871690
2920955
4722322
1774584
1633496
1982768
4588869
2461326
4723944
1372285
358019
3411377
4628759
2078994
4280057
3299346
2924056
4282453
1521376
1141869
3522070
2445743
3055507
4624282
812086
2909797
4825349
39174
4859582
3223784
841352
1381889
1608993
1241898
434892
4369412
463162
4622936
4383966
1422083
4323725
3801825
467147
173716
3111931
1740318
1349666
2811714
3740901
2228659
1910170
4922577
3685495
4151772
4048407
881640
1931145
4477197
4207120
3478069
3945798
821849
996963
1213464
2958280
3709043
650920
4487907
1615434
4742205
3499905
3985841
1121206
329545
2060043
1718650
2809792
4434340
1157194
4720080
91887
3636349
1254103
3369592
3618482
4082302
4791968
3336760
4047438
3061540
4961654
4290545
1554909
3363482
4870353
2353623
1625916
3218167
4747291
3186725
3321724
1946680
112271
1078586
2358906
1405099
4542865
4104452
4504790
1467256
2900939
3459504
489392
944488
1598837
3830241
145914
1373392
3400503
4870385
1605683
2546227
3038830
1554408
1229924
3537192
4089245
3318343
39682
49919
358742
4284142
1725
1049746
4714181
4343659
2607959
1531851
1385787
4951060
3803262
3710156
1253166
1075714
4705072
2495806
2287356
93109
96702
1008736
303823
1045281
2736504
294110
1213720
3169308
1510514
1583761
128351
160283
2529390
4537682
261874
2039552
2182970
3087522
1882336
2904211
4468058
687242
1603533
1046441
1383875
3000459
2726306
1314404
2847736
3203034
3881673
1636213
4423509
2117610
1609605
3950596
2797049
4846097
3750505
209707
397585
3095011
3567606
2416767
2508843
3683374
1660073
3740220
981220
4627316
2831861
1543516
3271254
2849169
2942297
4030459
4286608
3623017
1572780
4917815
3518357
1483681
2073896
279763
1609701
3862522
4538430
4090462
2204601
2406499
2261330
3433996
247048
861714
4104082
3461612
3960399
3121840
3324463
4361222
2617114
1460812
356862
3875630
409960
539418
3430018
3082911
4664493
505496
2321778
3838235
2485042
4200781
2585526
3680247
540029
3848408
467020
911469
787800
4809093
2458243
4449015
3383117
2282559
2355657
3397219
2360685
3597363
2240007
3791548
4325332
1334323
86057
2397707
1051364
2891066
534937
229585
198420
4099129
130562
2021713
3151770
724561
2436694
3511087
461679
1616429
663309
4812635
3960251
3757466
3389446
3880095
3286210
1001259
2388579
2103935
3500813
3733104
4442213
8667
2267342
2508027
2913980
1451427
2790272
1743037
1705062
412512
3854554
3758239
3512946
3332596
1174394
4831884
2494368
4232686
1882719
4655920
295047
2000633
3723191
4626086
2066793
3618834
2267384
3413198
1417153
1694157
2030518
1239185
4668381
3442427
1374098
2820217
932384
1446634
4499628
767498
2906323
1896587
2784723
260813
2815586
4955582
504669
3407951
2408555
2363755
1172271
417825
2744076
4999532
1533917
1899736
3503861
966949
4292343
4622470
2964623
43467
4777267
368836
261306
4043979
1761851
2030829
4180556
2917511
1541931
1920912
2852771
4280423
789352
2839927
3758932
3448704
1876677
192905
4229820
2458311
3186248
1835253
2502211
4545458
4823760
1349431
3191885
655484
4316426
1606681
3989916
4684555
2040183
3774080
4322726
2371494
3612394
2069303
1345596
4223307
1996832
589079
1266069
1933880
4370793
2900078
3487184
2792692
2590211
1350780
452146
2552964
782514
1210354
32111
4883223
990382
2390544
4476585
1417531
3560536
2208145
4219263
4767648
3485961
3671118
756618
2255777
3386980
2186046
1876522
1650776
3393375
2622200
1412384
3224940
3937645
2732383
1674732
516236
1894455
4785622
70293
3971116
2187100
57725
3522401
3179238
601116
1080524
2084669
676864
4765295
4717675
4154061
3296647
2796753
586801
432714
2050087
3632842
3510248
1273003
2376834
1565465
984261
1492152
1054208
1700570
1030196
3410372
4026757
4350559
429837
703814
4640080
1255339
1401179
585896
216800
3093820
1108182
4811262
4376434
615577
2372930
1321331
1559663
3176262
253355
781253
3530968
2874525
3832946
292616
4816170
4170536
1372489
4925674
3540033
3261671
4343157
3922960
1248508
3242459
2135681
2684055
4769593
4691644
912553
4684603
4997923
3674855
4516864
2417397
2352900
947225
1333577
4732170
3686809
1636932
4397035
161337
1888783
2130910
4092027
2006943
1897044
41494
577290
4494044
3777936
2741814
1554937
4387771
2067187
3783668
4283820
4864213
3925652
3121147
3147249
2558582
1334941
11908
795961
622978
540578
632226
1247167
1829076
476042
3344326
1279349
2828272
2050117
2076396
2922723
2301263
21277
1992375
185820
4682550
510815
1222697
454836
3702781
4876637
1401543
3932525
4019443
3592205
2613417
1775186
127018
1258239
3447465
1084
4779479
733784
2186465
2821233
4210384
1951953
332476
313822
3457784
3846250
3349553
463783
4553695
4399601
2414755
4590105
1683531
1758399
1855866
2967727
305605
1888717
4953999
3406311
32232
1155826
2313929
2184615
3159483
4890365
4873842
1708747
957675
2909631
1377432
989611
4418066
3843405
783614
1230951
4747348
4878124
4976217
4495670
2810561
3495607
2903040
2841515
1617998
4642723
3021072
2389825
144825
4390865
3183668
1113765
1869383
860790
3460170
4642246
218228
1492677
637574
423409
1462356
7411
2802250
1321116
1831614
3476342
4438286
3924451
3807036
961381
3816853
4886941
3481720
3572293
4285748
4213270
218662
3812672
2265325
4979585
447011
4608086
4494198
1775523
286482
4518352
739139
1014143
4151420
4517661
3444840
2857889
4296981
4674756
1762692
2219951
1219193
2187303
404408
2551015
3132140
2308666
1335416
714774
2671839
3141847
3859135
1668033
1727313
703459
3046119
1110959
2680889
4256399
4855148
3489731
932463
4231126
4723270
85161
2900578
3937739
4228373
2477981
1745262
4545318
2922617
353367
1588019
3348205
1925993
2735508
3445129
3677123
4902470
854940
4075557
1469561
1737954
1901428
3725042
4956263
4444844
628918
3581704
852396
1023056
3619177
1989391
4889608
4003420
4285396
3399295
572626
3529491
2296329
3569131
655321
1942673
4059924
4637858
108178
2698835
486047
1657400
4523942
4265846
912269
4285519
1396505
932276
595627
4228902
4770734
1846228
3459193
2109222
3215129
3753808
2401718
1556871
2051113
2859457
2733447
3058600
4511536
1752377
3744700
1175701
3641893
2526881
4886582
237961
3343837
2835728
4790916
4506402
1093534
4648526
2114133
4981544
3987938
4100555
879567
653061
3752981
1730553
523213
3117417
3381778
903142
177869
2662185
4788371
1800401
2399409
1840190
3932128
4627396
4100751
4794266
1616691
3974296
3882290
2488686
1836229
4487515
3911165
2701965
4475529
4442454
247265
764581
2156705
4296681
3902838
3799587
2146881
2844417
4878088
4706498
336481
4735840
2421950
2008913
1801176
3191023
2301173
4615516
142265
927076
4326786
3371655
1004083
2391915
2233805
1927528
1071801
4903756
54401
3641924
4749708
4047321
3758083
4385805
907099
1607786
95766
3971286
1089276
2659269
891950
2867196
4851968
98638
2992084
395115
4879979
4510770
2393917
4009120
993888
1721125
1752828
4593433
2133150
4534086
2471118
4459180
3224509
1238724
3601390
3805217
3151753
3193662
214579
4549887
4761691
1590496
2741651
1407036
3020646
3686894
1188866
700086
2714461
399987
1954232
4652538
1623355
4051315
4943257
1787373
4471334
3921216
2408420
2253022
4199756
341841
3129501
4849000
4947127
3442927
3810696
4101555
222065
4910798
929351
475470
2015058
4805952
4328260
1273100
802554
3762999
2730910
1316352
1073244
837237
4755332
2250704
2581125
2588613
4467081
3575876
430406
3193293
4305822
4361374
647365
4046755
1717445
4257473
4111400
3682598
4269615
2664357
4615871
697702
1991563
1239798
2048301
4664511
3796590
4865665
2858298
3869515
1669445
304287
528935
3076101
4987743
4241412
4775074
113233
246573
4756949
3597250
4549828
3201169
3302527
272574
4180364
2816432
289242
1562787
1277533
175549
6958
2537929
906413
564725
3764289
403825
1148884
2753671
3759580
1650379
2878020
1600988
4773337
637490
4489628
1745213
4756702
1285057
2818394
4905064
2807403
3683959
1126104
4895070
1326677
1665853
4396100
4808798
3984795
3024694
484321
629629
1545266
1898835
2729750
1877257
1982717
4095940
3396239
1313757
2796126
1802560
3227446
478188
4851999
1700269
3180552
4735289
2897905
263774
141329
2483947
4380358
585442
4301299
174612
2084083
983443
3596633
4446781
3877508
751355
4932188
1048892
4513397
4664363
3509920
3027140
1873067
3268777
991312
1940953
1286890
3612010
1190890
4962814
2687567
3370531
3651970
2921522
1271998
2572798
674580
1434776
4819830
1367750
2422689
1796186
1393890
3605678
694888
2063083
4529857
1250722
3163006
3923572
2165234
3979130
2316599
2929707
3904447
2821195
2947168
1549777
3792852
4008566
4479852
4738235
514928
4158056
1625825
2786761
3647654
161349
4162332
2122507
1359156
2527989
2421341
918925
2635651
3410320
2726997
3553734
1724305
1583357
4718985
910298
1806518
3571703
3926349
3726531
4376359
2687956
200088
3293881
26568
4851395
1270906
1780502
2833218
1143156
1592082
1287489
3811486
1098641
694607
1759707
2977148
516705
630002
3870267
3128654
4722862
4218210
2048585
1214370
4438324
2448161
351234
4497346
2681925
3973404
3352265
722642
1631020
230296
1952173
4620394
2576940
45589
4276107
2212326
3560489
565115
603256
3317500
2935890
485157
4847455
2224351
1031377
3179981
4213335
2040816
2045311
1134538
2780617
3282698
2922625
3376937
3199633
4331600
1932580
327329
844756
4713206
2033102
1487985
4738680
624867
3255715
1977737
1654034
1355605
327251
650056
2177530
3484634
1853753
2629274
3534476
2794032
168599
1669138
4558186
1612867
3364689
4041094
4710155
790689
1586578
4376235
756445
386011
597319
4793321
4696430
951941
3096140
4041170
2997235
74715
32862
1747354
299905
1922472
2449338
1609450
3566740
3381541
1359458
3444576
776850
805663
1576219
763732
4595506
832546
1221419
2470510
398711
68826
2268509
767211
711043
4771879
61291
3676366
3981425
3689543
270858
2903670
4584693
2756839
4281087
2068505
1191896
853736
4067640
4091683
815984
4296141
3980336
536166
1637770
2705499
4701112
2773932
1346941
1192246
4749182
2215610
1575100
4197996
348044
1004283
2186540
1808484
3074478
4023383
1894571
928921
97291
2813611
3692330
3326433
2256093
2434018
330603
395630
2294662
3033775
2404148
1878713
694563
4912513
3932437
2096422
2474262
602916
4478146
2713056
4821845
4678783
3894190
875823
657864
4001475
2719020
2066852
135025
1441715
2433145
1250215
1949315
1801281
3065537
4879508
642730
2561677
4529900
1360468
2422577
1514656
3483425
2234099
2913827
3884883
462493
2563440
782056
1630112
3106567
1413878
3987971
645175
336133
593210
3529950
4790908
1511347
581147
4235027
816066
3713493
4439334
296294
3002813
2178950
635199
1877322
1442989
1777442
1574909
4595726
3955384
4605948
435653
1493539
4116677
124412
865257
1186399
3999651
3084241
3115784
2754993
1346272
4912449
855149
1166931
3627325
2025582
3508254
893450
816026
4069973
3734100
494375
1609068
4756042
4889358
538980
2143236
1238679
4275756
4823367
2891212
1517606
4825197
4426997
2033969
3442632
4429128
4071841
990967
3528585
923118
1609183
4755044
4619353
3473276
3760668
3912292
3361480
4538368
4909865
4566265
3678830
3466455
2319535
3674485
1891167
1489505
2423760
3043703
227212
1647269
2464301
4542113
2824273
201414
112555
2096376
1409528
4633705
4884620
56742
4298566
534600
2670404
4562474
1180197
4177859
438474
4383506
4539445
4139892
4348618
1490760
2236998
1865983
2948356
4816436
1515043
26622
1385639
3564416
1402420
3973934
1828798
3638682
465224
3915614
1447493
1749342
1290029
906534
4309644
3365947
4102115
2357424
3219439
3105483
680740
4888289
2109331
1534685
3509844
934847
1396792
87176
3337255
1921990
2491135
1569982
2926979
557234
4366722
4932998
2002706
2918091
260434
3230653
481829
4469408
797503
3080953
423578
548577
139392
4783466
771875
1405885
2489578
686271
2516222
4007880
3955069
986224
2030288
87234
2369571
1246941
3787914
4454707
4740783
74410
3727145
292628
4347531
2232200
390513
87545
2268306
248816
4763979
1919479
3353914
3283462
1678706
4929938
189755
3725799
807481
2509192
3573963
3064265
4493559
361967
1248410
1459121
1575421
537615
2616902
1728475
220694
2568696
4140139
2775036
3567208
1659754
4235291
4361738
4075456
1802262
3409245
4664678
3318119
2238230
4924858
2826175
2616055
2698862
2006663
2412028
944655
659389
4552119
3722602
4624114
4636954
934618
3182332
4655760
50556
3500581
3032318
3052274
680135
2052871
3317716
2545871
2481139
3103435
277260
1405595
4009334
4163227
2324421
1583453
3276556
1712264
2595892
4133804
3275659
3556090
2998703
2571342
1852652
2777034
3898772
37662
2479181
1148238
3372401
1135516
1118368
1058745
4374972
798659
4140091
1234539
880936
230417
1798110
181373
3023337
4555799
1137809
2908636
4691845
1124288
3051241
4639602
1082590
358410
3229113
2222358
3064716
2524806
1830056
3067121
3730092
4232823
3264454
1123635
3414758
4921661
1840182
4934865
1122822
2930311
606105
4377887
2744281
2601589
3393682
1068967
859821
3047832
2997309
4248981
4985240
4783150
2414588
1287125
3821402
1647214
4152386
4882181
2359510
1776286
261943
183365
1886191
4065504
441944
1998736
1177199
3080069
662444
3168469
1938879
842622
4441496
3919274
3048801
568928
364229
634584
1513280
2088497
3685205
3734427
3502782
1063167
1640194
3522093
1377127
381251
711839
1267573
2014783
1187525
2089463
2267052
4520219
2713646
1134715
27702
4011127
4763772
2010600
2751746
246689
1419725
3948210
3302638
3697485
3205021
1631129
1762127
278663
3457341
4231444
3091140
1955190
3560183
4361676
2436527
3756167
2480551
397340
957709
2456572
3437128
4718150
1139697
677809
2140960
2963091
2265013
3684469
4910774
2469512
1645070
1338534
2823242
1147205
1438602
3383178
2486727
4318080
3035687
3801879
2051948
2217547
643675
1005041
1434290
1997688
2947891
4051868
3619181
4322537
1406360
3238340
605651
3921070
534765
2799756
306021
3300801
2354747
4221059
1898614
1894081
2507400
844312
3728280
3914696
4773859
636909
95072
4212911
4323460
3710127
2848050
404397
3325342
1403888
421616
1073251
2250802
166184
149371
1866965
2898710
1462672
4013669
2294511
1508437
1181320
4913465
4632240
4536078
891866
1926300
786983
2117904
1385735
3464564
4082952
3331114
3024221
1759390
2025506
3830481
2846086
1134193
279866
2769714
2442147
1881765
668764
3348930
2335037
3477881
617809
259629
3555894
2964167
2648633
2500395
4006701
2568653
2945329
3081394
3414276
2437958
2038589
1729157
1466755
4859960
1509986
4676092
2045620
3592009
477665
877874
1796015
1754821
3474819
3009620
1011699
4801487
4298632
4348821
2910138
1451157
4841066
2000105
3149009
3064421
172722
3560339
484758
1422666
1818919
3276628
2230021
2785445
2297954
181837
86353
1911522
4552982
4152052
3907566
3251276
171245
1816269
3149124
1679145
4367140
1091358
714664
640878
978397
3378824
737831
2812457
3908323
2247759
4889623
573083
4696004
269863
603107
3899229
4465098
4191359
702826
2230840
495947
3164064
4800291
4704989
4305598
2456082
3709364
4286536
2962446
4125714
2211274
3440542
2537689
2852803
2953591
4058960
2435389
3466132
4877406
4430386
221229
3316258
1365777
3459640
2225325
2404664
4503987
4967907
2398586
4311450
1892440
3187091
4324870
1563400
1712577
3593150
3128267
2875606
659597
3564643
1508646
1545562
2157744
1331656
2973782
3997768
562720
3369157
1172692
4368615
3867449
219951
2342717
3134631
748924
1276221
1362323
3527701
380067
1870446
1250423
3818421
4412475
222854
3998876
677348
4335182
4883691
939785
2969407
4693912
4719051
1539950
2556345
2218467
956881
123911
155961
4549240
2745947
4656579
2170774
276599
488137
4649789
2370671
1651238
1378862
4374325
2830960
4849198
1601088
208943
2472260
3230135
3654237
760147
1202575
3671334
390303
1875388
4791709
3416837
1257715
2333365
3724786
4738589
1958883
3492900
372859
1763950
372904
214036
4850634
4459035
4386259
1143181
976952
1978490
4034813
122844
3548919
4671880
1957459
519477
2860394
1422654
591543
2942516
423091
3754862
1478670
2419566
4020793
3451214
1402216
3558736
4232587
330547
2502410
4114250
354916
1524281
2767643
2726759
3540020
3093786
3618964
4470379
1326074
939503
3738257
3385721
1671236
3946409
2029193
2349032
4004994
3560992
2098505
2244614
2302148
604332
2218599
4503405
2945396
2244158
3655568
3319779
4403354
4530077
843309
783761
935479
1311041
838874
3667655
703663
765576
4709877
1675383
3884764
835134
1403607
3454893
2720763
1408417
910436
170791
2673006
2595698
2142612
787046
3816952
3738605
29403
1754729
3175027
4788393
2820122
3256873
2626033
247812
2322460
410716
3957424
3159804
4649588
947594
30259
734842
2509109
3955921
398852
643301
1853714
4754668
716205
2029860
1211380
4362629
750370
1214678
607071
3246119
4684775
805806
755329
3874271
1217688
3850400
3663352
1591949
4807390
423096
1144863
2522404
4045416
1631770
1800662
2666744
73787
1831901
4068751
4554347
1958853
4862899
1867621
562554
1640491
3462318
4806166
1336931
2115678
3870724
972144
324453
2364905
1111126
4086111
352134
745093
421336
2468706
1624398
2805201
2757578
3282507
3210376
2849670
2611925
3589579
137990
267104
2800919
3193856
2388120
3847552
734790
1849336
1775189
4867723
4992199
3414302
4611448
1370593
2183355
2692504
3079959
866748
4742972
129687
3734605
3436077
3656265
2935635
3259910
4879600
4889982
2256418
1732001
2503676
2311524
375441
8301
3370800
3822584
4085779
2935363
4598121
1771584
2048998
3796775
1190096
3282713
4577799
4213732
3573832
3189926
570454
3353141
325519
1208148
4024106
444223
4844628
4405231
3713029
2544908
4437990
201946
4238655
2608497
559886
4228752
3569602
3905133
4360177
2043410
3551983
2217918
2154745
2922128
1298317
4950666
4424764
4414655
448854
1329054
3842444
1447592
1523451
1458997
2498424
1287840
1861782
3792373
3387062
2039428
1460528
3285096
213577
2074724
4297946
1927345
2939703
3574078
4442325
3745558
37464
3198540
2172561
2977847
193663
2067667
34122
3526546
3232077
4920421
2532490
663658
1462403
3902659
3277866
2684185
4048898
2755645
268147
1898797
4053683
1686630
2905601
3523483
1834501
2353865
3033351
2707461
4175742
2113721
2863293
389908
1098608
802056
2451295
1172291
4369438
3228414
1323940
1773121
2013672
304625
4827262
2061035
2956503
2031862
58914
4721271
678477
687644
4801630
597520
1707481
3280803
4557856
4180438
2752788
3316617
4310153
1848915
312632
786069
786599
2175378
3012551
4394754
1177368
4043504
612872
295789
4787322
4503333
4400767
3150847
2186705
2282359
3889894
477453
4892060
4058474
815826
2536467
2383031
4063753
4901130
2458522
2611868
4392188
1414727
959228
3196510
3430236
3999135
906887
4546346
175345
249470
4473283
2039343
4894739
2658691
4148669
3201054
4438662
4660705
3465922
2456502
3727296
690116
3721007
3111180
4542628
3267798
1807892
1729547
4625224
261960
1205717
338958
880452
3245132
934013
4180677
3370729
4989452
225327
1404912
1409188
3217691
4254455
1691789
4242621
122084
4235402
4984404
451910
1730089
251249
3408258
2788215
2839313
620201
25397
4169679
3235533
4384831
2130929
2919603
919734
3567324
1418747
1601713
39379
4709100
3792944
4439896
1036027
4356393
1706598
802755
4109270
4724513
4455999
4429012
2917549
279965
834756
4648559
3415601
1923738
2290884
4335703
4824991
1586804
2905425
2431892
3943122
4047664
3769262
2186659
4319652
1910530
3859316
3329823
3815856
2968361
79654
1466090
2315243
2734677
2880658
4641725
1868863
945645
260844
1500872
537997
3152211
3504123
2922475
2605920
1971644
458321
4284205
477208
3190175
2251971
2858107
3826991
1774393
3296206
1689914
2768272
4651147
47477
420201
1618635
4819126
3841825
3491590
526964
2575592
4303478
424140
4082846
438199
51265
436329
1130279
1165862
2773999
2234216
2189443
4311188
3646614
1005507
4663205
4375972
4145752
4974894
510500
4508095
70672
1854385
4678749
3638489
3135902
4657980
228605
2650097
1242618
4249978
399992
3757064
4317090
1130968
2207802
3671755
3021859
3649442
2631493
2150233
4574190
187871
1997407
2807331
4477949
578489
3461066
214214
623355
2755109
2494147
777559
1357225
3013918
3436055
1880651
2184161
3171636
925914
534333
2833616
4866468
1112192
2998517
2423336
140691
1110950
2773153
4848267
2310556
4866605
827319
2606471
484717
4946393
2093989
1930642
1641842
1943781
1070437
4996799
2757870
2249846
3117620
1697617
4748776
1071281
665533
4361114
2466758
1986763
3804155
4398893
4891029
2920829
4195450
3603151
783672
1050249
4911804
1890599
2701371
1822752
1355022
2216567
4608134
3740350
2780963
2135042
1566797
4546396
4394476
628013
4462994
1793226
2363257
4531465
2505359
530549
3861725
235374
4234633
2757469
668325
2000677
764411
65058
2227136
2329228
1026
1342205
1971754
2255999
2070974
2206895
2843272
4943856
4279502
4952524
602637
3896523
4441200
4588228
4096004
1409677
1502227
1900370
1836734
4334538
1708603
2642947
1401580
4363486
3596125
4652975
1186366
4572508
1879790
2363526
3289251
329459
3577655
3682021
4852871
2029271
1147768
3242429
937420
512195
3911859
4654389
3006855
3061459
1511892
1656396
55482
4686545
2950006
4105094
2402038
308432
1402849
4661512
4805584
2063997
3706452
665052
3682475
3629681
718445
1022573
538836
2012223
1643232
2107185
1664636
3039685
290267
3842258
498639
4851557
3044702
432865
766256
236592
4769836
4482445
1247377
4961084
2698034
2000181
4303708
1695242
4055366
3525947
3099978
1159022
2182443
4850039
4979840
1288613
2013513
654389
478561
1766389
1351292
3545854
4221249
3857165
979812
4749370
1887883
1037323
2267938
3628441
1893776
3146279
4180169
4429472
508876
4130968
3884047
1151353
3566570
3723724
3018762
3905339
3452991
3198359
3424379
299460
1988055
3480425
4645604
2474248
206804
4452469
4006495
3339992
1165101
1125676
253176
2807167
3341801
747076
3092125
2203938
4772960
1639856
1752551
3670244
4229827
1128762
4074061
4929766
1763360
4242052
1240284
4674673
3835532
3829438
869774
413438
703515
4831366
2564186
1502407
3228984
390854
1358224
2067904
263135
1998601
3523122
1580711
4211067
3849422
178128
3782357
4418366
3115683
1289031
951699
3120940
4925233
326288
1385092
402824
116801
2052243
2304893
2631183
4996160
4474072
1510651
2721642
973888
964581
1493850
4738829
2437078
4985525
4084025
4777886
1628756
1966178
1965909
675846
1941955
1029745
4097267
1140515
4723668
3054168
1145024
483270
178877
1517988
267992
643403
1347210
1887397
1828781
3142981
4151586
4887586
1000884
1892332
2601399
2168416
1662036
4982720
1331141
1851138
2904486
2729451
992011
3401591
619827
4849493
4040762
421411
1586940
1991244
2813842
3670118
4799233
146561
197812
1074463
2009782
2164552
3251093
4658273
4795704
3158232
3585311
26450
4741266
2406318
566439
4449037
950594
3112945
2804794
1699814
2835359
2946560
1338937
2983703
723644
3980253
1542393
3859737
3723453
3583591
4835847
457457
1022629
4547657
423627
739446
4484676
364390
3755293
4671657
719171
2402107
159628
1057317
2210887
355650
3206403
3181923
4927360
4538464
605553
1320095
1852950
759079
2266294
969125
1841982
2374612
2156778
3494730
4513645
1420957
2011255
3499990
4043661
4681256
3960084
2147296
178505
2023946
567557
1472197
372942
4391021
805404
1531956
359599
4932594
4801159
1155085
3965324
2043452
993275
1648990
3321024
2889515
4910711
4729105
3568431
4694854
1517472
4356080
4156670
2914646
2257094
4981449
3202830
4773746
1475796
947750
1295836
3545629
4587051
1649004
3988157
2537019
1852603
4619392
2973764
3144125
351955
4493445
232395
4693101
3851618
1108050
832567
4267933
722872
4482663
664773
1709831
1438196
3186913
293052
1550474
2423682
4973805
2336992
3919933
1897458
4600624
1747464
1329719
1117563
3863444
2786396
286799
4094138
1588726
2576785
4066241
3034913
3979620
4868040
2549760
4664555
2202592
163876
3452349
178004
4113502
2494352
613041
3064734
3796145
3790351
945543
3407888
180779
3406248
2936792
3782508
1430148
2794407
3480803
3283538
2202601
3675747
3202227
2547909
4872112
4125470
4814831
908576
3686232
3737595
3898735
101856
1355422
1349044
4796853
3698082
2127099
1916791
1602880
4885716
1768553
4821748
1287000
2705405
458800
4901175
833397
461677
1860430
4224527
4064502
2358843
3851159
1415873
2677540
2413321
1993001
279538
469666
4554446
3666385
4488085
3291932
3402994
2237905
309168
4472276
3822912
4911839
506779
1842812
3851421
1448173
3956679
4439615
3142103
4268880
2420423
4356884
505701
4525001
264682
1712728
3579128
4848773
4327588
4422889
1587001
1690114
3859045
2704939
2258704
2646654
3042214
1672799
1661259
2669425
3066802
4340611
1257105
1630330
487676
3437952
1533364
4121752
2929167
4116472
971857
2134745
3865074
960794
3007655
716591
3225619
3222011
2828622
2821058
2711652
3340306
4652113
4054709
4865070
4328500
2419229
1780280
1212294
2689770
4529691
1677174
25703
923260
4779442
4314238
1464205
3856068
1531119
3324347
1131371
3694076
3048686
1814888
214231
2341572
449001
1211334
1263447
1599702
1435182
3387984
3025821
219630
4073550
4618994
1203489
1175451
439843
1566370
1671724
1278780
3769133
1958601
1921670
3204862
1766025
2069236
4509106
1940027
486113
1898046
4572956
4558931
4823212
181896
4024344
1485178
4470590
3444982
2204309
3716434
1518863
434528
2457974
1900501
4625984
4098916
1691381
709562
195248
4435727
2067737
3039075
841806
4071576
4972868
3473762
2371296
721213
372240
768331
2808626
2572574
4622031
1270934
846825
3339472
2744941
3033889
1062798
4405599
208482
1576295
2970941
1180942
1469755
3767959
106185
1581548
1345278
2660823
1503639
4341998
4052608
2039742
1154450
4481472
485094
2660835
276837
4819044
4557256
3236806
4704469
2190323
2629465
3435677
4666189
1888422
870802
375034
797559
682362
2675002
4170697
2885646
3465004
3796650
3274364
4910623
289478
3347728
2724325
1895524
4723147
539499
290273
2626148
131309
3797378
2446632
2644941
4419557
2256724
3361270
3695439
986878
3378025
3426603
3841052
3909197
4679016
4883880
2552043
979103
1763415
4005022
3049405
2159374
4763010
3364091
3404541
3516967
1111555
1279956
136183
2690194
1939982
1968561
2968186
770620
1142032
2857485
562532
3412110
4125234
2162000
4071785
3087682
3460499
4345911
3968767
4495601
227305
3155863
1737706
4956396
2519957
239236
1448394
462260
4567881
918968
4631704
423198
692204
271604
84006
4414916
855335
4488261
2250894
3807747
2746195
2477030
1832352
788308
1324896
1400672
769566
1674521
3844805
3152144
2849972
3758238
2851012
228032
2169834
4714020
1970040
1330086
2020892
3137028
3351224
509106
3459691
4653798
4095243
1346831
3275995
1998482
2313462
2671983
3285123
4135106
4176509
4787011
4852786
4096841
2453946
544629
390080
1404937
942141
2075459
3287749
2131731
2490222
137954
2637717
295529
2818512
2011350
735218
1864640
4027420
1168687
3337950
3444230
1942510
3847220
4420024
4759682
1328862
4790968
347804
3274756
4760557
3283325
3830222
865038
1997642
1094046
4659750
342539
3911088
3164273
2584911
312448
3133646
746262
2664822
4732984
1955775
1479005
522771
4720053
4201676
1950148
1570061
1945864
1002591
1906944
327208
1917853
2515820
4087545
3250305
4533378
152714
2910924
464788
338773
3562287
2118187
584828
583567
4948705
4190662
283077
830345
1688897
4134151
2003190
2268490
3048303
4263384
329089
676674
2885337
2245264
3147652
3643441
2594291
2950921
3001774
1818863
245537
1588946
3341216
4409167
3868790
4831896
3139469
3871362
2450955
579932
1613636
1772012
795264
1325866
4752629
2806539
2741954
556628
720209
1239384
3372833
3857189
3366982
4553151
710488
3291885
2123878
2922571
4001377
4741927
1271172
1274731
1303780
3517157
1811284
3798068
950658
520158
435170
2696146
1363261
2572793
4112149
775679
1951781
1526631
78099
2339960
2784250
2674746
4283357
449994
2188799
16026
357858
731286
1498754
2356230
1156276
1890056
1273351
4682778
3954046
2457915
90359
4586259
2059399
4747036
3185860
4629902
3859724
3859865
1608134
4060249
633384
779126
2128746
1567834
165219
3497338
4476019
4972959
1813574
3446137
2156668
2625193
2924245
448069
4336307
1016726
1360500
4140575
2332395
1648117
3479519
3541158
437268
1319901
3047094
2414589
4465287
1320168
3093243
1368916
2773408
2930517
2602902
2502682
797986
259308
3626415
4361194
2537813
2124387
2000783
721797
3990524
829874
1009710
2984463
1495739
528835
3348105
3817157
2546491
2748071
1126405
3752069
2329890
2933499
3561672
1436288
797788
1577875
3578519
1866884
3768156
62249
3574764
3870628
2770064
2852354
2834514
4690431
3494180
4292872
4234149
3870919
3173336
1780071
3251190
4320965
1012639
2969156
3879223
961108
4892813
4304667
1711694
2738561
35340
3164896
245084
4977171
913821
1322437
2529957
2451216
2292370
1699930
4473639
4544474
4378271
1924146
2359618
3069320
1995654
4337049
145272
4692187
690019
1008964
3882547
175814
1510101
2695016
4733697
2898667
4887785
1397569
1612324
4506
1890792
471285
1517647
1916151
1038791
263284
4169251
1517239
4468712
407522
2472508
1883235
3266656
3353196
4538981
4417959
48899
2337330
2463432
3424380
2329905
3330478
4982702
2858313
358206
3831170
875623
4754737
4291170
1740083
3843252
4111741
2237157
2023660
4804016
1085101
1707501
4026969
3745914
4369748
2144213
1372002
4647844
3435695
1448464
3917165
1458377
1494796
2292677
153799
1811641
1101730
2120587
923
238984
2565142
115330
2510777
4450048
3826179
4895908
368094
842339
4386150
1545686
2949545
616025
4553032
1972475
1880055
138914
2979947
466850
263400
3055762
1498354
965836
3069845
187178
4490006
4204875
2447060
179439
1599595
1568518
3302664
735355
4147883
1360782
2105324
1269985
4028928
1806344
1986030
2115116
1118519
2215447
2931741
4167861
2916030
3146549
2920581
3160350
1798662
1759446
2781120
2792425
2543756
3156868
514402
735046
429776
3264092
45170
3720684
646365
440125
2872254
4499120
1275987
1114686
4789678
688088
3414356
4405927
2529228
2202697
389727
2219947
1051766
1863613
1668535
2306799
696863
3363560
61563
2446939
1597964
3558184
4360615
4350195
576781
2444634
2196469
4628304
1118896
2517130
4875862
3719189
2829750
268276
3775964
3997245
281473
974658
2331871
4467005
990315
4049937
3636235
3587974
3393628
4470765
2570832
3006670
670182
2225594
4666560
1607198
1549393
2463496
1175022
399871
4061962
1733608
3617152
3260055
2347090
4180777
2951098
2641749
2549530
1105135
2976546
1135844
4014056
2069326
534160
3045993
579362
1034970
2044804
2234880
514890
1625136
1605016
3239584
3077388
4706059
2968864
2685095
890344
2694103
317476
1291573
4713328
3779974
411337
3646046
3699215
720497
1932837
2620826
4178583
2004352
3177218
521791
1485595
4716524
2030675
2855842
4508613
64748
4027462
4963852
1048172
1206934
1395532
2418079
2454050
1113178
4487114
4267543
3229193
3561758
164123
4830448
1404747
4311053
2211309
2065525
1168547
810460
413469
503661
2606740
3027513
1115467
3825652
1620936
2161950
2946997
4541264
3958235
4478180
1686648
170335
4468928
3860475
4983087
2005467
2796762
2756857
2858024
4499229
2342602
3547887
1894245
898900
2003917
4037817
108930
4561736
3867225
3533086
686304
1477779
1059872
555078
4405401
3493061
4334435
559019
3420139
466982
545043
2945874
692777
2783189
2896166
4463752
1540631
2106386
1894452
1901673
2883400
4550134
2234150
985019
959424
3890077
4224097
1209626
3936168
4985618
3198405
203042
411200
3715187
1562785
2403177
3875492
2703831
1578510
3193920
81586
4946431
710882
2690782
894549
4192183
1933307
694471
3689366
2247419
1470873
2364250
4345847
3955753
2437873
4164505
1679742
3075881
770467
4580617
1513861
3408619
4663692
4044914
2404158
2047824
988009
2318602
1415194
4170942
4852897
2434939
754442
3897792
2974919
4984410
596369
1222297
1104698
3860461
3489319
1345075
3040695
2237584
275191
4734381
1334966
1698681
2382833
717117
4843309
517340
3723324
4429306
1410621
3061320
18119
842743
1769955
339911
460334
2370507
4854467
2292733
2141433
2884409
3963766
4710674
1914590
2572559
2730300
4720830
1325168
455405
2327235
3451526
4127504
2534982
3160009
1895535
2586579
2155163
3435800
1498548
4661874
1462199
2571617
1123922
3352909
54520
3876638
492463
2833692
3129342
4850958
2379400
4353205
4779202
4119293
880141
1506817
3346588
2787333
1245840
1450380
4735964
1312341
1632644
3918546
3254720
1749080
3675263
1501563
4678006
1260234
2713800
1975856
1859359
2678949
2651335
4819420
4269599
3543698
2652208
4402751
2960729
3837279
2854988
3957245
404042
2839701
847252
4543015
335416
3288847
4935320
3386035
304504
2058530
4099611
2416181
3412853
2481125
1340630
3869157
1459468
2877048
3435916
1354672
4023789
3267298
3772438
1562562
1974430
4136226
3872775
1504871
2276201
2404012
847767
3790631
3706081
1859185
2949229
219796
2169449
2295774
4772564
2039981
3479993
179159
3902545
4263111
789568
3401236
4095364
1583543
2902169
816735
3427984
3258440
1853143
743058
1705103
2465242
1037874
3322633
1343689
168602
1637841
4532270
3982675
2741256
4817953
1782133
69613
3977466
1080128
2819229
2889944
1369957
1988305
4794936
3094453
4280837
2023299
2925547
470544
1178172
2477267
4747500
2937698
3286341
4492939
4518934
2431905
271541
2845559
1839629
2742704
20088
3223944
542028
3942603
13685
957493
4308403
4249732
2962287
3791913
818713
2691223
1379656
2705093
172276
2146689
2763031
3485526
3548202
1340296
2616143
1532466
739230
2919148
4929568
1389457
3361492
4057433
2500500
2319469
2409012
3477809
1487226
1911281
4675805
2028925
3726923
3720919
3590796
3295286
1886562
213279
625204
1862616
1471113
2713500
869290
1529174
2613621
4386085
1675797
4270120
85844
535412
3046359
4983072
3334291
691648
765231
3785545
1113422
3377116
3944888
4818431
4326022
2018651
4820809
763089
4124427
3373092
1977877
2485504
4658815
4433992
4988820
4335925
2261217
1332909
196063
1785793
4571089
2378114
142575
3760441
1654538
3672257
937960
4655665
144091
864131
3314361
641442
4716805
1255472
2336311
2181111
4188837
1643518
1625374
2224032
3107895
2863726
237699
968969
2486386
2129647
1436430
1112779
4968560
2745063
2987064
3476219
4876471
4392217
31215
4276854
3487370
3921240
617081
3041000
1156982
778049
3826439
3195005
301082
3818361
4011587
2791797
4088069
1275816
1628928
1132808
116076
666092
3315492
2338875
4226837
3869772
1061610
3072075
1650485
4189238
1562703
2619787
3845686
155138
2357907
2140396
2087933
760689
4142109
4789496
4163209
3732574
1227626
2022976
4127559
4835443
706118
2186433
1158191
3593343
3698988
753685
3107872
3560955
1733965
4369617
2070062
3637851
3859706
1286507
4113640
4776382
2413790
1120601
538551
193364
1779559
34567
389729
4109693
449644
3176265
2255642
1083911
1654244
2407346
4222998
1782785
4961756
3587303
4138102
1994006
164414
518195
1264094
2405997
3537130
268837
2822090
4943009
4957155
4677842
1642127
1092668
4631895
1009813
4384526
2320412
4406314
4739565
51875
2036850
2728736
3356574
4649463
1576107
4980895
3738142
1979559
4984567
4038366
1200883
2503097
952388
2441109
2849111
2531831
2765718
2184101
2786381
3329507
110285
3003649
2433414
2153945
1751690
3407337
458540
1006376
3207659
2296753
860316
1710106
4647639
4449732
1285182
1418244
19940
764458
3262143
4412361
3531986
1330342
1022553
223431
910902
4540304
1213573
3393609
4874947
2476282
3050845
1549022
299896
2952581
833644
4410820
381907
730141
4889134
1593895
991743
3541277
3120839
3038242
4881188
2828633
2088402
620701
1304247
935388
922424
3950668
292843
1936797
1530694
2370158
4251159
4957947
892127
4578735
394828
83542
1371785
1906177
963967
1226552
1196836
278201
4803633
1223105
4311122
377080
1470755
2459568
492712
171114
540811
3421658
4693136
2247481
1315595
4344031
3067392
3400488
1637215
1332317
56864
1770631
3246350
2820672
3725912
4871803
640820
2498216
414797
3811967
4442435
2410513
54819
2050861
3285932
3330529
2358834
4710764
760320
4417642
1167660
539007
1614280
3394339
4953817
659321
3879998
3277771
3709164
4971916
3431194
1836535
518444
2222298
2302047
2170934
302867
3097597
2137743
4921134
634950
422918
930871
3121574
4417707
1009100
3351029
3511549
1047738
4207242
2545237
3660293
3768333
4206921
3802618
416976
3481728
3539794
2654999
3636460
1591901
1007049
4905334
4957649
3673836
1378077
3170568
2068316
2845038
3141346
1845529
2860320
1490755
4216248
4944928
2477160
4728560
4251416
1643257
4149497
3374842
4008228
3166185
1063186
1706405
1781887
2465267
3185096
4907934
1875245
4854457
2966561
3020853
4778215
1381812
3734838
2866919
857837
4836410
2771253
896275
4124382
930478
4222023
1059064
321723
999397
4096759
3791227
2542265
3497019
82551
3854555
1492297
3925778
4248379
2491383
599662
1050447
2333359
2506357
438329
2474470
103693
1930156
4672681
965310
3348316
2927918
2805353
1947129
4137570
749224
2106827
2579866
2049778
322942
4673672
1259282
761205
4191159
2862589
1790488
2951219
2407929
4642517
684193
4268726
2432195
416900
3979290
1991791
4301504
831973
4607528
800214
891070
2705132
3305934
2873227
1471005
1831845
892027
569122
937526
4306565
517399
4967200
4112801
4566083
517900
4259132
1743786
3978894
58234
2668321
4956581
447865
596392
1849116
263555
731899
1920815
1777071
380112
2734870
923588
3207720
4799043
2333015
2798978
2722751
1635077
1112983
562219
4190310
2917908
3382599
3498004
1111384
3494964
245904
2760590
249385
3840668
205126
3507895
3942339
2317285
813348
1511432
4536368
2082200
2168652
3493329
4673615
478219
4120456
2165736
1022026
598819
1226991
1983935
4953771
3772770
2158716
3347992
1161430
4489779
2633988
2512546
3249567
2589171
2850996
3945883
3245943
4858491
4156267
663963
993512
3771910
164261
232588
1834362
2563808
4912357
4772625
2423542
1270938
2603841
3760768
847464
4339777
4164708
2018602
2495372
3510564
1516530
4718568
1934913
4661397
3201709
2904731
4873963
4083312
4181321
4730610
167263
536002
2965202
1916508
3626078
2719338
322504
1528486
3527728
56357
1633793
666256
1866620
3623655
2936382
2055984
4274665
1476298
3796869
4893475
2471752
4405048
1275626
1461505
4739428
1169745
566112
447035
3885988
201647
3486146
1950463
4434610
2522497
946572
4054523
56059
4686932
3048580
2701954
1273788
4561152
2120746
4162642
3754555
135361
1491681
3826227
3261550
4350040
1706186
871907
1739197
4004972
782515
4732288
907934
1451217
3577295
2089953
3019205
3886560
3049458
1269017
1551727
826600
4968873
4525389
3160532
1319428
3346348
1992028
833209
182604
3477198
361972
1383105
3453440
416288
1185678
380203
4141420
624462
2953934
3743209
1806161
379891
3313513
261000
1254102
2098020
4425699
526943
4086201
673452
2073921
4743433
1952765
4106963
4479738
1016531
2156215
3143403
2151034
745815
3899946
4317767
4247597
3564592
723207
3603748
4138719
4185942
359601
1713040
4645108
1513510
2646058
4133901
3387237
406312
3414723
2984569
2114979
356205
878098
332340
449465
662436
2199242
3861631
2050474
2406177
3802894
1193294
886521
3346019
4792160
4432165
1396888
1716757
2126623
4961295
4043943
3978841
3049731
1652661
2694701
138074
3087665
4366122
552575
732001
887518
974675
4503795
847596
3725869
960041
4475416
3602347
386581
2619345
869385
2618854
3431676
3695077
4296618
3339788
527651
4667602
3298733
3403316
2774033
803142
4722768
3357565
1390660
922468
1166079
3764116
2838631
3314260
1356508
2770880
3854480
3661109
4740275
4943415
2437642
3966220
4018622
2346197
4502219
3529352
4812335
4671955
4443356
1916289
4338487
3521638
4676194
1173950
3717654
4921736
2325523
1042494
4580442
4613610
4581302
4286237
3005882
4758398
3205622
1306887
869012
2385940
2532355
1211611
1202402
532731
1337693
2440553
3945069
3351609
71102
4799736
2609018
1425607
2444935
1544872
4830923
3409615
2061095
4432211
4056233
4151923
2715594
4452746
2684850
1543599
3046103
207597
3627097
4407609
2865748
1610477
4858078
903789
4330507
1764112
1241685
4089687
3421383
3780935
1046587
806434
2430033
1741418
3931627
3523500
4691059
2824977
274408
4470250
1426198
804054
3713170
604641
2800584
4894557
925028
4319228
3489540
3515530
2256400
108712
488950
1866251
2093578
313767
4781866
489218
235211
1842815
227023
468451
876603
1935489
4860137
3048458
4286683
2837975
3731230
2463923
3279744
4251254
3549590
4930197
4139772
4180422
2827500
1310470
2592292
2491643
2484955
2272242
2752638
4693380
4238900
2940482
2415008
3941790
4620322
568343
3627679
3929135
3121964
881934
2970523
4857346
3715627
2492398
3209620
4684330
2599225
4398353
2736404
1754384
4975153
1164337
216803
1058342
3177225
4089404
2349714
1442090
43966
4890358
1922597
3501153
3547768
209946
2903874
1844923
2697355
4092598
4702790
3436788
2527092
3313831
107842
3541447
4789503
1662253
1776277
4360812
4394604
721086
3857374
263162
3790895
840457
1146611
232762
3901198
2073733
850680
4522764
1145609
1768331
555653
3313830
1692362
3554560
3049642
1060559
1632578
1146322
273822
1029620
140114
3348823
1818908
891003
1939039
4890129
2703753
3936612
3985291
4618974
4862790
2377989
4860853
111634
2393522
943205
2681570
2798156
1534837
4266093
4602626
3573773
665718
4355936
775997
4453296
4602050
4784796
1520434
3348749
1262406
4005142
3166086
86487
4062217
298700
1175071
1112931
4427798
673544
4904044
4481669
4913034
2169912
4185836
1727095
4264021
4207825
2482544
4463384
1302835
1755607
1487813
3217087
27258
4089322
3476289
1029489
2168689
4256842
1294860
2999570
555871
4151875
2419353
606614
1043564
3106861
4549007
4625107
3248780
2804371
1593465
2226941
1525721
3857235
4426094
4764466
222178
415756
3206648
132808
1912438
452032
2048697
3589671
699597
1858165
2967611
3409644
2705457
2775654
2016232
4568814
1404948
3165179
3883734
748612
4331686
3744225
872492
1627315
757481
996686
3555545
877141
2475251
2069862
65061
795667
3372432
3007644
3453979
4706521
451387
1026798
1077619
4024030
3267347
3679190
4387298
404672
4177218
171955
1239684
3096476
3881164
2866120
2938766
992234
178954
4691174
771537
1428133
1229696
3572441
1071167
1817594
2888590
1218686
4083072
904620
4519161
3012648
2043878
2257569
4208637
1499059
574242
995594
750495
3389198
2188962
1750746
2198608
1744774
898868
3176701
4652178
2542285
1959936
4085412
4873153
2913692
3670225
104135
2580502
2627228
1932667
547565
2569370
376588
2567176
643194
3836518
3616552
1166531
817189
2711130
1437341
1247031
273103
4414197
3968404
441897
4521883
1068404
1216316
2490525
3687647
3518502
847145
4134220
2162249
981160
3892037
2507515
818378
2695075
1284921
2937166
3113405
2192121
1567056
4656890
4845760
3168822
690587
4685741
2299906
3704635
4544327
2511853
572461
1414411
2627689
1108878
1559013
2153946
2568816
300646
3395469
2432334
3171945
3207800
901386
1120455
3713892
1227760
3461176
3294056
657397
3919218
1605896
2998452
205734
3607413
850711
901780
891249
3258261
1527986
4560954
