4501694
4501232
4498527
4498967
4499914
4499788
4501002
4498455
4500010
4499063
4500305
4499202
4499629
4502530
4500516
4499349
4499402
4500522
4497696
4498759
4499185
4500798
4500797
4500353
4500263
4499348
4500377
4498352
4498479
4500744
4499483
4501041
4498610
4499170
4500786
4498968
4500119
4498248
4501942
4501025
4499565
4502218
4499425
4499911
4499646
4499692
4501939
4501300
4497821
4499199
4498420
4500922
4501223
4497605
4499693
4500206
4499752
4499408
4499927
4500082
4498975
4500547
4499920
4498908
4500017
4499180
4502199
4499192
4500237
4499753
4499757
4500408
4499612
4500703
4499228
4500617
4499614
4499814
4500437
4499193
4499577
4498617
4500675
4500436
4500770
4498915
4501733
4498300
4500233
4499068
4500046
4498090
4499833
4499316
4501192
4498898
4498733
4500895
4501904
4499530
4499217
4499748
4498509
4499055
4498237
4501713
4500446
4498951
4499172
4499559
4500477
4499067
4500146
4501456
4499786
4499791
4501697
4498205
4500976
4501857
4500939
4498848
4499431
4500182
4500697
4500953
4499796
4500002
4499741
4500134
4500108
4500538
4499200
4499803
4500907
4500094
4499447
4499532
4499669
4500557
4501841
4501034
4498244
4499632
4499303
4501594
4500709
4502028
4501303
4500245
4499727
4501597
4500001
4499374
4500506
4499391
4501061
4500921
4498685
4499556
4501278
4499198
4499673
4500912
4499925
4499182
4497484
4498877
4501169
4501164
4499858
4500475
4499116
4499470
4500296
4501197
4499397
4501200
4500073
4500469
4500562
4498891
4499252
4500445
4497853
4501098
4501124
4502280
4499607
4499475
4501381
4502097
4499935
4500501
4499435
4498931
4502006
4500993
4499919
4500690
4500137
4502377
4499206
4501006
4501222
4498228
4499334
4501030
4500275
4500784
4500584
4499847
4500759
4498924
4500058
4502029
4498671
4500999
4500075
4499471
4500760
4499745
4499543
4499811
4500238
4499956
4501261
4500885
4501135
4500004
4499729
4498865
4499890
4498716
4499878
4500551
4500728
4501260
4500127
4499403
4500315
4499624
4499298
4500037
4499817
4499110
4499421
4499555
4499628
4500045
4497433
4500534
4500720
4499947
4501140
4501225
4500032
4500123
4499074
4498138
4499173
4498751
4500849
4500211
4500905
4499982
4500016
4500048
4499118
4499460
4498387
4500528
4500027
4501634
4501103
4501214
4500588
4501965
4500444
4499479
4498952
4499712
4501536
4500990
4500140
4498068
4498402
4499176
4500307
4502011
4500987
4500126
4498885
4500801
4500456
4500821
4502256
4498299
4498965
4499962
4499519
4501579
4500376
4498467
4499907
4499571
4499579
4500129
4499353
4502052
4500755
4498736
4498268
4498159
4500044
4499103
4501669
4500640
4499416
4500083
4500799
4500151
4499926
4498001
4498539
4499148
4500869
4500485
4500370
4500890
4501678
4500219
4501339
4500517
4500889
4498203
4498393
4499488
4499789
4501010
4499032
4500915
4498438
4499812
4498675
4499291
4498353
4501622
4500554
4499871
4499570
4501483
4500181
4500403
4497341
4500716
4500594
4499799
4500298
4500579
4501588
4500303
4499535
4500461
4499601
4500097
4501038
4500738
4499913
4500975
4500968
4499010
4499411
4499156
4499955
4499301
4500666
4503085
4498363
4501204
4499978
4502177
4500888
4499653
4501549
4498868
4499269
4500208
4500731
4498554
4498850
4499730
4500005
4501771
4499210
4502712
4500091
4500903
4499815
4499466
4499717
4500306
4499760
4499138
4499430
4499220
4499418
4500493
4500897
4500698
4499736
4498380
4500395
4500913
4500712
4501547
4499469
4500794
4499398
4500638
4499174
4499819
4499800
4500268
4501933
4498381
4500159
4500752
4501591
4501813
4500321
4500282
4502604
4501454
4498963
4499102
4500242
4500438
4500204
4500482
4500707
4499510
4501171
4500958
4497923
4499708
4501174
4499389
4499930
4499561
4501026
4500452
4500209
4498534
4501270
4500098
4499001
4500224
4500901
4499613
4499211
4499023
4501198
4500614
4500669
4499106
4501119
4499780
4498970
4500415
4498565
4499257
4500327
4500676
4499678
4498837
4501243
4498710
4498260
4499862
4500301
4499259
4499889
4499377
4500552
4497425
4500785
4499945
4499779
4500197
4499569
4500612
4498272
4501636
4499651
4499742
4500574
4500064
4501207
4501510
4499538
4499462
4500820
4500602
4500841
4500507
4501910
4498799
4502534
4500536
4499151
4500260
4501320
4499778
4499371
4500560
4499098
4499837
4499120
4502008
4498218
4502158
4498499
4498959
4501478
4500139
4499511
4500509
4500635
4499026
4498849
4500063
4499392
4498661
4499329
4498842
4499019
4500498
4498616
4499597
4501693
4501294
4501795
4499309
4498220
4499695
4501824
4500988
4501368
4497440
4500624
4500223
4499410
4500434
4499721
4498421
4499946
4501567
4500390
4499232
4500548
4499610
4499505
4500778
4498603
4500451
4501414
4499638
4500866
4501175
4501306
4500081
4500692
4499318
4500328
4500616
4500000
4500618
4501009
4500241
4499369
4497397
4501554
4498705
4500448
4500667
4500630
4498211
4499283
4501179
4500544
4499744
4501057
4499980
4501434
4499967
4497487
4499668
4500007
4500142
4501674
4500192
4500435
4499881
4501662
4501104
4501101
4499443
4500487
4497804
4500141
4501426
4499255
4499687
4501772
4499137
4502518
4500593
4497314
4500300
4500725
4501199
4499409
4500113
4497493
4499675
4499938
4500811
4500852
4499542
4500256
4500072
4500642
4499644
4501534
4501129
4499750
4499337
4499401
4500532
4501671
4501590
4500598
4500647
4497623
4500215
4501770
4499525
4497376
4500657
4498623
4499054
4501382
4499326
4501016
4498801
4499574
4498899
4499893
4499158
4500714
4501411
4501170
4498473
4499641
4500540
4500191
4498955
4501446
4500367
4498305
4499272
4500029
4498636
4501631
4499954
4500991
4499204
4500240
4501256
4499025
4499868
4500883
4499997
4502102
4499366
4500933
4500335
4500259
4500099
4499434
4499341
4498656
4500893
4500068
4500985
4498689
4500474
4499682
4499821
4500484
4498177
4499902
4500374
4496866
4500488
4500071
4501004
4497993
4498507
4500559
4499616
4500659
4499747
4499781
4498595
4499755
4499420
4498570
4502891
4500360
4501569
4498478
4501213
4500173
4499276
4499248
4498053
4499965
4500856
4502162
4499655
4499242
4499552
4500823
4500979
4496897
4499843
4500628
4499994
4498738
4499361
4501367
4500171
4499406
4499261
4499496
4500791
4500276
4499142
4500679
4501032
4499754
4500665
4500346
4500348
4500500
4498719
4501042
4500003
4499685
4500566
4499467
4501058
4500278
4500416
4500322
4500569
4498677
4499524
4500950
4500859
4501950
4500185
4501049
4499134
4497093
4498525
4502346
4498562
4501975
4499949
4500262
4498624
4500244
4501334
4499550
4498912
4500115
4499385
4497372
4498770
4498950
4499855
4502581
4499883
4501527
4499545
4500050
4499797
4498575
4500496
4498024
4500565
4498485
4500163
4501544
4499060
4499906
4498186
4499379
4499608
4499771
4499637
4499923
4499971
4499359
4499664
4500529
4500585
4497778
4499531
4499221
4499891
4500253
4498787
4500389
4499921
4498092
4501039
4500813
4499517
4499932
4500748
4497381
4501209
4500252
4501477
4500636
4498838
4498224
4498728
4498645
4498655
4500553
4499875
4500521
4501254
4501036
4497016
4500989
4501295
4499165
4499999
4501005
4499785
4498809
4499121
4500827
4501003
4500619
4500695
4497715
4499688
4500515
4500026
4499113
4500855
4498820
4498962
4501369
4500699
4500864
4498706
4500355
4498916
4500034
4501347
4501928
4497876
4499042
4499002
4501726
4500187
4500668
4497849
4500330
4497790
4501515
4497974
4499845
4501212
4501609
4500572
4499033
4499827
4499910
4499645
4498336
4499884
4500837
4500428
4501563
4499053
4499052
4498972
4499820
4500380
4498602
4501131
4498034
4500125
4498060
4500332
4500038
4499051
4500287
4500326
4499928
4500571
4500845
4499679
4501371
4499615
4500423
4500149
4500311
4499493
4500833
4499589
4498480
4499352
4500457
4500842
4500788
4500124
4501647
4500680
4500851
4499458
4499676
4500508
4500338
4500110
4499816
4498883
4499125
4500490
4500904
4499216
4501386
4498099
4500061
4498893
4499282
4499604
4498958
4499294
4500158
4500138
4500568
4499128
4499885
4499229
4500739
4498155
4501180
4497496
4499691
4499358
4499782
4499842
4501081
4497782
4499009
4499941
4498306
4496891
4500916
4499768
4498802
4499587
4498100
4501168
4498639
4500663
4500581
4500420
4501114
4498754
4501075
4501852
4499916
4500440
4500783
4501122
4502188
4497745
4498609
4498947
4500818
4497552
4499951
4500087
4501309
4500373
4499442
4500873
4500981
4500255
4500344
4500815
4499966
4500661
4499633
4501107
4500042
4498605
4498981
4500492
4500362
4498488
4499701
4501262
4500383
4500523
4499196
4498548
4499648
4500156
4498782
4500357
4499350
4499963
4498412
4498900
4501565
4499557
4499877
4501355
4499558
4502284
4499784
4500626
4500358
4499775
4500840
4499551
4499854
4499818
4499705
4501259
4498085
4498982
4499295
4501341
4499177
4499918
4500476
4499288
4498935
4501516
4500973
4500265
4499882
4499323
4500902
4500184
4500085
4500658
4498198
4498563
4500764
4500539
4501274
4499512
4502089
4500664
4498301
4499725
4502138
4501633
4500465
4500853
4500178
4498855
4500816
4499239
4500846
4498829
4501944
4500513
4499554
4501573
4501203
4500055
4500318
4501655
4500586
4499310
4500053
4501022
4501219
4499751
4500927
4501166
4499714
4502808
4500944
4500426
4500400
4501702
4500577
4498182
4500009
4501703
4500170
4499203
4500997
4500175
4500858
4500970
4500733
4497918
4501167
4500133
4501350
4500924
4499609
4501521
4499380
4497811
4501182
4499130
4499735
4500920
4499830
4501314
4499849
4499969
4497037
4501480
4499209
4498834
4501091
4499724
4501344
4500704
4501237
4501560
4498703
4499958
4499716
4500201
4498160
4498847
4500354
4497150
4499700
4499205
4500118
4500727
4499188
4498978
4498879
4501799
4498208
4498309
4498120
4500132
4500035
4501417
4502231
4500721
4498210
4498578
4501115
4501195
4499346
4501159
4500024
4501276
4498114
4502014
4499861
4500603
4500541
4500164
4498377
4501743
4501482
4501279
4500473
4501435
4500831
4501304
4500787
4499774
4498290
4500789
4499013
4500266
4499450
4499393
4500052
4500971
4501250
4500737
4498496
4500366
4500066
4500937
4499699
4498996
4499996
4501336
4499049
4504421
4499940
4501766
4499438
4498418
4499250
4500439
4500269
4499424
4498523
4500060
4500292
4499722
4501163
4500880
4500078
4499953
4500379
4500104
4499155
4501112
4499114
4501906
4500974
4501688
4501143
4499212
4501139
4499950
4499600
4499484
4503268
4498804
4501264
4501287
4498238
4498949
4501322
4499241
4502101
4502013
4498263
4498338
4498115
4501757
4498608
4500329
4500280
4499603
4499964
4499793
4499145
4499806
4499445
4501353
4501437
4499586
4499107
4500512
4499649
4499929
4498938
4498946
4500494
4501161
4500587
4499671
4499127
4499898
4500931
4499888
4500020
4500673
4500289
4499948
4500591
4500100
4498830
4499894
4500949
4499592
4499734
4500486
4500847
4500730
4502161
4500283
4500226
4499157
4501725
4500147
4501012
4501493
4498013
4499332
4500984
4499429
4498567
4499850
4502561
4502003
4498612
4499405
4499159
4498472
4500249
4500229
4499119
4498698
4500805
4500694
4500203
4498627
4499223
4498429
4500608
4502252
4500677
4499111
4500865
4499990
4500250
4499464
4499876
4501365
4500613
4499473
4499897
4500726
4498778
4500472
4500257
4499065
4498474
4498921
4501961
4499674
4499045
4501196
4502652
4502823
4499672
4499066
4500514
4499657
4499465
4499643
4498446
4500199
4501712
4500450
4498889
4500336
4498379
4498426
4501239
4500941
4499218
4499514
4500542
4500409
4499973
4500656
4498435
4499516
4499184
4500767
4499690
4499163
4499044
4499495
4498667
4500161
4498973
4498343
4499659
4500807
4499707
4502167
4500334
4498253
4502853
4499300
4499451
4498314
4500478
4498672
4499826
4499578
4499234
4499306
4499311
4498845
4500882
4498762
4498027
4502515
4498620
4500751
4499636
4499824
4501240
4499039
4501530
4502204
4499258
4500762
4501238
4501615
4499540
4499986
4500188
4499905
4500800
4501632
4498555
4501535
4498657
4499387
4501066
4499719
4500928
4500386
4500341
4500828
4500781
4500198
4501581
4497566
4498791
4498798
4499100
4501366
4502842
4499677
4500627
4498191
4499489
4498644
4499345
4500372
4500736
4500812
4498957
4497243
4501325
4498433
4500819
4500008
4499582
4501686
4499934
4502545
4500230
4501557
4500402
4500371
4499384
4498288
4497596
4500947
4501704
4500325
4499568
4499339
4501418
4500835
4500220
4498905
4498682
4498994
4499663
4499050
4501189
4499498
4499711
4501748
4498818
4498839
4498599
4498059
4499732
4498737
4499620
4499937
4501492
4499477
4499455
4497549
4499859
4498795
4500601
4500297
4499020
4500746
4499453
4500555
4501338
4501850
4498859
4499356
4498146
4498625
4501291
4499167
4501045
4500943
4499444
4499652
4501710
4498396
4499961
4498593
4500969
4501898
4499904
4500621
4501412
4500112
4499621
4499245
4501887
4500964
4500153
4499289
4501305
4499186
4500918
4501251
4498440
4499312
4498331
4499704
4498651
4500396
4501865
4499979
4500425
4498944
4499325
4499809
4499758
4501653
4499590
4498576
4498629
4501754
4497640
4502033
4500449
4499924
4501155
4500232
4500166
4498643
4499320
4502047
4500743
4500331
4501943
4500745
4498761
4496882
4498694
4498993
4501750
4497872
4500771
4501600
4499394
4500844
4498930
4500394
4500264
4501537
4501763
4498844
4500429
4501618
4500463
4498486
4501798
4499254
4501512
4501248
4501160
4499497
4500285
4497444
4498717
4498811
4500972
4501769
4500790
4502868
4499307
4498954
4499313
4501023
4499059
4498884
4500381
4499175
4499503
4501008
4502455
4500028
4501184
4498854
4499851
4500817
4499129
4500018
4500655
4501093
4499152
4498330
4501087
4500274
4500948
4500069
4498580
4501738
4498735
4500919
4497071
4501349
4500961
4499798
4501848
4501732
4499835
4498786
4499415
4501927
4498167
4499270
4501459
4498665
4501731
4499476
4498784
4501429
4500570
4498780
4499931
4498404
4501385
4501801
4499463
4500681
4501788
4499509
4501062
4498442
4499096
4498649
4499482
4500741
4500838
4499315
4498922
4500713
4500633
4501201
4501157
4499922
4498796
4499086
4499327
4500960
4501308
4501228
4500597
4498863
4500843
4497608
4500779
4498632
4499522
4499095
4500011
4497684
4499093
4500689
4498180
4500234
4500483
4500432
4500983
4500309
4499016
4500261
4500364
4498459
4498549
4500756
4501346
4499998
4498254
4500095
4500644
4502042
4498116
4497007
4499976
4499689
4501548
4499375
4499650
4499502
4499104
4500691
4499718
4501654
4499839
4500248
4499089
4499038
4500054
4499340
4500365
4498633
4501877
4498697
4497998
4502154
4499518
4499364
4499500
4499031
4501328
4499960
4498894
4499062
4501711
4498998
4500121
4498641
4499404
4500015
4500777
4499491
4499494
4499347
4499576
4500693
4499593
4500382
4498031
4498781
4499264
4498937
4500686
4499029
4500814
4499804
4498304
4501088
4500836
4502132
4500070
4499836
4498853
4499521
4497921
4499422
4499092
4499277
4499588
4499123
4499290
4499660
4501132
4498860
4503120
4499537
4499602
4499426
4499666
4499224
4498927
4501700
4501188
4500822
4499084
4501617
4499419
4499230
4498194
4500076
4499764
4498176
4499478
4500929
4499936
4499075
4501508
4499617
4499040
4500096
4499226
4499281
4501501
4499957
4501954
4499541
4498510
4499743
4500136
4499723
4497878
4499195
4499726
4500200
4501735
4498029
4502999
4499572
4499400
4498192
4502313
4498843
4500589
4499860
4499354
4500225
4500195
4501424
4499844
4500067
4498255
4501509
4499260
4500467
4499761
4499661
4499317
4497758
4499810
4500732
4501063
4501614
4499639
4498878
4498662
4499468
4501054
4500606
4500780
4500288
4499974
4498909
4497591
4498852
4498866
4501613
4499983
4499829
4497979
4502062
4498903
4500090
4501186
4499099
4498317
4498727
4501532
4497900
4499452
4499801
4501100
4499183
4499324
4500537
4500349
4499631
4498587
4500670
4502555
4498919
4499413
4500684
4500896
4500447
4501723
4500375
4498806
4498888
4499807
4501692
4502286
4499407
4502584
4500592
4499235
4498246
4498789
4499915
4499253
4498788
4502502
4501120
4499449
4498503
4500107
4500793
4499481
4499549
4500122
4499428
4500531
4500648
4497633
4499523
4500405
4500342
4500442
4499381
4499331
4499670
4502438
4502599
4502376
4499846
4502040
4500511
4501226
4499071
4500399
4499378
4501029
4499728
4499461
4502471
4498424
4498321
4502111
4501055
4501580
4501611
4500604
4499457
4498573
4499696
4498684
4499640
4501176
4500343
4498833
4501014
4497822
4499993
4500207
4500462
4499605
4500518
4500294
4499109
4497930
4501360
4500333
4498985
4500672
4498669
4501123
4497809
4500043
4498870
4501452
4501060
4499448
4500152
4500757
4499459
4498432
4499765
4499584
4499903
4500622
4498221
4498676
4498696
4499553
4501245
4498666
4501665
4500228
4498181
4500980
4499548
4499515
4499304
4499787
4497949
4500308
4499975
4499853
4499024
4500491
4499596
4499237
4500729
4498979
4499665
4501443
4499777
4500247
4501007
4501231
4499698
4500763
4500419
4500363
4498940
4499266
4500177
4499867
4502347
4498880
4498715
4500499
4500180
4500832
4498953
4499297
4499647
4500702
4499333
4500533
4500750
4499146
4501221
4501741
4500504
4498995
4498805
4500036
4499772
4500710
4500157
4499959
4499178
4501645
4498323
4500530
4498207
4500701
4502032
4499147
4500629
4502779
4498943
4497416
4500643
4497475
4499213
4499567
4501729
4502302
4500310
4500222
4502026
4498768
4500460
4500086
4499528
4499390
4500168
4498289
4500093
4498470
4499825
4500910
4498613
4498767
4501208
4498062
4501373
4498700
4501130
4500077
4498964
4499122
4501028
4501556
4500316
4500369
4501552
4501638
4500196
4499985
4500576
4501513
4498911
4500773
4498281
4499828
4499073
4502544
4498351
4498687
4498869
4500022
4501310
4498086
4498744
4499076
4499795
4498454
4500441
4499417
4499112
4501020
4500006
4500361
4500705
4500062
4501410
4499043
4502116
4500312
4500387
4499630
4500281
4501936
4498622
4497895
4500996
4502361
4499256
4499028
4498245
4498293
4498215
4502308
4498243
4499126
4500270
4501257
4499247
4498239
4498185
4499141
4501126
4502005
4500239
4499759
4499171
4500352
4501018
4497897
4501714
4498626
4498890
4500742
4498598
4501288
4499981
4501727
4501033
4499900
4500031
4499061
4503321
4500317
4501448
4500378
4499008
4498384
4499386
4501499
4498604
4500634
4498233
4501326
4498594
4498074
4499335
4501658
4499823
4499012
4499293
4501572
4499328
4500620
4499362
4499852
4500406
4497284
4502107
4500623
4500718
4499423
4501817
4499265
4499135
4500418
4499606
4497500
4500165
4501358
4499585
4500345
4497881
4497965
4500272
4498942
4499943
4498904
4498886
4498960
4498311
4501531
4499342
4498686
4501672
4501255
4497653
4500935
4499057
4500227
4498583
4500295
4499656
4499575
4498746
4497718
4501627
4499740
4500254
4499560
4500320
4499302
4498819
4501503
4501555
4500319
4501419
4500084
4499474
4497905
4498814
4500505
4501753
4502489
4499790
4498923
4499713
4499004
4497553
4497057
4497272
4497879
4499738
4501379
4499762
4500578
4502142
4501441
4500986
4499355
4499892
4497720
4498367
4500231
4500412
4499805
4500350
4498918
4498732
4502205
4500258
4498089
4497460
4500631
4500649
4502227
4501980
4500410
4498298
4503279
4499187
4501335
4498328
4500886
4499619
4498230
4500279
4500169
4498740
4500567
4499591
4498294
4499536
4500564
4500951
4498743
4501864
4498755
4500925
4499654
4500651
4500982
4497756
4500235
4500470
4501719
4499895
4498461
4499105
4500213
4502084
4497966
4501895
4501767
4497807
4499507
4499865
4498897
4501453
4501070
4501152
4498571
4500466
4499149
4500879
4497859
4498929
4499598
4500765
4498195
4501153
4499383
4499658
4499808
4497705
4499869
4499079
4499243
4501001
4501134
4500236
4499767
4499131
4501177
4499437
4498312
4502053
4498493
4502337
4498742
4502892
4498170
4498901
4499486
4500502
4499161
4500051
4502504
4499733
4501518
4499634
4501593
4499681
4501709
4501105
4501708
4498417
4500023
4500590
4501794
4499770
4499048
4499454
4501076
4501764
4500143
4501528
4499285
4500908
4500940
4500459
4500190
4500103
4500723
4500176
4500966
4498693
4501469
4500323
4500654
4501312
4501837
4499087
4501440
4499529
4501218
4498794
4497650
4502034
4498764
4502290
4498515
4498948
4498699
4500014
4499563
4500065
4498615
4500217
4501392
4500715
4501559
4500368
4500251
4498200
4499046
4499870
4500105
4501809
4502020
4499848
4498659
4500148
4500898
4497929
4500683
4500829
4499533
4501637
4501241
4501298
4500277
4501027
4500430
4500189
4497348
4499090
4500766
4499933
4500884
4498325
4499240
4498307
4498601
4498009
4499222
4498934
4499667
4497926
4500040
4500041
4500526
4500464
4501333
4497937
4501818
4502226
4500079
4498521
4501224
4500154
4498568
4500582
4498275
4498966
4498444
4499618
4499792
4498487
4498714
4500637
4499207
4500135
4499441
4499513
4501384
4499627
4499219
4499872
4498498
4500510
4501582
4499018
4499706
4499857
4499215
4499739
4501059
4500495
4501406
4502516
4501948
4499715
4501048
4499305
4499338
4498076
4500384
4501404
4498448
4499164
4498825
4498907
4501090
4499737
4501931
4502601
4498150
4501393
4502260
4498171
4498984
4497260
4498836
4498827
4499091
4501870
4500696
4498011
4501571
4500860
4500978
4498634
4500172
4498977
4498097
4501265
4497913
4500782
4500549
4499611
4497977
4499017
4497833
4498739
4499263
4500963
4499485
4499709
4497851
4501415
4497733
4499072
4500641
4501216
4497101
4496821
4501657
4501681
4498867
4499977
4502995
4499508
4501113
4500632
4499942
4498630
4501108
4498679
4499546
4499314
4501079
4499879
4499446
4498125
4498756
4501040
4499036
4500954
4497860
4500214
4499382
4498144
4499866
4501269
4501050
4499834
4498319
4500413
4498318
4498043
4501667
4499694
4499547
4500057
4499886
4499769
4500243
4499626
4502444
4500650
4500774
4499490
4498066
4501313
4498926
4500611
4498104
4498892
4499273
4501784
4497506
4501011
4499731
4498914
4498368
4500179
4499286
4498826
4499238
4501921
4499399
4497542
4498361
4499088
4501546
4500753
4500246
4498812
4498822
4500340
4499370
4498582
4498178
4501351
4501651
4499766
4497159
4500834
4500186
4500021
4500711
4498036
4500313
4497792
4499873
4498858
4497771
4498250
4500769
4499822
4499492
4501102
4501496
4501777
4502086
4499908
4499251
4498096
4501507
4497805
4500952
4501052
4500967
4502113
4499520
4501133
4500959
4498646
4500796
4498169
4501150
4500481
4498492
4499299
4501121
4500605
4500391
4500458
4499899
4499581
4498793
4499874
4498511
4501475
4501154
4500212
4500653
4499499
4500909
4501814
4500934
4500302
4499562
4497695
4499124
4500489
4499968
4500525
4499595
4502540
4498257
4498928
4498394
4500155
4501073
4501252
4498316
4502190
4503577
4500809
4500106
4498991
4501707
4498128
4498654
4498405
4500267
4502194
4499363
4498501
4500868
4498997
4501290
4497134
4500049
4498242
4498093
4500965
4502115
4500455
4501879
4500454
4500114
4501923
4500356
4502087
4500286
4498983
4499880
4499972
4498871
4501285
4498231
4500700
4497282
4498777
4498337
4500130
4498416
4500825
4500417
4501235
4500453
4498561
4500398
4502876
4500550
4502251
4501673
4500388
4499388
4502367
4499097
4502422
4497779
4498048
4498456
4500101
4501067
4499856
4500033
4500857
4502266
4502238
4501035
4498484
4498466
4501215
4501158
4496559
4499526
4499279
4501832
4500194
4501187
4502921
4498540
4501679
4500861
4498451
4501463
4500080
4497914
4499864
4501416
4498971
4500878
4498779
4499292
4502229
4499056
4500854
4501089
4501246
4501031
4500290
4498902
4501747
4502886
4500218
4501445
4501442
4500917
4499917
4500524
4501826
4501806
4501790
4501468
4497683
4499440
4500116
4498734
4497550
4500304
4500347
4496752
4500946
4497220
4498637
4500174
4501859
4497561
4499952
4501083
4501117
4497874
4501506
4498500
4498640
4500150
4500734
4500724
4501872
4499970
4501937
4498939
4498713
4500545
4501362
4498678
4498766
4498349
4497852
4501701
4499169
4501181
4500932
4502817
4500977
4499233
4496495
4500906
4497642
4499840
4501324
4498895
4498831
4501077
4499136
4499003
4500808
4500443
4498913
4499642
4500284
4498526
4497349
4501202
4502460
4500092
4498223
4500401
4498729
4501578
4500339
4500875
4501046
4500210
4500128
4501172
4498857
4503012
4501086
4500660
4501621
4500573
4499181
4499225
4501484
4500546
4502385
4501487
4499436
4501234
4502324
4501605
4499832
4501970
4501892
4501916
4500609
4500580
4501823
4500131
4500558
4499813
4500013
4500874
4500561
4499504
4499756
4501869
4501863
4498436
4499580
4500111
4498765
4498270
4498419
4500802
4499376
4498276
4501822
4502001
4499539
4501247
4499599
4498718
4499702
4499683
4500563
4500337
4501082
4500662
4501281
4497832
4501690
4501227
4500768
4501148
4499201
4497988
4496774
4498130
4502844
4501466
4502147
4498999
4500520
4499831
4498131
4499365
4500876
4502594
4500271
4501854
4499179
4499208
4498925
4502163
4498136
4498828
4499988
4498370
4500527
4498619
4498614
4501425
4502233
4500758
4498881
4499896
4501431
4497713
4502088
4500433
4501283
4500722
4500019
4499115
4501074
4500424
4499236
4502074
4499710
4502309
4502121
4501541
4501502
4498047
4500900
4498876
4498872
4500056
4499336
4498026
4500088
4498522
4498920
4501543
4500535
4502717
4500059
4502007
4497854
4502571
4502264
4498133
4501284
4500599
4498631
4501423
4499989
4497084
4500324
4501191
4497523
4499278
4498471
4502961
4502740
4498758
4501628
4499139
4500776
4499534
4500615
4501746
4498018
4500923
4500962
4498769
4500871
4499166
4499901
4497581
4497725
4499544
4497856
4498324
4501958
4501190
4498126
4502211
4498887
4498355
4499319
4501097
4500503
4501249
4501517
4499344
4501619
4499396
4500575
4496609
4500706
4498516
4499841
4498730
4502228
4497747
4502275
4499912
4498552
4501272
4499697
4498690
4498247
4498772
4501021
4500998
4497403
4501778
4501545
4500749
4501096
4498650
4499939
4498378
4498753
4501394
4498226
4498668
4501345
4501085
4499887
4497984
4501996
4499246
4499101
4501258
4500772
4501734
4497518
4501292
4498556
4501992
4500775
4498147
4498956
4501286
4502591
4501377
4501380
4502152
4499191
4499802
4501488
4496439
4499284
4502128
4498241
4500795
4498326
4501758
4500291
4498127
4501481
4497693
4497848
4498354
4501302
4499007
4501015
4501378
4498373
4499274
4502104
4501497
4498558
4498291
4501460
4498841
4502632
4498213
4500193
4498082
4500652
4501395
4498141
4498945
4502399
4498773
4498691
4499367
4500216
4498529
4499150
4498051
4500145
4502181
4501307
4500894
4501935
4498457
4497669
4501405
4500299
4498680
4498196
4498397
4502249
4502010
4501596
4501598
4497613
4500747
4498722
4499686
4501044
4498917
4498808
4497668
4500047
4501449
4499427
4500205
4497726
4497819
4502964
4500942
4498227
4498489
4498747
4501715
4498823
4499015
4498403
4498445
4502922
4502419
4499573
4498932
4498333
4498390
4501956
4501438
4502072
4498350
4502064
4499140
4499838
4499154
4499194
4498581
4500089
4498807
4499022
4497430
4497970
4501576
4499583
4498638
4498550
4498107
4500314
4501827
4497229
4502075
4497950
4499227
4502139
4501071
4502151
4498720
4499041
4500359
4497734
4498544
4498295
4501816
4500740
4498524
4502606
4497994
4502092
4501845
4500870
4500810
4499472
4501773
4502160
4501760
4498618
4497971
4499296
4498961
4500480
4499995
4498864
4501964
4501147
4499047
4500468
4500994
4498988
4497515
4499776
4500754
4502406
4501363
4498824
4498334
4498832
4497000
4500892
4496532
4501603
4498518
4501376
4498813
4501745
4500687
4499081
4501467
4501409
4501476
4499439
4499749
4499014
4498941
4498256
4501064
4497181
4503045
4500646
4498346
4501401
4499275
4499566
4497976
4501428
4497917
4500682
4501396
4501421
4498425
4501663
4499271
4498553
4498976
4501680
4500600
4498407
4497051
4499280
4502983
4501078
4500872
4498752
4501749
4498252
4501649
4499720
4497386
4501220
4500735
4498190
4501797
4501315
4497617
4501399
4501783
4501968
4500273
4499773
4502297
4502004
4501660
4501957
4498259
4497959
4501293
4501051
4500431
4501875
4500404
4497468
4500411
4498204
4497972
4502450
4501793
4497610
4499992
4498358
4502291
4501924
4498179
4497968
4500956
4498688
4499991
4499984
4500830
4500519
4499085
4501340
4497332
4500385
4498269
4497973
4502575
4499987
4499189
4497957
4501019
4501403
4498506
4500167
4501885
4501173
4501000
4496574
4500957
4499564
4501606
4501053
4498517
4501918
4500639
4501677
4502431
4500293
4498463
4500792
4502609
4498724
4501630
4498121
4501013
4501407
4499351
4497426
4500625
4498504
4497564
4501524
4501978
4501444
4497616
4496926
4498322
4501562
4498422
4501043
4500688
4503037
4498701
4500120
4498157
4501127
4501612
4498143
4499000
4499160
4501348
4498535
4500938
4497712
4501909
4501099
4502854
4499783
4501601
4498851
4499037
4497666
4501337
4501724
4498453
4497607
4498861
4499480
4498574
4502261
4500392
4501242
4497871
4499231
4499357
4501268
4498748
4502741
4501374
4500610
4500671
4500479
4501109
4498162
4499506
4501966
4498122
4501540
4501659
4502608
4502262
4501804
4499082
4499794
4497740
4498156
4499360
4501874
4498482
4501807
4501896
4500202
4498188
4501282
4502073
4501525
4502772
4498658
4502470
4498874
4498340
4498821
4502017
4501165
4497410
4498437
4497663
4502035
4498468
4497365
4499321
4501695
4501111
4497535
4499058
4498046
4499625
4499684
4499069
4498536
4501236
4501974
4500936
4501479
4502941
4503190
4498681
4501881
4497732
4501352
4498775
4497763
4499863
4502441
4498542
4496754
4498596
4498726
4498385
4497661
4502517
4498410
4501065
4501866
4498359
4501583
4498158
4499527
4500025
4499343
4497462
4498310
4497836
4499011
4502510
4498285
4498508
4502058
4501489
4497691
4498683
4498201
4498052
4501244
4498816
4501390
4497754
4500926
4502418
4499244
4498835
4499680
4500862
4497085
4500393
4502743
4502200
4502773
4501068
4501756
4498098
4500583
4498129
4498356
4498760
4501149
4497773
4498117
4499368
4501940
4501511
4498344
4501422
