5300340
8187698
2801042
4597829
6694734
8963736
2946699
4517930
4785862
5372397
7515235
8907333
818794
6608351
5300309
4056876
7740759
5720213
3376713
2758211
4949752
4945316
5297923
6060693
6180246
6199104
206999
1910442
7579304
8368103
6465017
3239558
5020705
6885662
4364374
6667084
6811266
1865563
3700502
2279285
7405177
2974788
4742581
4432579
8063147
1862808
5519224
2109277
2346102
8539041
2518599
6824921
3450493
6005744
148170
181049
6767226
8844468
4747632
7124847
7117689
4675078
7501427
1397913
3213203
5809481
5427179
8029068
7209849
2111931
7423749
4872643
4888351
359541
2637774
3337515
4679842
2511258
8766287
645357
8551505
3777473
3378190
2745078
7877905
1430376
8974235
7253513
4435917
1538025
4451066
6224445
4186321
2020388
7495247
4666156
2815533
2910184
6534786
1761353
878679
95218
7270815
8962034
4315738
7804760
1752770
768086
8449991
7346540
3333257
6566750
4141544
7579145
432634
8023968
644837
7401449
164546
1894057
7573068
8460599
5317565
1809545
3375882
1749508
4680334
8839918
8417865
1889820
3874754
1136134
4157164
5054264
3985860
1663883
1607637
117822
6652451
5969194
762621
8610968
5608039
6051038
6362145
6270604
2586584
1377891
3448677
5346450
7387944
7081796
8253763
2651357
6942321
634024
3824733
6059201
4753085
400119
6801641
3976200
4251873
6320289
611780
446808
2182458
7659229
7775914
5553306
8982891
7727672
5845043
235026
5116903
7189595
6502552
131443
5866838
3629341
3480194
5894161
1822912
2906285
599892
5772269
2301081
8214100
8982136
6548998
34341
4985000
1687135
3371133
1617910
6252468
4198137
4028673
5905736
4583049
3701375
4027129
7392797
599097
1800450
6163434
3569093
5318590
6345707
7182005
5717611
496849
4111609
7998282
8239883
2250740
6621513
6853886
8169735
3398265
2072958
6692470
1215496
2728159
4847836
493071
2589904
2150206
1073916
8971709
7748591
349939
2697625
2324255
7130637
6028250
2660819
8897065
3362477
6520245
6317185
3640618
862936
5003151
4595644
7218329
7743454
5300155
4351076
7360247
4439493
831775
6542275
3099935
7867450
6846367
8943595
4227334
1716353
5329193
2418433
3728683
2811462
7447948
6123183
3040810
8366230
4257103
5900593
1293129
5972613
5309845
549734
7567133
8722314
1634414
3011996
4533424
8698965
765973
8100072
4420209
2897941
2989291
7962897
1627339
4629598
3454551
2251791
6141035
6693252
3633511
1049145
8782259
5800950
4611135
8615467
5466021
4953518
2320397
7625940
3393410
2518670
7693490
6613231
196396
6154548
1337777
1697301
4225474
1491502
2179992
358165
4897810
972286
8786669
5621743
1105425
1006598
4248559
8993792
7308189
6972467
6928335
8760184
2579959
7342718
2609594
474934
7661950
7995354
3979016
1486774
4625846
2495810
7809557
5127628
3489779
5924580
8265253
3791797
1940813
4551785
3542928
8279676
1667761
7867251
8068922
7676165
474184
1304086
8778235
8612330
4036724
1782031
7682782
3252093
6824768
2837196
2599310
1469774
7016164
4229520
3260425
5464603
3254487
8215582
8551365
8185215
8605913
1223434
3414269
7320470
1659687
7439297
8806035
7579431
7405985
24096
4902933
490280
8940367
3706887
6985502
4789234
4145191
4559958
7338008
461941
2942841
7051465
7195951
2917828
3652395
2616996
3977815
2620521
1598033
7120208
3172936
232201
7875834
7615438
1120324
5841150
663463
6670763
8552529
34753
7634877
7613808
5606557
1653166
548107
6129160
5942815
6012497
7768872
3230182
8144702
3292955
2558213
1328004
8403680
1557725
8115934
1514715
4527005
7908141
5002392
5993599
6274439
8206211
5937469
1409398
7447260
4340633
3731757
6944483
741826
6581087
2642287
8026811
3822436
1411326
1342203
8992294
991111
2834167
3153906
7639744
2995871
1767584
5178971
324129
5456924
3140407
4469097
8731769
663002
5239984
4348069
5548036
4532253
3974646
3329676
632459
7237892
147318
8493010
1600565
5655324
3039516
2515557
7328214
5837181
3541344
2317815
5374447
4569987
3011701
2486890
6668337
6963010
3414078
8050250
8165620
2077519
1190883
1935339
2804816
5896995
549076
3439939
6422065
5120626
1192440
3316646
7415434
417875
8012380
7438434
5912097
4160856
8901498
7523078
4433767
8420651
3802824
925829
5961697
43677
6601999
5482621
2776185
3782430
7687824
6416453
2022606
405188
6568224
6853697
6277649
1457737
4254775
312053
4668468
4159595
6163885
3770328
1025694
4112851
1516358
8256998
8840500
4068089
8703191
630205
5271835
3083418
5249228
7632424
376062
7239473
1772063
4961919
15975
331571
8314037
1839320
7765589
1026234
5007683
4049260
3119612
6915594
6864183
5144281
3195362
1770996
5458410
458279
3656286
8412157
7799972
7824854
8069491
1379149
4636377
4065220
7445788
8303489
4167663
6910545
1728936
6182008
2938328
2936630
7775877
3460381
5333914
828759
5977179
6373025
7045483
4440506
5448607
2849485
751735
3122511
410812
3592684
7816977
6905336
6283715
2629289
2067931
1257696
8037470
8691574
4726452
5120437
3078319
8151337
5172399
7691892
8529299
6281637
4059978
4408168
670632
4760428
4261149
420439
8396506
4069731
4045065
1990891
6886455
8031359
8987316
7627660
3358762
7090070
6741726
1761337
3242989
5701049
6986450
4553658
1442898
6660483
8590710
1237664
2003258
3769264
7107835
6630545
7305954
8599622
3222102
6781814
3805044
1168582
484623
4801843
5569846
1739250
5688053
2069087
7889503
4614723
5570227
6533090
1811844
7786115
3066530
6434180
2400769
7152345
4961875
7994155
4525896
6562769
8839635
3363955
1738363
194008
2795520
6829639
6649357
131720
6785392
1544053
1897520
3701943
6501913
4096524
5352869
8923975
3317309
2335932
8893474
8356832
4022649
8041702
8973303
6001780
2105407
7030669
3837902
1538287
7505527
1956181
1179397
8281300
4467334
4296875
3863836
619051
8803076
4963655
746038
8552110
1006322
250004
4637507
6276657
2571235
7139664
4283159
3858090
7918985
1789198
3081246
4510128
8568179
1394090
3249423
8607741
6329240
4894960
8558525
5500923
8654466
836741
3847170
5940244
3852550
535764
3977116
6587704
5729252
3352978
2306825
854076
2256673
4145201
7077272
3366249
6160158
8554482
2375398
7773489
8007560
7832617
4653272
1860621
389776
6548661
5012975
227756
1362036
5342082
615222
3850664
2355803
754790
1602147
6717441
4213806
4554121
8292459
2770044
7454739
1281028
7540731
1323460
4701962
5860667
4549524
2634694
6656961
4734285
2391268
8440113
7148910
7457398
3925176
8102719
4530343
3591692
6050234
6935060
4066900
3312182
7647621
2552011
3916166
6144215
1554137
1419865
3880430
8511440
2247103
3859336
4297952
4773861
4144781
825444
2422078
8173700
1965157
6294770
237315
6110726
1312465
8540585
4201243
1651581
1608262
4278669
770176
7705340
1061221
4285917
4293744
41
7132183
1827531
1864017
1233850
6543796
2077134
8127106
3015099
2305451
8312603
7747359
6909567
5116432
6573191
2839152
5700175
4355219
3730802
2226287
5726166
6024743
7748509
1634494
7687935
4981107
6882707
221697
1098346
2358196
2668169
3452946
5251557
5843564
2830318
4801770
7056128
8146475
5058642
3252171
7879111
5132720
1591686
6125290
8223515
766199
1313620
8304546
4657726
5843948
3517334
6501527
7649821
986704
2300101
1111030
345347
5665102
7599099
4748910
7437763
4145843
468836
2482152
2081410
342397
7273992
3512974
966550
2993710
3300251
8551822
83130
52880
87259
8532230
1805597
5443809
4704189
6482323
7664322
8654817
8480383
7978887
7955936
3370058
5842446
6420677
4502823
3306951
4473068
2613158
5717632
6039293
5315407
8879298
6344639
424227
5659315
4271864
6644755
6171475
5133257
708161
734277
3725134
7699457
1858840
2054152
7433148
2306700
7972085
6060009
1355370
7654553
2430516
5440166
6059249
1564246
6872299
3493145
2840035
5800409
2016133
2176019
2249298
1857200
5659604
8529840
131972
4675752
8414492
2744576
4469366
1029080
180029
822426
6306755
2733196
3093870
6048242
3317881
5136775
3263563
5555912
3621274
6178382
2219800
6407285
5440549
3480116
8309822
5634952
7314717
807531
4429129
5945785
2097630
3368344
7549173
2856063
73091
5606328
1351420
1230353
2670189
7742795
7021346
4415101
680410
3391218
2333899
8684466
2404397
7474551
2835301
7669112
4315164
629430
7137719
8476576
4778199
8918353
5488840
2372122
6923103
5625959
343957
2745587
8143894
8251904
4306030
5379064
6470552
7157353
6548103
6019511
612825
210009
5752720
4770252
4969915
4048003
4204319
5537205
5478557
8714
2110938
7074086
2895913
5671710
6271948
6194644
7096169
5393436
3543018
6466266
46451
8229092
7173093
6042401
7787719
3280365
5788712
515387
6283155
7778620
558371
675439
5098494
5690090
3177301
2800507
1258450
3892951
7139805
1073331
7608999
1104593
1395824
8135438
200443
5638034
3694540
6969708
1707807
3841185
5568621
3942352
198537
889970
776245
4392001
5536268
5953761
2493384
3740443
8115480
1999892
8515380
2097891
697461
6068353
6080991
1433989
4341236
296175
3793277
3705498
264584
3156247
2994312
5903273
6867681
914527
6858114
3884972
7730533
6483271
6134393
7669197
635932
5456113
8589150
4140392
2907557
1025941
5186297
7987042
2843243
4207587
5046298
724434
8479914
8494923
3173741
7378745
3566916
2331702
5267839
5492876
6699224
6961462
2404154
5814834
4775591
3296872
1086748
7838371
171401
2900021
1310027
6687271
1298683
7571403
7148200
6475751
7342150
4503700
7004334
5473686
1926986
399087
4568807
962129
718261
3633988
377955
6519449
3503955
7132986
8607412
3981065
8526363
22827
3128895
1406813
5319640
4271360
8882394
5882918
5642332
6207737
954132
5826116
6997809
6913643
906647
8601156
5796083
5187037
1104954
5097100
3094602
771210
2001294
1872753
5511125
2698082
1006541
8740857
2763431
5598612
3732240
7912373
4326954
2558312
3546473
5494836
271327
7431751
8943356
5140642
4633592
2532691
3132133
3625974
2598620
3737919
4096608
156455
5310372
5608480
379832
2396011
6684461
2360084
8143728
8253274
1630016
2580057
2171348
3098736
8218018
3648620
5935822
1302168
7444632
5561641
3839199
2074291
4345202
798601
2697830
7301256
4702848
4822182
8401887
8903173
238748
5662804
4358122
5730636
3036497
122903
3117758
3421442
3350275
207369
8020518
616869
7372725
2833310
2112481
6019362
5561430
5472950
2350084
2284416
544110
7879077
1683423
1143965
7931034
2578400
6139224
918318
2249935
3268778
6411088
7976881
8776371
7187129
436274
8436797
3116779
4157159
8168143
1398714
6322891
2833718
8266047
4301676
2089301
4658774
8960042
753489
1908451
5819503
4005170
5549395
1789076
6635088
201116
2432266
6677078
4156546
6560569
5365565
8220048
2726075
8855151
8088909
4281357
1458037
5129957
3928637
8409874
1805546
67126
2536803
3828044
4042384
4427086
1756892
7448145
843882
3343522
4689774
2199902
5471278
7720191
1132235
610843
628008
7627309
3658488
1228175
8042094
2809701
31773
2284565
3372637
8384155
7154827
756921
7505518
518460
2908372
7372221
1756232
8724239
1544813
6391787
6846148
7972508
5089523
892464
950318
3329917
3010232
2071298
7215663
5314007
2866681
8540943
2735007
6360176
470723
2494091
6857440
3665605
6106590
5242245
8107115
1194763
4477602
4035355
6713537
741633
5445214
2695473
6778539
6602608
363589
8047607
3120689
744045
371637
4179564
3834880
4207733
2731997
5785038
7496843
4029308
4106916
794358
5720534
4027214
7945616
3187751
8458374
2648314
453671
8884784
610081
7316592
4211626
2655553
2954759
6775489
1204516
2645410
8706562
4871630
7076696
1605235
7118676
2694942
3294354
1253148
307471
8116446
3074614
8678363
7912921
922869
6588204
6672190
4662347
3819038
6152563
6995902
2474674
8771718
5326542
614845
6431944
2701260
1119625
3878998
5612061
3377744
7191617
4994958
319441
5460914
7828774
8564781
1167834
2748368
3452502
320391
4794943
5067547
4333355
7692671
1849395
3715963
4089411
8952838
6380297
2652355
5292631
7080642
1299196
1951812
991792
8664547
5158763
1811890
2777904
1899234
3145514
140951
8953960
867822
2675037
5792205
8962134
3011207
520571
7893924
4782394
284287
53258
6988467
6743363
176156
8157049
1668962
588841
1715476
633296
3719375
4118351
473556
6973886
8419401
2481611
1352357
6196602
1737656
4218278
5654517
5042643
3972035
6228847
5459386
7361748
7045073
2849481
1250509
1621489
8009631
215683
7880010
6055232
7358804
1759642
5969641
7988332
6311668
3631199
5095182
79605
2232250
1114682
3797292
4064131
1639217
3193144
3279769
8696330
2812545
8694033
6698142
8251663
5676488
3517850
6766569
4625731
2581015
6886899
3929184
744413
2235483
8136925
7299333
153059
1361631
4738568
468650
6273659
4597319
5359361
5905021
2604313
2468143
3557596
6076457
3595666
1439964
8933789
4104615
7663550
4821458
2739816
8676698
1313739
4595005
1981081
7352193
7668277
8646047
7465963
8697002
1392217
3652745
1769583
4149253
4629462
2759002
1549137
2026036
7168532
4322289
3515339
6540285
3361224
8647221
456773
1779129
7070721
6574941
3051069
6263752
8516584
1087667
1288706
5109584
8862079
4406698
2737868
47888
5131952
8491878
2666209
6504817
5649134
5811437
8334861
181609
2626898
20657
7209425
2655781
3793451
5738816
4087319
8752836
2842656
1755315
4918070
1077538
3178874
3795161
5803005
7257710
3738031
373775
695582
370127
2126425
2199783
835141
5644005
2963416
919062
6529485
6216054
3730416
6280429
7454558
1375031
7961448
4461534
2373061
3375655
3027287
8837538
8968580
5788638
1618763
181634
3237534
2753006
5689230
7131987
2176516
4603780
8717190
6498295
337274
5137985
6732796
2542457
8342395
2140780
1601860
7486952
1404405
8854348
7554536
5467793
1918665
6958793
8393214
1566451
34706
7134907
5627132
7094941
7945788
7503958
3362859
3648942
3131518
4460202
3980589
7255691
4111805
7434693
6040943
4458453
4096545
210982
4216089
5750730
8322313
3125593
5574223
1641530
3291445
25449
141491
4512157
8990368
6180467
8321909
7759038
8192373
7093609
4085475
6414438
7045506
3937377
5186181
114897
1160499
1623097
8638533
3282442
4590855
2020133
7863990
95495
6228455
5457368
5429636
4880512
5869677
6850418
1376912
2080677
2973595
2671747
8594206
520790
5804586
6637960
5274148
3573106
761122
6359223
3757280
432379
5073220
4969866
6859833
13649
5755691
5604626
2415391
8723433
2808719
1066022
1677990
4739465
618157
2533078
6597573
230321
2373285
3313759
692644
3412371
7085559
4589745
4212163
1861427
7086197
6790152
4615251
1390441
2697483
2288442
6029161
3894588
6088871
1385999
6186006
1707866
8332572
1696049
8676119
5093324
6568723
2103122
6832496
7315743
413952
5353908
8396134
2542981
992803
3371852
8475698
3855426
7232593
8773201
2613300
151530
1076352
3183785
5216352
4485936
344681
4637016
1860766
42600
5208100
2484666
4173544
5591131
7133272
3793735
1881040
7446914
6131125
2917623
4714584
936590
3774205
6475213
8325536
3219210
4804990
1783356
414237
5537337
2630537
7930925
5630952
7938631
307436
813207
2892180
871595
186531
8863507
361760
361374
3241613
50286
7524187
6344970
7827833
685019
8815331
8100085
7163201
2278655
791768
4312121
7323927
1213016
2434038
2004989
3461892
7824058
3620081
126429
5171688
5695521
1219531
541459
939826
4486478
2167554
71067
1240275
2805090
906861
1804907
4906149
3938463
300847
6593569
8702558
1033962
2421960
2466967
6952891
7560565
5799297
4895087
5258751
7264576
1289411
6026086
141266
2854502
5266585
2742284
4251483
2367727
7881411
1936320
3842083
4312906
8848957
3167361
6893985
4999768
7594742
4613720
6161824
5269522
459343
6217681
1653184
4763815
7514512
3364509
399157
2707820
7364233
8843600
8476756
1892992
151614
1498552
228127
5877854
6689247
2068851
5475293
38402
4924188
3826557
3567683
4908691
7141088
8008127
82764
7636965
6657418
8295420
3901174
6274756
5588570
4736504
7042970
5471684
7054800
4662398
2351411
3732056
6911981
4304333
2957862
1246248
3681608
7232244
6365699
5876056
2222188
5244759
6662569
6028510
1924701
7868716
5769860
5434903
7329222
4539202
6645008
2133531
6695503
7075749
3520685
4448240
8499391
4358585
4063210
7365533
3091569
3386320
5822483
1848151
3795315
5742698
7171845
6958719
8265256
2007154
6457691
7834344
5912471
1614594
7194181
5082793
225101
2718528
3539106
8978482
6139507
7405827
6270041
4432974
6801859
287186
3497039
3216571
988089
4519566
8017215
8668249
1647127
5641407
4879600
295526
8642631
6491529
651697
5530233
2487467
713897
2262900
5078759
6208299
2053050
8075117
3693108
3993053
8005082
470991
6324491
6935637
6045549
2238147
156474
4578137
357520
8906969
6283127
1359057
8524194
7649789
5635061
2101626
2479925
3455969
1805056
1025095
3012332
979145
6993206
666343
8879453
3247344
3397255
5683533
2650477
1446473
2224308
7631379
3823094
3517758
1132836
2838676
63091
7776036
8513585
8523606
8305001
1850334
5528220
555895
8392204
4873628
2056345
7299799
1420566
4802071
8093997
6910207
1956477
2473890
1135766
1707536
7305821
3266590
4840338
5278326
2936099
2280311
838521
8099079
2788264
6774263
4135149
1851918
3575392
8079250
1183665
1855346
8810205
609135
2836522
2246941
1468515
6395642
5318451
6912190
6181351
3748179
233459
1705808
5712533
2252899
3268001
1007212
8422013
2884032
44723
7535585
6228750
4812143
539738
3114755
5857495
2041435
1191822
4160360
2769970
4971814
1705566
6532015
7104101
5710894
8704718
2243533
7831129
6353595
3036621
3317034
3758483
6640987
895239
3004944
2126718
1831107
7143005
7353343
2262718
3892547
6238590
2343818
801515
3383570
2053466
8369705
7425831
3167596
5890282
8674864
231550
830082
2897137
1084804
4936974
5794933
3943421
1838381
1568559
5648919
595391
7859084
5874387
6483816
4082559
3521456
2195232
509777
617931
3082290
6564799
2600831
5386766
5579672
3806708
6046891
4342521
5605869
4111329
3397515
2012900
7335131
4655265
7667892
1694462
2614775
1218005
3146882
5883665
8807446
930737
3198446
8454845
484654
2438463
5206305
5385206
1605534
133389
6150418
7591051
7179012
8297431
2216391
7026259
7244118
8015182
1475013
6192665
1028567
3506689
8386926
8931796
8981861
8135836
4037711
4301698
411601
2338233
4725119
202459
1953434
4238809
7252904
4130931
5314052
4474465
2770510
1960145
2838050
7256463
3851122
950826
6197750
3990081
4203430
3510062
2991308
8572313
6151799
5166207
7364436
4294304
4639035
8568861
1401427
3548767
1185793
1637529
8541304
183237
864136
2506718
2602153
2796884
4788231
7603340
174806
4034556
7889384
6775299
2734125
6982306
8005545
8157168
261768
5664794
2312706
3015087
7060517
4946121
8509616
4330047
4175810
8868303
8869066
6404748
7241326
3003822
5693455
6328082
3623163
7126570
8455470
3663195
8623004
6967257
7362586
1462881
3328030
7663877
4711804
7028398
4021796
1810435
7552667
4436562
7222658
2372802
4649891
8574730
7274915
6108841
8983098
2898689
5729868
8031898
5021407
5685138
2415181
7857892
1722748
1995778
5444772
4888976
8385873
4604343
4338772
3045238
8924754
6847157
6407173
3705035
5247370
8629647
7233578
2841607
7241324
5299873
8987862
6055591
8775099
450658
7780663
6182288
7460773
5728149
4071630
2110747
554395
8168406
7440292
6319852
3140290
6355705
8881332
1091552
4086964
8667737
5519187
7453925
2424041
4116812
1235861
6860466
6380389
3605115
6299957
814478
3390819
8407856
8182750
3212462
2550397
6685819
1226109
5441815
2551331
5515875
7921190
5156618
7742379
6271286
2635860
7298360
4034634
8199067
113463
2610880
3010681
4906715
8473529
6121179
1745335
557352
8591424
8568232
8135431
1729023
1905199
2130636
2079818
5197107
679956
2579851
1839184
5006889
6315119
8384755
3983078
3237792
7336717
4047535
1774955
6360864
8622115
8129376
3425885
1469151
3291088
2056728
3487191
4001592
5124054
6809823
8351078
7523699
1878674
5156665
3757709
3313275
2914663
5618680
8599591
4932602
8353473
8226125
6481349
5423584
114307
4447264
4548408
694277
3444900
3618651
1411246
600557
8911734
5441515
4291570
1159527
7617318
673745
2254071
1813135
5344784
6710070
4945179
4206843
6194551
6193755
5980476
5017793
1508327
2751470
117744
7697099
5374566
271956
6906365
4002704
6172495
8243840
468574
5663332
8512403
3790777
8368407
8723003
6902764
699706
827899
5570202
7667269
1488813
8020901
2271240
2360224
8274653
7376252
8970886
1485212
6340049
1868850
305974
1551901
4244507
6499401
6588535
179533
6951732
8528587
6647790
2407162
2861170
973000
2690756
7737701
2065008
8029782
4810188
4375689
7434018
2727950
6019400
8172539
7036324
8641656
1684844
2213531
3637117
8660630
7230479
4481811
1473139
3117317
7604414
2618104
6911716
8001114
7386098
7743561
559336
5262924
2135998
1143760
498267
7948735
5395276
6817807
1668565
3397308
6370374
6135103
6764756
5262073
32268
701787
2561979
7434470
6057250
346034
3003760
7894955
5198091
3501992
8938544
1122606
5726982
719501
2619175
1980863
2714796
5991579
1657159
3124749
3557778
5290831
5899880
3596188
76537
8890391
5089812
7629259
5364072
692886
6468403
5523747
3732392
329689
3694407
5429121
4069166
2299144
693115
1204821
2845100
8775943
2403545
2519578
5346857
7522855
6162947
1994268
2415774
1247956
8726466
3570528
5689928
8694089
5214001
4851042
8721805
6813440
4722438
8073163
6764243
5879023
8230363
4607522
4199301
699396
388247
5478886
7179665
6022655
3281107
7563727
5683492
6246007
8139032
4590810
1539130
2586139
3043505
5504229
8111845
2885037
1965722
2722943
8865313
6039816
221618
2915062
5177586
5634857
6540680
3827969
6250274
2177091
6099229
4389184
2334589
8210694
7116714
741617
3637742
6400894
4186028
6168801
2226035
5919531
1794683
2669421
2090634
6004823
7477402
37701
3607481
5053022
7368395
7281336
3106763
2439439
1918738
7201166
8157059
395560
3677133
121471
3987714
3242488
2287941
6722245
2220393
8874999
7547511
624681
8041411
975358
756538
6037962
2203457
8321824
4717414
8951378
3704307
3568098
4822573
2874253
412468
7580487
391047
4629935
2619634
8262604
4829172
3166108
3832124
5399507
7274711
3971722
4400295
3558111
3863139
2518984
1599040
327565
1952034
7864615
1725185
4080976
5980037
6368800
7493306
8508982
7882957
8170369
3521585
4920749
4198337
440210
2502467
7469575
6097055
5240977
8941277
4042998
4246306
2921408
4865521
3098119
2687867
8993471
8282495
6977349
7952449
6212748
2959331
7452808
5480713
7083689
3751321
3609520
6450677
7881342
2119942
7981413
3417639
7008769
5573196
6867564
5433735
2637127
488084
3427558
3922368
7144930
3532417
876010
8728508
3941402
8684498
3756633
8865321
4875994
618876
756592
388976
6503511
3189671
4443284
6757488
7355327
8831468
4877504
3462895
308473
4666227
5895430
2162490
2161738
8533737
6056871
8567470
7379751
2866001
2943044
4754307
6136569
3954896
3504147
6837273
2942417
3243899
1982196
4877071
6456104
7398572
1294886
2513812
3849331
573528
6454388
7230519
4198903
5008153
7700416
1644025
4559437
8007220
1786637
5883758
7898928
4986721
2567359
6564943
2359637
2618619
3281445
5261435
423027
8333928
2921805
3852518
4748129
2209617
6586530
3529480
2259502
8320911
8240481
1080275
6715003
5999521
4612696
4930728
4716396
3519044
6263428
3315187
5375311
7631466
1501364
4395656
8462448
2166457
276602
7086571
6079680
4210226
4249327
221259
1887674
5029474
1896807
8195432
5509829
764665
6133636
3359226
1985559
3081776
6499138
4464505
7378634
7088459
4296921
6401515
2313113
7048813
1254709
8606791
5242879
6172413
8706497
4587485
8922870
2336528
7081099
7288456
6506193
923143
3736878
5019953
5168172
3888032
2701468
8928067
7430245
5298932
1362343
7272453
7123732
8528402
3534993
2410022
2070742
5126457
4035247
3658648
582747
824165
7541041
4047198
6343393
6272070
1165759
6295999
3821844
4259125
116933
6934987
129621
4202451
7102556
7369501
4406762
7895488
203502
2368258
6314865
1127989
3742457
8382177
5104529
2517461
5072087
2836997
24299
3228286
2391460
2605418
2131853
7713173
7145113
519214
887973
7825746
2571710
3869286
6021691
4120974
1480274
2668427
2695468
8427737
2702781
2067988
8329284
1025692
7872806
2965405
4927570
4736014
5304768
6352953
5811638
3128231
5583364
4653476
2052338
2026960
6425686
1795586
486473
2058227
3444778
7769656
3478453
3930643
8706413
1572477
8459540
5352761
8491746
1194559
522620
5651068
7538592
1535385
6614291
2696179
335929
7709885
4748172
1817577
5701872
2357643
4345232
4708440
3807186
4470106
7900165
4110679
7184586
1366323
6757218
136615
536713
6455825
6605245
7429049
5231948
1757205
2309980
3300680
8659427
1699879
7846512
1964269
7040258
8069189
2275933
7523906
4557782
8705873
3427931
133767
2123033
8444778
6703409
8955356
7860761
6643708
4244933
4457381
2186935
4719011
1728718
1471111
5106109
5962732
1829227
6128682
3241232
5961306
2282027
8856233
2298708
3480689
1514603
8009263
7011052
4671443
3698877
5940397
7897436
3135824
3121850
1349541
1784725
7364188
6155226
6853865
4261686
7529655
5911623
5271989
3374007
8985964
4611277
8552509
1479879
2417765
875174
1172298
595493
7937450
7691816
3364367
2563616
4687815
936833
2227586
6955714
2325211
812357
5698792
4788621
721954
4760617
7041117
5137730
3174074
8795292
1323372
5763067
627832
6320096
2035281
7408285
8870739
4795835
4165662
529916
8639692
1713938
6010654
2323883
2075188
7688218
1196976
7986206
2032413
5194332
309689
2183822
399356
7110303
7269515
1996497
7027161
1959560
2336801
8496134
536510
8916902
4137736
4883739
885196
700932
7341173
8599404
3134284
931225
3464216
3232151
3545999
6062788
7967318
7065089
4343572
7377165
408628
362682
8258729
5047012
1832340
4733956
8274098
8218553
3452447
3651161
7276633
2096083
8350852
124019
8238756
7816942
2387887
3863773
7921426
1607421
941650
1196200
6261460
5655501
8710180
5807829
5061804
6378445
8130064
4531841
6916637
754787
2124541
6230486
3775412
6363670
6301776
5033023
1792895
5410766
1020418
279660
2282452
3439339
5478016
5022364
5776517
6682524
7684677
5907226
8939592
1132889
7231101
449688
7962628
582485
579441
7274395
6699961
6654917
1460295
2853719
4182532
5146085
6812957
4214680
4559249
6987149
6775221
7374572
4876181
6289370
8302921
8143856
8242142
4004989
8689387
3953034
4108507
196456
6906281
5314193
8351798
2886964
5455091
2314400
8136368
3929258
3023286
2708501
1487614
7668695
2312582
4694703
2576716
5379250
1979235
4617888
2808476
6838106
2412900
7840656
3461424
7802505
801983
7286016
1549950
2224907
6864179
6443554
3321198
4054927
6641026
727161
5077755
3462528
2152204
6771711
2825682
6323040
5248780
2482304
6718501
6268378
1160660
4526542
5940920
5222121
1380929
4182739
5778975
3519839
1662782
2746193
6589658
6132604
8885850
3521330
6427693
8646734
6230157
5921042
1266324
546437
2593938
4709685
949007
1009708
3552973
2066710
835736
456204
7867331
3966685
2569634
581470
2995389
179825
1723054
6280037
1661921
4626773
1026534
6864360
1377129
1473132
648834
705006
2776790
7679893
5546922
7122168
7814879
6755703
7423085
4409310
5853970
4719730
2044601
2314086
5134780
8101821
4211007
5652937
64413
1559801
8903316
3352281
2670651
3368845
2929179
6809753
288487
8828228
5418658
2929025
4975851
2598661
20052
8638999
7254610
8060916
1411251
2597091
7368031
5044660
5096968
8404001
5991490
7170500
3502588
7922235
1644133
5934408
7574285
6651029
3142771
4482199
2004031
1323217
3588705
136673
6697359
5114844
3264352
2931852
1990013
4797313
2152862
4249260
2087810
2882146
5887347
7297576
4406589
2234090
5597015
245076
278727
7367506
4157115
8943535
4915905
4205471
5316547
5776065
4602594
3271677
7918082
5310587
2409862
3834672
1992411
6726698
8178243
2836506
1061877
8888161
4301538
8028771
3357799
7843065
7689554
2847898
2725249
1323458
2170933
8863584
6115142
2642854
6356215
6131787
8700227
7712870
6431946
4884824
267494
8094562
1546984
3304870
6381166
6515595
6488201
4597385
4394284
6401176
7401725
8762233
4668529
5663142
4155297
1430583
3082993
7897219
1437208
7014862
461001
5165977
4340652
4176944
3768949
6408459
6828740
113401
7587687
6816095
4911299
8432499
2668628
4541302
7111886
7750281
5852518
5613010
2987842
979871
7701263
5194271
8736200
690612
6726510
8606465
3732846
6409602
2519166
3896417
8749997
8218365
8981316
6761869
3045816
1575387
1631075
611380
8687434
8093211
6340571
7783297
6968728
5960807
8984185
2315720
8456820
5264067
3766453
2731634
3995225
1772320
7294137
4447250
4259033
6955690
7227075
2801049
2936298
7553084
4479081
8050652
5714212
8243055
6200345
7067505
2791081
6006771
4607927
4708296
3972232
7012441
6737669
868251
5154084
968146
941199
2662365
3071077
8876373
2055644
6288326
6194273
5601278
8270675
5285649
3708713
4007840
3555287
8892409
814053
6175862
6724563
725032
6844228
3056837
6810575
5309101
2238928
2674488
7877313
4796894
6402886
3376403
503591
8724767
8901465
4259500
8511537
2852567
3696083
4596141
7133021
2038359
39580
4583259
4797931
5450781
3524138
4670665
4233748
6160462
1463543
6994121
6393286
2567369
4883072
289723
6132625
6429615
1561288
8542188
405278
730178
2449089
5127540
6839089
1943789
2074037
5757042
3204812
1767614
5986569
8225459
4245655
6930961
5171475
2427310
2754431
7551502
631816
8072476
6518285
403956
2683473
3996948
1140103
547532
1083451
1994772
5499786
7092857
997344
7022174
6113523
1256133
5080239
157629
2581479
8378195
7082882
8939419
1135867
8817416
2499386
5511473
1801352
1371631
1314564
7877610
8611509
7048434
1430123
5222692
5473644
6348510
4670643
5655410
8695422
3313919
4549704
2933267
4652826
2976319
1533191
642660
4957454
3945913
6700097
1059601
7471856
163332
6352609
5514646
4574970
1550973
6120475
2170347
885965
8850312
5839157
6795705
6001095
6435645
415730
5049021
3126555
6709389
3753835
3033766
7304535
369547
7253912
4674026
4875708
3901495
1326584
3839979
2189607
7993580
8117707
1770991
4191114
4512964
330289
7235292
3033910
7837752
4148613
2056354
6313060
7606586
8115765
3259299
8505417
2963783
8298546
6831535
2534079
430331
6515727
6096970
3237014
2539294
3218106
1666432
8059765
5003700
6621685
3175632
5181757
8476235
6193125
2472098
2197069
3016142
7453867
7061008
2439263
8567595
8938239
7514929
5835129
3966369
871436
1418940
4738329
7964042
8088057
6638658
430214
8692890
3952102
3313048
6598696
3703776
6190739
7174222
8939960
201762
4810597
232557
8837783
6730072
3325509
5417356
338787
8695499
5374714
5825938
3606622
5889514
5803272
2476557
6509202
7950911
8699080
1196811
2663259
8542647
7718432
5249000
7514491
7031397
7069969
636057
3189514
6624108
6660832
3382865
8261625
7144338
2430581
2650836
2440104
1875976
2187413
3662297
232114
616385
3455295
541739
6346692
521837
3021689
4949042
289069
8986696
1223438
6821517
5751534
4083814
8488144
1916058
3149262
6880253
6873363
3574929
2394037
30447
6566722
2084655
1312013
1705962
4254998
7230082
1301854
8945760
4478778
3526812
373810
1120496
5632299
3508678
232083
1962939
2500856
7698813
5269471
1829849
1888064
8343324
7393506
3899083
966573
2417717
7076815
5973912
3895512
951171
3521394
7832855
7402769
5204844
6527499
3292223
8178164
8674351
8466645
5108665
1769251
7485168
2566593
3660680
4281864
1725496
6600606
112318
5061393
2482302
5408160
3207465
1438083
5737930
7591111
4213960
6144350
284837
5316695
475307
2524878
6270353
3840182
1277537
8028022
2132958
7366969
7734500
8715877
5295662
1939971
1015821
4482977
3238933
1483743
2052001
8395420
4550568
6989271
16533
1553244
7649378
5059869
7087642
5867773
6364773
6024532
6554065
3838264
119856
1325134
8263991
8267336
5407081
1122793
7175620
1074161
5213709
449455
1358572
4587175
2009517
4499500
760049
6562932
3203412
5108724
2823907
4305316
166941
8935698
5869647
4122788
8978051
440753
8872816
1417281
3108564
8152250
6249648
4455739
6075751
6220462
2731664
6979073
7385027
6861791
6373627
5198845
5540455
1018461
1623500
3737164
2423457
6378595
7320150
4234085
3488753
2644263
4912581
6072439
7814599
8072648
8598429
4924330
3181863
3350277
5602003
6573333
5191800
4715936
6206828
4827625
7504185
1087805
6163391
4257845
5639880
6079574
5175743
5587695
4792647
1310611
2533225
8065267
7093156
1985231
7281887
4253741
4468366
5930707
2551868
2487701
1045206
2618164
418987
801532
6757106
573320
341105
3723078
6175255
4122589
6248835
188056
1866974
3347047
581661
5290966
3409566
2293745
118723
2106733
4839594
2401815
8993390
5341996
5042418
4504529
5744044
7969071
4907330
2790171
605469
4368219
1832679
7645142
6755856
4488307
3691009
7789059
494860
2016204
454832
7781298
4937026
6952143
6825657
8636333
348236
8770964
7427283
8395909
1613915
2727250
3281308
1990546
8153246
6333900
7079534
5409553
1727682
1564275
8788013
7859530
836218
5494274
4753422
2904891
4268819
3044618
4611645
6482911
4361626
480467
4936113
251490
8420218
8705865
1091448
8469845
6763649
4699399
1027646
5503661
7078751
3298708
7031714
8405080
7180955
1089398
5276567
274287
3156963
4889158
2988550
8945757
6310868
6454540
651889
6461392
3298421
8846553
3883453
6994168
6335775
82686
3817611
1674132
1632797
2381669
6042236
6958767
6362124
8147372
7859841
990892
469572
7774086
2337811
7409675
2460073
2218094
4295831
3647035
8871297
7968017
4547485
7481297
8589944
5704893
4233541
8796211
551514
3412441
5943062
2755877
5300776
8468815
2110160
5170574
4467015
3691520
8362526
7500298
1476888
8192849
8049113
4420076
6680634
5385423
8720029
6205129
2806893
1804867
5181724
206891
602267
2894975
1474269
3926548
7121449
6916056
3211033
6061169
5220147
693095
1990676
452484
1953978
8292744
8124521
5971580
2247514
4002992
7555787
2332251
6473967
6878040
7982999
2994984
4857569
2837177
6372502
5446346
20110
3247331
6547948
573875
5238242
4556626
3902505
3901291
4965838
5225099
1276586
6959861
5388817
7422830
1687269
2977626
5707155
7780167
8597238
8716623
2012846
8990119
7809810
7390976
2243690
6060639
8964180
5610056
1429232
8441109
8583937
2845372
8332718
2368583
1622838
6528218
6439473
2176718
2607679
5939678
1216571
1206852
3553737
288167
7342748
2054287
867832
2658827
461466
8019904
1363223
2923605
3680627
4571050
1338816
1653994
2065197
8889595
583141
6421489
3593435
4209154
7394428
1697220
1461144
7409741
8250498
2301840
1340886
1092718
8874794
3055334
3010547
8824399
8659267
5790159
3183574
5809944
7238824
3570115
8317390
4857865
8372523
4519183
2290986
4987342
2590310
6057358
4827666
3034213
2891903
7335309
3992726
687177
8720363
947783
6879042
8657361
2674500
4351952
7144343
4561318
4286202
67485
564304
3788339
7560477
8474650
6672511
4343073
1610997
6227811
1632206
4719269
7308302
7792390
1834032
8017375
2345240
6285487
5067897
5835431
1861288
4445044
7967391
4516454
3337368
6139080
6620437
3883332
7619671
5936408
8691692
6022972
3959014
7252057
6931861
6625825
5647083
6212297
6910826
2264190
3669523
7807770
965108
2146925
7057874
7439193
3417850
7696030
4106514
2213560
1018953
4447408
2337052
5622093
6343810
700707
8159438
1008002
3777037
559903
1331661
6256895
7791395
8730272
4682246
8129891
7828323
1985160
3208117
2268053
6671487
2948321
8107611
5053810
6893245
5462549
1155342
3176688
909564
6592891
5879925
6538847
1386069
6175724
8966159
6938676
7641157
8972840
8230500
5633399
6666814
7765375
3065130
1922633
8166105
8185564
56823
2043921
6736752
431709
7224635
3180691
6420847
84716
3753513
3941559
7432186
8779458
6938736
1866541
7364691
6682782
216731
1600980
4578625
6688338
3972193
5425677
7864346
7185709
2149316
3936732
6612932
1568226
1121340
1044356
1699661
3684709
8384770
2349190
8663357
4570340
3685590
7351377
4146399
2368140
5518348
2333056
1728459
6058129
4739998
8896406
2907119
5681778
4345930
1260714
7874901
1791516
3957226
6444849
1036636
8151025
7075582
996091
1163618
8854535
7160244
3203694
2670413
3813357
233412
613625
8143233
6533408
2789800
8745674
8528553
4046864
4160585
783775
342998
6411074
7345755
3572802
4613728
8646856
1305119
638010
5318068
87045
4400554
6961051
834860
814803
8802231
4726551
1772935
3713674
8348279
4135371
7520853
4913338
585629
454846
6750830
561474
7094799
8910141
4500116
7421354
168814
6199686
2636752
2195770
3172723
4614778
8154151
8848320
8823653
5655554
7929318
4851793
4312450
6198591
6702601
4815033
1239021
8529203
1212148
3729017
754955
1253630
132963
5026225
5219417
956943
8392741
1764052
1303070
6392566
5294926
3459337
2321332
2482739
6613303
4502448
8346462
7632802
8841020
3427755
8328629
3864943
4887
4781610
7016143
7417636
1546341
8658482
5528614
4600281
1256533
1753205
420912
2272671
6698841
8404131
8408976
386403
2266683
4260397
4358388
2388683
3321817
4823841
2852302
8341906
4228565
6276547
2108554
5669020
2484008
5536816
1204555
3620172
2800092
8542978
8975928
1369494
6586760
7198162
5984471
5263741
1971787
3289199
2648134
1074143
4362115
5534052
1802199
6953448
804303
7787603
938727
3671165
8112809
6847144
5949394
7491481
1418072
6906526
7398074
2878906
4768408
217514
3660132
5363284
2260218
7126414
4033719
7932401
4120843
3820568
7013380
8088662
8946026
569976
2111518
3225428
4307171
2678940
7773109
3865661
7903388
558820
2025810
630489
977893
1821973
917941
7860170
2327575
8943373
3532176
3023638
4728788
2085505
4047025
2487158
7349769
6437353
3837756
1632246
6946214
6829554
7709388
8546942
122877
1991381
5646723
1330070
8561975
3465269
8602489
1294108
4450014
5492327
7124305
8561661
7885826
1231094
5069838
5525017
3951340
1417072
8022531
4252194
5332984
6501635
1013927
4554831
2313149
7567757
6038731
1810542
630082
8242853
57162
8424685
194885
1203984
7819649
2591952
126037
6246536
3190782
7568963
70945
7975155
7831589
5950548
5237738
7337017
4289586
1143178
1361519
8716141
1903594
2100785
8224029
2255826
8525635
4856323
2931967
6774099
3937159
7704184
2920769
417931
5101994
7294004
8380441
8426356
2408434
4881507
6013599
4888370
8674119
8000703
1377971
1992839
330690
562013
3092484
5148301
4951360
925151
7869081
6019627
3464812
4499673
5780346
3709555
4058031
572213
1868359
125735
4260433
7046533
881001
3983004
96315
445231
3170118
4824159
5611599
3719042
7581266
5578889
7179028
3340049
942069
7821542
5703250
1909534
1996846
2780203
8551281
6603741
7998792
201525
1187761
5785252
8687285
1484098
2240179
7010909
7971295
253739
1708294
2755246
5526012
238525
3869153
1143173
3155003
7321905
5209052
5954446
3104731
5169735
3131809
627890
5627633
5658723
3493191
2331818
7436000
4859814
4085258
1334019
1592186
1744938
5798887
2961241
1027255
5695924
4451408
8249823
3419468
3707372
703785
2008868
732462
3724893
7651517
1236552
4130327
2761778
833188
2324814
5314455
7150002
4439806
124146
3513716
5576162
1175383
8138141
5033348
4262482
5424539
5263026
7046563
5790125
4941888
2351822
8779500
2281692
6958757
5597240
4147253
238714
4786216
5156437
2684831
4725018
1075023
5663911
8570954
2945973
1641258
1011682
7163667
5176854
5111993
6738572
7632755
5006145
1140698
8830393
2376450
8481263
5271302
6584096
2561713
4243309
587820
8183048
8460598
4470712
2407482
3785423
4012362
4997305
3711995
5438815
1733295
7303542
8638898
4231310
2539862
71890
7500097
2974130
269285
4950163
5092395
2063401
5022202
7167124
2661789
7335589
224657
7756246
4699745
7861722
2142329
7553457
4635445
1977979
5103391
1227386
5854613
421442
3613389
6884549
1534619
5075155
4781266
7383632
5245193
8448093
7250891
2973095
2781892
8639599
4916054
7246289
5783499
4292199
7171254
147871
517249
7933859
8809867
5737316
5925972
6915347
3041419
6956007
4480291
1482426
813419
6294343
2601577
5387075
8798143
5267074
6837112
7451507
3938729
5679637
2126932
8635089
4650592
390134
6291686
810089
3602935
4751848
5745822
7249366
1444428
7487368
5766710
419200
6919016
4745901
5058264
8892481
5980912
1450636
421071
7669420
395495
2116703
6006420
486911
5857968
2827414
2903722
5693536
118956
8435964
5525524
8774031
5509537
7414580
6227058
7540492
2840299
3894777
6161682
8478579
3200198
6813165
4556346
1760841
8180996
2038432
42185
6293389
2483534
2512156
1005974
2618953
2400413
6933481
5437654
7942083
3713514
5106572
5230713
4356266
7100690
4204821
4517074
554073
6916130
7052742
3235766
2104371
1807204
5161868
3004567
6252896
5597099
4121566
8657457
7119912
8537412
427147
3727188
846270
3076729
5748247
4225158
8098735
5570734
7038908
142130
4379243
4347437
3953623
6195322
6045371
2017944
3129227
1597355
3686282
113500
4654474
4415006
6718937
4154593
1731957
8726984
2379216
1863059
8986310
4177269
958827
7283484
8385184
4770271
5291035
908376
1205877
1354236
7236337
2016641
30543
4840756
6757371
1847780
387865
4237213
4634550
156811
5760676
4968934
3059783
2761057
4543767
8047347
5714805
1910576
2891213
5436452
6920661
6477538
2566227
135581
1886322
5072077
2150974
3575833
413408
1468308
3165200
3363937
5067597
7485780
8679964
428017
5931553
8532536
2322069
5338068
2917161
2561006
3210782
357324
7103352
6988283
8782514
2342994
8993070
648548
3462427
8544192
2696056
7795947
6807886
3658616
1544519
5410546
1308133
2071590
5499439
3435749
4456671
7427802
6389740
7862036
7152341
5799465
8424580
3672449
274189
2920359
8429894
1959553
217353
7255414
1760240
8702498
3709792
1366337
6163974
8379555
7923407
7552318
3132551
3564277
5103571
6588585
7742209
1268378
6809234
7810636
2277864
605792
1956076
1529163
8648027
1265370
2165278
3666029
6048877
7708281
3082254
1784831
6483881
2032481
2838687
7818835
215878
3537055
528852
4863491
4028565
8039088
7013137
7262091
295657
4463187
729515
4341608
2819808
188567
5870197
7378421
6988950
7481650
7186618
4043694
5495082
7403647
6757610
2795936
5470444
8450907
8257035
1524694
8512043
6661003
6326226
846261
3076996
5090059
4728052
3403216
2449429
1676019
437170
2897763
1664516
3395897
3521036
6881664
5746534
8999694
311136
478306
7302167
535490
2217280
4886310
927675
1955910
8423168
3805328
6427108
5635432
321367
6174635
6125618
7348152
6410255
7018203
696970
8745070
4969132
7127524
3164085
2319344
8069559
4496294
80757
6784286
5211720
202063
2609819
6036299
5977617
1611680
2801282
8674676
7879501
1131331
7764883
1099311
5953754
4445415
1433661
421508
1194028
6120552
2746466
4634056
1648272
6771521
5116169
5977278
56362
2923143
6976390
3739272
961279
4316110
8496913
915360
215573
7729033
5883632
5906750
5952555
6506790
3035354
8285401
2789175
1224191
7543334
4931537
8241844
5371005
7541980
4135518
7270882
595701
540310
7225595
7960895
1720646
3668010
5646710
5851897
6449786
19398
2683075
2145529
8537236
7490558
4146498
1442388
6524649
2549732
5094937
2429145
2607887
5772674
2637371
6127617
5215829
7332658
7293558
2349696
2929587
8903092
7697315
6890993
7253857
6166038
5147700
4235962
6702256
1543079
6254726
8554402
3536334
2566639
8908555
6027424
1882152
3721537
1608447
3361279
2405919
2495092
7039454
2990985
957917
1448364
8426675
6963784
2004520
3961269
1042128
1130316
6698703
1547621
4502316
6980809
420392
5818550
2629429
6245650
5077486
4757560
8886456
8098390
688614
4318278
571823
758061
7505179
6889133
1877085
8112132
3382225
5281752
1806654
519377
819378
6948927
962859
7730244
4837907
4215551
6716230
8649728
3594721
2782511
8675155
1076821
2475583
1222563
7982942
5453588
1319447
3429431
4842529
127535
2469612
5434863
7436329
5382929
2199268
5598888
7820879
3016407
3694831
3767054
4154976
5531622
3625140
7318881
62682
2457672
174637
4668585
8215340
5429082
5154764
1106750
7766936
2875373
8800921
5554991
1608789
1195774
1662357
4756515
7842021
3894250
4689405
8860867
8208149
3533964
4331501
1745449
4813949
8425328
5442762
7671084
7159119
7133756
2045691
8150352
2574579
6917310
223495
1006147
887743
2198068
5880798
2931965
2534744
306393
5670251
2823134
7975875
3374872
3409669
3174313
3878405
7486917
4725687
289491
6421409
3615973
6762417
4922650
4495906
705291
517683
5930970
5161511
6072726
5448674
380541
6963321
6307020
4031282
5316698
5307073
3972395
2877291
5358746
6757454
1257318
3509059
5388840
6888119
3252624
266192
1527852
8413534
8320350
5076785
294869
6799700
3065192
729869
6255889
3926862
7275914
7592355
3703931
7999185
1182320
599095
4640211
7007664
2806393
1566118
430566
685740
3867335
475896
2971971
728361
440481
4666203
8050045
8847005
6901073
3530025
8113562
1901867
8562095
1160048
8195241
8213170
7516752
8265852
1811291
8323971
2509385
5142523
888804
3728829
1568585
1876690
3222885
776150
708385
4908289
6636978
3653636
3571376
2359169
5804858
1203744
462281
6363691
8258865
3798744
2622721
7772917
1319748
3353026
8690873
1816247
4695737
8321012
1539959
1726285
1797887
263443
4275268
5194469
7326854
5605191
4040880
5411269
404
1076380
4788756
5129107
5637573
6536882
1185428
5313075
1659365
5463529
940491
7123873
2012424
7994441
2248828
8669672
3063020
4776958
6807643
4114168
8227861
5904415
8489142
2058685
8022041
7454022
8134723
8472835
5029241
7567365
6781105
2388842
6421951
4102537
3636530
1653609
1942361
4436284
5919251
7353221
6394378
3473246
8938168
4970366
5578675
596648
5736575
291832
28702
4840280
8119505
4891953
5196980
3919462
1820664
6895877
2774466
1345402
58035
5514594
3738030
517864
8337367
539416
7721589
6059270
3403588
2195465
2157618
1707716
91406
8254633
4574912
5475177
4952973
5688226
1040986
71947
7349856
3974707
4855789
3812184
7842614
3173271
5959171
5406976
2288147
5178892
87457
6873055
3267020
4891961
296838
8032871
7585125
3046402
3259264
4650052
430988
7037112
7327693
702930
10898
6561624
1025542
5876138
5785770
6940301
7690748
1801694
7024650
7260300
8746886
1230071
204712
865921
5071986
5589253
5518019
6533899
7155287
1669059
8897525
7160732
133967
2924725
3062207
5229601
4936522
2440303
2509575
2460222
674334
6488127
2531253
7231341
4182187
2893860
4832581
4477008
2223627
149704
3153916
2045275
4125077
4585315
5373081
8348645
4713753
3506195
7155232
367100
2899649
166404
4867952
6162058
5297730
7120966
7882670
5648255
7065490
7896634
8777575
1746487
8559429
1023255
5808074
510543
2473848
5289411
8746337
6715748
3502652
8772210
2201849
2846041
2049375
3481859
4559271
3518573
4555363
267119
2291390
8097603
7206973
4038018
7753008
2797620
1538565
227996
1655992
7220347
5592558
7873527
6553220
1118362
7964899
8278855
1789912
4350453
1442121
2940511
2656987
5163255
1137554
1204308
6166727
5924999
7669866
1519834
7906700
8384750
7006913
4935191
4971477
8949438
8387906
4300307
3995134
6636401
6863554
4096547
5749405
5474393
5674690
1259526
1800067
8934480
3796758
2764687
2225397
7431512
4928161
758516
743596
8540563
6158711
3527038
3733070
773756
6160807
4222668
6055043
576638
7112429
82165
5163340
8105811
7402228
4773883
3560571
2794142
3344548
2232497
8872524
2678444
5510625
7964219
2924051
353766
7181314
8035523
6593378
4649325
1021744
1121433
2589506
372425
6223746
5971720
2559377
4302376
790973
2390962
1191106
7586192
729744
2171158
2798499
4549791
727160
6025687
3084234
6308528
7663182
6081822
296515
5078636
7560281
6241587
1848587
2218040
5710273
353950
2391289
5926129
1174860
1386414
6287189
5710329
1474373
3139554
6287135
2432213
2519584
1542586
1721143
6939797
3830662
2478446
5812847
2125660
1374747
2636800
8010416
6476139
7089153
5017893
8527008
1282860
4614455
3199305
3033670
236907
8810131
6671347
3080022
1245610
2199257
6209810
7643570
3366480
186846
6350884
1133768
3437981
5388944
5202790
6371731
5433911
1544066
2033120
6067137
340575
8637714
2182190
2774982
7433437
6444221
3417589
627236
8575718
291515
7230902
68333
6261014
524131
5876010
61532
4491490
6177500
2951355
4893336
1317785
1646527
2301224
3227882
484525
5777978
5577543
5752142
2718573
5792639
7510127
2249151
6438617
2001784
7606648
4044102
5365306
42457
7883774
8116995
7740408
6379742
154955
4640154
6959760
6085515
2825074
6274445
1033452
350885
2173575
5239035
332631
8713211
5493646
22928
8867937
7868879
6950659
3274903
107079
7352680
4927764
2327531
734117
8590969
2743900
5356619
5461445
2963648
7720943
5518039
2345801
7469722
5054231
2683260
3847075
3655054
6584880
5091102
6913645
6816027
1333895
7185444
760767
3127796
5410669
366569
1906668
1967063
611096
3306962
6437396
3144749
6369284
1363717
5789003
8028693
7072397
5103658
1511623
2777726
1567380
1725638
721465
7516767
8288796
3423306
6678383
8920149
6164116
987294
3859283
7209747
3549262
8328291
4104649
3336470
498107
7160381
8102098
861392
4504245
2441736
3706923
3861734
34761
1153349
4651850
1465220
1968211
200668
3915670
1870278
4229781
8045621
3771024
5937724
5671972
4430544
887998
7016384
1876824
7575412
6774082
2875556
1579324
6444224
2505765
2726393
8593388
2571800
6842348
5438110
46788
2809598
6652570
2474458
4128713
4007977
1827180
5775084
8011786
6546221
5153104
451575
7007697
5310468
1661868
7339620
860407
1796709
4739864
4904230
2558366
1649689
7417367
5021713
1728644
3772052
7386182
5046944
6884547
8741574
2624210
7438556
2728707
6589649
3248554
380328
1342921
2876480
3140261
5365026
5103861
3421724
7597673
5238811
6586685
5391297
5984757
1326917
2454793
2190702
6889536
4614727
6308644
1512894
4713235
3380408
7353308
3521547
8947141
925579
4088575
3162548
1063964
5752573
7133544
3998607
2340042
1539455
6560748
6244253
161190
3963394
6276495
4060604
4490879
316095
7604289
8536678
1890864
591711
5677719
2992006
8369570
843516
7503701
7381940
8757083
4877871
6176910
1420977
5055506
8460744
5151132
5865225
6769200
5150823
6009038
6678709
6833812
3706991
2316964
8295633
8627762
4301601
3316433
4358256
4221225
2563848
3483429
5224505
704105
4601099
3969967
8201550
6133537
4230315
2387115
2249333
7216469
1005573
1098998
2270760
8514149
8273961
3194334
5507056
6771265
823229
3308417
264361
2319572
4571924
2394107
6609854
93232
6014188
2585000
5862174
7415213
8638952
6154242
752614
1230622
8296169
8514683
584132
4508135
2034498
8008605
7721546
1910936
1211710
7521511
487335
905391
6904401
2339854
75184
4926056
7564730
1478202
3038353
477245
5669527
6302996
420072
5523876
5540357
1366046
8202521
8591818
5320278
213712
2599782
8888644
6680071
6473484
2892215
1629288
7560372
8453852
3447022
8617537
7320196
2663932
597301
5997304
1244946
4701836
8940342
3800688
3923804
6586506
766841
7181625
6555205
6158615
2958646
7743663
1782639
476482
5510140
1662360
951620
4841802
2501372
2056988
6519164
1745742
5879407
6547663
4050545
290991
984654
2699832
2363417
6921859
6804235
6449848
8300609
2003971
901991
5192509
1330606
7966267
4364624
7354217
1157458
318377
6853488
1880827
2106385
4349990
4621424
6753623
4769144
564609
6645631
425898
7095593
10054
3449557
351653
1193636
6895630
2292294
967948
2407084
2775284
8534763
3876892
5308817
376106
5176818
2916147
2001379
1076850
6542793
1937665
4908372
1816129
5630851
7886385
3892208
4089618
4874759
1457963
4448173
3816118
6939458
5842956
8491136
1434724
1474836
2738459
1246085
4656127
5670363
2223285
8227393
5585057
1158792
2809255
1368204
8070984
2949832
6633905
7620952
7799678
3123230
5400068
1369677
3876478
209078
7319661
8892163
1947837
1265691
2243111
6555563
166497
6850780
1151718
361092
7565886
2044953
462938
7962716
171459
2104398
1410732
7670415
1445097
5165951
8167683
4072020
758388
8207761
5668740
1296945
7008093
8727351
8564234
1612885
2960666
3924265
6699339
1065357
8824098
6293423
4973228
6107378
3082336
1981495
936575
1207684
3658916
2217914
4107255
6822185
5704642
1349496
6070097
5540379
2878035
7777591
6070210
914583
6242399
3687694
1039337
3228690
5601686
4092113
4623475
5532568
3241064
8295780
5236859
7080585
7751379
7168295
5705156
3913729
6022044
7053321
5133936
4475130
3779007
1019344
8689488
6044567
7075768
233776
2084005
7484214
7312474
1027656
1441289
1887395
8230745
1225072
3745105
5900448
521148
7839398
7814533
6928586
6525527
1557489
8285014
8677046
8115170
1627107
7559798
738962
3453537
6963755
2721169
8518581
3487375
243975
8778780
3483936
7124020
563800
5223474
3851341
623162
948552
462731
3665281
1985113
7061686
51422
54235
5032885
4587863
1160604
2836342
1574600
8709759
4581737
6957860
4423274
8504357
1308658
3437107
1246868
3420327
5405029
7484945
2026280
6534160
7432405
6935258
4769799
5685613
6512233
655756
2018840
5426173
6533867
872350
1567105
2317225
5026718
450993
6051611
7687446
533583
5102697
3331875
3557817
2992411
7495340
3000525
893376
6692100
6815177
2544459
426453
1480882
8146080
1569790
2069590
7431689
1793942
4954410
5028801
3263654
2186228
5830408
407380
8597262
8743199
1076525
3713644
3143813
2196591
7677557
872035
5846221
5787830
2899988
5147957
4487233
3723291
3864988
8950643
7465985
4739615
3976732
3587912
7578413
4264598
7536822
987559
7361752
2511192
8031445
5603881
8742169
7859996
8193622
1611403
3737551
1466612
3590403
4776257
370865
1366134
743688
2044292
6043921
148552
3835101
5091433
3066803
6174597
5434440
7123560
6740325
3104491
1318774
439015
4588399
2498590
444276
499433
6435086
7666415
7557492
6165936
7598221
4542572
2420798
7067746
8697912
117145
6638858
1849547
8363524
777751
7066130
5297564
260454
1188814
8015977
2916213
6992634
2978640
7148756
3279401
3652804
5103049
4681873
5631381
4880750
4594180
2748014
6416624
2209122
2858600
6430766
2601929
260821
5144687
1848483
2137835
4959491
2616651
1399181
8897229
1203393
8022472
3145943
7942606
215535
6448681
7020606
5922767
7884566
5759900
8813627
741778
5028193
3038273
1819632
5997593
764496
2978809
2661747
2317748
5312172
1013862
3110753
8409189
684772
5247916
4306815
5154755
1131975
3932740
5934162
5041129
1619800
1488056
6825714
2992175
1900936
1915246
3305947
4513793
6984114
6643605
1972752
5805263
3977275
2319534
2215533
3512797
2638216
98581
8915451
8128073
4359109
3727748
1710322
5170283
880154
5907035
5103203
4962083
7173985
3195847
8129002
2388161
1839695
5689141
5570553
8789731
7919887
7217819
2029653
7553879
4402006
5592583
2352038
690289
2037637
2678625
5389743
5955885
7362183
6042751
679766
607107
5477122
6835547
6920732
1969082
3744982
6873399
646320
7499810
8777065
4578927
332627
168257
5596408
6107663
7141252
891436
2766321
5834270
4119804
6554908
3510821
8532392
6737346
2000543
5168403
1996868
6100849
5808884
5749987
6609231
887802
8486020
1986963
2977897
5034857
4244821
5996695
8764077
7130538
4881101
4441122
4239971
1563958
7502879
6092442
8546423
2243825
1405086
6718421
5405985
8046732
8255361
1128753
158331
4895694
640631
5835775
4181992
6523294
6962536
4539177
1573244
7354516
2244225
1001395
8871004
2544313
7225335
1583519
4458128
8757336
8792489
6260796
3862178
1065590
8471921
8283792
8396341
3418304
3222376
1071345
8102610
1700215
7866829
1699620
2582922
5191162
2438428
2387200
8303453
8948620
2274210
5217327
1254157
8909991
5339043
3455496
4906074
7252064
1548823
2140925
7299316
4394019
50086
7483812
1351617
360961
5349536
3938234
1332292
5645881
4029977
764744
3252962
5025510
6409126
1035509
8855143
6220552
4124380
3715551
5017862
5748884
2222090
2242723
1122617
3408226
1216940
5733579
3011612
6311375
451238
3863835
2205554
2799820
6665520
3798802
4842675
2206447
855439
2798993
5150730
2960473
4118624
516158
3832475
1359043
8457909
32605
1509840
2392908
813811
4447316
4894190
5136903
4211302
5564549
2370153
7523397
5476182
5227539
664034
6559581
4396245
6691090
3378287
6503253
4687534
2132143
7583019
1051770
5568203
3300107
1598987
4165045
926916
633525
24585
4492753
6166769
3294509
3116945
6666447
4760368
8746377
2568101
2837642
6483942
6884708
1111654
2967449
2292493
2099684
4199296
2495506
1284611
6424202
2399862
961281
6265007
8570658
8208578
2383525
7128065
700369
698679
179110
5252719
5285240
5250105
6986570
5305590
2340236
7370023
5713496
1761239
8188621
8323424
1272164
3201810
4105808
7084764
7891872
8063568
6001267
6238356
8181372
5563635
2359524
196636
2493030
1301054
19736
6441012
8409645
3336552
2242855
2561010
1459333
7484781
913907
4214901
4904169
8633493
8299890
6301620
7803686
3258854
2273548
5477400
4446267
5440025
6590575
3651737
8141557
7628396
1069090
8277826
5338221
4288470
8421241
875289
1657049
3796130
7901031
8833046
7317718
6411415
6308767
2068374
6512598
2639715
6481645
7304818
7417214
5440703
888658
2995677
6222959
3882945
4004181
595549
117759
3977461
594308
1920950
8553015
6383048
4298294
5435225
2253277
6961218
1961543
2490293
2986684
8482581
8180799
723091
8363668
2351004
824688
5862929
408652
2117660
3778359
3524638
8613370
2516206
1147305
2375885
6024576
214268
5998732
6847452
668389
3828247
5266373
2641856
1185707
2322914
8693562
1916592
7093735
5852390
2447659
2145648
2252625
6258900
8908186
8087574
4734055
269713
6008651
6451860
8991758
2749616
6534659
5171275
6406100
6823504
3076181
3590791
1358673
1516981
2332065
1577257
4269733
6354758
1108591
4510941
2285063
335808
8963193
2204940
8317343
4613159
690135
5618107
5132454
1197265
6010618
4858185
4120983
8172355
3177420
7644463
8964792
45541
2025109
5145327
3807902
7519082
313282
5914652
5662458
1525774
3951634
7667697
3163255
4090796
3429345
1376752
1249503
3631819
3217402
2635550
3654017
2690048
3383324
5152526
2138290
353545
3055555
6505091
7836756
913635
8165742
1779925
8540586
6284266
2754061
6313471
5797646
5613741
8105005
8882535
3322780
3145711
236198
2591797
6705255
8265654
1935737
4152575
6085428
5991799
3261083
7122310
2350054
5052195
6548011
5611612
8336037
2863354
1454076
2345696
1176418
6959122
3465409
1869606
4193699
2166233
7825952
3625767
2091202
580496
5388502
3256447
4855925
61932
3582574
3019883
1922322
4388992
55999
3393673
8931128
3832280
5238549
3893685
7688121
1234272
2545222
729590
4389075
6854818
4203879
8495616
6015851
8416805
2061071
197888
6483294
1670740
2654965
2989287
8804964
7481244
2618702
2279381
4288697
8948581
1105865
8116705
3763475
12706
7904378
5800324
507370
1271654
1421615
2700513
127010
597015
4594149
1650784
4316646
1685368
4108097
4184573
8678757
4097185
5789232
5662187
136807
3229447
1022492
7510927
8036530
4047865
3453109
7919828
5541667
4451378
847344
2978357
6498748
3083426
8395804
7820482
8252588
6357957
2698128
8970668
4029825
1874906
7039652
6782533
8753902
2858061
2892399
3539210
8262414
6781632
4897445
1731290
3678322
2381870
6596005
2812578
212937
461965
6385820
4943622
2777070
1691955
1334574
4223985
4478107
3300945
2130526
7877557
8248374
5742980
6700144
8853882
3877628
4055133
1842001
3126737
5041587
644700
2223767
4835961
2169602
7681840
2243587
188743
8405612
2895711
7716898
7328581
4280956
7456396
1006520
7105117
241475
780995
108045
5914965
513930
4657473
3470371
8445706
1942916
4283516
6977683
2346877
2798925
6657968
6313541
613616
316021
8937950
8280521
4227281
2913071
8190065
4216243
4640807
341795
5463759
8690989
2712202
8500486
6257586
428323
5529082
5004105
6973764
8237071
3360528
219050
7940895
897755
1615254
8214415
6143978
1081923
1337103
1062128
8964749
4195170
6299527
2487817
5597569
5073279
2584777
2799131
647183
4838983
8231444
6811718
4918183
8782626
6142930
6331156
11824
2909974
3679169
1130837
113490
5254430
3181803
6999263
4290215
7758809
1704330
8193938
302428
5145576
6456962
7423393
6996091
1751186
6786929
4455066
2673534
2179151
4075585
367012
5795199
2324629
802780
2472443
7882894
5427697
1168309
7022836
4282505
8965747
4159651
1869877
6768765
738025
7273782
279947
2543895
8999450
7395639
5870079
991755
5521268
748256
1746479
1568014
3636983
1761639
5472202
8187819
5728585
4931335
7294151
8294299
149581
1104730
1202557
7291635
8046548
199249
310447
521082
7324107
1868470
6801971
3792154
3239739
5554469
8356232
6419151
2532499
147520
1273946
6194412
1423053
7795226
5666779
815871
7032702
6266646
5910136
1007084
3678033
1163708
6791891
4688265
7707497
3135067
4081656
275486
3935006
3312965
6306577
8740829
4825073
6628651
2086067
4762312
285243
3680578
4284643
944102
5705615
5600355
3839801
7413501
7045342
8013802
7366662
3421028
1980760
3877096
6639184
8254539
3603544
5151323
2861764
6505364
1650306
8088796
109896
2446962
8467214
6260886
4064629
2589139
5036584
7039090
3348549
3190102
7706506
954179
639322
5935648
3974263
2026866
1168460
4347436
7223256
4951714
3071603
370016
5913159
1658645
6464992
7675520
6506502
1302100
5160112
5058864
620029
1470856
7704686
5789074
3640499
4189756
2985300
3841559
3344431
202596
2681742
7877312
934785
2531631
2948471
3930528
176051
1044360
6321450
3972678
5350965
7107449
2002614
5844392
2240914
5388443
6397285
8535290
7045728
241425
216816
3699250
346426
4896844
8850193
7699368
3989277
5031321
134724
454899
3089461
6490686
5119371
3125063
5594139
5392218
7090594
8610519
1064804
144477
7040033
7576862
7823665
4043868
633502
4178659
245782
5856761
4410299
5106975
4590129
2878505
1070614
645492
8722271
5155719
7868858
3454187
4240930
774041
6545085
5350766
8471401
4418682
1628603
5793846
5038928
4843893
150184
89428
4140361
3937133
8135532
7866959
4781096
43363
3957819
2493912
3789956
3454345
4547524
1166750
3248367
4649238
1859476
283894
28920
2283460
691917
4974821
5193423
3357341
7566708
7345487
8360022
6365933
1771700
6037258
8895635
737194
3748727
3196832
8584622
4830701
7567632
1617785
6837884
4839370
8724721
4560581
1524738
4492853
1709184
4376386
3627656
4650214
3787913
4001239
496529
4472922
4226012
2270750
665353
6035699
1447821
1707223
1680738
3943359
8623308
1652390
7401828
2190174
8379552
2521343
1986247
7906481
1208233
6852728
8108659
7853107
160826
3815467
6517316
5019775
280559
7497902
635358
3312566
2277972
2182486
3402798
4329161
4384179
8644391
3321473
7454320
3290929
5365343
8183548
2287663
6366953
1596930
3424433
6211544
842167
7203814
5816607
7652846
6645707
1864466
585474
6794448
4659677
6673653
1393240
8146247
2652352
8815744
735843
5892220
8679936
634002
2020584
8366148
8576889
8548573
135787
1075721
415993
3590430
1318612
589335
3611444
3006949
4564734
8655571
8367538
5918351
4321467
7344799
7382442
1395689
5550569
4577561
4139457
8711519
3404223
6645197
7905007
7106203
6317161
7864236
3923239
8115780
4684806
438659
530071
3498729
6704673
762883
3954854
6608169
7917173
7344605
4545002
5921872
3289165
7557733
5190183
2516055
7372776
7935581
4229667
6886017
103333
2309464
974116
7943714
2116829
5208581
873285
2619134
7787841
2352127
3395377
8193860
7902859
5613891
3944107
1967000
3193248
4992061
2204125
5658289
2983253
5445902
2594008
4812285
6696571
4580668
8095424
7415695
7567747
4469344
4776900
4771839
7537580
5784869
8138852
5373006
5347918
551075
8307060
6050020
2663792
574185
8020938
6274386
2625498
7955540
4306782
5847520
5596175
4456005
1585226
2239140
258976
5051245
2521131
5154593
5226553
5356027
7766513
5718182
8258454
6376783
217558
3986091
8975576
8829122
887140
5280131
5405982
8711548
4070700
5052547
690477
4309000
8367723
3779788
1959020
4029181
7601313
4243480
3779260
6277876
6490896
5567083
7849268
2260220
7328131
1417844
491155
7691639
1941734
469005
5339902
5131974
5531707
6473708
3995953
4972853
7479231
5274204
735010
6800269
2959800
7603438
2772017
2702961
4237309
4223155
8126116
438977
5720062
7848601
2271545
2085215
6835752
1478779
4893208
4296274
5196618
8973201
8313484
2590530
1969816
5034105
7305911
1833120
7596360
1686789
2765148
1700724
757873
7674682
42506
6915083
3540183
935139
6389811
7385919
4129412
5597919
4402904
7232149
6769773
2268307
6582968
3863348
1198887
4639497
8551742
7148040
1609093
1385417
8288947
2173527
7859496
150904
2172347
7706842
2146670
3176704
5688655
5756563
4338518
6194965
6739069
6268181
4617540
1421564
5031932
6582611
3075408
6725606
7267454
938324
8121899
2474854
6476134
7040703
5757519
3601777
680771
8783769
1427991
6925598
6989986
4733880
7332603
2225072
8010931
2584217
981589
4951829
5642253
7423444
6162254
4111280
4456226
6100927
8722502
1510949
58344
1071355
8641322
3173467
7582604
8116345
1125607
5437351
8580477
2448149
894669
7980488
2543222
2077261
331366
490799
1908991
7575340
8536105
3319520
7386001
3076649
4477518
8473567
1958076
5062065
6935032
8249476
8739209
6481777
1237466
7884418
151108
2103889
3683099
7744967
502523
1110107
3915346
1347658
244441
5715844
5155447
3280588
2074123
393354
4258761
7938197
4874357
4509800
6615622
947282
4906488
106778
4655711
4298740
7841303
2262237
8201384
8403063
5480656
2252144
1519873
6451138
3635549
2010701
35352
4886913
1493753
4698539
6783323
8620189
1573917
8234168
650405
6880724
7217193
8248054
4925673
582984
772268
2415077
4746860
8352822
927936
5230836
1078599
3933307
6052643
2443160
5739098
902064
2064939
7731680
1568466
2432316
2209388
4062485
4956244
1915281
6116291
1088823
731888
5690360
6842331
2202655
2376193
5261254
136969
6732351
8329980
2419252
1895255
5548404
2019097
3124906
5918960
5930282
4310467
743096
1129202
5538224
2716067
4787888
6980252
1977651
7652212
5753909
2710128
131816
830726
3021764
8008849
3621217
4098593
2906776
8521765
8856469
3341217
1278303
8493530
1473906
2501320
4593250
797539
551787
6282512
2994944
7695243
275533
8833845
653633
4562026
1697288
6039234
4374772
7428925
3279655
6244597
5198402
1788362
7909792
682317
5192688
7648069
5146476
5082703
6255317
7385600
713393
7727774
3900049
3233654
246520
8894574
6656274
3605635
1680539
3971781
7386742
8398436
5245608
728422
5363713
340821
2570459
7571558
7362755
2843460
6421040
3498605
2365380
4970562
8398533
5896825
2173140
7301282
1954934
2901618
3059251
1394440
2506163
8581871
4644010
896720
8292981
6661231
923100
8694464
762103
1397831
6933514
5503651
2147666
1852391
6808964
116881
4852951
2365656
7671975
7466418
4082858
8908443
3801712
7657902
2895202
2271010
2388552
8129501
4901514
7991452
8715661
3001083
4278859
130933
8399160
6605627
5023868
1210572
152805
5662806
4350587
7204750
1954131
1272947
8945151
1772636
8060156
1474008
4931077
786537
4341706
3981205
1230867
504618
195293
8401331
4015745
8294309
4694674
138046
5484946
276565
5605025
4480396
2031691
2857687
6505902
5285033
7080548
3257684
2382232
4320060
3849381
5354882
6719799
2783425
3207495
3592421
1499411
2252789
5156849
2829
7667094
6875400
896
8584006
4242050
6384505
8938731
6170197
453210
869794
7183326
1366508
4893280
2949674
945597
347140
1703144
419732
1913930
3349865
3807632
1872342
3469704
6759471
44466
2949155
4579077
3961125
1037013
6452397
5625789
2419773
1325798
451587
468433
7449480
42921
6718871
4623294
3900073
1146386
4447352
1032923
3855760
3249926
2981211
2885236
647129
3240215
833748
8423739
4491072
5993223
3087378
8880939
7136123
2399911
8003592
2752069
7825424
4977697
7822299
5050294
8203752
6298574
7244239
1577440
3159450
3494406
1236836
7753272
3270735
7179681
3792127
2787986
533151
4236482
1339267
4060765
1370409
4563813
1162832
3828998
4691094
5778647
7508889
6525289
1121585
4247977
5666604
2211317
8507625
7953453
5875309
1965966
6534056
5344730
7988153
155329
1610619
2930446
172172
4830698
7135145
6269167
2222607
3770192
6295190
6890469
2520807
68515
7242903
2734228
5027805
5620110
6582792
1414676
899978
7497176
6835495
4293781
4941091
5447350
6887178
6744240
7002368
6163514
4065620
7066307
951347
1801481
518040
1241471
2356716
3090069
1800712
7296088
7624578
1599548
6422113
3883112
7471820
5412437
1629634
8290506
2888034
246524
4218879
2641027
8607873
7161870
8305624
435871
2977002
790606
2442243
8919692
4420315
1024007
6420481
6204674
6869790
2666536
8193911
4141821
3585987
6400297
1540553
4216468
2962945
3208818
476175
5561678
2789244
6596224
3530949
2987755
2032373
1986869
6759037
4780930
7196056
8947553
4177440
8192044
8267819
5642370
4615685
2016745
5048285
5985666
1253684
4977122
2597952
905494
6820444
5882469
7674921
4089671
4169816
6977863
3992477
6079875
554912
4659479
7604118
2503598
5885600
1902623
2195795
4527143
1571566
3439585
432602
4368644
4257167
3894745
5420805
616875
8812527
110403
7922176
7382044
6936090
2008934
8681887
4698652
8730330
8269864
3346671
285118
5354728
1545955
3289366
2594769
4159674
1173243
7376287
481898
8478746
6941612
3524143
4191576
7685563
8025964
2864317
7336698
6222664
2058393
6944555
1427707
7945452
2038609
1740576
7392188
1386033
4303437
5008426
1475278
5175924
4186324
8615050
1173031
4483523
3710436
5771058
320547
5558267
3541236
1854178
8955663
755222
7182908
2801829
7700488
5379269
4136545
3954267
3802806
8013622
7714036
7627878
435930
1649144
6390334
6127829
8242133
740773
8589602
3820960
5109088
349505
6986396
8202031
342683
500217
1827358
1633307
7227791
4313874
180910
7771272
8126328
5748878
5919765
1120273
6741570
4351818
6428368
3559783
7799074
8672125
1330029
393519
2370428
4495288
7555326
7237115
4643281
1225937
2661942
5784590
1747151
4690844
398554
8218294
4313267
1879260
3305106
8954570
6253092
4535327
8337663
545533
7208225
8653213
3027590
5961005
4387225
5793968
5368449
2045052
4989838
3598672
7418800
5048493
5654120
1845127
7733601
7034004
1948612
7133479
867874
101540
7534089
3977790
7836006
6651735
3504752
1681684
6935728
126136
7759818
4928718
6650886
6107794
2701618
4868825
1471852
808831
3132109
4159047
6129520
3322564
5221134
3184216
8565015
7806591
6906062
6011013
6914723
7158445
8821561
339843
312246
3130931
5409268
1831555
2145896
7175825
2234896
6002409
2524135
1691295
3484056
6650979
564029
8117751
3668330
6067706
1668509
2476243
7460178
7581580
519196
6460932
825490
5991979
8831616
5069557
4812309
6856904
2862543
5464635
819123
8052923
1269622
6999195
3267166
1419845
7950197
5221552
1129154
4360166
8468870
6402789
3263610
4644889
3930420
5429921
7372738
8373365
119512
6733188
7436938
731209
6508302
5616349
6720919
1598572
6128325
6345569
4713341
2858686
4841125
4173398
7790122
767720
6754850
8221502
2914020
4950722
2127765
7661970
4164224
1465049
6049147
1669036
4560227
203200
8774704
7132599
7962253
1260548
3803001
3079149
5480754
826423
2308944
5997001
341275
6368638
692920
953978
5316959
5520716
6278439
2756098
2035952
1709677
4717853
2014521
2223214
8739638
1311649
2600688
7286450
6963129
6744838
4631904
2262173
6663953
2450811
5271667
8050302
3331413
3929762
4784409
7684336
8791199
6592620
3994971
556861
1162406
2318381
8204320
8705318
2404297
4414592
8728870
6235606
8248519
7822068
711635
8331838
3828775
3974008
1908159
4293008
7503964
6082244
7424804
6083345
6063962
966234
6403117
7355029
6258577
3453134
7683787
2342946
1071487
1024194
4081951
8432910
3933742
3514152
857079
7983254
3267934
6035801
4858592
4180178
8055646
7917347
300566
3968407
4249942
1770409
564894
6814509
1289207
4871645
1845921
7862780
248085
5803156
951380
4763927
4063953
4011890
754463
3921599
1714890
1522633
8562859
5884314
8198051
5652632
843859
7375103
7899904
7247654
6516243
2186072
2603881
5789632
6703904
8919586
2497350
7011743
1595780
1827287
5874982
7245392
6272361
7222336
8188809
3708259
3791378
7487041
3475660
7382919
5391506
1258303
529988
5659582
4906066
6969391
4644551
7379286
6641635
5049398
2749298
2627175
5337409
6374917
4893403
2282741
5231493
8804711
1399274
5049406
2169506
664100
4226097
8358054
7880659
4131573
7445609
3221263
3326777
3653325
1948127
318342
6258434
6574002
6448233
7371114
5131093
6203658
7146001
3897568
7869789
2823573
412521
5996516
7614258
2651569
7342116
4264950
7835126
5475688
3019297
917410
4065754
5295882
1202219
128352
8348517
1528934
5554633
6791347
4049682
1807755
5793027
5199124
3073623
6860703
8473551
1970415
2402623
4056923
8556797
6646116
4808413
1203514
5652395
4518327
7149074
4874641
4405659
5658043
7870854
5477171
7767765
3685684
5715804
4570024
3825469
4752134
5880964
6362558
7727716
8173364
1688797
1824492
7400495
2957734
273606
6316505
1976707
5429359
6303204
4403463
6187749
295895
793443
122450
234871
6101620
7946433
2274642
5327652
147950
5065940
4384238
5769946
573339
631240
4054747
5184350
6526749
6376701
5190564
2457087
2110456
5996290
3659937
7339181
6486253
580082
8045753
2954395
6624796
5523634
6227995
2341909
6485981
1975846
211232
3703408
2904981
7373186
8161196
6146820
3861747
2675668
6906344
932370
8894683
2053425
402948
3971345
7599646
3037477
7017988
6663423
8061899
3658550
1173329
4991
277499
2554899
2116054
5043500
6927378
773241
4272705
8962279
7499875
6237824
6679891
4044708
704121
7515282
6319722
5868070
4500031
2028743
41735
1323848
8860809
452624
298466
7927418
3347378
1295313
2215261
2958223
4483635
4153915
2419593
2933211
7833860
8178989
6067321
757401
1575006
3926846
3812025
1151404
3548042
6164082
3141168
7009106
3334858
5534936
6988958
7013751
6116443
2994560
2777879
6647080
6694972
854446
282552
4352734
6194414
5826376
3237377
8155759
1926827
2562766
5448683
2985467
3657798
8011992
5691252
7496179
5281818
1215251
4685153
3823994
4202865
412738
1650514
5508550
7984884
5644233
8945821
5935948
2309540
7358037
1834688
8451340
4703095
4424215
2006225
4977929
6762843
5640468
8220440
1638167
2815658
8843657
5452404
1013661
3171571
5663898
1134458
3951748
2505855
6462936
6126972
1585068
860565
3079512
