3499668
3502295
3498835
3501169
3499964
3499819
3498830
3500176
3500913
3499545
3500347
3500423
3500392
3499574
3498374
3499722
3499940
3500541
3500480
3499258
3500353
3501315
3499564
3499119
3501075
3498602
3500238
3501811
3499270
3501333
3499680
3499437
3500067
3500670
3501877
3501712
3500709
3499142
3498283
3501159
3500091
3499317
3500325
3498866
3500125
3501615
3501424
3499809
3499499
3500136
3498955
3500418
3501033
3499794
3499746
3501130
3498540
3501346
3501551
3501232
3501565
3500947
3500804
3499013
3499684
3498437
3500593
3500895
3500286
3499138
3501063
3499923
3500024
3499161
3498701
3499208
3500310
3499083
3498392
3499966
3500343
3501448
3500019
3501512
3500047
3499754
3500706
3499520
3498629
3500149
3500744
3500035
3500307
3500579
3500884
3500213
3501060
3500223
3500769
3499788
3498687
3501841
3500002
3498989
3500148
3499230
3499229
3499738
3499486
3499309
3498705
3500896
3499959
3500303
3500803
3500953
3499144
3499952
3500159
3499451
3501518
3500120
3499784
3498044
3500033
3500104
3498196
3498599
3497902
3499303
3501101
3499691
3500766
3500915
3500082
3501013
3499812
3499845
3499986
3502953
3502223
3499954
3501595
3498107
3499622
3497606
3499372
3501114
3499434
3500151
3500038
3499403
3500352
3500526
3499601
3500351
3499585
3501234
3501413
3501635
3499726
3500380
3500762
3501165
3501273
3498943
3498906
3501609
3498031
3500540
3499295
3499061
3500533
3499783
3499324
3500247
3500529
3499715
3497846
3500158
3500271
3500702
3499039
3501499
3499074
3497662
3500646
3499493
3501196
3500407
3499943
3499660
3500520
3498811
3500455
3500558
3500808
3500849
3497344
3502311
3499835
3500450
3500752
3501474
3500621
3499078
3498715
3500217
3498021
3501631
3500783
3500439
3499638
3498984
3500461
3500076
3499211
3498992
3501051
3500822
3500874
3500672
3500437
3498924
3499249
3498859
3499957
3501297
3500873
3500387
3498876
3497813
3499899
3499549
3499841
3500438
3499235
3498532
3501081
3499721
3499370
3498865
3499797
3499768
3500973
3498879
3499183
3500806
3498855
3499046
3498790
3500053
3500063
3499630
3499739
3500578
3501272
3500334
3500440
3500342
3498358
3499077
3498749
3500519
3500378
3499774
3500182
3500161
3501789
3499371
3501965
3499155
3500731
3499956
3499180
3500195
3498888
3500171
3499092
3499425
3500138
3501879
3499589
3501132
3501493
3500652
3500781
3499221
3501834
3499534
3500657
3500696
3500613
3501275
3499613
3501365
3498896
3499581
3501219
3501253
3499579
3503021
3500447
3500793
3498601
3500559
3500101
3499621
3500998
3498976
3498468
3501505
3499359
3500716
3500221
3499968
3499266
3499021
3499344
3501050
3501693
3501779
3499062
3501547
3501853
3500366
3500937
3499667
3501267
3498997
3499026
3500892
3499831
3498892
3498931
3500401
3501298
3499386
3499427
3500901
3502242
3501392
3500858
3500708
3497879
3500244
3498739
3500474
3501901
3499492
3500028
3501083
3498967
3500475
3501065
3498735
3500975
3499800
3501869
3499539
3501113
3498129
3500234
3499728
3499436
3500695
3500697
3500689
3500891
3499531
3498130
3501049
3499559
3500270
3499163
3499853
3500228
3498272
3499932
3500256
3501852
3499399
3499718
3499978
3499592
3499543
3500204
3501966
3498095
3500531
3501126
3501999
3499298
3499474
3499710
3499908
3500130
3499094
3501179
3499063
3499529
3499967
3501358
3499152
3500883
3500146
3499918
3499305
3499032
3499611
3499330
3501058
3498122
3500885
3500399
3499264
3501397
3501155
3498515
3498725
3499548
3500193
3499123
3499867
3499526
3500636
3500139
3500893
3500564
3500867
3500185
3501069
3498881
3498624
3498349
3499963
3501738
3498728
3497940
3500574
3499616
3500201
3502220
3500424
3499297
3500116
3500743
3500215
3500997
3501362
3500538
3498821
3498841
3498733
3500004
3499977
3499860
3500683
3499789
3501010
3500713
3499109
3501815
3498595
3497601
3500386
3501394
3500273
3500485
3500655
3499182
3499213
3498858
3500591
3499274
3498664
3501695
3500062
3498613
3501014
3501030
3499203
3501355
3499041
3498622
3498377
3499189
3499651
3501735
3500219
3499913
3499020
3501107
3499578
3499215
3498919
3501373
3500222
3502049
3499265
3499042
3498611
3500774
3498395
3499730
3499883
3499572
3501287
3499432
3500842
3499522
3499514
3501134
3499491
3499958
3499607
3500243
3499832
3501139
3500676
3499855
3501374
3501485
3498517
3500143
3500379
3499720
3500629
3501516
3499909
3499496
3500768
3499912
3499571
3499881
3500990
3500073
3499111
3498628
3500812
3501600
3500645
3499416
3498941
3500965
3499815
3500602
3501951
3501524
3500275
3500961
3499080
3501321
3499880
3499875
3499340
3500969
3499618
3499336
3500298
3500476
3500711
3498969
3499027
3499641
3501497
3500020
3499795
3501981
3499197
3499247
3500567
3499599
3501112
3501106
3498488
3499468
3500571
3500305
3500338
3501017
3499775
3500819
3499801
3501787
3499757
3500785
3500748
3498581
3501381
3498373
3500866
3500789
3500668
3499914
3500098
3499087
3500272
3499143
3499374
3498692
3500398
3500751
3500248
3501284
3498951
3499419
3499555
3500299
3501220
3500904
3500687
3499817
3499312
3500433
3500757
3501071
3501070
3501495
3500945
3498444
3499609
3499179
3502169
3500906
3498281
3500044
3499936
3498911
3499785
3502341
3499321
3499516
3502094
3500137
3500374
3501038
3499387
3499568
3499946
3501186
3499962
3497217
3501388
3501150
3501806
3500397
3499279
3499407
3499053
3498051
3499820
3499115
3500631
3500297
3499678
3498342
3499282
3500813
3498917
3497491
3500663
3499565
3498878
3499648
3500250
3500267
3499016
3501604
3499570
3499495
3499796
3499550
3500443
3500184
3500718
3500917
3499075
3500283
3500332
3500089
3500625
3500717
3500777
3499635
3500249
3499507
3501370
3499335
3500788
3502590
3499084
3498056
3502348
3499802
3499145
3501622
3501699
3500863
3499035
3499916
3500008
3499475
3500031
3499429
3501943
3498898
3500163
3501367
3501423
3499644
3499497
3498800
3501003
3500327
3500239
3499426
3500489
3498665
3502339
3499647
3500639
3499177
3500168
3499377
3500799
3499604
3498500
3499413
3500778
3499175
3498607
3498637
3499124
3498961
3498813
3499523
3500719
3499502
3500123
3501444
3499439
3500107
3500817
3499687
3497436
3500126
3498137
3500388
3501055
3500786
3497848
3499676
3499695
3500569
3500339
3500000
3497501
3500548
3500105
3502078
3500497
3498567
3499500
3499118
3500003
3500794
3499858
3499130
3499464
3499391
3501090
3500316
3500225
3500350
3501193
3501421
3499444
3500070
3500459
3500442
3500611
3500200
3498889
3499706
3499314
3501482
3499704
3498228
3500468
3499350
3500512
3499934
3499402
3500011
3500197
3501257
3498702
3500072
3500846
3500276
3501068
3498680
3500797
3498430
3500026
3499960
3500930
3499876
3498770
3500365
3500950
3499734
3501707
3499921
3501514
3500093
3500737
3501558
3499473
3502382
3501523
3499480
3499803
3497384
3501240
3498810
3499838
3499484
3499147
3500167
3500181
3500453
3501560
3501679
3500263
3500522
3499944
3500346
3500370
3498480
3499415
3500725
3500210
3502226
3501407
3499790
3499987
3499047
3498916
3501442
3500509
3500385
3500978
3501247
3500264
3502272
3498958
3499462
3499781
3500660
3497060
3499935
3499713
3501160
3497901
3500117
3500109
3497973
3501671
3501851
3499612
3501612
3498758
3500536
3499011
3499396
3500627
3497787
3498723
3499945
3499353
3498662
3500059
3501029
3499557
3499224
3501502
3499244
3499897
3500605
3500074
3499368
3499634
3500359
3499404
3500483
3500926
3501238
3500907
3502185
3500096
3499373
3499970
3499714
3499857
3499446
3502232
3500575
3500427
3499424
3500205
3500190
3500304
3499843
3500504
3501422
3499732
3500894
3499929
3501246
3500877
3500132
3498212
3498038
3500162
3500734
3497565
3500974
3500700
3499541
3499544
3498449
3499422
3500773
3500095
3501035
3498035
3499942
3499226
3499540
3500175
3499874
3499302
3501593
3498027
3502646
3500259
3500936
3502042
3499998
3499598
3500760
3499349
3498985
3499893
3497542
3501228
3500584
3499750
3500257
3500972
3500686
3499922
3499699
3498747
3499300
3501638
3498947
3499096
3500535
3502186
3500152
3502068
3500656
3500391
3498752
3500502
3501180
3499682
3498663
3501032
3499227
3498635
3500638
3499263
3501900
3499070
3499833
3498508
3501052
3500235
3499055
3500084
3501776
3498832
3501209
3499891
3502417
3502211
3500573
3501151
3500006
3500178
3499218
3498138
3500268
3499663
3498891
3499900
3500886
3500054
3499760
3501194
3498959
3499683
3500976
3500396
3499393
3499490
3500192
3501322
3501433
3500354
3500448
3499076
3501245
3500016
3499488
3500412
3498201
3501611
3499165
3498880
3501489
3499851
3500546
3499045
3499146
3500802
3498694
3500609
3498794
3499232
3501962
3499649
3501904
3499984
3499614
3499273
3499608
3499205
3499508
3501129
3500659
3501283
3500309
3500100
3499326
3500052
3500188
3499285
3501426
3499925
3498304
3500251
3499588
3499104
3500381
3500231
3501411
3499903
3498292
3500634
3501414
3501147
3497862
3501269
3501344
3498923
3499566
3501572
3497355
3500673
3500153
3498639
3499236
3499088
3500779
3500826
3500376
3501613
3500653
3499823
3501525
3499859
3498063
3499826
3500166
3498789
3499512
3499907
3501849
3500487
3500921
3499331
3500596
3499882
3500834
3497323
3501606
3501769
3500313
3501629
3498975
3498167
3500037
3498981
3501500
3499134
3498974
3497186
3501334
3499398
3500403
3500246
3499744
3500586
3500203
3500952
3499975
3500467
3499278
3501024
3499188
3499659
3500909
3500503
3500017
3499481
3500319
3500859
3498660
3501109
3498291
3501197
3502397
3498722
3500429
3501012
3500515
3501250
3501108
3501192
3500532
3502052
3500530
3498306
3499329
3498982
3499536
3501760
3498310
3500457
3500619
3500335
3500782
3500224
3498242
3500426
3501636
3498717
3499296
3500414
3500226
3500237
3497687
3501594
3499537
3498944
3500293
3498845
3501567
3499972
3499517
3501317
3499773
3500157
3499337
3499122
3498804
3499256
3499467
3499530
3497907
3502067
3499031
3499533
3499594
3500902
3498996
3498654
3501822
3498469
3500357
3499619
3497881
3498273
3500405
3498181
3499888
3500007
3500736
3499677
3499199
3500820
3502155
3498615
3497222
3500183
3499380
3498563
3501709
3500577
3499166
3500632
3501124
3499293
3501066
3498463
3499538
3501807
3498826
3500566
3499225
3500196
3498594
3501646
3498564
3497857
3499873
3500518
3502964
3500014
3500080
3498111
3501338
3498397
3500377
3499759
3500463
3499901
3499606
3501045
3499776
3499283
3498638
3499933
3499024
3500851
3501697
3500135
3498850
3496653
3500242
3499886
3498968
3498776
3499653
3501171
3499361
3500296
3499821
3500545
3501164
3500982
3503339
3499029
3500919
3500292
3499593
3497909
3498371
3499459
3499780
3500539
3500177
3501415
3498842
3498862
3500147
3501099
3499670
3501255
3500039
3500948
3500685
3500465
3501311
3502322
3500843
3500608
3499246
3499097
3500927
3501239
3498657
3498127
3500118
3499982
3498828
3501261
3501899
3501687
3498796
3500856
3499223
3499931
3501345
3501625
3500324
3498928
3499214
3500514
3500199
3502518
3497801
3501432
3499770
3500404
3501184
3500330
3497488
3499596
3501359
3499418
3498583
3501526
3500045
3501554
3500684
3498008
3499362
3501674
3499587
3499483
3501330
3501384
3499099
3500206
3499113
3499919
3499694
3498890
3500170
3500899
3501074
3500088
3498995
3501862
3500051
3499204
3499627
3501443
3500749
3499808
3501793
3499525
3500013
3497776
3500881
3499457
3497467
3498052
3500087
3499458
3499442
3500705
3499238
3498271
3498549
3499955
3500085
3500108
3499151
3501566
3497944
3498884
3500057
3501177
3500508
3499870
3501340
3498552
3500411
3500065
3500481
3501224
3500428
3498159
3498018
3499412
3500337
3500630
3501195
3499348
3499106
3499743
3499716
3499435
3501031
3499448
3500479
3501280
3499631
3500110
3499243
3501156
3499342
3501182
3500466
3501125
3499025
3499469
3500641
3498695
3499917
3501903
3500878
3499252
3498351
3499674
3499862
3500111
3500622
3500255
3498633
3500498
3499015
3498267
3499828
3498382
3500010
3499542
3500191
3501236
3499287
3498213
3500880
3498303
3499518
3500872
3501531
3501286
3499681
3501213
3499793
3500449
3499974
3498340
3500254
3500154
3501056
3500750
3499856
3501120
3498529
3499504
3500265
3501022
3499553
3499471
3500832
3499560
3498707
3499688
3502873
3499455
3498734
3501176
3499125
3500260
3500462
3500985
3500358
3501152
3499707
3500328
3501670
3502657
3498399
3500394
3501427
3500187
3499259
3498477
3501617
3498460
3498871
3500068
3498596
3499844
3500954
3502104
3500506
3501723
3499281
3499654
3499827
3499961
3500318
3501347
3499001
3500987
3499433
3498883
3499723
3499501
3499409
3499878
3500364
3498980
3501145
3500495
3498777
3500860
3499671
3499990
3501185
3499149
3498202
3501268
3500458
3500572
3497924
3499799
3500331
3501216
3499354
3499679
3499782
3499892
3497936
3500889
3499310
3497612
3498927
3499153
3498838
3498094
3498591
3500454
3500287
3498445
3500245
3499351
3500492
3498860
3500996
3500599
3500491
3497858
3498012
3499406
3499840
3499717
3500523
3500556
3499791
3500413
3499686
3497968
3498990
3500441
3500828
3501387
3500561
3500814
3500862
3498618
3500094
3501577
3497557
3500551
3499093
3502907
3500421
3500720
3498778
3498738
3501225
3499656
3502315
3499662
3499284
3502330
3498521
3500288
3498869
3501992
3497529
3501343
3499450
3499761
3501104
3502455
3497887
3500844
3501073
3500865
3498868
3501941
3501229
3498689
3499818
3498731
3499254
3499033
3500452
3500563
3500103
3499561
3498973
3498577
3499301
3499837
3500598
3500069
3501729
3500032
3501597
3498541
3500840
3499830
3499477
3499185
3499846
3498556
3501089
3501756
3497135
3500092
3500600
3498566
3502055
3499194
3499174
3500916
3500431
3499807
3497380
3500368
3501955
3500544
3500640
3498699
3498909
3499740
3498914
3502757
3501380
3501673
3499168
3499810
3500592
3501271
3498634
3500419
3499980
3499580
3501084
3499009
3500322
3501391
3499187
3502388
3498882
3500488
3500651
3497573
3500618
3501441
3501282
3500240
3499887
3498003
3499939
3498143
3500603
3501929
3500326
3500042
3499202
3500615
3501891
3502436
3501353
3498284
3500555
3501837
3500746
3501207
3500606
3498570
3500690
3501262
3498458
3501318
3498524
3500576
3501095
3500585
3499239
3499937
3499320
3499378
3499983
3501025
3500745
3499341
3498200
3497830
3499248
3498844
3499072
3499603
3501352
3500179
3500329
3498966
3501934
3497730
3499824
3499276
3500825
3500198
3499733
3500041
3499724
3499577
3499241
3501331
3498849
3498754
3500055
3499920
3500470
3500306
3501684
3499902
3499291
3499023
3501348
3501149
3501939
3498557
3501360
3498048
3499338
3499110
3500469
3498903
3499438
3499849
3501658
3498147
3501019
3500435
3501172
3500776
3499742
3499057
3501464
3501649
3501157
3500857
3497956
3500345
3497080
3499140
3500482
3500871
3498962
3499910
3499478
3499156
3501473
3502691
3497725
3500875
3499573
3501226
3501309
3498788
3501848
3501840
3499441
3499171
3499950
3500023
3499007
3500882
3501466
3501296
3500648
3502542
3498408
3499711
3500189
3498571
3501082
3501717
3500336
3498187
3497981
3498799
3500612
3500140
3498398
3501947
3498798
3500486
3502124
3498269
3500726
3502021
3498666
3499347
3497950
3499729
3501870
3500460
3500241
3498396
3500277
3499871
3500333
3500733
3501119
3497970
3499988
3499318
3498414
3501592
3501302
3500991
3501096
3500890
3498367
3501553
3499698
3500124
3498426
3499186
3500654
3500173
3500816
3498277
3498732
3498636
3499389
3501206
3499240
3500315
3500836
3500232
3498771
3498762
3499763
3499767
3499510
3500066
3501972
3499896
3500614
3499745
3498669
3500604
3501123
3500500
3500787
3500131
3500775
3499605
3500924
3501037
3501483
3499751
3501945
3499927
3501627
3498454
3502649
3499535
3501668
3498922
3501517
3498364
3498009
3501726
3499160
3499586
3500723
3501128
3501574
3500395
3499465
3502157
3500208
3501555
3497514
3499327
3499100
3500864
3500658
3499364
3498631
3499219
3497411
3499103
3500855
3501259
3500165
3500022
3499308
3502214
3499547
3501528
3499212
3498030
3501021
3501749
3498870
3500943
3500294
3499288
3501802
3501288
3499157
3498260
3497576
3498461
3500879
3500090
3500837
3501039
3499591
3500372
3501085
3501316
3499762
3501183
3500034
3498309
3500207
3500661
3501608
3498118
3501350
3498768
3500216
3499905
3499806
3499666
3499839
3499355
3500595
3498448
3498894
3502060
3499505
3500269
3501486
3499421
3499038
3498935
3498357
3500756
3498812
3498519
3499650
3501655
3499294
3501408
3500027
3500473
3499107
3499319
3498895
3499948
3500211
3500295
3499822
3499051
3498901
3498098
3501291
3499640
3500642
3499847
3498234
3500348
3501508
3500633
3501984
3499879
3497268
3500145
3500847
3498630
3499973
3501046
3499814
3498829
3497701
3500870
3499861
3501308
3502001
3499470
3499992
3500848
3499010
3500977
3498957
3502476
3499863
3501429
3499286
3498686
3499971
3501382
3500169
3500081
3499231
3500058
3499381
3498523
3501993
3497961
3499176
3499086
3502047
3500114
3501174
3498247
3498897
3500928
3498932
3498478
3499272
3499452
3500121
3499260
3498681
3501532
3500740
3499708
3501589
3498648
3499018
3501768
3500078
3499868
3501020
3500980
3499976
3500644
3501734
3502402
3498261
3498690
3499898
3500112
3499597
3500048
3499339
3500565
3498972
3501175
3499725
3501235
3502487
3498082
3499623
3498057
3498058
3498817
3497938
3500029
3501988
3499052
3499924
3498368
3499206
3498215
3501135
3502701
3500001
3499121
3499904
3498640
3500550
3500742
3500367
3498991
3500735
3500582
3500547
3502255
3498904
3501543
3498119
3499044
3500505
3501504
3499466
3497427
3498644
3499136
3499524
3499552
3500649
3501054
3500083
3500050
3502260
3498238
3500753
3497847
3498936
3498993
3500236
3501556
3500730
3499384
3501587
3501661
3500918
3501057
3503549
3500724
3501138
3500754
3499498
3498854
3499222
3499515
3498632
3499583
3500513
3498440
3501079
3498696
3501264
3498174
3500043
3500759
3501295
3498100
3499397
3499850
3499363
3500767
3499069
3499731
3500728
3499979
3497511
3498569
3500999
3498691
3499170
3497637
3498290
3501908
3500810
3502154
3499195
3500220
3500770
3500227
3499135
3501080
3498823
3499737
3498054
3500499
3500384
3500071
3499148
3500984
3501349
3501971
3500620
3500755
3498354
3499885
3501548
3500046
3500861
3500853
3501212
3499463
3501048
3498050
3500408
3498815
3498076
3499928
3499000
3500415
3499995
3500908
3500289
3500406
3499509
3498545
3499689
3501312
3501018
3499334
3499449
3499981
3500854
3498787
3498950
3500521
3499636
3499390
3500589
3500647
3499150
3499999
3499233
3498693
3501439
3498222
3499712
3498805
3499108
3500741
3498736
3499365
3497580
3500133
3501596
3498863
3499576
3501307
3499834
3499854
3501204
3501103
3499036
3500698
3498083
3501300
3501028
3498773
3499642
3501187
3502203
3499192
3501509
3501634
3499994
3499949
3498239
3498262
3501053
3500355
3501304
3499567
3500312
3498422
3502507
3499569
3497739
3501928
3500681
3500106
3502053
3499764
3500581
3499196
3498366
3498010
3499645
3499385
3500941
3500122
3500537
3498677
3498576
3500739
3497190
3500951
3500113
3501669
3498605
3501342
3499410
3500115
3499804
3501148
3500314
3500678
3499453
3497651
3498170
3500704
3499200
3502133
3502602
3498298
3501313
3501680
3501044
3498753
3502149
3499661
3498227
3498627
3502766
3497239
3500923
3502120
3498585
3501757
3498307
3497548
3501471
3501752
3497431
3500839
3501215
3500233
3500142
3498824
3498772
3500425
3499664
3498929
3498748
3500164
3497875
3501237
3502167
3501868
3502889
3499428
3499673
3502328
3499675
3501111
3499323
3498642
3499506
3499938
3497073
3497812
3498610
3498994
3499114
3497670
3499392
3500496
3500780
3498337
3499584
3500025
3500765
3500580
3498934
3496618
3499727
3500637
3499360
3498698
3499748
3498679
3500703
3501336
3500801
3499067
3499420
3500212
3498780
3498759
3498616
3500597
3501813
3500444
3499445
3501292
3501064
3497989
3501876
3499511
3500570
3500040
3500209
3502119
3502422
3501898
3501552
3499068
3498417
3497383
3501690
3502882
3499865
3500075
3498600
3501618
3498597
3500393
3500134
3500456
3497795
3502862
3501704
3502098
3498384
3498059
3500784
3499602
3498237
3502266
3501243
3500809
3499376
3499595
3498472
3497962
3498485
3501325
3500410
3499411
3498455
3500635
3500971
3502004
3500568
3498579
3497464
3500402
3500669
3500665
3498946
3500554
3501603
3501917
3500940
3502836
3499620
3500888
3498767
3498856
3496138
3497859
3501015
3499792
3499600
3498538
3501494
3498456
3502421
3500601
3501792
3499250
3497808
3500869
3499527
3499423
3501088
3499366
3498965
3500914
3499625
3500510
3501630
3499375
3499184
3500764
3498528
3499532
3499325
3501944
3500422
3500624
3499864
3500030
3500311
3498390
3499158
3500349
3500970
3500959
3501936
3498433
3498268
3501803
3497833
3498447
3501469
3498410
3497828
3502130
3500966
3498743
3501783
3501042
3499120
3498729
3500279
3500833
3500416
3498659
3500675
3499769
3498335
3501332
3500266
3500373
3499772
3498851
3500102
3499617
3501866
3500680
3501141
3499869
3501677
3500490
3501227
3500979
3498311
3499316
3500868
3499915
3498546
3499193
3501894
3501118
3501476
3499050
3501310
3501248
3502097
3499037
3497596
3500714
3501210
3501867
3500903
3498135
3500699
3499472
3500692
3501260
3501579
3501515
3498781
3498793
3499558
3498251
3500356
3502291
3501329
3498314
3497089
3500214
3500662
3499941
3500194
3502885
3502376
3501200
3502314
3500369
3500527
3501530
3498526
3499367
3499479
3500710
3499489
3498587
3497484
3499989
3501102
3498416
3497716
3498816
3500445
3500712
3500099
3498333
3500451
3501460
3501824
3500607
3500371
3500155
3499269
3500061
3501640
3500552
3498443
3499400
3502671
3499996
3501105
3500285
3501437
3499164
3501379
3499456
3499798
3501249
3499643
3502532
3499357
3500932
3501097
3499930
3499777
3501843
3498295
3498847
3498672
3499749
3501782
3497307
3499610
3499081
3499778
3501217
3498920
3501086
3499133
3501137
3501449
3500472
3498007
3498402
3500900
3500671
3499747
3499358
3498825
3498598
3498918
3499848
3500811
3501363
3501303
3498580
3500528
3498658
3499307
3502620
3497988
3501584
3499528
3498473
3498302
3500229
3500172
3500688
3501173
3502366
3501008
3501624
3500464
3498670
3497457
3500012
3498209
3500823
3500180
3498655
3499054
3499665
3499003
3501970
3499637
3500691
3497365
3502284
3499267
3501788
3502372
3498001
3499703
3500320
3498852
3500791
3499701
3499991
3501739
3498649
3498704
3501519
3499181
3499582
3500543
3501730
3498907
3499352
3498626
3499255
3497171
3499382
3498522
3501540
3499985
3496851
3502091
3498011
3500230
3500390
3500674
3501817
3500992
3498543
3498998
3499261
3499129
3502447
3500643
3501398
3502106
3499064
3500516
3501166
3500818
3498905
3499002
3498214
3501276
3499089
3500944
3499615
3498467
3501040
3498362
3499758
3501711
3499877
3501536
3498839
3497933
3500693
3499624
3501067
3498831
3500417
3501383
3500796
3498555
3502017
3499112
3498645
3499005
3499289
3499690
3499947
3500758
3501078
3499546
3498833
3498289
3501581
3500590
3499965
3501700
3501364
3499692
3499128
3498801
3500301
3499066
3498617
3501263
3503006
3501410
3502676
3501438
3501131
3498912
3498979
3502585
3498783
3497616
3499766
3503188
3502325
3498716
3499655
3498836
3502264
3499162
3501850
3501786
3499953
3502057
3501747
3497709
3498193
3498765
3498684
3499696
3498330
3498900
3500738
3501396
3501562
3498737
3499306
3501005
3500274
3501882
3498769
3498875
3500835
3501682
3501000
3500389
3499906
3499829
3498286
3500186
3497870
3502109
3501161
3499245
3501957
3497290
3498301
3498999
3500679
3499217
3498250
3499049
3498323
3500841
3501461
3499951
3499262
3499004
3501451
3500409
3502305
3497479
3500434
3501023
3496951
3502243
3499736
3498554
3501938
3499056
3497569
3500141
3497869
3501663
3498450
3500036
3500922
3500623
3498088
3502960
3499741
3498954
3498156
3500156
3501940
3498834
3501527
3501393
3500949
3500160
3498822
3498933
3497766
3499394
3501400
3498527
3498978
3499513
3499299
3501722
3501368
3499030
3500127
3499639
3498760
3500887
3499697
3498427
3499884
3499836
3499485
3500218
3497890
3500383
3500610
3501324
3500721
3501043
3498134
3499787
3499431
3498960
3498820
3499379
3499551
3500707
3501773
3502845
3498322
3498412
3500361
3498177
3502685
3501241
3500420
3498075
3502024
3499487
3499388
3498953
3498952
3498287
3498376
3500946
3502876
3501804
3500588
3500933
3500382
3499313
3499554
3500549
3499268
3498608
3498282
3501335
3499590
3501818
3498913
3499889
3499071
3502287
3499563
3499805
3503128
3497980
3500430
3500174
3497954
3498166
3498097
3499139
3501727
3500587
3500732
3499842
3499102
3499443
3501319
3498711
3502066
3500064
3500261
3500258
3499101
3499575
3501061
3498873
3500360
3498019
3498848
3501570
3498036
3499969
3498249
3499430
3500021
3498542
3500964
3501610
3502499
3500931
3501557
3499105
3500534
3502061
3500938
3500800
3502175
3497335
3497299
3498265
3501218
3500729
3497652
3500291
3499519
3498264
3501059
3498572
3501794
3499700
3499280
3501821
3500694
3498606
3500077
3501299
3501110
3498559
3501641
3500557
3499253
3497631
3498668
3501115
3500942
3499091
3502056
3500560
3499852
3500484
3498474
3501211
3500202
3499693
3497918
3501034
3498313
3499752
3497965
3499137
3502416
3500363
3498697
3499383
3497661
3498341
3497023
3499633
3499816
3498199
3498533
3501242
3498740
3501062
3501395
3498070
3500617
3500128
3497600
3501892
3499756
3498887
3502554
3499322
3502033
3500129
3499154
3499059
3499008
3499405
3500501
3500772
3501909
3497780
3502890
3501831
3497553
3499098
3500253
3497055
3499043
3501143
3500715
3498940
3499755
3501378
3500477
3499356
3498814
3502523
3498712
3500771
3498168
3498937
3500432
3498784
3498350
3498614
3501946
3498819
3501666
3499779
3497873
3501855
3497788
3499894
3501390
3501072
3499765
3499993
3498746
3498948
3499895
3501452
3498365
3499447
3502274
3498706
3497955
3498498
3501845
3498244
3498061
3501561
3499017
3498807
3501016
3498795
3502080
3501434
3501644
3501538
3501036
3500727
3498641
3498205
3499872
3499012
3497711
3500400
3498353
3498495
3501931
3498482
3497750
3501989
3499220
3498727
3501637
3500876
3502065
3500375
3501701
3498418
3501153
3501293
3498191
3499658
3498153
3501221
3501100
3499685
3501077
3499345
3501405
3498266
3500300
3502760
3500056
3501305
3500280
3500150
3497715
3498574
3498471
3502458
3498751
3497552
3500983
3499237
3497851
3498062
3498971
3502144
3501418
3500542
3501623
3501814
3501826
3502019
3498360
3497868
3501454
3500308
3502577
3501467
3501006
3498688
3500060
3499132
3501369
3502074
3499201
3501534
3499141
3501230
3497724
3501542
3500850
3501721
3501961
3501529
3496342
3498506
3499333
3500821
3500962
3502658
3500321
3497998
3501513
3499890
3497675
3500838
3500920
3498802
3498837
3498162
3499028
3497450
3500553
3498756
3501412
3500807
3501549
3498387
3499209
3501041
3499926
3498565
3500594
3501254
3501435
3499997
3500830
3498988
3501838
3498761
3502039
3502147
3498757
3502342
3499753
3499771
3501626
3501377
3501094
3501116
3498516
3498938
3498791
3499292
3501140
3498803
3498620
3501341
3498755
3498864
