506335
2269460
2868100
702307
4450233
3845084
3341765
4368211
4693857
5904834
4497094
947091
4055934
4949383
843736
1632025
3042306
4538437
4067912
4297399
5113555
469231
6210029
6827444
5163743
3581738
4627743
6550340
6109739
947095
3750750
4108771
5878053
6723230
1605146
6862992
3820870
999665
3005011
295082
3381501
5567833
1446294
1818635
1066815
2738055
5775879
3699160
6100465
3229616
337131
225722
5841298
3116381
3567374
6958310
2522042
3474457
3148968
854287
983120
6064303
1363484
2302645
5535472
1511702
4927610
3853474
1906549
5181220
322563
216627
4165913
3558821
3076242
5604907
6106225
5199959
1513160
1024333
125805
4835269
3971935
943960
5377777
74332
248318
5415598
1927439
1875176
2488085
3503958
3992242
2847504
1095488
2329784
4084159
1864025
5846900
4965867
6584501
3652411
6151210
1662289
5094071
1491933
6178610
2004621
239072
3902917
4754339
4331659
4579512
2273459
5571951
4328476
4535881
1860615
4649088
231001
3925528
48970
4622670
2906340
5350032
5628860
4198684
330621
6920022
2975427
2500300
751836
5896239
6718545
6268078
5048343
5766606
3217519
1200054
1533560
309191
1607326
6020983
3701200
1581285
4598418
6033357
498712
3556574
5664555
1798612
6807976
6176573
1442752
3934176
6435357
2823280
1175338
3086824
6381435
2584953
1006437
3253991
5910557
4448408
887297
6669839
1891185
2052684
4298851
1997855
4394569
1885352
4935981
4799316
5741735
6804676
4837755
1919164
64738
2344432
1714559
2377688
1625043
6871505
4274500
4923905
4449612
2003512
1469692
3444956
6548877
361962
6642586
2284559
984709
3232063
5296019
4439403
6058290
3689783
3693612
4494289
106477
4638021
2399995
6354957
517979
6313412
2335697
4430254
5769974
4867743
1877432
1286998
814929
1447351
814086
633453
610300
6051699
6322846
1957733
1162702
1921972
6292892
2195649
2793914
5818550
5406662
5193647
694658
5570443
148690
6702771
2369517
3486924
2210613
334740
5818418
2233032
4134741
2957921
5753883
4244148
2337940
1038718
4559446
6164227
3712649
4473786
1967096
6812441
4241599
5987822
4619014
138048
6838459
1090582
342715
887570
5960814
3227149
2544973
6722096
1112255
5323279
3222536
5623732
2938536
1584418
3127591
1053243
3208566
5061047
3963224
6819157
3199880
189883
4945321
4454441
2153944
6225423
4671762
5137571
2253032
5606682
5053967
3612
2447619
966432
2257112
1144937
2245799
1912295
2409739
1249409
5718796
6887443
6612467
580205
1622952
4225302
812624
3841754
196708
6695159
639672
4383757
3393295
6372874
2364268
4774056
5791480
3853190
6774002
5153116
3335146
5800379
6945232
1623851
1713860
6948197
6959030
805789
6684567
1743569
2023425
4579952
4761445
4862449
3839197
6306578
5346335
5739870
5978290
2136693
4576699
1703271
5372766
3399555
2104229
388599
264524
6869805
1583562
5035728
5347969
1213711
3817413
5021507
4948423
1788875
1021891
384468
5650534
1295248
2777006
1200609
5528689
6857789
2876348
5173040
6473503
6297630
1858192
2999867
1394801
2149608
4342294
5819997
1643678
5249756
3177590
5206112
3147767
5514770
4633245
1513446
4184753
4959491
3845689
1460802
4878561
4305048
4495535
3807352
1162709
3682851
4095606
6416629
5575293
320453
695499
165210
6991280
4263231
6126376
910828
2909257
3295147
2575512
4053946
5395586
5237230
1138598
993574
4098862
1400568
3277496
3066606
1279890
5842929
1046807
4964810
6768580
586620
2083219
6356444
5982274
4758742
6604884
6157174
1555441
4950656
5753206
6687539
4085868
2817340
854177
731816
5667397
3249694
585688
2134284
2941763
3635047
1452766
3328871
2461835
6021496
3769095
3947571
5394129
6450063
2636929
4244491
2338116
6202004
2877475
2008202
5651053
4218533
2758755
3235853
1142571
2781254
856006
4153390
3181158
6596234
5035111
3749558
709296
3525531
6560467
6398627
6815360
2259322
2665378
2938521
2957482
5429024
1182448
2895442
6773934
4739665
2359012
3395853
351933
3939740
3228398
108690
2978727
1746835
3427746
3928370
4046351
6115394
4089380
3672709
533420
3516080
3428926
4887047
6196787
237987
3133715
3079488
205770
3941040
4705265
3302435
4155344
4137590
5960028
732547
2203828
1534971
1205789
4690586
6536346
6489062
4243786
1782493
1901424
6734462
5999723
2519735
2694455
6054757
2119431
3229770
3819962
2696953
5072472
3696355
6654835
2257686
2798412
2714781
2733838
2287167
5224470
6669946
3491711
4112939
6784032
5019011
4592766
534823
5398350
6434219
370684
648968
816559
3621409
6279078
735626
5653005
1381675
3750085
1031554
3405963
2584832
3404954
1898171
3831131
6577742
2112033
1981655
6294388
5901493
224198
1846066
749871
1866459
5127868
25767
5664550
6056117
359480
4616203
2118715
4346198
6166044
3733072
273993
4259479
2256771
6588296
2835664
5034189
2978161
3366285
6045293
6043204
2211685
6462091
1922765
1308209
778557
2578207
544848
1443488
3420048
313466
6988851
2364784
25860
979248
4194943
3518212
1162352
4534166
5009251
4142955
2112620
5610649
3045132
456180
1298390
4920852
876852
2807127
2525647
5811252
3883522
903784
1348914
1251014
3258198
5413047
1399711
3034093
6353190
5706408
4997304
6799908
1797436
1806460
3997493
6165534
694428
3647274
4197605
583765
2754110
4857492
6655830
60217
1086007
1021096
1302309
2439636
311932
1908527
2960985
6599453
2720284
3341989
2280888
1644206
3465547
2716586
1480499
3736291
1196104
3187555
1358336
6825648
6714292
38936
173242
6997031
3807241
2810875
5762642
2526000
3633642
4188353
4902932
4462979
3099806
6245947
6718596
2558404
3428432
6368446
4373602
4965447
5921537
2524811
6438060
4222431
5516403
2547485
3361387
3204236
4262975
5277947
1363052
2906120
2527937
5059223
6616396
5371179
5010780
6637582
6259225
1735283
2283629
5180252
1654879
1779272
6025507
1900232
6406232
5629989
1720629
5075608
1215645
4402043
1827476
2353392
2300489
5641155
4992915
1500657
5422824
3204523
3162374
4275239
4414344
4189917
1185742
3861047
6529906
4564886
3509156
620488
4185930
5593758
5496876
1532799
4776833
6493319
3427200
2433363
1104675
3368298
1847758
1071273
3788265
3701887
3190327
1960045
2367732
179697
185953
5730300
3794916
6617540
3135784
6154387
4269032
2345027
2736513
5573607
2313538
4779660
852205
6376565
2194654
6632307
2837502
6502165
801731
4622581
4398138
3539678
495881
5722558
2090121
135759
4140948
5704698
6800623
6002781
4319793
1628637
4349306
3545267
2984709
5969264
6815282
4015210
4529688
4923879
1690243
5063761
1967084
4569653
3129150
5394141
1199081
6878976
6761226
6998587
1292945
2884496
3010858
2313713
5124672
6558440
3723442
3124168
344504
755594
1637754
4555369
4976540
2222447
106402
1932281
520861
3812189
6581970
1520652
6009348
430902
2286490
2981805
6691891
6335572
2034089
867824
4093524
853235
6052488
3810615
6141472
3453854
5119670
5931516
4150546
498468
1026303
6855485
2679907
2167447
6828300
4294475
134002
5255062
66285
898233
5339234
5684611
4311665
699977
818048
2426495
3202792
5995348
4989799
4523818
2287829
2418533
749074
4355887
5430904
5436980
3583743
1495205
2907810
2604709
1637676
2426872
3970551
1859186
5967488
6613867
4573160
974197
730258
4237137
347487
1057305
504295
1325628
901269
5827188
550752
3451485
1758526
3632605
2683778
1929864
6424358
1635846
3834296
3999411
5141894
2479875
3756492
2546511
5300987
4780915
1065775
1573396
3737704
1592731
5504666
4980658
6427316
6182109
3901094
6238899
2204219
702871
109618
4264865
2895557
6616270
3328988
3416457
604378
4699205
2261545
3199902
6109930
1544018
5736387
2580278
5484250
4832795
242966
4455529
604007
6391877
439621
5568949
4783761
6164344
3164911
5149796
6478729
5344801
6999612
2735127
4348737
2734849
6806836
5929821
4241498
3210978
839309
3932052
6769737
6679862
5214189
2107238
6431303
4071212
3485504
4073387
2522244
3653030
5615250
2914909
4115410
5085505
6929431
2564310
3693314
3678092
5779872
2719905
2252570
3883674
5031303
1546206
2758524
2086849
736548
5369399
3043838
2751247
1412029
6758429
1697401
2514300
189256
551921
574127
5433462
4563293
287935
3583133
3732064
6950851
3444073
1768920
6521659
2957879
6257127
2736694
809563
1801237
3419813
3420838
112666
4175004
1415177
230264
813984
2847533
2463743
3701341
492638
6737877
4791055
6484372
4529929
273071
1869735
3346791
1010361
3721889
413975
5466647
4301318
5830621
2807032
1084403
5406242
5174054
1825272
4908345
6531023
5837019
5343069
6579286
5440937
6898016
5319985
4017789
173513
2227294
6621138
6198836
4823301
3940248
1577911
659921
3393756
6054031
4714176
4636849
163531
3427189
383741
2018731
4092064
987629
5762911
3429481
55001
5268164
353764
4832040
258537
3560614
4307758
2694816
5726706
1866499
3441077
1639958
2528366
3684460
3301330
4000948
3843436
3172847
1729563
6885569
4652405
6450335
1266083
5576703
4250885
3346617
852553
4786666
2611800
190195
1957431
2956519
3847062
4151307
3821627
998479
1949808
6949651
2501464
3318678
3075591
3423668
1905676
5115438
1382606
2046631
6947799
5818019
3988874
5008910
3137723
5042333
2482660
1599731
1136519
4682057
5398064
4211658
4481245
1920082
3230613
5398211
5818531
5364890
2209703
2566265
1437917
1905514
5761479
4244293
518754
3665287
6996233
4004886
6035047
326964
2442819
4439465
2262532
5889594
864531
1812472
5294918
4978077
248438
3646800
632375
3250669
3211086
3364226
3884162
795306
1051943
5969334
4794743
1822412
2622919
6647523
2451386
4929794
4098897
668142
6941472
4113110
2047989
66234
5266904
641376
5633306
4426314
3573855
5167717
885594
1930465
2344459
2969679
1114550
551058
4979522
3488600
1330372
2943374
6062018
2204211
4817645
6098360
5088088
2791486
1559533
6627575
6768982
6432150
1385990
3564385
3669053
3789733
3653822
6828540
4262472
3149437
1757368
5281872
862809
5690013
6676690
34548
5338116
4673704
1662201
6455750
3951737
350751
1275258
1683970
725125
1357917
2048005
3455134
810576
454222
3556960
2811197
2798500
1086884
5856835
580638
1180123
3264942
4058898
487128
4844107
3983611
3416142
4981730
5738560
2755433
5475683
3593617
4036207
3509168
6710698
4799471
950934
197998
5323515
3202861
4701628
4046801
6764022
3261942
498347
2563201
4476869
2046175
5148438
4128356
1322139
1307505
5901025
130780
5323033
4709004
1962584
2612137
1242671
6230982
3409343
3994279
5309974
5614342
4727681
4239841
2996485
4128327
4336784
2215379
1078655
493143
2616256
3299519
1933596
6710967
349376
1106497
6373260
776211
1545034
6379453
6092849
1066945
1071412
6424915
3145624
742986
127743
2681047
1228017
1176227
749548
2225216
5169821
1799572
5262609
6185547
2092822
6400937
4174904
2805096
6816433
2982715
4942995
4443160
4608140
5506758
2474957
3025439
6891851
768351
427920
3212245
262236
1528563
3131995
505010
6687804
5879687
3844268
1746972
2180041
5328955
1757629
3559998
6885636
5116626
5232324
4822505
4463794
1648877
2729423
506665
6655009
1438493
5598274
6376295
54679
86883
4458200
1826966
6641093
1888922
6398970
2728937
761314
2093561
6022957
1810741
5447197
6448021
5789523
2744734
1434908
325887
4521187
4238494
447476
271239
5413244
6117687
433412
6803251
5047224
6494690
5466245
2526822
225078
3807697
122645
3963269
3080011
7504
3460802
128500
2459710
2932020
5311001
5139825
4729376
5660131
2801297
1861538
2153398
5086451
4262273
1521262
1461902
4416105
2050245
4562857
299461
109742
2017500
260264
4444859
2720130
4540236
2531075
6518969
1756025
2202054
6284536
6481504
5108787
6927417
6571243
6855787
3936937
3009801
595193
6697098
3118252
3571287
4889218
329787
92348
829232
5297217
6595497
2485489
6763892
2527299
875812
4862003
5291698
5832112
72301
1204609
3585773
5162603
346548
1249254
5893454
1942272
6388803
6471561
3462207
6330365
1607716
520696
5625361
4565886
1805585
3821289
1746178
1596854
4894490
5480393
6732287
6577603
6087127
3112478
1079125
6881614
5441838
6054900
3750206
1407568
288882
249420
3196643
916408
2558830
5269071
3081028
3521902
1793127
5589015
4157119
1704739
3186535
1461223
3244927
5838185
3627429
6396854
1600359
5595116
3819789
57875
1995930
3960521
2866803
5951173
6156301
5648582
1477501
4891840
3615027
4086252
5837151
3160035
4066626
4572008
2742376
2488229
2954194
1648322
6003840
5526412
3724051
6720489
6326483
5093515
5571854
5519960
3668818
6994451
88935
6540889
1380121
320650
6198038
1621011
4592620
1911207
3526849
3700191
3227200
6142467
4435364
1057999
3595950
3884381
5418448
5692604
6308837
4661554
4215632
2517815
854515
97422
2361905
2795060
292013
1649039
1558125
3654573
2230776
1883879
3522287
2630659
1915344
5287209
4017202
1326879
2945371
3054958
5777747
5596026
6761923
5028225
6750357
6390631
3590445
5613543
6209336
1246892
976364
6005320
2289486
6202857
5538758
2683668
5512782
1693994
2920129
2477716
3401375
4833540
1692182
4800923
475615
4499166
3839245
4606737
861852
4339099
1536074
5816867
694100
2734500
3986009
5696201
6845123
5598729
2832111
389445
2699448
6651698
3263664
6642321
6828180
4614719
2820119
1779232
2742097
4768921
4020857
4590078
15729
3667062
4309806
6610612
1792512
6665739
6915689
852958
4784899
3941548
6257299
6729216
178814
6882289
2518478
3235916
4160372
997741
546656
281685
2883288
497310
3749464
4331882
4497317
4111273
3644873
4861009
931355
3081900
527074
4469991
3850763
1404515
4834863
6897631
785163
4802969
685765
5618802
6856866
1153944
3176922
1402207
6517557
2154505
1282673
3899834
327851
692250
684819
2664364
6840254
1539940
2253932
535730
1354521
5424401
5988154
1622938
2471186
6957136
1710813
4655627
4539461
2963628
1594521
1546945
3551496
2488836
204675
400744
4950568
1074500
2982051
3365017
1364795
1221720
1083930
4104764
1073033
6856315
3167366
4807452
4987846
3864962
3441200
4772512
1438140
6373835
232977
113827
3066239
6207337
4336319
6818940
2497581
2363220
1762505
4156896
5554013
5902862
6116061
6710160
275459
6749200
6585268
4200871
2042542
323859
5209279
2732735
5093231
116584
4017167
3356720
1270365
5062141
2601212
3757029
519741
5761142
3549584
6519663
1784842
3655072
3102766
5287699
2722917
3973020
5098087
3436474
3756572
6964232
4860278
5636469
1778021
2818300
2971121
4139072
2701224
162434
1013009
3225184
3450433
6011833
82618
3826337
4874369
1006337
1955525
3585180
1246625
2977788
4421214
3503479
663379
3056974
1845180
234370
4856690
1255916
2029852
4675064
4826476
5529629
1297426
818588
6862942
5670361
2504130
2071986
1304850
3558933
4069276
1811131
6933768
5593951
3560707
2368015
6737814
6134219
2900256
2516992
1264840
2098605
3941984
1596108
1460526
5231618
2090469
523108
2395672
3368506
2795109
432950
6942588
689044
6057681
774686
666797
2006035
3934187
3037053
5988673
5210902
5723621
5492445
1820287
5975238
570767
5578650
6927594
4363077
1136676
44917
5784548
4890231
6563551
2238229
5661665
6794742
248208
1370811
159895
4871644
4811634
5524924
6406132
3634986
2264303
3072875
5504685
4105896
5749124
2321481
2635023
3871667
3676494
6957919
1664481
3912642
6096449
306968
4795813
56893
6312149
946147
3765156
3294461
3972270
1162171
3310732
5380990
5603082
4575315
336604
5885983
6105503
357186
3373982
1655478
4878743
3540205
3550672
450180
1214964
3659455
4433383
6190045
161275
4621706
4665251
211391
3527161
1018191
6201465
2437992
2743996
3316329
5563056
6001603
5703086
5645244
2685808
54049
3969052
4831952
5394860
3824681
6098342
4909213
1164308
349160
4287520
6982734
3004385
3882308
4605622
524035
1198455
2693569
3029552
6923901
659867
397575
2490723
4483716
1574551
51149
5266231
5803854
4031640
2254511
201148
684625
1550354
3909301
4604894
371200
5171345
1118134
4314305
1248597
1619920
1566248
5221294
980681
6447003
5205235
1262485
6511424
67184
3497021
3012411
3556070
5949007
3390564
4241750
2292441
1224951
133817
4199000
3817566
5619731
2770621
660163
2642992
3382146
6169242
3300318
2070973
4863572
2507842
6514111
2136037
3204952
5398678
1883900
1044138
1586106
6878665
2466305
3674048
166335
6609431
3318007
4595549
4698187
2435563
6316095
4052941
3094156
1884605
3301138
4231172
3621538
5811072
3031289
138763
5688737
6659417
3275903
6778695
5042923
3769839
2748603
4170058
2395507
6694394
5122253
2162836
3958731
4328702
1398217
1254619
819467
3026792
4682522
6123438
4448663
224278
5238004
4974896
2960553
3640064
131315
5071481
3584512
733747
4328439
3217902
319306
6604830
1478489
5027253
229889
44072
6876428
4067708
3868448
1741598
5846989
128433
5989053
918671
6363492
2729303
3779176
3523016
5849567
427522
164139
133502
6574538
5898347
4572557
2759232
5551867
6300634
117870
6256626
2140780
2457607
2617645
4139792
1139692
3147548
3419812
2610657
3859459
5656147
6944876
5534234
6043613
6032829
269506
4341587
4465797
4333611
5748562
4349540
4029009
4483216
6217758
325947
1808637
5605214
1388356
1492854
511596
6892469
4648400
2124327
321274
1026941
6110201
1174672
1887229
4932494
137249
2127342
5071619
3494717
3705100
3299226
4097505
2689612
4611656
3583932
1900871
4968785
4014300
5619870
614674
1366028
4859871
4169488
1767221
6826366
1054684
1106549
6669518
6547625
6506390
487050
5426204
5958070
3431212
4690932
4461930
564388
3112117
3305602
5663748
4890429
4584374
4761723
254074
5985843
3950669
183914
1653257
4693097
794797
2170955
809021
6805410
4308174
634370
3295120
1803483
2059398
2779205
4241930
2016519
2365216
2198326
1899545
453290
505165
1072272
4640350
5526178
409674
3402097
1566645
1043697
1502563
5240218
5632188
720041
3319347
3221221
9522
628457
6478786
4136612
4870511
4015705
968790
2282780
3391209
5566378
6319701
5989163
2229555
2725701
5196161
1265418
5162526
4835074
2200435
5111846
1733675
6156251
2132538
2850417
6035137
1241442
1215269
6107319
5942194
1752762
568281
2051776
4366623
5686379
2871238
6537638
1466034
5250467
6722315
445107
5549812
1860121
4006649
4645350
2069211
2083455
1298843
3422138
3267459
6244601
4010584
6061401
1137011
2881360
6693911
2517967
1572556
4867771
4916632
1162738
67685
3855597
6215182
6535485
4249941
5920620
542396
3562092
5622043
48067
5515199
4381244
4891787
552020
6782692
4717238
4946880
2500045
3847678
4775621
5083182
6570072
6846979
2232061
5521479
4811322
4110346
2014101
2300709
3156112
2374401
6163764
3973784
5026959
6444229
1168296
5861595
4297485
4634231
1799665
2853813
1260241
4683746
1637702
3017837
362238
1332787
2731348
3323854
848185
6547258
2177125
209924
3151108
502632
780181
4690255
4472445
914064
5683636
2682540
6592409
1745709
5512806
6091518
3699322
6528519
2209508
3576161
4336351
1502292
1291430
2190439
4203929
6704365
1765723
2916257
2189424
5951415
2052844
3048730
6331872
968650
5388660
4052215
548919
1466232
4481171
1798071
917482
412286
809362
2063256
5624767
1425805
2111633
5640240
5021250
1464427
1102654
2812736
2834760
2071548
2287975
527035
382470
1364333
6315545
589167
6449715
1470990
5488825
6590873
3700391
6549291
3379857
5470847
4789607
817252
6818531
5929060
1373371
6267538
1979784
3996116
4915193
5315390
1705212
5534702
6919867
2197757
3278789
5288889
4132446
1103553
3377733
5638611
1400180
4064863
5830223
5608850
2934703
1308139
5790686
6117766
5527168
3965192
2537609
1998662
2771130
3468628
5804002
2126512
5369343
4608562
1861261
4723725
5438979
3067798
707444
462564
3335070
6098624
6365700
6225692
2545613
1943003
2601595
4248502
1177327
6486390
6567129
6998959
5884626
1259643
78065
4330104
2632337
3211556
43655
328988
5779794
2929335
3946350
2072477
1450223
3453879
4502090
6542258
6714087
4068695
4211235
2716911
5149723
6386230
4223732
1999266
6937353
98553
476296
3004225
1759919
1812655
6205179
476138
2091763
1344671
1238255
2907017
703059
5794786
631981
6711300
3767353
3150161
3324795
6110827
5908125
4463110
3658385
519464
4699656
868440
4975942
2005034
4795323
6687779
2418450
3883171
3216666
346115
1097664
2810267
5219182
2705610
5193068
2919250
643094
2455412
1251516
2380746
8938
4717446
1600253
1341278
5086349
3666175
3274261
2666208
1664104
288783
6437228
6425165
5253554
872759
2813990
3548161
4088105
5240292
4854551
6010726
2438598
1858496
2372956
2867388
5443453
3980495
1105723
4426906
1630645
3984193
915110
2231158
815100
695117
3489083
4980690
3634474
286097
2648319
772299
5530753
5989134
4453681
2324142
4825897
2310342
3673852
6612254
102959
51826
1219736
5996810
28691
1709280
4656178
6189681
3126744
1745323
5687425
3637582
4229683
3320562
2948283
5728546
6624423
284165
1505767
1434934
3443973
5447578
2662693
6442944
6022705
3811096
801303
5672323
530066
6417022
5952321
1894576
1919170
4954392
2570726
6895136
6725558
3899464
457811
2646890
1540256
4902750
2479172
126916
6543872
5347290
6218947
2652385
3954862
6941622
4346167
2821072
6462682
6481485
4229752
387193
1753811
5107023
2430869
3914331
5959608
2729623
5610567
5561145
1847682
4005233
5076668
1127071
239031
62562
104026
4098484
4086429
5934334
6598838
755094
4325930
4119670
1072582
4218854
4375225
586405
5433393
4361114
337818
1346438
6409256
6262741
5575808
5694162
1705929
3303725
1547931
2920252
5065972
5416100
6113397
4043957
4948182
2488497
4210098
4369972
2395502
278062
5169968
3731162
4512077
548259
4772054
5134995
1628776
936098
6537175
3362522
3369581
6979825
2917944
5145103
2733147
3351537
3534436
6070970
6262184
812751
4297659
5588453
2018450
5406678
5654347
6046160
1209031
5507561
2863004
2048411
3919007
1231740
3931665
4121582
227795
4729649
6547847
3586110
3102798
3886490
4439818
2289292
6203443
2131937
6051701
4044549
4892810
4160298
523392
3681240
72472
689252
4505020
4489856
5535901
6072354
744084
5281003
4320445
4802381
765181
4045029
5349980
3773638
6010311
3474750
6376214
6528639
5239048
4589009
5990076
2826504
4320410
2649571
6824890
3749035
4201980
851189
4346438
3728089
2994544
3569952
3903017
5667582
802208
6055011
2879898
4292775
1809401
5864639
1588645
6759090
4717646
6746662
6799338
4947598
3859185
2141319
3299137
316809
1625263
3515274
5369631
3319214
1691064
415306
5805688
5023488
247889
4587136
2203982
4991733
2807336
6356903
1166146
2482014
5499695
5015997
5065005
4954280
2114960
5609440
6364977
2621097
1736168
1957593
6559443
3586841
4696060
3214687
3313331
261074
3240928
11710
1994844
6652705
6002809
1356211
501573
4824862
1454704
5922027
6632154
6155543
2571746
4316317
6344989
2082803
5934782
4922866
5429842
5265814
6799617
3610463
3041085
3948749
6800653
4059834
2387973
3235545
1380478
1396182
5424105
1911137
6426255
5906716
72275
5882041
2222681
2262045
5715415
6987145
1815925
3741310
178194
3630697
6975591
4769049
6391876
1509552
5055145
3516053
1203693
389054
1360004
1465001
4217458
103529
205219
2980479
4141834
5737460
537886
2287842
6358386
557737
2651839
6981066
3413666
423153
4912222
1665517
1836539
78570
655233
1631817
2430180
3969258
2777554
5009011
5904310
3150147
557109
6149291
193239
5937811
2097739
2752602
2182108
2689146
6944604
3521042
158017
5045318
3690595
4194983
1983749
4429509
436053
6698271
3715477
167193
2751094
4542556
6276245
3009304
6683944
5547669
3906072
5073191
71308
2507323
6913278
6353536
673081
3286374
5796703
3362866
5847710
2363087
5284916
6454528
1461702
4940134
933639
3393438
5607379
3291263
996553
6409245
2372322
3548146
1088369
5498237
5838474
6514841
5252290
3049690
5622636
1865600
6790425
1420301
6056042
6603566
6212174
3538019
5332432
2931589
377528
6381086
5860434
5425440
4851946
4856450
3440360
4764285
1982007
570750
6300680
368609
3509095
252624
2295972
3254813
6997644
3253567
5700595
5566366
2606562
5306249
6913962
6082734
6404940
2184071
951216
6887465
6653585
6701492
2096180
1863478
1944637
5084599
6242013
1166171
6298033
4885067
6861531
6421673
4156047
6221259
2371696
1634206
5677146
6823472
5758753
2040815
4526819
5081104
5361023
6754522
785179
3966289
6247918
5129356
6613079
2667745
5315787
3692280
6885811
6045876
2681832
3120444
2568599
4932885
4930941
1526736
6185788
71117
5491269
3213219
5627421
2955471
2931146
1805947
6575025
864305
4221660
6637164
5055323
1921853
6266552
5877698
2634785
6934742
1172666
1060726
4303339
2855316
2738924
5509604
734086
2890765
2167362
5921273
443847
5976342
998193
2318593
1180482
1644321
1515752
5227243
5609697
532510
97769
3215378
4740170
2899076
4070058
6489926
6946057
5609561
4857597
1442891
2219785
498053
3538167
4932728
1314939
5744239
637068
4041863
4604120
4055864
5810422
4401315
4836336
5009142
1271556
786169
888591
6742194
1740146
2956718
2745640
5226364
6492261
6998828
651422
3546576
91958
502679
465415
2920002
644977
4858729
5717051
1173405
3581403
6990744
2941757
1898458
6613882
5865310
162635
3316464
2923151
6377385
3459548
440488
6154184
2307108
6234531
2555098
2506804
2506129
1484711
5359491
2109879
4978567
4754462
5210798
368713
3106415
2765713
3088534
4483005
4019655
83787
1612154
1222368
4379682
3658144
2351458
1930969
3401124
3421876
4621154
3512411
2608211
1873913
5357754
2043365
437756
3665748
5917684
1577745
4376126
6011438
1718393
4627827
2933163
5906069
6130590
6175800
5617917
6094945
6152827
1137175
3113430
2040945
6039173
6216358
1088287
1125087
3557886
3053080
5828352
3621958
5331885
3877166
2604559
4312818
6428788
4750988
4202573
5293648
5949133
1078284
6880707
4303886
5316448
973120
1023161
2157589
261649
1770238
3637936
3299919
1413032
2933087
2231164
3914817
5199166
5566599
1374560
3763367
3375366
5239430
1860
1618699
2832495
4423355
4211967
5987667
2432533
749203
6843345
2194032
3819538
5290688
1363547
4970464
1052071
847575
2748615
3137810
6154456
5910090
2329609
4160589
1965247
810936
4990273
5477156
6131843
4494585
4204798
1655721
1838625
4693794
900530
565701
3122476
937514
5757576
4928669
4558643
1833465
4658436
559158
2083392
2119669
2358546
1955113
6493417
6526258
625749
2177846
6102117
5042908
3824068
4692550
1897962
1968429
3117931
3273108
3071223
2944278
3108478
4013960
5744751
3510363
5476864
757470
143843
2696830
4750936
6502763
1275242
6388698
6112810
647946
3380449
768782
2443803
5160825
5167565
542160
5900399
1800924
140020
2782671
6574556
4797079
1792381
6765377
1554840
2523118
931310
2350417
4451723
2970336
4604895
2970667
6032899
5254837
6925394
172822
6052081
364036
6962510
2616886
279501
3592359
3033883
6645321
1939528
5129265
6118567
3319311
1417395
2685416
6756643
3073337
5008385
1721864
6708868
6027212
2584229
3616392
4111021
5599963
6772189
2563821
5263094
1967527
6457795
3110460
743314
4543132
2805698
6454535
6960077
4071848
4886583
1632247
1720434
4314948
4750621
809713
14360
897542
6736674
656447
3193391
3510411
5561819
1735638
180202
6158322
2679713
1596345
2871439
3492129
6614806
3335340
4407391
3139552
3058865
4504675
751845
4662829
3156769
4627313
731513
2151672
5770878
4631879
3112773
5436401
929932
699888
923589
3693516
6204169
787091
788202
4022707
6822300
6679830
4904050
2145804
1290613
5889069
1953093
2850687
5195133
3384487
5529639
5245790
4307432
5783329
1081206
2618075
5993063
3283752
6661395
2902452
2643605
4981184
6209203
5707619
2192358
3189155
974061
5842534
1536128
4582184
1514067
3219859
701117
2287689
5600183
2135129
4584115
4395478
591894
3398447
395771
3197632
4389017
4642901
5571864
5507858
1639927
6890331
5184225
3330213
4922600
3517633
4096903
2680085
5489419
2908804
1343624
6243399
1991713
4830102
1717461
6220396
827702
6534851
3368363
3305
6855060
2574590
6416790
334215
1900189
968933
3283319
5972555
6976278
1506809
5461979
4073817
4266967
2493050
6596126
6894376
88983
4620918
668866
6560188
6563633
3889516
2425106
6240338
2989307
728707
4083798
2799884
673849
5684107
6188791
4949153
6832254
3065038
4200778
6241660
582369
6371988
1213294
5024622
5819605
5480472
6962087
4970865
6606743
1075744
2060483
1450565
1137655
75683
4784546
5271440
3898360
1365196
3282107
6800443
1400210
6895599
6462534
646158
6302384
1328172
4389736
3410290
5426152
5170818
1792820
792845
551207
6180205
6175082
1785450
4677228
4478425
5934999
5454961
3136383
3409274
3774435
4464109
6339666
2003453
6939923
6406113
5361234
1693035
3973405
4798206
6326752
1314892
6024427
4587346
834884
4197821
5894312
2899727
6541508
165725
6204075
4072120
5227981
5804106
6044385
5603349
2406248
857087
5262538
2694378
723157
586461
3337575
1362245
271436
5585233
2918887
3148071
6563458
1674118
3457613
2973578
5354900
4729657
2840363
2436741
6718478
1416571
860135
3305611
1207671
6288163
1822933
4096758
6071689
860179
1288279
158293
5645643
4390596
6444514
2087498
3254774
3594652
3732081
5660419
1541940
5464640
2809911
6184127
4285798
3103194
1668751
985332
6005950
4503851
6299968
3144825
6938881
6666891
3639597
4848673
2224031
6956939
1735516
5808875
4229263
3047021
1446517
5297823
2196403
2432838
2466554
2587288
4204471
4840669
2169425
5941512
6007636
1686996
5219630
2123010
2524483
847389
5119222
6220208
6830442
6474455
467063
6542477
2473885
3424713
1077733
2167218
2630853
6685018
5186588
6986903
3056594
4404739
231775
5809657
1737042
5041163
1984845
1789904
5066726
6072882
5383991
5532579
250042
5551728
5868752
1276786
4049527
6687949
5982301
1717405
1764503
2235495
4097190
1322897
2264638
2303950
840623
6814785
651014
4495108
5296801
2640880
3631603
1291896
478516
5566519
3975559
6837980
4748067
383773
423782
5395362
2950069
2894084
2272178
3443861
2788934
2734006
5731443
6952528
2251312
2355192
1552541
3163468
2147866
4695282
3595926
2721865
287700
5663843
6640963
6111967
6932531
1153611
6237996
2280013
5761155
4733780
4427963
1478058
5435645
6418081
6286612
1800571
151293
5984698
144972
4655943
4980001
3138830
1935870
4439024
4038735
4926122
5045770
5284963
386348
153634
1383666
1933263
2038932
6522927
5343649
1053606
5452019
5346514
828892
4193487
2792133
6542123
2400847
3844372
4030875
6049096
1886487
403263
5966150
6345997
1193535
5014907
3634963
4568213
2033002
6460083
6443655
6766599
929416
5701177
3080598
707580
4713840
1752296
4200568
302938
1053702
2426601
6123413
6077176
1366435
1047237
6458178
5171248
5972494
1455060
2065232
838821
2071852
2915659
5074284
99940
171869
4391530
365512
6478494
625604
5252529
6285747
3684610
5820062
1123261
3921275
1859023
609351
5187117
6909400
5686249
4168462
3565334
5950345
6411987
6289396
2126058
2568300
2387939
2920615
5573596
5156566
3617201
3059493
5191306
2395594
2726285
5100028
5455714
4183177
3865160
4208595
4747057
1469041
6139404
6681074
645488
6390094
4039910
4764321
1599802
6277715
5891021
2842039
5785844
3718116
1378783
5696297
1186136
6824186
4075791
3486369
1226767
3826712
1130321
915448
2724263
2751108
4139028
1094399
318297
1565169
3781512
4201907
1460097
1543905
4994845
6117343
3758235
1519613
1197024
3934739
3705070
2385130
3818951
1823074
4176150
6928596
6608799
2182900
4611608
690795
4878814
601281
3751829
5061342
4478216
1142264
2230034
4845652
1087345
1460219
3485909
1481435
3311688
4462240
5289096
6473335
5065392
6293869
5030412
5190144
5706419
1910200
5042765
1294976
1223897
6932693
5210047
4157674
1253124
1179184
3444930
4372780
5470754
3608565
1233200
674055
6409030
6121582
3050468
4296617
5440053
4211816
5226162
1713614
3211628
4934590
4194382
3667918
6302541
5385193
6179321
5393481
3753991
6675749
814123
5675973
4901855
6816577
3479407
3558461
3799187
6828987
3654401
1064701
699947
3644701
1063945
1186748
909248
3676005
4139153
4170538
5562694
3307935
678527
1772230
68963
5453783
2817566
4392534
2914975
6501824
4921766
612150
6028514
141449
3847188
6229762
3527112
4756459
5623344
6626908
4776432
6055578
4510057
1667802
3730654
1894105
742128
3157773
1560001
4474818
4372311
601934
6175
5644846
2185667
3650124
2417329
5057361
1176876
82140
1774116
2677081
5550214
3037566
3532719
591218
6380379
3462043
6263570
6334904
3412783
1293204
1360127
4177208
4761449
4778303
3559690
6355862
4896145
1818508
265849
4959417
6029895
6415011
1040560
2957530
1231603
1833560
6503641
2155308
5042075
3116692
4204298
378295
601223
5021457
5560534
519014
385952
6803892
1418741
6842783
1797804
6340220
5849496
4740101
5566737
6724299
6725957
4131959
576078
535202
4100770
4511211
5456390
1041375
6558477
3396249
5402352
6884886
2343816
3216000
1333403
6878922
4398369
1105893
980423
4221312
1923151
4331124
4304228
1874129
4895756
687717
5669135
5653691
6772516
4898468
4962003
1052201
3950342
6053407
1690148
967954
4275821
6239759
1264107
1381142
601372
1546683
1412498
3514115
3304662
3833480
226746
2546893
3439715
373684
1121352
6526967
2693424
1199864
6850075
3149922
4952258
6747887
3132347
1050115
2276717
2530086
5977037
4939851
1392299
6150558
3938326
2409964
6795009
5955053
5918530
2157594
6327782
1720696
1478490
5595209
6581037
6428143
3010461
6970440
1398845
557224
3770032
4296037
3227804
2370825
5879819
2395731
6262946
3939233
2589440
1602664
251993
2894026
3494828
5223047
5601582
2593750
6294577
3488694
1133943
5583590
743551
3966729
4912914
3379711
5060582
6476777
1004114
3874774
1815928
181125
4176154
6943673
2370950
1151645
6121592
5229768
711510
4620565
6245689
6441526
6698409
3985426
5841440
4781001
1678866
2547685
337796
2962482
2669924
494081
3227304
2073577
4168926
3237390
4753057
4904758
719426
3462624
6167294
6894685
4773847
6016759
3696464
143263
1029295
1016821
2419867
3140764
4182724
1350300
6321168
3675992
2805047
6364326
4312441
3015370
4086407
4810694
1093631
3558263
5715045
1912676
6924528
6523424
1300115
5663118
2265948
2086541
5888198
4868317
3237128
523091
4170290
3031764
6331465
391755
3808373
2527214
6463059
5608189
3055701
1627121
1958627
870337
6058608
4710928
1999329
975289
5113840
1197844
5176336
2994605
4484250
4331776
2383314
846446
2691968
3951891
4078611
1341531
3061800
5098892
5341168
1082624
3532448
5643844
3659845
2641856
1389509
179065
3841148
4821164
4716325
2325829
2014902
1794175
5187320
4151910
3448785
5014965
564743
4651304
549913
2191578
3187513
3273831
2836881
4281416
5679577
3455445
156850
6917224
2850145
4647892
2676397
1687710
5136074
4562279
1448721
6490262
2527595
5215375
3170240
5086590
2276143
6381645
3695350
871824
2369305
3914939
3580907
1789088
1246224
2498348
4130788
5736645
2349246
5703330
1234015
2213035
3195086
6582422
6122107
6420062
352325
1697746
1710958
3617972
2420215
3631019
944674
3250104
4145338
6757996
6592994
3284667
1086228
3239147
1263394
1418045
3740511
4343710
3301160
6329382
563690
757877
3226261
4099951
4337411
4807296
4906276
3661721
6044374
4002251
77478
3191861
3370769
5880496
5358442
2497494
299004
5450779
6617701
5408606
3275546
4621132
56362
2608007
1898582
6402649
1062152
2484605
5724267
2572617
305941
3294155
6621647
5961521
3616004
2375920
6365829
3250048
1485131
3085483
2602158
2958038
3770574
1078801
5785120
6477754
2011640
5365803
5881206
6186957
6306436
4807465
6697824
6327172
1042657
2758065
1811666
6461263
5217113
4667424
364497
1756335
2737740
3294520
5438341
6764898
1345135
6639826
3288054
2335592
1972167
6789664
6974958
6988454
3342242
1155642
5186506
183543
4076287
4103064
3582947
1403943
4546377
1320600
5521087
543059
5088215
5751008
3302103
6558800
1651599
5926668
5810517
2794210
6068253
5996558
5400977
5328654
6144402
3815755
1024660
2440056
5689963
2262373
1582346
3368783
763693
5767935
6200819
1121225
569218
5946017
1710959
4944722
5202898
5145613
4283555
1829477
205992
4802876
908228
3514105
6340955
3112088
6162491
5029327
5685828
733044
5308650
2707737
4123399
6357275
285962
5779601
428357
5261306
3661048
6405423
1857573
2402889
4410619
3665593
3373437
1492449
5267169
4153502
5037308
4046534
5115774
6249429
2360781
845711
6420132
891705
394234
6816312
5901650
408263
2753646
6384527
5077258
3293503
4756095
6015415
5348765
2614383
1303836
56873
2760860
5956441
6867386
274613
420661
3920795
6259113
4725586
2876093
6550789
2350661
1285851
5668784
2033860
2327506
3748170
5643515
6023626
5184089
5872132
2066465
5990143
2703496
509425
5747009
4972056
3643677
1289476
311127
4345411
1001992
1595642
3888190
4135505
2197287
2251318
89284
638293
26169
2641571
5328261
2266188
2873720
6964924
3288484
3921033
350659
1987024
1833324
6331071
6088472
705514
4892337
6890523
1283999
4546359
6528155
2297244
5404777
4643172
870472
1118572
5263739
3923833
2229241
2701539
5587154
5019095
4774450
989724
5710599
3305597
1996412
2370303
5580406
4229000
3645339
3466645
1976573
5663222
5412382
2118518
350011
1767508
520949
2302014
6743465
2103606
5349550
887150
3245996
6332769
6000274
1672820
2617602
3482652
1992698
4967214
1151660
6203317
3729962
241363
6916243
4910718
4865162
6023115
1624818
6583417
1423004
5773851
1561929
4918531
1412842
1864739
1361512
3205956
6659357
1653515
2500476
186516
109253
5513734
2707634
6509333
6957686
973592
2908579
1235667
2511029
3844896
846103
1768479
5297232
2225649
3239090
6548464
4341356
5019870
6608546
6016374
3662162
1648266
6467202
3355288
5303738
1675978
3302240
5889336
6573666
6852779
2316497
2167109
3144733
5974909
3660172
2819323
5263295
3957606
6505187
4392947
4756683
6891065
5216449
6493756
871724
1109356
5602931
5823028
2518773
5386118
3061482
1390191
2382260
6826797
5175094
5192373
4722095
1725656
6825563
5659260
6948045
1864906
37470
2443316
466632
3132971
4482068
1569300
4638363
128999
571844
2138824
1294318
3780536
2130595
5964000
5239172
3956438
6211687
5259500
1229261
2561331
6536228
4215508
773419
6093646
5830275
160032
4278313
6332181
252004
4092886
822616
4605911
4503630
636570
2438124
6380213
4363608
3253875
5103594
3628034
4304030
6420601
3319400
3805862
4996699
4388832
6217950
636901
300036
1331642
6564201
974624
4436585
6274606
2583883
1574068
6619988
2029899
1042555
6364907
2759303
5961637
5026554
579307
5456235
6601393
5687026
5205766
4841978
2480924
1894173
1958353
1018881
1762955
3712646
5956706
756978
2944577
2781403
2298907
4230905
1877084
5546582
2005436
194883
6056111
5785866
3125111
1728240
2885407
3587127
2287722
4601546
5007880
3957792
726139
5708846
4951683
6006333
35290
4388340
2320969
3680556
1182417
6512012
3649816
4078570
118214
5078424
3799897
323319
3226352
1485116
4960051
4620491
1575017
1923143
3388447
3646340
1113856
3946141
6297406
1410814
5367550
3387581
3260607
4555856
4510139
5360092
2011396
2553286
2324650
5651468
908139
2704767
6551235
6990506
5177721
4621639
4757092
3080582
1267039
5265293
1033135
554719
1557009
1625014
6177834
3822
1444863
376972
2664021
4755698
5989810
3967386
6673999
6712089
2937848
5274398
5389251
1462578
1520240
3543057
5469982
6897858
6471079
537392
1808229
2834113
42390
4915303
34179
4859341
3098853
5267157
2989847
5076114
4062907
5525834
5284615
4199141
3227275
2382920
1225063
5569791
4646916
6486600
1896027
5728903
5426558
5492433
4529080
2793337
1229166
1833867
6606945
5696419
3853597
4838202
4600430
5716402
2209141
3550404
5475413
4453737
2389862
2743838
3901565
2381459
2857541
6100767
1270295
392802
2418376
1292178
6325832
4272766
5386070
1456944
269151
6278972
6237387
966365
1316884
5199223
4833880
1947630
5518880
529095
3337809
1514165
6558107
5783874
3705175
5021725
2418802
486954
2388234
1253361
2315092
3285725
4755593
95230
5474583
1143502
3807306
3784775
1700358
6662632
6672009
5799045
5365587
2133256
4675664
6806919
2987476
2900374
5247308
4768399
824341
6410789
1704007
982732
4440873
2010191
2529880
609842
1745014
3630358
6443277
1943067
6894776
6082485
6655177
4351538
5911672
5580385
5833905
1520149
2355697
3915793
4984812
2930477
6324800
6679936
1998503
5214559
3246609
3491035
25890
1579408
4144927
3625219
3166193
5221907
6494474
4409542
6819526
5615027
6192407
893376
2697031
2750987
1649304
1159381
728729
1681171
1120675
6985288
2781627
661321
3111355
5205784
4959821
6423014
1650052
4074250
2754293
717700
4460228
6655667
6439846
5424805
3229526
4654195
6228907
4364358
6035801
4991771
5956522
5252886
4272058
687479
1944427
379548
5183020
2218077
6589220
1716684
6243932
4206936
3758444
2794199
3426779
6756317
394999
2379588
1192704
3642624
4789379
508605
2113155
2233618
4534240
4998633
2338236
6592065
2462387
6898400
6470908
5636311
2450020
4124062
4241827
5874953
624417
3680132
1587684
6803325
315032
6841733
223539
523094
2229928
1833833
6904880
3934329
2270162
6006252
4460536
3482582
1293831
979924
4531013
6971978
1376176
6328267
3369920
5142829
3884502
5438130
314245
4749525
2612885
4913739
2219237
4199427
702369
5465812
5519916
1916403
6054076
4385033
6019570
3533029
257714
2110008
5436881
4569952
4675312
6953866
2521353
5102851
4070767
3192521
602192
2910702
4739057
2701976
2665732
2795334
3783429
1524962
1925757
4170618
1529094
6753176
6176771
2692578
6262413
800229
2339410
1546150
1829909
241182
6335087
2388704
4714976
2748573
3435724
103505
5080089
5215698
2137148
4100826
6544286
2704929
2614955
6247043
3841073
2744359
5068424
1646909
6978381
1684261
3849077
2843874
2725601
4159853
4175926
221236
676283
5052189
4972407
1311329
2260747
1753885
42725
6375263
5125582
3864374
4117354
3704650
1280911
4074974
323748
751617
425866
1697620
6659765
5585959
5574940
1071286
1816220
3585025
6362837
1117164
6869719
6610940
3245284
265764
6292358
5094775
6102536
4617624
2833779
3949894
2387496
4222992
5825879
840942
83215
1718620
3816971
476702
1096283
842111
6428410
5766112
6734109
3934610
1232074
5146917
3841034
5243042
671263
2980105
6198936
6495596
344216
2191934
3289000
4472980
5045200
792718
263608
2624008
2947888
6567891
6922342
828953
82628
1705267
504483
6466648
1189059
3492875
5944077
2314686
4673753
1507059
6894347
2515983
3559972
1401165
6270605
1262197
5587382
6230919
4602404
576484
5201983
570513
854324
2068104
6618099
1475090
1429065
3602001
2439378
6546234
6109578
4202585
5927169
6008210
6886685
5854203
503572
4314318
3202
3872042
6258479
4588518
990623
3997184
6217478
4437174
4170587
6501302
5505018
293076
4194647
3585754
1418492
983695
572807
2294240
4922368
5306536
375408
3149209
117211
2138606
1007356
4306267
5034026
3481570
5337418
1788973
4309634
1189701
414212
3887710
1533536
1769191
1082153
3849541
6754184
4144590
51364
4590578
849587
5586722
2348059
515335
3023346
1359572
2934998
1780931
4809028
5983215
3391894
4863978
2905543
1393189
3891573
1613100
1553588
2888786
510697
4989571
350285
209149
416581
5003838
5149480
3542188
908368
4605549
2878817
5829462
3275499
2617829
5323944
5961878
5713735
839571
6789392
6808535
5500069
3605663
2645537
995385
5153157
4876459
6201276
6836290
1212193
76950
1343684
2155782
1225978
6820635
6346443
2950802
2089904
1434625
4262342
3321305
2080089
4408273
2669092
2016461
5874756
243763
4313284
4782432
1419818
6282274
385848
6782725
5679657
4580785
2041081
2761535
2087533
5108116
5685465
1261508
3071579
3930727
681105
4392294
3304388
3265427
6623034
4959244
5394643
74450
1595572
1166896
1009805
6490580
6756404
6615367
5414684
5644314
2698303
74425
929696
3154403
4228563
2947568
3015426
1299310
2442042
4081860
6054331
2697819
1624874
5656166
5808743
5851608
3732154
6066284
2951703
1812758
6301618
1008163
3980610
494954
432670
6159815
5118669
681908
5409990
4196819
3493075
2246700
6868096
6305994
5572532
4715119
938487
2472384
1745196
2531295
2402586
5481139
328088
214097
2777035
5714439
1485831
5208423
2032468
3058702
2540933
6388324
6676976
6058779
1875762
4851962
1315714
2849814
1318377
821822
1255839
4642656
5664980
2874629
4913633
3633388
6006330
4975926
473373
5076734
5347673
1113059
5342648
3902615
4597765
1100819
538037
70761
418680
4529866
3960388
728818
2560847
2752454
1556222
6917216
5601848
6968874
5950324
6653662
2575090
6104579
2664428
4331057
1003261
1123355
2982970
3199784
1403579
4030123
420446
6002973
1003106
898042
4616932
6971751
134559
6671707
1331400
3375164
5510137
2826656
6615369
3003292
5757300
1121543
5533264
2832647
4228949
358385
2301264
551133
3946247
4386667
1600500
2790782
3439924
2528617
86272
4423409
1301096
6877807
1262605
808842
4185167
4526851
6764268
5213441
4055958
3296613
6713275
2179409
435141
705503
3278703
4872088
3543329
2552996
2332232
1254502
878495
1569931
3693316
1807673
4734074
3813837
6967549
3988238
4040190
3609762
477050
3472449
2908340
3302186
3830008
4719153
1856725
3319047
6680796
2250175
3219226
2955795
5942963
821106
3317772
3478466
949441
6983167
1797716
605713
1008066
1534844
5589876
4920117
1418912
5811983
3805002
6078791
6703456
3007407
3280131
5668861
1067333
4378731
2870120
3668465
4037785
553063
5580264
430109
4618540
3028621
1534796
4388439
2077352
4170045
6672449
1693066
4603640
723364
6886522
4888125
436030
2790478
5533680
3500486
5883129
2831706
5248023
1695901
2929730
6595553
2951936
2687191
2635362
6596233
5788987
6431071
4695772
5883479
3280716
501764
1989904
2386794
6219019
1106040
5736838
5394725
618942
2143911
5312466
6895316
2892035
6015410
5485516
5139611
5914565
289618
3679688
1750938
6845075
674524
6219261
3694606
4032424
5535783
4022160
2135500
304665
3616213
6467190
2868561
3110963
6406276
6862040
6180894
2597591
3348840
4886694
466698
276019
880357
6751866
1239895
2831804
1209648
2795461
3720281
993886
177363
3751132
1649209
6046892
2820489
6948889
3809897
2843560
5439116
3539635
2908170
5917878
2354754
5023732
6039330
3608474
6647875
3179984
3447182
3911666
1977041
5387609
4050380
5610245
4826740
1565643
3272746
3889207
2923878
2369855
861480
4876162
3212471
1177271
1605335
118089
1010550
3098584
6187533
3008932
4027679
5353845
713176
4129238
592392
5599870
1797533
4608976
4068182
6780106
4646308
6789998
2657203
5167337
6248910
4153163
2853265
2802848
3358135
4035990
6576398
5436726
2245513
5588988
2718126
3895621
1705490
4619848
3772573
795729
2596484
1461457
2148195
3143268
4700077
5012015
5950619
3661534
717966
5383783
1427938
5968863
2031436
6755449
564157
3798800
1295729
4253279
2549146
6775879
259283
1892213
6925626
4940625
6359226
5129619
1622181
5549985
4697089
6589694
868315
3858440
4799882
834514
3283924
3086506
5591992
3615362
4487841
3154173
165754
3908333
345809
3981561
6659039
2591451
4605775
6452697
2802367
6174459
983253
1803647
4336519
4226380
5930865
4494663
4714023
4579235
3162941
6520126
3567744
5548714
3971854
6961572
5077574
2605797
2148278
6064537
3985079
5580708
4966834
6914977
2171187
6130376
6533021
415170
945972
6826785
4924763
729024
63020
1362184
4300567
3034017
4171612
1119490
4901088
6528541
6508990
793074
2579655
1764667
3610352
6437740
6651451
5845743
3505366
6890724
3114426
6302508
4895218
5452371
2439358
3597569
963605
648223
3196499
457060
1089106
502103
4695968
4200287
6875553
3428928
4638935
6747563
6008796
2492964
2719209
463623
1416758
5970895
6663834
4170009
3873982
4210747
4338684
1335006
2103318
5641463
1266221
5664096
4310909
4057304
1008036
5358245
520872
596560
2920561
260685
5319141
1604647
6255130
3880575
568769
196255
4118378
1012518
6284295
2595043
8082
1088580
6253171
6478050
6589223
865074
4774259
5297708
5495585
5731223
6159583
3749783
1235671
4410778
4979638
1882346
2951884
696867
252347
5815633
2190368
5218567
6405788
3808410
1152705
4605476
317793
833721
5237468
372147
2795710
2675957
6072918
3865560
5012533
4630771
1385730
6168605
5870766
2402795
5428862
2697058
4895652
6392518
3912630
21430
5133093
2231405
3018794
3064271
533054
6924038
2165797
6742598
2763928
5620528
6120192
5142414
44685
6848751
2069384
4533839
2312975
3794356
4432026
5518086
943318
6399454
2802967
4098422
4366424
6040614
6855695
5920753
3541591
5616949
640665
5543439
4799778
4025096
2988743
4536927
3939881
4868655
3976996
5703693
5219029
193157
314298
1022779
3704636
1950683
5634609
2989683
2044430
4768112
6375158
6298840
584521
2018119
5186281
5727855
3346942
392258
5958067
2835389
1895323
2593357
2491655
4188703
1354339
6313740
4277883
2838285
646417
6185335
3823983
5103713
724161
3375389
2881194
6771413
2633623
1583290
3731652
311413
1602709
4473443
1777609
3208403
6762049
4962819
2359784
1324344
3258657
2644212
1121255
130654
6035584
2625375
6230268
1970152
5038236
204468
6009563
6749929
3277947
6920074
2957850
4771080
1033068
1744556
17782
4608766
1489703
2593072
1983504
1982050
4245472
39528
3364826
4029476
2012676
3936341
153321
1197744
3032261
6871459
6755120
3579250
5943466
3644334
2738568
3997096
3843618
5081177
4560041
4231485
1292958
3171776
6570309
2735509
6521165
1248653
479847
4736498
5912523
5349425
1337110
405
2045735
1740076
4855381
1239839
2675874
3042778
1948982
792213
1164144
1510812
4673705
486183
6276092
6643802
435093
1156154
4046627
37186
4172436
5927385
2544081
5300619
4982775
4536309
2175657
2219910
1725870
5190964
1743833
1955838
6961306
4517101
3688529
127195
3683942
2440598
3692267
1558285
266114
5779164
3339110
1032262
337836
5652715
6305311
4819919
2267760
918725
3438532
885915
5957038
3126813
975727
4527506
1589443
6987517
1412711
921950
6875682
1503981
2261091
6813239
859980
5714126
3294595
5285955
3296856
801261
813923
1328179
4881820
3426218
1123032
5988750
6042751
4172165
4463567
5633889
2337916
3875585
2673788
1358525
4367035
5141073
5493795
5487877
5692061
5347202
4315004
339646
178820
1001748
3399507
4845663
5356193
6076200
5212113
5219879
2123703
57426
3217309
1857244
2580818
6601192
6443707
1177665
3241356
4037113
766729
1483736
6016587
5860910
5579338
1954324
5214198
854692
5936352
6306590
1620226
6395804
6451934
2660971
3330110
5948305
4741809
2119913
5152196
5115449
478116
4117997
536391
2100591
1307017
1755255
222373
6260238
1959520
4270055
4632440
2390416
373006
875065
6603030
5777510
2942739
2347741
4623829
5405411
4098515
5598749
2393021
4040471
5937174
3640510
4608264
1695520
3508179
5767663
5830606
1836239
5540214
4043296
3857514
4063568
2301218
4661138
717705
5296865
3960086
1712522
4349424
6659374
2648942
1820845
1935655
4664310
1151671
781430
384205
603726
4552756
6451113
3249878
2904265
103795
1554396
746646
5478186
3616747
3709065
3697250
2868350
127608
6404521
2201145
3670366
2609513
2388387
4391186
5551203
2949832
666590
671098
5466792
1790886
6744557
1224246
6559724
4592194
770289
3563858
5193261
3233854
6080661
1361820
2256709
6548302
5184307
5808201
1404361
2594776
4494530
5403191
3774386
550878
3821558
2432106
5164662
4252126
3284781
5940214
4543485
6593839
1312844
5841524
1891908
1540764
5900413
4574786
716671
3818408
2997760
6686174
5512074
323373
2068438
834788
802865
5096608
6588478
358670
3867049
2019390
1348785
5482243
6297898
1246910
3053264
2859012
132166
5859753
3643946
3044629
2754188
4988859
5193953
5231075
5024557
1669730
3411116
1359494
5609821
23127
2516387
316728
4577032
4809303
2006612
337641
951821
6945193
6021006
3983775
5309612
325296
4052975
2871815
4220104
2270686
2342078
4146850
1148767
2859178
2260247
5836539
1081774
2293330
4705862
2621195
1423101
6474936
4784696
5804960
6906988
4101076
5872551
5509895
4916213
4928776
2674427
744622
1293610
747370
4767524
730566
3831399
5593847
1770166
4024378
1787904
6479184
5515338
1921476
4598841
353080
6618523
2281523
4188619
836197
1608571
3995487
2106560
3750277
3031129
2193621
2976088
6085024
406145
6726486
3662084
6936945
1758840
2162146
2416538
4009536
6654299
5957869
3455035
2875903
3476163
3013193
1989353
5168892
3176754
2865743
6331506
5859094
6808947
387155
1337573
4291037
3086876
6646689
4996790
991231
2723056
198588
4947947
4801739
1115840
2936695
4318170
3963345
337690
1551173
6662330
4041079
4194816
1934479
1781321
4733366
3563796
2086243
3810577
308385
5409092
3513867
6984470
4047959
3807052
4914405
653045
379229
6721902
6776678
3354858
810745
927323
3977579
6948451
1899146
5385041
5669242
2510605
1410284
5990471
1874709
4451604
5042538
2601783
6237290
3182578
1987421
5191506
6079484
6765403
4498997
1871583
2574893
1257514
6743170
6641019
2656050
1295209
3925050
1750493
5460929
5238185
6603840
6546826
2826319
215087
3014420
2567483
1744017
375129
2511013
2895866
2894741
853413
4183685
4866540
5210255
3638106
4736902
311772
652048
5026451
5666159
1113041
6281767
4902484
6624285
119314
923700
4719889
4952265
2943014
6226799
970697
2248991
1956302
4613717
6590897
6994379
70154
6980878
2529113
1769420
2549044
1451967
1426711
5365934
1886990
1977427
6144273
6353590
2851869
6319429
4278292
4181311
5903718
1737934
6235890
4818343
6820959
5903119
3825955
92835
35875
6394926
1990840
3115303
5644335
2597076
1918723
6323355
1438024
6153384
1310852
2515107
1099870
1674492
5464639
1762280
731393
1573129
625868
6223206
5160530
520429
1057140
3570191
5436528
509802
1610665
5110027
80821
1905933
3740276
4875867
206525
4741543
36165
4002966
3031869
3984264
2198063
868896
6094053
492822
6043226
1328585
6948331
3587923
2866866
5314870
3598008
5933148
3201884
4657609
1250135
5549382
6330889
2347024
5419589
3098400
2503375
4973296
5941014
4683278
95801
6028729
5522141
4318292
6153980
1740115
2805228
1367088
959156
4222242
2534502
6981767
4115107
426801
6347358
3826277
2627449
884996
1314069
6024646
4641447
5531468
5868368
3117933
2211683
2865253
2162396
1660831
4969556
1861872
5940154
4518638
192311
3921290
1550575
4147996
3735502
59945
640502
2726096
366252
252160
3053154
3068665
755987
6351584
6324160
2846784
2220749
5087898
1692266
6998766
1141395
6301554
1935561
5705581
2345100
319824
937303
3465443
1674421
1459736
3557199
5588960
6482566
5250395
3172849
2651175
2166280
4683682
874017
5389988
1115451
5986038
5733063
6474612
6335466
4080330
4014361
5037835
2340565
5607336
3784805
4010952
6649822
1528014
2308412
361916
354367
2386927
2884899
4890011
3132209
4944478
501790
5687695
359743
1581359
2319457
4284772
5607738
1626800
3527940
3176060
1166285
4301640
6854284
5944296
4030398
2073440
3478820
5172209
5567235
5441667
1803568
6704772
3887480
1606936
549741
3462307
3913819
6494481
469440
254058
4708138
5239951
3937339
5100350
661257
2639861
3203881
4129634
6142153
2348666
3907272
3273603
4219199
4173047
3427981
940619
2876004
4439678
1379082
6521861
1182661
3048993
4568113
2839228
1141982
3859082
1653280
401024
4735749
832075
2457542
1395552
938873
4856134
2585752
1788023
6728654
1120060
70002
2487945
3986570
1430523
4804794
3946818
1187761
3267981
5233659
6587060
42471
5015596
511919
6176572
3825968
1955949
4445818
3224698
93998
4782686
3680692
873663
5173026
2319578
2453263
3918333
5811092
3811278
4808696
262036
6215039
4071605
594368
5468602
6247483
5169210
3955498
3188811
4954070
5333550
2131072
5601854
4150965
4527205
5915919
5569352
1144
1708819
6778877
4806636
4942122
3030056
4519193
4849329
611077
5096025
3560202
3282525
4043983
1205465
690463
4104737
5783088
930694
4827381
2615949
5947039
5676346
2136317
4065437
6611127
6024737
1784034
663919
4120718
3250583
2650979
2723014
6841103
2603741
6310993
2560079
6882656
5974621
2285835
3575958
3956325
4901930
662120
4882923
1971926
3212194
2184898
4377129
515868
2016720
2727943
6753634
1817401
5893105
6389185
488927
1865636
909925
2291906
2958934
3333609
242166
2804889
704185
2680516
6971889
5603648
2348848
2594594
5675096
6061145
1779026
906075
4860027
2445578
5350627
5413374
6215119
3702195
2657967
3601878
337708
1989241
877786
5680758
1959689
2413112
141962
2923961
1332433
5520331
2886816
2521379
3573738
4024019
5817259
6868559
1343775
2416512
306748
5289969
1773467
5997377
2699932
4354174
4254334
4304630
931682
6636210
1437464
5389454
1145658
4811733
3329772
4561026
3107430
2179348
78890
3296390
1443430
5431312
3362450
4505655
2737212
6913408
2124092
188115
4599443
4762189
4876877
4720835
2122661
5617300
5908082
2734062
4047536
2453926
1939677
929109
5394803
3187722
4362095
1579130
3425407
6811649
3575776
2834506
2656106
5510240
5851998
1674713
6340158
6182654
4355309
2028673
6037151
5679974
5361701
2497740
931974
2928828
4749749
121066
5863871
5846661
5927095
2586365
5362358
1585480
4724303
6238657
5608461
5471759
4095878
4208717
1011640
279246
625985
6407611
2021197
5539384
3014336
220764
146914
6541530
5285381
4530872
4180026
411928
2516755
374143
2733066
373145
3448733
6505111
1717196
4164143
497285
2347402
5627301
3474743
1820460
5002984
3662783
6230019
5440193
5204069
6666395
3759307
3329330
2214313
5106466
1852511
6297010
1649185
947571
4588622
5129336
2202709
2958369
2132046
273535
363960
1245269
5803280
6347362
2441954
1693116
2896205
5617962
3632529
2712012
