1500787
1498207
1500000
1499763
1500209
1499114
1500265
1500788
1499240
1501402
1500937
1500107
1500901
1500657
1500907
1498933
1501337
1498794
1501205
1500954
1499805
1501111
1499672
1501426
1500539
1498998
1501710
1498108
1498730
1498802
1499624
1500380
1501188
1499168
1498894
1499851
1500238
1498648
1500350
1500971
1501359
1501207
1500043
1498907
1500576
1499241
1498544
1499647
1500458
1501204
1498430
1500432
1499304
1501039
1499243
1500773
1500183
1498953
1498442
1500119
1502005
1501517
1500281
1500531
1500142
1499507
1501544
1500273
1499518
1502460
1498076
1500331
1501424
1499802
1501785
1500547
1499020
1498762
1500793
1498962
1500750
1498859
1499146
1502055
1500359
1500601
1500335
1501284
1499098
1500398
1498873
1499579
1498254
1499144
1499739
1498909
1499646
1500135
1498449
1500065
1499977
1501109
1500423
1498720
1500152
1501577
1499875
1499471
1499314
1499943
1500328
1499661
1500395
1501032
1499858
1500851
1499566
1500548
1498393
1499985
1500737
1500560
1497148
1501385
1501139
1499355
1499480
1500799
1499215
1501141
1498616
1499929
1501603
1499486
1499402
1501397
1499712
1501077
1499023
1499331
1499584
1500140
1500095
1499033
1499964
1503061
1499415
1500278
1499799
1499791
1499905
1500075
1499801
1499946
1500838
1499762
1500973
1498891
1498719
1501996
1499142
1498827
1499564
1500322
1500575
1498242
1499609
1499750
1501232
1500017
1498682
1498588
1500341
1500985
1500942
1500443
1499245
1498861
1499341
1500686
1500223
1498700
1500563
1500781
1503440
1499963
1499319
1500320
1501014
1501371
1499818
1500804
1502537
1500093
1501007
1500485
1498384
1500037
1500114
1500284
1498166
1497387
1500178
1501438
1499380
1500567
1498832
1501278
1500379
1500417
1501133
1499877
1501364
1499813
1499673
1500313
1501392
1500729
1498782
1501221
1500772
1499779
1499912
1500697
1499470
1501362
1500970
1499570
1501127
1500469
1499915
1500648
1500452
1499658
1500151
1499068
1499500
1500703
1499665
1501047
1500367
1500709
1502120
1501528
1500249
1499971
1499208
1500957
1499744
1501114
1499933
1497337
1497684
1500600
1499740
1500827
1499124
1499035
1500227
1501190
1501157
1501523
1501615
1499261
1501565
1500146
1500208
1499761
1499889
1500078
1500541
1500742
1499512
1500116
1500083
1498626
1500445
1499278
1498711
1499145
1500999
1498780
1500825
1497668
1498572
1499773
1500517
1499553
1500696
1499256
1501338
1500422
1500264
1499590
1499336
1501600
1499129
1500585
1499841
1499620
1500306
1500878
1499397
1499524
1498473
1499073
1499998
1500945
1500448
1499938
1499343
1499337
1499637
1497703
1501886
1499269
1499313
1499594
1500171
1500859
1499002
1499629
1500481
1500220
1500073
1499511
1499911
1498813
1499058
1499663
1498509
1499874
1499078
1501448
1500652
1501319
1500488
1499707
1498888
1498002
1501203
1501029
1499469
1499157
1499678
1499137
1499900
1500932
1501466
1500196
1500574
1498785
1502228
1500887
1498688
1501031
1500523
1497305
1499775
1499291
1500693
1497859
1498613
1501120
1499514
1497520
1500516
1499032
1501135
1499178
1500982
1499892
1500262
1500319
1498210
1501048
1498767
1500736
1498884
1501335
1501810
1499592
1501277
1500355
1497969
1500784
1498714
1502538
1500412
1500466
1498395
1498326
1500740
1498766
1500396
1500304
1499826
1499206
1499513
1499459
1501417
1498898
1500294
1498940
1500013
1501582
1499935
1499842
1501087
1499045
1499395
1498154
1499388
1501617
1499521
1500774
1499464
1500963
1498913
1501801
1499529
1501151
1500438
1501666
1499445
1499176
1498733
1499770
1501065
1500633
1499067
1500435
1500573
1498619
1498718
1501952
1499541
1500046
1498906
1499546
1499476
1501187
1498781
1500429
1500074
1499955
1498910
1501404
1501038
1500809
1498819
1500274
1500154
1499781
1499080
1501678
1498421
1500689
1500906
1500173
1501368
1499588
1500651
1500318
1500394
1499614
1499837
1497862
1499332
1499116
1499565
1498764
1498980
1500291
1499606
1499057
1500039
1501035
1499812
1497554
1500314
1499574
1499095
1501752
1499528
1501530
1500172
1499745
1498993
1499641
1498353
1498741
1499593
1498362
1499681
1499930
1501771
1500537
1499585
1498844
1500251
1500042
1499870
1501356
1498652
1500298
1501871
1499834
1498077
1499398
1499442
1499923
1498765
1498656
1501596
1498699
1501963
1500333
1498312
1501515
1500007
1499333
1500033
1500895
1500082
1501947
1499940
1501252
1499817
1498955
1499434
1500382
1499861
1500356
1500120
1501580
1499696
1499501
1499425
1499960
1499213
1499150
1500803
1500252
1500671
1500493
1501340
1499451
1501240
1499378
1499757
1499973
1499849
1499611
1500530
1498929
1500542
1498701
1498936
1498799
1501220
1501106
1499825
1498187
1498779
1498532
1502136
1499882
1499345
1499979
1498855
1499489
1498774
1499110
1501021
1499794
1500416
1500529
1499109
1500434
1501183
1499710
1500770
1499640
1499117
1499309
1499472
1500798
1499619
1500830
1500381
1500507
1499610
1499130
1498973
1499502
1499838
1499886
1501200
1499832
1499778
1499444
1500543
1498990
1499925
1500836
1501070
1499019
1500330
1498893
1499827
1501938
1500230
1499560
1499752
1499563
1501100
1500791
1501229
1499108
1499756
1500441
1499328
1499435
1500879
1497568
1498367
1499720
1497685
1500870
1499282
1499701
1499391
1499932
1498173
1499908
1501287
1498079
1501196
1501145
1500550
1499967
1501026
1498729
1501066
1500022
1499509
1501925
1499844
1499143
1498976
1501534
1500248
1501642
1501723
1500468
1500077
1499685
1501654
1501594
1500789
1501012
1498639
1497855
1500623
1499264
1499477
1499899
1500312
1501333
1501365
1498510
1502693
1498150
1502343
1500794
1499262
1498472
1498582
1499648
1499076
1501005
1500506
1500024
1499260
1500952
1498443
1499014
1499978
1500756
1499340
1500674
1499012
1500676
1501447
1500622
1499237
1499082
1499522
1500384
1500556
1499961
1499792
1501363
1499680
1498920
1498636
1499621
1499163
1500405
1499454
1499830
1500512
1499393
1501358
1500894
1499214
1501398
1499674
1500909
1499873
1499635
1501099
1501554
1500823
1500812
1500347
1500433
1499741
1499389
1499746
1498355
1499694
1499284
1500822
1501445
1499659
1499052
1500311
1500707
1499537
1501679
1502988
1500245
1500921
1499460
1499766
1498676
1501008
1499806
1500642
1499212
1500364
1497604
1499695
1499411
1499433
1497405
1498132
1499691
1498630
1500977
1500250
1502002
1498450
1500621
1499987
1498801
1500514
1498606
1499835
1500402
1499572
1499216
1500006
1499488
1499475
1500552
1500459
1499907
1500718
1498886
1500325
1500470
1498470
1499394
1499182
1499141
1501863
1499548
1498918
1497565
1499315
1499798
1499274
1499018
1499595
1498162
1497744
1499732
1500132
1499436
1499153
1500254
1501089
1500554
1501543
1499496
1501267
1501315
1499530
1501060
1500498
1500917
1500205
1500145
1499229
1498282
1500876
1499427
1498229
1499613
1501795
1500147
1499850
1497530
1499544
1500578
1499569
1498322
1501980
1500315
1498967
1500215
1500858
1500011
1499966
1501744
1500961
1499105
1499377
1500480
1501375
1499495
1500038
1499787
1500009
1499828
1498740
1501063
1500299
1498654
1500012
1499878
1500275
1499048
1502650
1499714
1499852
1499155
1498768
1500553
1499474
1499602
1501561
1499370
1500862
1501697
1501280
1501572
1500572
1501144
1499353
1499431
1500629
1500755
1500229
1498997
1499968
1498463
1498770
1500687
1500888
1499811
1500566
1501122
1500204
1499461
1499916
1499723
1501019
1498451
1500160
1501395
1498352
1499121
1501887
1501353
1498882
1501788
1501002
1500081
1500734
1499559
1498453
1497329
1498833
1501510
1499177
1498804
1500045
1499767
1499443
1502241
1498365
1500164
1501473
1502776
1498927
1498632
1500590
1498904
1499992
1499891
1499416
1499030
1500743
1498486
1499439
1499279
1501054
1498287
1499249
1500376
1498224
1498107
1498000
1499062
1497196
1499317
1498390
1499154
1499865
1499404
1500255
1500612
1500451
1498853
1501268
1497854
1498800
1499807
1500701
1500029
1498032
1500489
1499322
1500695
1500616
1500771
1500388
1499800
1500869
1500805
1498139
1501062
1499368
1500179
1499568
1499414
1498531
1502177
1501243
1499848
1501502
1497852
1499412
1500447
1499692
1499344
1500758
1500669
1499158
1498406
1497906
1499326
1497885
1500276
1499468
1499698
1500653
1499713
1500768
1501703
1501148
1497848
1500143
1498272
1499272
1501571
1499371
1501533
1501043
1499484
1499719
1499748
1500988
1498494
1500427
1499303
1501567
1499039
1500994
1498631
1500646
1500192
1500955
1498245
1501761
1501381
1500198
1498935
1498992
1499428
1500704
1499197
1500884
1499074
1500211
1499531
1499372
1498319
1499327
1502372
1499375
1499535
1500053
1500155
1499797
1500706
1498603
1497882
1500003
1500217
1498887
1499426
1499630
1499603
1500418
1501446
1500014
1498856
1501097
1498199
1498849
1500927
1499633
1500200
1500902
1499731
1500816
1500744
1500136
1501121
1500764
1501682
1500117
1499860
1500673
1498386
1500170
1500193
1500617
1499942
1498627
1500527
1500088
1499060
1501722
1499465
1499600
1501779
1500175
1500066
1501390
1500400
1498796
1498609
1499481
1499697
1499751
1498318
1498840
1500370
1500240
1500513
1501206
1498683
1501237
1499881
1500259
1498072
1499128
1501126
1500334
1500810
1500710
1499003
1500110
1498305
1500589
1500112
1498760
1499075
1499700
1499061
1500246
1500041
1500640
1501629
1501167
1500868
1500960
1499226
1498795
1501680
1502658
1499316
1499201
1499228
1502261
1499536
1499102
1500581
1499786
1499970
1499857
1498292
1501250
1502021
1501399
1500557
1500128
1500461
1499760
1499085
1500912
1499650
1498435
1500085
1497596
1501219
1500386
1498399
1499928
1500125
1499883
1499679
1499169
1500159
1498062
1500002
1500049
1500187
1499945
1498828
1499859
1501655
1500801
1499742
1502271
1499810
1499396
1500113
1501724
1501258
1500949
1501588
1501347
1500678
1498415
1501084
1501224
1499027
1499783
1502309
1501170
1496624
1500186
1499839
1501464
1499831
1501471
1500889
1499578
1500279
1498437
1500337
1500191
1501601
1500941
1500515
1499458
1500340
1500826
1498924
1501064
1500138
1499094
1500109
1498931
1499103
1498530
1500232
1500728
1499510
1499989
1500776
1501583
1501273
1501271
1500054
1499926
1500864
1501134
1502263
1500611
1499601
1498637
1500702
1500076
1499618
1500896
1501244
1500162
1499423
1500001
1500496
1500882
1501800
1500243
1499329
1499385
1500332
1500922
1501078
1499993
1499749
1500375
1498548
1499187
1498118
1501004
1500005
1499876
1499373
1500258
1498814
1500097
1501628
1498971
1501201
1501037
1500016
1499036
1500761
1499224
1498865
1501900
1499523
1502333
1498680
1497966
1499043
1499937
1499982
1499682
1498858
1498615
1498589
1500940
1498590
1500373
1501740
1500176
1499247
1502674
1500348
1499931
1502301
1498923
1501018
1499159
1499180
1499286
1500094
1499853
1500421
1502273
1500492
1500407
1500123
1500166
1499919
1499041
1499238
1500148
1497709
1502020
1500087
1500607
1500519
1500925
1498313
1498596
1499520
1500444
1499151
1499160
1501092
1499589
1501797
1500538
1499165
1499167
1497866
1498375
1498880
1499897
1501281
1500464
1501455
1501265
1500983
1500244
1502109
1497501
1499980
1498261
1500715
1502314
1501602
1500615
1500786
1499816
1499847
1500847
1499768
1499358
1498846
1500509
1499346
1499866
1499755
1500260
1499453
1502037
1500904
1500666
1501312
1500641
1498252
1501160
1503449
1501213
1497944
1498396
1499975
1500597
1500619
1497511
1499413
1498608
1500748
1499189
1500133
1499096
1498864
1498003
1499715
1499639
1498666
1500424
1497770
1500194
1501496
1499727
1502236
1500437
1500719
1501150
1498822
1501965
1500943
1501006
1500649
1499255
1500072
1500738
1496746
1501069
1498848
1499452
1500387
1499122
1500004
1501423
1498611
1499580
1501882
1498522
1499605
1500091
1500436
1501386
1499803
1499705
1499587
1498922
1500326
1498835
1499437
1501045
1497764
1500353
1500361
1500663
1497986
1500624
1499622
1500301
1500150
1500661
1500745
1498708
1500920
1500614
1500068
1498843
1500891
1500968
1498649
1498456
1500195
1502159
1500965
1501088
1499634
1500495
1501562
1500650
1500307
1498952
1498689
1498417
1499089
1500947
1499320
1500221
1500951
1498786
1500934
1499351
1500453
1499290
1499071
1498586
1500134
1499024
1499575
1502818
1498490
1501409
1501485
1498877
1500167
1498497
1498999
1500857
1499957
1499162
1497473
1498938
1498235
1498155
1500741
1500018
1499029
1500203
1499204
1498299
1499479
1498988
1501649
1499207
1501307
1502530
1500124
1500213
1500637
1500850
1498660
1500477
1499913
1500711
1500393
1502866
1498290
1498839
1499356
1500222
1499152
1498617
1500026
1499195
1500261
1499311
1500224
1500057
1499132
1500103
1499446
1499840
1499722
1499300
1501082
1501400
1499364
1500683
1496769
1500565
1499254
1498560
1501222
1499880
1498659
1500699
1497653
1499545
1501893
1498389
1500324
1499093
1500253
1499573
1499721
1501551
1499277
1501377
1497021
1502350
1498803
1500236
1501169
1499668
1498380
1500036
1499382
1499959
1499065
1500237
1500235
1500015
1501023
1498477
1501956
1499305
1500860
1497561
1502246
1499194
1500457
1499131
1500378
1499007
1500044
1500202
1499671
1500692
1501379
1500811
1501435
1499517
1501470
1500828
1501609
1500197
1499947
1499308
1501247
1499615
1501234
1500383
1499172
1499198
1501441
1501670
1499118
1499293
1501261
1498193
1500181
1500165
1501090
1499230
1499407
1499598
1498536
1499070
1499901
1498281
1499654
1499193
1501672
1499718
1499690
1499334
1497998
1498049
1500086
1501516
1499483
1502036
1500708
1500415
1499631
1500247
1499493
1500720
1500959
1498541
1500939
1498444
1499161
1499994
1497446
1501317
1499754
1500579
1498866
1501231
1500486
1501505
1500842
1502646
1498911
1499863
1499683
1499210
1500476
1500591
1498635
1498950
1498420
1501866
1499820
1500751
1500911
1499084
1499884
1500765
1501493
1499910
1497788
1502977
1498872
1500628
1497169
1499430
1500877
1499533
1498703
1500084
1500212
1500339
1501059
1499053
1502094
1500950
1500286
1500916
1501011
1500023
1500058
1501318
1498392
1501208
1501604
1501403
1499359
1498698
1499643
1501777
1499728
1498214
1499005
1501209
1500658
1499988
1499706
1500508
1499645
1498571
1500953
1498728
1501094
1498696
1499927
1498987
1497864
1501759
1500070
1500439
1502004
1499046
1499097
1499312
1501013
1501476
1500854
1498227
1497538
1500169
1501163
1500571
1500309
1500522
1501086
1499419
1500392
1500491
1500956
1500214
1500790
1500592
1500987
1501889
1499675
1501334
1500362
1498164
1498265
1499248
1497436
1501491
1497863
1498153
1501238
1498347
1500130
1499271
1500775
1501245
1501487
1501960
1499170
1499242
1497745
1500101
1498821
1500177
1499112
1500630
1500821
1501924
1502571
1498038
1497883
1502512
1498954
1502386
1500625
1502027
1500352
1500467
1501545
1500752
1499280
1501459
1498336
1498267
1502541
1500282
1500780
1499367
1501136
1499626
1501394
1498747
1497736
1500796
1500544
1499729
1498143
1500779
1500390
1500944
1500420
1501095
1501789
1501279
1501055
1500293
1498321
1501815
1499716
1500463
1499969
1500989
1501506
1499088
1500289
1501263
1497849
1499059
1499894
1498359
1498561
1499136
1500800
1500910
1498707
1498983
1499253
1499815
1500577
1500785
1500099
1499473
1501874
1499379
1499026
1501348
1501172
1498687
1498978
1497921
1497164
1501270
1500723
1501246
1499999
1501741
1501920
1497910
1500856
1498573
1500778
1499125
1499996
1500852
1501692
1499693
1498146
1501481
1499462
1501198
1498368
1499447
1499042
1502203
1497584
1501123
1498419
1501560
1499981
1498693
1499406
1500502
1499855
1499793
1499263
1499357
1499669
1502269
1500599
1501620
1498742
1499498
1500913
1498789
1501791
1502352
1499638
1501644
1500288
1499952
1498755
1499809
1499914
1498029
1498601
1501053
1500732
1498488
1499409
1500749
1499804
1501880
1501859
1498401
1500210
1498932
1501712
1499823
1499576
1498836
1499149
1501472
1500035
1502025
1499962
1500484
1499887
1499503
1501199
1501046
1500268
1499782
1499422
1501427
1498057
1501093
1499457
1501858
1499904
1500450
1496848
1502403
1498947
1499599
1500047
1500163
1500534
1499924
1501949
1500588
1501211
1500759
1498610
1498575
1501732
1499702
1500303
1498174
1499642
1499885
1500892
1500926
1500263
1498452
1500027
1498133
1499205
1501057
1499664
1499438
1500643
1501235
1500924
1499709
1500185
1497555
1501497
1500667
1499376
1499235
1500389
1499657
1501178
1499854
1497200
1501688
1500478
1497172
1499203
1500385
1499582
1499699
1499192
1502082
1497779
1501028
1501653
1500510
1502165
1499688
1501411
1497109
1502134
1501564
1501308
1497722
1498776
1500853
1502605
1499350
1498228
1500716
1498183
1501230
1498847
1497719
1497680
1499147
1499123
1499069
1501542
1499651
1499392
1500505
1498593
1500626
1498066
1500216
1499843
1500684
1499666
1500865
1499951
1500292
1498818
1500446
1498705
1498771
1501354
1502912
1499034
1501125
1501618
1499519
1501116
1502071
1501632
1500659
1500008
1501272
1498274
1500564
1499347
1500679
1501105
1501527
