2348812
2049655
1023986
1452176
1145774
1478355
2962643
1741084
613045
2430216
2502146
527034
1009966
1018910
625842
1731635
961981
1431136
1534533
1204526
701343
2630299
2880800
6506
2827626
1030149
1103769
1934961
2565887
116682
1028391
2871466
1407182
307822
2380575
2172058
1337698
1074832
81618
2271361
826786
51952
2184776
2130791
2053343
427522
953215
2229640
1781728
2893148
2542304
543503
1136492
2822824
996715
2573723
2360731
1416564
1938558
1624546
2064649
2870305
1887869
2085651
984172
1157906
529160
57839
983751
2787711
2101427
1418634
2126876
1742609
715963
1720589
1745548
2604183
823052
185551
640046
1116635
2593280
1595596
2077442
1290754
1959214
2280977
2849850
805866
60500
917163
1574112
2489151
1814527
2229026
293096
2800875
1794345
334441
877350
2717521
2204969
1381773
1098987
1347614
676103
2813506
1931300
2583246
2462776
1665115
1474576
1927308
1385495
2956370
1189541
147867
2492424
1895340
1629749
881546
46067
658415
2085585
2231008
2618028
2801609
2466455
657442
1034400
2777448
1331217
564856
2419547
1851097
201530
1406731
1999138
2290227
2946731
1245937
466791
1336339
1110413
858385
2443238
852526
2493905
1635826
2998228
1637434
788458
2781085
1493296
286130
1294905
962898
2477119
1373213
2389594
2317472
1903748
2071217
2833690
1162436
369875
1960629
2362050
2898732
979367
1020216
1608292
820681
2111710
2808319
1423800
476002
1055656
1611496
1597170
2419845
1862490
2571198
962541
2625829
2685427
627709
889164
640421
2274461
76608
568708
1764913
553399
778630
692242
1605867
2193569
202151
826764
1119508
353116
2559284
2526631
2962114
2238189
2897694
1788971
1059278
1053642
245598
44542
2634999
1270380
1117844
1618175
66680
2885369
1761610
2326771
2954794
2135398
495957
618721
2116288
744378
1468254
769717
1538202
355843
2213152
1386474
2433914
2238138
185931
1658042
2678379
2339847
1114824
32731
2468931
1406802
1914496
2074379
1694705
1468233
2050717
2250666
1749026
1937819
662469
1847068
2283521
1631283
632097
2130347
123786
2992638
1022188
639519
997187
256064
1791176
1943665
1944435
2750194
865542
788568
1481490
798674
2523353
1427478
2609509
587698
2316177
1864437
1345082
930334
1528834
2739537
1243151
2474280
2025197
1628692
6390
1010237
1929565
2025709
95578
2862265
1078088
1545181
1498430
2654646
2926862
1574307
2300088
1449525
2075261
1939524
2363922
2939683
1857139
1311661
1915165
1916971
1795467
2893703
570645
754098
1159811
970908
2960418
1960503
2905928
1697705
1480364
1814592
1767858
1267929
2325675
615402
551107
1292176
1467713
990076
1321647
2996017
1560144
2967643
2940681
1766385
25882
2959569
278195
1484719
2714458
564960
900243
803964
2540580
1980357
2397326
1396302
2726497
693000
2800531
593504
209752
671379
2644972
2676895
1096506
2278752
1444535
1408833
2939101
969739
1644107
710897
1930043
1742005
1667906
2586028
1852507
884024
1058258
412316
1655420
1739542
2572586
312699
2088471
1958568
2344288
2138213
2580470
2187671
2144026
747547
661155
2198787
597378
30935
320843
2582295
131212
1729683
2703502
2138053
1812904
1906318
1593961
236397
2913764
1478570
1029685
764347
1252905
2879941
2867893
2350037
2422220
2661399
252136
161650
2135516
1611771
1373894
2106602
1002018
2675740
2427837
724645
1291256
2039748
2425407
2496414
1301996
2192520
2620862
2979405
1973318
961376
1654572
1335290
1760113
941794
460045
2713753
1968064
2597568
230640
1054105
2123092
780163
1792660
1740028
1906634
902364
1433571
1036401
2085206
576738
1823813
1954847
2305443
220950
2232990
2355462
1391506
851442
876906
508124
2079404
354015
2658178
1844454
229755
1124474
1892852
1483782
514220
1052770
2647418
1154509
1325707
1733767
1470255
1142733
2359604
2429771
824050
188686
1069911
954084
390335
900776
953668
707642
181764
441606
1955365
399755
846159
56169
2843991
584612
849497
865903
895152
1709067
983172
2217333
1819265
2869928
2713175
1910424
2897608
438496
2034155
102084
2768966
2274943
2535831
332395
2045312
837056
532464
460595
2653031
1867126
1938525
2636436
1563834
1146190
1420967
2197567
859236
1441386
199381
774205
2654909
1338840
2529388
1791648
2520211
336872
409023
2828874
2353798
2058095
1415234
1630343
696336
2616167
1998222
2385381
224597
366760
1055781
1238919
538474
1673624
739729
2032418
1343941
1909725
2619457
1091816
2040608
1490070
798327
1833248
1614680
35972
1146041
100534
595705
2925670
2708592
2677217
343599
729332
1208377
2947239
226670
1149661
1371470
486185
2642598
1188206
2573095
1099052
1716230
2854539
79947
340854
2286339
2914111
2845133
479537
2423947
652939
1425289
462924
2953925
2156760
1155667
1083967
1541934
459090
1276850
2412894
1543888
1764498
1864165
2487076
990986
1856278
855331
1058534
1965809
1293059
1672018
500646
328200
2372577
684672
250573
2069946
338817
1956146
298161
1138149
63133
360036
2603294
1843527
414754
523189
1340651
1613046
1951428
2073848
318012
2031093
1429343
1671311
1014396
9655
2022271
441280
1011606
2111435
1491070
1569070
1259675
103869
2800100
1786805
1127246
967810
71062
2763618
1527852
2957340
1785541
2354446
1032531
2072128
1317497
396697
2536128
16281
2392807
2121901
2100939
2765235
162766
1037459
641055
1296402
2752667
959152
2230192
1247307
38578
1518125
2144931
476539
1687380
604595
2376502
2138041
788777
179695
2044874
581236
643654
2542487
376330
2173859
2721172
1791051
2733332
411537
1940528
1593780
2939036
1089541
39329
2172233
2118164
2264476
74983
2915218
2002228
2822155
892012
196765
1325124
847448
1929886
95515
366583
905864
2069632
330470
1436128
439246
1536390
1169734
690123
658754
587843
1153468
1655281
1277416
2374914
1497151
879076
988307
2681189
2080182
323342
45657
2187319
1574887
525565
2845590
985110
2183685
2261926
1944695
658685
657508
1461794
1477135
1412501
431624
1785910
1555286
388574
395991
815274
2455641
758589
1517135
2158524
1496144
2216362
1895709
65789
231388
509111
450190
1049833
2433495
2009137
2371267
596148
107755
1687005
1327584
1998535
1527059
397136
2136608
2083339
833775
586400
1342080
2174651
1607650
1714932
648114
586587
2311400
1130741
2402648
300769
1524247
507347
1384408
294033
2104615
2074632
2814522
1682140
2928195
1062567
1823899
2495317
2309354
2106343
2634853
1354522
2010442
2266120
650515
1320313
776842
182169
1871717
116674
863785
472253
2979486
2162222
2560163
614678
620284
1833706
196315
2773214
306595
194634
507293
1895278
2320081
1185867
255761
1309176
939376
96621
286417
1753396
1365241
696168
2094710
2984523
718463
1445269
208792
2061017
1048690
1274052
227095
1010403
1520320
352339
2082873
1067542
2323837
490870
1675439
682505
811869
2947700
519202
74498
2215782
1538391
634091
134438
343788
2005439
2511898
430490
1771994
2850545
427976
929990
1846779
554885
2137346
2270749
1983824
2310209
1991966
2245080
681734
1710005
492440
738177
1626509
1486898
1018152
2188192
2917947
2827543
998762
1386841
2067943
835920
1990969
1821165
1414879
2822871
1540615
2739840
420170
1944929
1262142
1245142
2182348
2592630
1314538
2780365
2024410
368068
2717227
2582085
2668190
2874135
33680
768594
2413093
2200284
1306266
2554861
1272324
1618362
1409606
1124087
2756542
2022823
248614
1273612
1463722
288386
2378124
2625405
1111167
898055
1711963
181366
1647396
1895936
570956
1388698
2229028
330305
2617841
2909922
1213726
841517
2604499
1236487
1762218
576854
2848766
1302388
1454271
2676596
1211580
2818440
65187
2588626
305200
2484122
1193972
895555
2735371
1412454
944709
2053314
482285
2994215
2962721
1367585
1962783
2442633
1484142
2601038
1274025
1251077
1682429
219229
1959005
1417950
1197834
2732275
1876458
2805865
1872529
1825848
468955
1831559
1562437
1283081
842906
1779140
358484
2203678
2213281
2156142
432984
1419681
72151
2397352
305978
2900801
2825140
2004354
899555
942861
1701676
2369233
1302515
2393681
1444935
2863185
1905698
2378977
152060
2317649
673409
1003978
203845
337635
1389331
816114
689465
2782531
79600
2057197
745717
569540
692535
141518
1779555
471502
1154188
1238758
433988
1679385
1791018
2135015
2500134
2001227
2335822
441677
39217
1421511
1441061
2671386
69259
1562335
2958362
2970036
1041736
962893
1061011
828987
644315
27175
2238589
1472074
2575318
244586
590505
186371
1745549
2288086
1272509
350602
2467861
1651623
223812
1005028
2626829
1548566
655754
2433511
2432033
683226
273464
197074
293712
1668400
2238633
533226
96889
853286
1639455
1730069
880449
153760
2088368
1039380
273702
1567975
928240
1636496
333597
1387193
2640618
951013
703985
827538
1956342
657183
52767
827553
557343
1119635
234124
2085042
2783266
2612229
994360
2927430
128002
1543380
600132
2829533
2890001
2386775
2730819
1682033
493246
919559
1108878
1081621
2844707
2065121
337112
882893
2761913
2612479
865077
2695626
985629
2798303
504415
468275
2755848
869156
1277517
77463
2883553
2290211
1513836
672634
2326630
2135005
1586009
2738631
1274055
2375287
2571469
1511816
305222
2649339
1236792
2465673
1079192
2710557
478748
465298
1054525
1327563
1779174
1502066
2596605
2669465
1703785
1385449
314413
1815128
1456553
1420023
2766055
503791
2434908
1052823
751946
439357
2205771
96144
719002
1767485
1951224
1734193
870378
744228
1845553
1400813
838212
1863548
536014
2384018
2121746
28057
2382041
1114383
2578827
1557981
2627737
1465428
1567631
610557
1183640
168540
1676369
764241
119342
2717019
2065814
1188029
2035564
2760700
1674232
2383858
1587605
1572157
1809122
2932372
1459194
338818
1299211
2167442
1961878
2664962
404648
1746754
1648657
109666
1197876
27193
76448
2626689
1606169
2029002
2135542
2053535
2688806
2379349
2632939
1565987
1994043
2654405
1460193
1368993
2642773
728284
1217759
2490678
1469470
689028
2849756
1953736
284568
992583
2608858
1430918
2297550
1984241
62061
2629770
350160
2795516
261018
2885846
335968
2088392
27981
438922
1923446
821649
735855
2529725
1169797
2712958
1754199
1983890
115017
1550297
137914
238725
2057426
1608949
2097363
2113764
1285878
545569
880126
873847
1196379
1532540
990358
2148597
1349991
1226122
752515
2907932
1371367
1468359
1650928
2890182
1673493
918941
1892616
631851
1314312
2906295
1412473
84678
2897837
2235185
1164543
1378779
610978
247231
377542
640268
1337558
1761931
670197
2292469
746188
1931238
863744
2805601
1694772
523870
979419
477257
2098288
2884233
2641634
1544516
1912734
1290614
257070
2997298
510356
2403398
206964
1566084
828702
1182630
603674
739947
118882
392330
1931449
1293319
1429926
2461962
2893365
1549690
2016175
1334868
804454
2957623
1851851
2918567
78809
101539
2993898
1309248
2068014
1305676
1013023
1133142
854047
581876
1067292
2877746
1737022
325230
2704071
487552
1510856
1232944
2840569
378609
1514979
24873
519890
1890091
1264003
1026229
930502
386716
197204
196707
2392229
619269
2816614
1382126
2895890
2400578
784004
2489397
163330
1198730
543705
1917175
1470477
20955
2052546
312276
1348812
320053
318669
377279
123413
2677042
1174001
2045138
1008424
249305
2964642
2505139
2180600
918340
2155171
1713710
2213997
747595
1840181
153908
1170276
47637
734593
2642704
2978736
1152228
1729213
1228507
2769075
1360377
2510028
244167
497669
2346018
1693644
49666
884680
964341
2406056
2286671
2115569
819224
2637108
2893625
924605
2740150
528498
378214
2125997
1346224
2796760
335653
1136860
513931
2223549
1917038
716337
263546
2334567
2396532
2054837
1403760
974806
1402108
2286841
288610
2426540
232464
814116
1218182
1742797
121625
1427076
31232
262845
1729513
619687
537545
2416969
614715
774340
842076
247753
365057
2491317
224972
381906
861699
1090509
2284032
1678180
1519063
2800395
1495498
2139756
750830
2404779
259202
1166607
2933897
2163804
922993
624701
2567541
1215478
571083
2247195
2275486
1992110
2547720
933763
1199859
2940155
550297
1239789
1710113
2299037
182533
1985834
1379835
2709570
1825090
1732894
1251607
1337496
2046951
2409481
943320
226199
1043423
1518103
558980
2252805
2946785
1885434
889204
1732566
1895380
1989266
41634
2956530
712777
1863646
848877
1719596
1741508
2783651
2921631
2805554
1519784
1852500
1669280
2486500
232052
2130880
2795475
1789938
1031468
41150
2979944
1853936
1345168
2845310
197381
551566
1933085
1245669
310466
2391592
950567
1200728
645074
1948913
378814
122850
418657
1487167
2998531
1104741
958290
1066459
2336448
539155
1025868
1586846
415122
261961
2906256
179179
2964104
1383213
1867389
453550
837497
484379
186148
932659
1761530
2928144
658319
2098491
1221692
2374089
1014715
2681627
2910224
494566
2180616
1109431
1270806
2851812
2524007
1355688
2008263
866639
2796026
2663682
735376
2524985
2296557
1230073
430555
305162
1354431
410480
2100886
518763
28845
840288
897503
1647129
2001043
2792539
2814699
2307455
1311795
2553352
2232186
914837
1422320
173745
1909219
2380058
2345547
2229775
2253777
1381618
2144754
908204
324350
260849
1588600
87883
2795376
1009404
1221895
156969
55433
676596
885431
1648832
2672044
2998006
1176202
1291187
1371626
1436313
955342
2454125
1054826
591588
751918
2853995
2111680
1242601
2006250
1125372
2488931
446644
2399316
2760464
2675830
486029
1987622
2918030
2347155
1994255
2793297
733743
743846
2160715
775374
268354
730252
34037
2872574
2922267
737111
2146825
2411447
2918415
499332
2736738
1303196
969720
1510953
1109892
913999
1420599
2995597
1565835
1083269
181308
376886
541172
439320
1357578
1455801
263023
1773566
2222321
2801951
1954097
956490
515750
946507
2094573
2422234
1746530
1862782
1932628
897304
367373
319505
168699
2355881
1601559
823462
806070
1208275
2553425
1554652
2863613
82632
2732450
2970063
2752080
2258593
2890205
2221144
2394220
2520030
2022731
2086735
647647
798061
2921427
1129341
154981
1246496
2635357
1053289
2142696
2181967
1206362
2955045
307896
1571145
1958371
49558
2253789
2943496
282771
1840269
25092
1535960
1545043
524885
1884634
87441
1128720
2519028
1746607
1538344
964571
1249544
2291616
583080
2750573
472947
1292117
199659
100630
94803
2592053
1973947
2958579
1254508
2409347
2287368
1472688
1478589
517017
1117252
2429602
903976
688028
1118503
1053011
732868
1811693
2919004
132843
1647697
1889365
441459
1260375
212352
1503357
2261738
598474
2531288
1266692
1482575
156522
760303
1107938
2278956
1757185
252292
1772815
1289518
1458114
598011
675036
494621
1435221
2397295
1899331
1190149
420505
2674380
251951
1953357
2704576
2612868
185241
873951
1248440
2761277
1632046
857442
2951784
1845463
2543483
2300548
934771
2879842
2587824
2613615
2595939
331342
491013
2740532
293800
1672631
1002494
2361901
501598
2779609
964740
2806018
505342
2444094
329531
1361401
765399
1383504
252892
436801
2896844
2285567
2660407
2599855
2847337
271325
360098
1173190
2772546
1217305
1699619
2031025
2895989
1708286
1124231
1942577
1119098
2587807
2146647
2729488
2232775
1577805
25535
1027533
2249704
1879463
632278
44201
967047
1463148
1558706
2571840
2268758
598122
1172838
2622848
2996666
52253
2795018
1279370
2978300
1093288
1251891
783372
409882
1885547
1876603
2718375
259804
2923155
2094331
2911323
2063044
2759121
1381701
2856999
2306097
2884478
1058010
2977096
205734
370586
583800
2871652
1452364
2430643
668155
2452551
2439799
1609392
1631464
1686034
172217
181264
2671747
2926735
2316198
2203479
482773
380196
2867247
1381030
1708931
1481784
553351
2291431
2999907
754894
47203
1489401
2494447
767159
1574668
101167
1726586
826110
2041877
1645333
524538
1004541
1763143
2719301
1016828
914726
157153
1445103
326997
692068
1525999
1437387
479745
788596
2288605
2032228
1033811
517321
2413558
2012103
115414
1293020
630314
1993729
2685689
2793989
962996
2866711
429005
353336
177142
2378285
1322552
1465523
491539
643577
2888328
2056808
2538527
1936607
571370
680824
924752
1275416
3900
2992491
850164
2513911
832525
268640
2736653
1394303
1746947
1303199
2913028
519901
2967038
1772537
1907726
1389417
1957230
1472613
2319930
167685
2952764
1025333
2369259
1324357
406592
1465534
456132
1008061
2399441
1903532
122155
2464705
1800251
114298
2632413
105964
2308199
235251
1808439
1195257
1223363
2801133
1334683
2572640
1605609
2914605
1783072
408746
1511908
1104967
27527
1909185
2340730
1153373
2160223
226695
615041
1728602
228624
2212337
805598
670144
697222
882224
1537591
211036
955158
1261044
560409
1214574
1564369
973274
2253772
877268
174150
1486249
611983
1623294
1390237
1222434
2444678
2948656
624803
978243
929615
1237356
2248448
2515795
2675798
552158
723026
1616036
2960230
1189353
1061200
2053278
1049075
774356
2179311
1197635
2346063
1467866
2779422
2135995
1393347
16580
2125162
2881737
1537690
1197006
2833060
224785
341899
1215742
2878240
582602
1312131
1762425
2247511
884777
1453508
980149
1981858
2649804
19813
72658
2192638
975585
1438893
1946866
835189
2988872
1839668
347569
984120
2577739
2918813
644046
2350400
1091429
2383259
2387616
2397023
432824
2864962
1777265
902786
888385
2993048
2827001
2181208
100190
2514331
1189083
739186
1980147
1304316
1536704
1262250
1446973
408288
340085
103
762202
881341
17192
1336330
824979
2890934
31614
2347746
1186642
774863
1623210
537484
683244
2233385
636514
620894
416899
113869
1710721
269385
1462141
1377177
1610495
1920517
2179500
2605985
188789
1476172
1258567
115264
916995
611513
1765151
2998013
330497
1687534
1454136
1704226
2973991
281678
1269721
1062307
1984332
2732749
1170250
657795
907153
603763
1439744
491845
300692
1347098
1166611
1225071
1069174
1441566
1310281
591263
2969550
2898993
1065868
2766880
900964
2878908
2182932
589061
46870
2929797
2297666
997295
39439
2923500
1972663
2415786
1832706
2454170
408626
2775147
661793
1484486
1992189
2634755
1566110
250723
254688
2807854
1212582
864959
327528
2686061
1232775
2659251
801590
1949587
561432
1727506
261957
806440
2082865
150683
72845
2311935
2813833
1184394
2958343
2765614
2061207
292705
1782883
1807848
2120300
1611764
961245
1856929
627070
928557
2367791
130525
1128120
453500
385060
2806106
2967016
1202389
1620850
2156040
1950871
2792032
2206311
1974377
1273256
1394633
298254
19301
2093184
472833
309193
2763445
1268900
2165909
568999
1736659
1947718
2583787
2565576
407375
940145
1096927
2593493
738882
1178906
1366907
1752018
4846
2023243
1791413
1714338
521320
2979659
1323275
1180436
270581
2609643
1994518
1757864
2825609
2021205
938694
2017877
1745940
81702
1038551
800905
999595
2757738
880068
1358448
493433
2819677
25718
1812219
819568
2279507
2043252
450274
197860
1607450
1311992
2899390
1093511
1066550
600269
125469
1042351
1692960
2585736
2824678
495604
1406429
371834
2920511
594109
2808772
932813
2010969
1051266
2960783
2827288
1246678
112670
1059292
2449090
2750371
958508
40550
2559521
1515466
2898016
2566356
2482735
917917
347267
251886
241756
1373882
1224494
269340
826197
280099
1964122
97192
714958
776104
2422252
369808
1532738
754253
2266699
198374
2628624
1943712
551881
2792251
1881635
2705992
489069
2419675
241059
758495
761583
164254
1121971
813560
1910753
951249
2734787
2369913
8647
1560056
2927734
2689949
2291784
2919213
496965
2435934
2783243
882703
169830
951382
1216093
2662816
181644
853858
1411942
1293561
2678414
1761415
2100422
2610448
2665680
411523
234637
2390649
1771873
527723
1821512
618286
2043783
434358
512449
2469528
1955504
327281
929249
1921239
61309
630667
2759611
1458632
2967603
2831219
1717105
1262878
348462
648294
2454792
1284960
1027347
1248111
2059378
2262742
88775
705106
1105728
2661663
1066056
924869
1916881
451752
2604057
2074462
2692633
622794
2726020
2069854
16315
1198596
400076
1432946
1266342
1273360
1013603
2912762
2071525
1129522
207559
1771945
302699
2725047
54052
164292
1649673
496649
930522
1685330
2237340
467574
2125920
1111159
1757382
917929
2326504
325758
2061082
2330091
698821
1415157
2322919
1599754
739893
565415
539082
1177307
580700
47702
1902629
1669407
2669349
2305012
1537799
2587561
667429
2917548
751610
2374822
576595
1679372
191910
2607566
2166780
1584556
398851
149017
1275018
978611
2872852
1417567
750420
245071
1408620
199235
945779
1754753
2720935
2915849
1583651
2036418
1865491
36284
1316894
2434764
1775322
2159739
2150968
321135
2048964
23178
914195
2417609
1966908
577824
2459157
437938
619633
1586312
79433
2024329
292056
836899
242558
2689420
2220096
1849523
1801596
676558
2187395
489205
87598
1656027
1865914
1740753
2623778
2877411
1833904
1957055
2768581
411372
2919032
1616734
539501
425868
2811952
1818544
1203202
1035930
960205
57928
842532
2563622
2279577
2259168
143810
2203542
1321028
2081057
566778
823370
1551650
1821155
2568001
2687013
640611
1247704
1727607
291884
735657
1718908
126026
633970
801245
816557
1349500
74778
590309
314481
1823361
1143164
2271266
319005
2367342
2726960
2044562
2724320
1797793
1595167
2178814
366151
2540512
2091622
1079704
2705600
98908
570343
2616857
2640294
1245682
2728668
114024
520304
1532080
703115
146105
1581860
2185671
143679
2157045
695938
1699549
854723
445455
728021
793271
1716997
709338
1267222
1812420
321907
2833269
2857253
2995435
247615
1810415
2494555
816308
2850519
103503
1526371
284847
898665
1540402
2180032
1454285
747378
2841598
1171822
1199604
555822
1626084
1336917
504045
76122
1680769
185509
2289405
1669263
838337
1828507
1647191
896739
2053583
2029184
474883
2942199
1616020
2609840
1441396
445008
1845830
463646
1733903
500781
1566436
2398832
1739566
192807
261406
2461746
1271389
2529425
2439434
1306692
2114476
732951
2884584
1460322
1603325
991243
174343
1466900
134132
2488802
2912170
1530152
463634
203988
740382
1867043
200844
2427738
641961
2839852
1995800
2607440
1153796
2061340
2438454
1143549
1080190
2146650
1384841
2614423
1225239
895598
1278033
55072
2665055
842258
1042019
722089
504695
2672107
1058570
1775019
1775796
2487664
1253800
2628647
1677109
423495
1641977
676583
433876
2127917
1343088
2609651
146843
2487517
2832128
2608756
2496127
2664203
669803
1474370
903606
284758
2095478
2711421
1075564
1371628
1886875
2451520
2996741
1464067
1710978
149906
1361266
1426429
183166
1139083
1960543
1088680
2280109
2062231
950930
2494164
257806
1816778
1063021
990086
2490153
2276688
417101
384688
1227215
2782833
2689721
2069739
2690380
1473906
2018537
1563020
2602297
2908365
842586
2559896
2982298
2176696
145298
1318185
2839488
2168792
594429
215848
662910
2232206
1356575
2331039
1644661
833433
2010679
1840108
1192286
2876877
2750987
916220
1707459
1323679
1009845
1098463
1907159
2028348
1591294
1789180
2103399
1524022
2499036
2327450
2094252
770771
2170389
1805444
2610767
1235205
239861
1181271
520994
1411908
555586
1674561
2849080
1362461
2486784
260300
2882157
2669039
2800430
932175
764911
2146885
490340
1142283
705260
2009253
404736
195366
2659806
104941
1885122
71014
2004337
1893908
1755083
2862386
735833
393279
1084537
2812612
2208635
970187
2300183
537044
2284039
1938547
512938
2176986
1167406
1129739
1056533
2849751
476724
20770
2371766
725022
2402880
2175792
2408612
603112
2230323
2311521
72623
680352
2340394
1430664
2400072
2311284
2179798
1893374
2761734
346490
2897728
789366
674182
675273
58289
1748160
581098
1496659
1823651
2478973
1824077
99365
1496826
491088
2137005
1691526
970792
274698
2956608
2865858
1327679
2208606
1164631
1726431
2430669
1374893
428623
2159095
1051850
1490725
1618181
242934
427698
964250
1452811
2652012
2859258
2153567
2236958
1860573
2089592
495840
1609284
2770796
759334
24985
105932
852113
589082
609477
2162435
2963530
647376
2835464
2664121
1707584
1159191
2833032
1725907
1809603
1537337
1478482
2675034
1279585
1478848
1743698
1014354
989826
423714
1768028
1854930
1176531
329011
2745771
1338675
2294894
2920715
765340
2655285
2998843
1580627
1082387
2648760
2845285
2556688
2790312
1020461
1402345
2679400
2912754
638883
140544
2948640
722438
2855171
447716
1790378
1760823
502210
1732704
1222157
2317022
2409698
504203
1976982
2948942
1554635
1492513
1303241
794813
86237
765628
2449961
2298412
2513880
2862089
813613
2142269
439970
2604292
458539
72745
2662528
2170958
1108084
1935977
2991542
387700
2911789
825057
1012240
1804058
2406614
2402936
1647600
1217607
1250440
2426054
864542
1797731
2896089
1591962
2979456
103719
298220
2986525
2773822
1840417
2905802
2203707
1824678
2216900
572380
1226900
1173297
2278072
1600372
2882045
237321
1673454
1847279
2448003
2121054
867774
2703280
2803238
2452535
1222252
664606
2867149
65285
1063160
2742748
2284145
601534
1308473
1464992
2833606
1544764
941052
2586196
1075666
291136
2989945
1885401
632560
1202539
1069519
1303113
1789573
361434
2137142
116270
2014826
80735
717454
2173505
1490716
125032
2747311
2237099
523769
2490031
681942
1165618
545722
2012205
2722281
2858607
307161
39807
1579363
257936
1024034
1709930
1072184
842326
473904
1704859
1934399
2216622
1185373
477670
996705
2532786
1431342
2896856
390311
2356430
511730
475297
1087016
2392564
446397
1267399
661627
154550
1969875
2658185
96565
2101701
379281
839197
986222
1848029
2726120
2267133
2117165
1021511
1640030
1059232
535153
1570314
1560287
2569582
899972
2341486
1278631
1513865
1579485
660620
2239518
1478767
908665
2758836
2740667
526547
2331293
956051
956801
640344
1231258
2149036
242531
843372
348312
2444769
128533
1422110
1079279
122590
603274
499628
1463976
2586891
1213399
412678
805898
1755235
398828
2044013
923542
920460
1357566
2697751
2327863
1856639
1982598
1971122
1283638
1908930
2943332
1558648
2000336
2658399
2941389
2185333
1009219
2681014
2651979
735370
806743
2559696
162094
2476828
1716159
2911274
2611398
1301378
2259979
2004333
2980138
111741
1022231
1649829
2591992
1214177
215445
1888880
1296489
1529645
2006783
696281
1435829
810837
496988
946638
1961850
2168048
1319242
1728606
2792227
1099122
1347627
307952
1414379
123554
2868172
1325402
2556424
594394
2025229
1176004
25702
851460
789417
2642821
1638213
1166614
795564
1124796
1794182
551746
2496475
386237
2656846
1351623
2424589
2070437
785966
2554689
2133808
1201611
282013
2958009
2513042
1948056
1224992
2619470
2983520
1189022
318831
2138195
2721635
1265888
1890934
233978
2286250
407320
525859
1577837
1259081
1616649
391161
288204
2783567
188946
926821
1003415
2141336
971246
2349091
2378517
2592750
744508
471886
1359564
2009176
2977049
415999
2218017
2049004
1771778
2478656
1172858
903333
2312561
562042
1312888
2915177
2778598
545505
540121
858659
1276505
576937
1169746
547852
609764
1467592
1807683
952975
2139483
1549077
2107077
2107851
849892
2025496
2116769
1510802
1626644
177647
107243
1388109
2653776
711869
1680334
898082
2337817
2631386
279697
1780977
2172728
2525246
1731186
1296108
2948941
79106
2888741
1039005
2869525
2694180
1696954
335239
2789392
2765628
1071235
2848139
1275074
2315921
2690142
2423787
1088718
2869940
2432023
1485160
1160616
1770209
2373338
2459649
424285
357140
2485499
1604633
1951118
1050366
1966516
2685549
1725324
2941748
1531705
2082795
922276
1682780
623191
795095
2752233
234601
1760787
2297500
305370
2193397
1743862
431577
1118869
2030585
2121803
163322
172860
1778068
1415383
1297933
2326891
1295086
2145194
2220780
2516468
699244
1787406
2884163
2756551
2344486
310768
2700838
2984292
2611366
815527
1025094
2787680
1584084
1762967
867564
1689199
1949918
2936455
2535478
1328542
731197
2630047
2119741
2868536
1972420
1552672
2289087
2036522
1383345
1128044
302027
1283601
1938889
250188
972064
2430322
2463074
1448582
720539
87054
2196936
2587116
414714
72056
793436
94828
2993312
1692638
925554
2467907
2164584
712307
662813
1924074
1585167
1297774
1398565
1679817
2262814
1586275
2477932
939410
1674362
2297574
1875345
1352825
1953551
1979551
1669256
272168
808201
730264
1601034
262399
1765500
1434222
1367188
477752
741843
68914
913545
1059814
2598260
907338
1423410
2696233
1710851
2311983
273693
2230032
59714
878355
800641
1235991
2346635
1146957
1839647
1164111
2468918
2374534
826414
1322267
2271063
1831067
2899689
2809762
734972
2937604
2396617
2044582
45998
490964
2181969
362173
124675
1471301
10393
1450877
1514766
80211
193696
192149
2007064
2064674
2511854
823220
2416428
2243338
2738341
312348
116320
606163
759500
1020238
2294405
977467
151030
398859
1393439
2407572
2319800
371463
1014255
9192
707849
250167
2134772
1590493
1889506
1342560
1983253
1982370
2089419
1261877
1104333
2189533
162821
322014
2679976
849723
324352
1065151
2272851
2831952
458137
71355
679941
174534
2792279
623569
2082320
2872463
1135022
2030065
1729447
300010
249235
123338
1697966
2828852
813356
2033776
2383979
163979
67596
897582
2653127
1480253
1180363
2171208
2621582
1755387
182271
452909
2926536
1065885
2023972
718732
599619
1086117
2840400
2952554
187390
1728665
342934
2584986
393440
1792212
1410138
2968884
1045495
881142
367152
667555
528421
1569458
2606222
1634300
421705
1013248
1068302
128942
2897591
1801293
1707525
498
1764336
2817010
2077028
1393823
2247460
2975462
2450341
1090658
742789
2492211
1838748
1793526
459522
1472159
2757413
679838
356986
2137850
722521
1771898
1532311
2863854
1098719
2352980
854238
531462
194244
2149972
1163084
407509
637496
1776835
1565696
652149
123739
1609763
886517
1044097
2687752
1405372
856908
1462345
998291
2252657
1472025
2015043
1571318
1710891
1046060
1396539
1159102
2073638
1897941
2268162
1848184
1721833
94794
1010523
1237171
2724369
2720331
91948
1517714
1960328
66917
1703129
445830
2415990
196539
1130993
2721589
2884294
2732780
2626541
283087
2099118
618347
2937867
2775081
2254586
699599
844900
533123
1870653
1507104
601495
1280132
603433
874153
999879
1672292
1501448
1889203
2361059
411848
2239835
2086232
587258
2542097
946657
883935
1517698
251443
503395
480531
119658
2416987
1085245
685051
2879228
2707502
724980
1576554
11996
1101597
325067
202036
787793
1090967
312137
1808459
82878
2081829
764873
323985
891092
1498891
1932939
1696423
1628579
2365272
1821467
878151
2612127
1063282
550819
660677
80806
1077849
125541
1886983
2787593
1417403
2111798
879109
238290
1329050
1811343
2122698
2977688
1411444
210216
1944834
1038128
18615
2933822
1680433
1493976
130127
1166948
2538901
1810087
1389141
2738446
1527043
2678928
527252
1937773
562069
2969158
292129
337213
2588237
102832
2441532
570044
2564828
1190645
2005319
572631
384378
1364927
2005858
2256038
938175
1447904
350532
286885
1946976
238983
1355458
90478
810945
636968
1730072
213151
2172996
2165592
23916
2597726
2268653
1746233
1756797
1334213
2240738
2855592
2679291
2788436
2749227
2987191
1214703
1568879
1447776
1143429
2981095
918623
2354750
1598229
2703427
751919
2492858
1888447
965057
1795894
956904
2025309
968412
2914980
62482
1523301
2114
1507241
1003895
1287
1554749
1298838
217003
2687819
2976224
906088
2932926
2743917
65310
1589685
1498491
283188
163569
210502
596001
2514402
548705
133459
693023
241706
1022556
434057
741341
2854876
256048
1737332
671671
1447567
507086
1435604
1643284
713331
2564539
1967562
1250377
2033860
1308374
1968324
2697430
2221351
2061721
2799765
1992532
1892752
1654597
2927751
130907
568829
1174052
1959052
2982672
510600
1157184
1326974
2648754
517865
2330105
1050724
550926
1000843
2752353
1269543
1361218
2020317
1419939
1710392
1863081
2138706
1896625
1956429
2823716
1530088
567544
1825189
2125868
1943274
1676110
2942438
860432
222296
2413541
2063541
2433284
2180570
186490
2888219
2310194
803227
357439
1942240
296334
2546324
1313526
1094576
141647
597683
2231021
925127
2414753
264906
17833
327138
2694033
2061763
819150
1845575
1486191
1166330
2629495
1337575
880545
886656
1149949
752487
2085816
1321783
319847
479302
2974800
2747724
2750810
241332
1681603
1491976
1443057
2463060
1626329
2468598
1406699
2129283
1110488
497959
949216
2489758
217700
521543
1355990
1388818
1050809
690944
496170
2942111
282791
189761
2824658
1316602
2322145
2646716
2704048
1258462
1995901
1568412
2527016
1832490
144966
2589492
836594
1839790
1735143
586041
1238113
1525782
775128
1727259
1844729
250984
1737441
1691771
2421195
1771600
2333357
2546653
2350102
64981
1403356
2845638
1802570
2009249
1524611
1807873
1047597
659002
1732835
2501134
1259064
102055
338170
1148042
1420204
723283
2906538
1859891
1945426
2284698
1061240
2108114
1490340
430815
2578596
1233491
2888595
930020
2032050
2289306
589741
2031532
2204805
618080
888954
2299931
1804385
2941891
505091
2623621
1038957
2502428
1456174
2627501
2354874
2662
2147173
666119
409133
1531883
2776692
2623958
1171080
1496020
2225191
1601167
902288
227226
693554
1437289
1727500
769891
2406213
1917410
1289674
643747
1323824
32177
1500014
2124691
116264
2123426
590494
2065315
664258
396309
2344850
1566565
2751208
2940344
1785389
2114073
2290933
2954733
1438855
761231
322115
2263043
595879
2696939
773258
284176
2310691
1467909
2998215
2933018
2213321
1515634
627495
465531
218263
2320587
1391688
677126
416856
2218352
1022887
1216965
2862941
2515410
2533596
2514222
315560
1885640
1412390
1752483
76200
2918633
1190573
1289171
840532
2494685
145973
304421
1573773
2717914
132384
1731169
2105991
2832015
903150
651476
123520
2517137
208404
2528512
2442578
2478219
2626419
2968746
2289145
352377
114985
481562
752118
2365785
2098068
1251737
609579
1763365
597600
1830723
1387468
1086101
1718198
891639
18441
171035
2999769
2998199
170816
1757847
2340202
150554
2775487
589228
75527
1569873
534970
116521
2683602
354563
1117967
1757125
1933183
1405481
2297129
2448512
2230917
2264294
1305016
1771260
1759123
2130276
441978
2687859
2129683
1940449
864972
1648268
1504602
2283701
703322
474103
2267963
240166
2042754
1526377
2910073
2150567
1756048
2348154
2706044
1003896
2786425
933365
2799294
2589902
2399569
141158
342631
1913599
2840947
1274098
671282
964516
95377
800622
1514971
349476
2516301
253949
1010691
852524
2411863
2548397
1331029
2235282
1448744
998097
651352
165719
1084501
2871182
1354427
2574838
2889589
40077
2273673
2668177
2064281
228853
1921343
1565335
1224559
598030
116029
1174208
759568
2368459
1061219
962994
2419464
116855
2915483
205000
1201228
351448
2026726
690248
443018
330259
750658
1686074
2527546
1175499
2645926
2613098
1386914
784697
1770916
2068477
1511976
2896939
950362
760919
2292708
134980
1089368
1344088
2212693
293395
573858
1641789
1853041
2448540
1889818
933569
689130
2351704
842508
1317487
1604995
2995326
2337846
2591180
2480429
1294729
2790552
1011512
1155271
2960239
604776
1162389
562197
621788
1441549
1060776
1862111
2611118
656630
2440459
2088544
1318125
904577
1041286
2646910
680549
2177730
2108256
2013844
790863
892114
807039
847978
392314
994091
433272
596089
548177
517483
1244554
2082780
1943705
2056913
2359007
1850444
524449
489734
2890668
2229913
1667902
646849
1069728
2645792
881620
2753472
325494
609339
1781772
2040417
2399248
2926532
87293
1690830
3619
2333522
522302
2275002
415632
2376141
2686315
2204324
1474469
2776944
2358982
1268330
2435099
368145
1123579
1359136
1965947
1311713
1752557
979567
776856
1781082
2551904
794299
16908
1038595
535828
940802
2430667
1116201
413222
594442
1479906
38701
411504
1217926
2169918
1692017
176669
1475134
1860607
1421888
84698
1545252
2969468
981118
2504393
2693759
391229
2374050
2396952
1028367
2228411
2095605
271161
275512
2211823
2540421
267116
1481805
2840331
285190
262201
155035
910395
597272
1544042
76788
2062632
2276574
2913977
222532
2525677
485371
386694
1454724
941183
387521
715513
937320
1919736
480230
1838086
2257803
1695002
1968172
2707799
1354571
302360
2859037
315501
393191
2855534
1054029
2355490
1153576
1716411
1146554
2259367
2043926
1345275
145364
330027
2585141
2064060
2200667
2129649
543582
1877182
760856
2255570
156481
1991468
406650
778689
2730828
812556
2420509
2641578
1214295
340328
343048
2705796
1714477
72188
2999438
1116228
839373
541705
2544016
2137458
1887991
1732203
2771012
2516115
1209290
1807130
2504322
2297514
81256
1210701
5553
850813
2923590
1074840
306408
2075607
2569226
1654505
2249516
2565390
1546461
546923
1312817
1489343
568584
1247708
1403943
2166942
278517
1427263
556255
469253
1260209
122757
333741
1498765
1489878
214181
2860358
2084894
1626736
1131660
2861317
191784
1141262
983048
2658920
817758
1708423
1876191
938791
2570610
1473457
921725
794988
2154784
2429586
1024142
692205
2202970
464486
965562
1766021
1049429
2353589
2336547
2682204
1410592
65657
545287
440547
2094096
782536
687347
2818026
2767571
577932
2495048
1302288
434794
1167641
2323716
516949
1780613
1185401
660828
776070
1072636
2076421
1702858
721807
793946
1267604
923301
623271
1821956
1163276
2762736
1397232
617185
1675494
1203328
2090264
53425
2164515
2856029
2515329
1409667
1226014
1231431
874070
1781731
735373
250124
1943569
73762
158428
704766
2132720
1732473
2609009
455956
2713775
224545
2930600
877560
2940773
2566558
824045
408243
65026
1792213
133500
2517965
2928735
141310
2962256
347962
1102762
1515560
2940417
1545507
2458659
2094960
1400009
754723
302148
1090905
225266
1620804
963283
2440550
413329
1148871
2211583
1395417
493041
2797773
2010525
1100022
476727
1427530
325836
1287127
2785906
1746007
1583820
2858720
1427458
1915998
2511440
883352
1069992
1357323
702873
1378942
1705736
2147468
887844
1346630
1836946
656404
1955346
1599367
1404541
2402362
66263
102187
1735653
1862494
88568
2351449
2771363
2322224
2192674
2989110
1455818
2869069
274969
1494043
2454405
2248427
1930424
2162250
184128
2919347
1359396
704298
376440
1263455
1085779
1774011
2555625
1250396
2752602
1920082
2812173
967301
647708
2837400
2220242
211008
2593157
1755424
1163714
1792203
249891
1994499
2323783
2295278
1191182
2014544
2886125
923479
301091
2679323
922213
554033
255367
2758980
883458
1003824
2038789
1573640
1043250
2118248
2502620
2805613
2094383
1742615
1733109
835677
2986339
2260629
757261
514903
906972
2585239
548939
154943
150148
1351293
1874193
387206
1204133
2141290
1220386
2550774
2817646
1463408
2864391
2840806
777787
2810440
2914814
1345022
88640
2263831
1913649
1352478
1153994
2880431
2559366
2587062
187004
1461341
1767278
1024731
2765294
2862125
361412
1928381
2365393
1481960
1389061
16269
2313550
382787
2484970
256040
2197462
2894393
551424
2515517
359213
21164
299882
1762011
2409270
788836
2547233
2481038
2366396
652876
1500844
520396
1963921
174927
2564148
1385003
1504543
2409795
1238223
72386
713473
693507
2120845
1639438
659571
2548639
1962289
2416374
1536656
49567
1353203
1614585
2078368
1027241
996041
1033187
1733496
2718413
108648
2185598
2462101
571396
832072
2609590
747003
2554617
568194
2783570
1153837
2179642
163818
2811592
1809443
2240741
2682450
2778498
403346
1733663
1693750
2114645
1409027
1594586
270286
1920706
1375512
1025247
1904322
2116654
1621827
2413472
2549532
143460
500796
1794764
907038
1804097
830344
669338
2089873
565214
288809
1113258
2067914
283183
2239013
2012715
891648
626811
2049324
644285
2464803
622572
1997240
2558300
1239593
2554118
2006701
2511886
2454048
2717629
532903
2624378
374435
789540
2277949
2442400
1394832
891209
1962338
117745
399130
2389032
45792
1218878
607539
413417
2512179
1765668
1506694
1833699
363447
2526487
2148307
367185
2784408
2784707
2151250
2432834
587496
565449
1320292
1988934
2816020
2915955
1296514
2422963
210078
2055298
717343
2494552
260240
1098660
1619179
1302471
444819
885560
2784082
1544223
2689728
782939
1517606
1981721
687346
1954072
14041
2513689
2901748
2307881
1434149
486974
2393122
673345
1011328
1408181
1678982
3072
909913
2984787
598099
1549542
2849105
2659394
600053
2173985
2307418
2382695
2903049
1628875
181771
295463
888421
188204
2523475
1424846
2421859
1000335
1863350
785358
158704
1949088
2067971
1830861
202671
1038461
1590145
2181157
584355
1422327
614389
1875966
146122
280527
362208
1913555
2148344
1668964
2764906
2812360
1093329
55029
912354
2741673
124083
1328238
1711924
1289616
477398
2070914
1180219
2482273
2471025
786080
1494561
1095464
2709167
1987296
1691222
852263
2050379
2223051
2937915
200573
177470
1923481
2170245
402200
510857
242891
870952
1599828
2625122
1803601
1916066
1626271
2432817
1537153
1183321
2395244
2448148
1047873
155501
1350685
1591744
1939124
1321471
2017338
77926
1607871
2756900
1605493
2038447
1694316
2319967
1485808
126550
1063546
911206
2316457
1431575
2601838
1528292
2738933
2737133
2503010
2247747
804705
1956689
1168296
350622
1399537
518814
38097
83462
1189539
1253497
810847
235838
378780
951744
402455
33641
2111258
1802961
2857855
1398528
43700
90311
1158215
906097
849930
100736
2492647
2424345
2899929
1293999
1273960
274888
2595952
2532836
2869638
1939979
2072806
1541407
499946
2501103
1122424
1532492
1006367
1079449
1796622
2711842
2568661
955573
183761
485969
426056
2902522
72139
468459
1261006
763543
92369
1778294
2713258
1967883
1130607
374439
2354344
1173553
2089181
871495
1858998
2805645
529869
2366120
813515
1771146
500819
2655875
748817
2092512
1462811
2429936
936623
117536
1893462
2191270
1526084
1850685
1429486
1800735
566463
581999
2210481
2137973
451306
1612353
2293170
1703671
985072
1513702
728888
2424109
2946637
1579139
234755
54735
583381
2074631
1251006
523703
372362
738969
1489477
2632858
613989
2572513
2385967
2858786
702832
284719
1287417
1411166
2527262
2682031
1997388
2903967
1527009
203880
393871
34165
1428218
1424478
1504412
1217350
1813948
1618089
2925437
558754
1712933
1651052
1302894
1222997
524016
364095
1997340
2116874
664113
1492231
2709852
455084
2126693
2030126
1874256
1658520
2465006
1090359
2206383
2033666
2042773
2802014
1413878
793537
643070
2037394
1009911
2831442
2182246
779384
2485356
1106953
2151106
467896
2048818
2824456
2206946
2548162
894510
2801144
2676095
1521510
658104
2903983
2992459
1438808
2031147
44321
1967316
790966
1590850
1926594
700613
554401
1129721
1728369
1728163
2053511
2679627
941772
709129
10178
2769540
1652012
2673041
444450
485757
2313149
1923236
384703
1898966
2396126
1010274
1169892
640327
2420824
2884372
1524289
1350187
373590
980483
1108220
2012599
2860547
168840
2273709
1437517
1224470
2147976
590745
1198371
1692441
1219930
2958562
1647010
2067976
588879
2110125
2866036
2455668
126815
409593
1772344
968936
317671
974789
595751
2241321
430645
1372693
2267546
2996162
2365888
1587774
1373540
2505854
1602863
2052085
2776625
2268391
2492906
2342346
1197409
2629777
979456
2092891
125206
856369
789631
1394372
1864211
334216
2288129
1050196
880452
1271393
2367611
2040212
652212
1140841
1861952
923430
699246
2117735
1187175
2602827
1115036
1108158
1584474
2784984
175500
1588506
429460
1703039
242232
2153510
1106807
523949
2803689
2105093
1412761
2575799
1501564
2289041
2849877
2133896
915970
1256301
1499648
1514827
567753
2759444
2178596
2909710
720068
1946229
205206
2987991
1062487
1735413
2159038
899929
2018861
206733
1142534
2764802
1344114
835316
2835208
1431123
2507133
539559
2756897
2037502
2406770
1274246
2867180
2494152
2723601
1095075
566515
845895
2724401
1663847
1195912
2132834
2666477
1432996
1070701
40774
786323
2344640
1671522
1137801
1305301
1032977
1017893
376435
2549729
29226
623126
2955330
1953427
2216356
2241621
1382239
2483724
239367
602235
2949623
2502003
2203751
2146235
415614
2256682
946535
2052993
1975273
119991
1294154
2963646
2927315
2347446
2921763
2849011
1998544
1931715
1973586
2128030
1720280
778432
2497227
1594476
1665673
1386239
1161818
1646511
621748
63717
1523459
816097
1333950
1389732
251928
951442
2032189
280943
1349782
1935345
1288464
998614
2754098
2160768
1620726
336532
2868713
839009
512027
1992260
1592476
1833501
2512934
2087506
1635361
2758414
1453894
2977367
2910311
244893
2190328
1783649
1216744
1952098
2094572
849942
1832312
2722172
1370907
1652170
2536839
1820146
936413
208754
2329223
1882321
2211880
828857
247040
2473721
2617822
412152
2760343
2640621
2257437
2159122
1542854
1218913
2004293
2964130
2675023
2231186
2253896
310930
631656
240962
1609029
2699546
1829963
280168
1196661
2420464
990633
2526158
1350864
1004291
1104144
321512
803631
1161632
1121060
1177199
851128
2904255
789747
2488992
2689839
2979281
2487871
832636
2007430
999588
2043238
1725446
2371361
1774297
2658571
1516753
2109658
287494
1202309
1582455
947302
489729
2217630
105691
2792009
316311
1671780
929741
1257466
828586
2319123
1083825
1252910
2967951
1661628
788311
1863650
672662
1628846
2639837
1660074
686216
758548
698947
125645
435851
1531619
1844583
1277903
1508022
1037439
1764237
2575173
1442615
1142154
2072861
2243418
2364418
473778
1370356
2896751
2416621
1596091
1068615
2696139
2107491
2558748
144542
119380
397555
2600281
1879723
912548
2100776
2549520
2172468
653220
466343
1461238
1429474
361585
2044889
731050
1076072
2248656
158102
753391
369080
708443
2274106
983647
5094
1349295
1470315
2473918
76540
1326335
267333
1310908
2981835
2882586
1542962
1946815
495951
1244464
2919163
1464326
1535971
1841101
384894
278494
2965788
1223039
2915975
1834211
1556273
1729165
2467056
1075571
2839697
2639648
1388369
2620573
2482693
2356872
2988777
2452518
2818478
306664
1813367
1748596
1050673
2728437
2523908
828837
2600304
1036534
136962
1589964
2940144
286710
1724156
2769780
861976
2915131
1037527
1781719
142971
1096126
2308751
2944584
1701507
767130
2944697
2183852
1617473
1434642
2438056
2179015
555760
1935546
2023833
1894040
1155631
1947228
1198287
1688907
2159518
2958777
2442721
2221912
1532015
1017059
2977658
2078756
2756352
2514471
2263506
742265
1009461
2479688
2660842
716821
2885189
1270647
767089
2501979
2203702
853801
2082300
228829
2732968
270465
2835154
1545272
2447424
26888
2073046
1513895
2823381
1706212
2740616
2639798
2346837
1427502
2415661
1816346
1702798
1265633
2825888
1851930
2636694
1746308
1859943
452597
2558203
1275331
2980837
1281151
2298718
2213435
2274361
1488288
394693
2992360
2196189
416236
16375
1272718
509995
1861120
843868
1357483
1542547
737173
917062
911333
2644139
2776875
2364134
958319
1358070
267574
1169844
2334965
2666004
417309
554870
251854
1557574
2964900
2678873
2732421
533303
391131
2621082
1945345
178239
2142453
432402
1351591
1554127
474678
2670062
1560682
2432574
2938626
2302431
1883105
2084508
1529138
239719
2735752
787358
2895708
2134259
2054590
1205273
1364892
106882
95849
2555009
2715116
1469412
1766904
2623801
9484
2369167
2891766
673712
1074862
1518069
105104
2839338
2725537
569878
949690
2703295
869994
706136
326937
421271
839614
1623391
1021166
200759
1004482
910992
1822695
1987153
2838338
2528139
80655
2767964
1734307
76326
117092
1317659
2205304
2758037
1968914
694627
874686
1943813
1787893
1836095
2373642
619349
2167394
233521
2991615
2720402
1865467
828436
347447
1236711
440677
