5501131
5500266
5499737
5499538
5499044
5499046
5499180
5500429
5499835
5499852
5500374
5498457
5500641
5500894
5500780
5501732
5498616
5499628
5500973
5500604
5499189
5500565
5500931
5499819
5499910
5500020
5501465
5500827
5501650
5499849
5499405
5501291
5499851
5501200
5499605
5498804
5498480
5498091
5500312
5499781
5501333
5498495
5500098
5500418
5500203
5500254
5499387
5497969
5499306
5500523
5501659
5498899
5500697
5500758
5499655
5500298
5499178
5501083
5499247
5502001
5501116
5499343
5500246
5500258
5500290
5499736
5500501
5500241
5498877
5499459
5500150
5498229
5499613
5498980
5499468
5500488
5500910
5501128
5500229
5501709
5499614
5499931
5499473
5499947
5502138
5500105
5500716
5501487
5500588
5501044
5500095
5498489
5500562
5500547
5501215
5499554
5501320
5499025
5500648
5500237
5499510
5500263
5500522
5500177
5501365
5499135
5501034
5499785
5499374
5499144
5501483
5499165
5499921
5500100
5498863
5499653
5500309
5502135
5501408
5498356
5500169
5501876
5498404
5499611
5497198
5498859
5499826
5502149
5501848
5499701
5498982
5499735
5502006
5499821
5500692
5501364
5499163
5500465
5499952
5498152
5500772
5499123
5500251
5499933
5498580
5500340
5498669
5500785
5500419
5500592
5500555
5499583
5499145
5499880
5501040
5499843
5498950
5500052
5500532
5500880
5499214
5500487
5499797
5498166
5501629
5500987
5499056
5499759
5499570
5500277
5501640
5498721
5499939
5498686
5499395
5499802
5499063
5498264
5500159
5499578
5501584
5500003
5500813
5500871
5499638
5500953
5498521
5500756
5499961
5500125
5498621
5500747
5500358
5499854
5501514
5498869
5502291
5500166
5499295
5501668
5500230
5500637
5501623
5501120
5499560
5501858
5501545
5501418
5501125
5501587
5499724
5500055
5499680
5500398
5497805
5502136
5499451
5501254
5499210
5500543
5501383
5500589
5496582
5498862
5500933
5500381
5499058
5499497
5500845
5499597
5499348
5501350
5500727
5500634
5500007
5500992
5499937
5499421
5501948
5500884
5499097
5500138
5501060
5501315
5499786
5499469
5499536
5500404
5502331
5499014
5501528
5500937
5502023
5500991
5500985
5499098
5500021
5499514
5500152
5498732
5499969
5501628
5502187
5500897
5500197
5499050
5499084
5500512
5500071
5500657
5499092
5499676
5500061
5499925
5500502
5500198
5500240
5501755
5501117
5501138
5500249
5500890
5498743
5499095
5499824
5498157
5500006
5500527
5501240
5499402
5499609
5501016
5499267
5501368
5500903
5499663
5500256
5499903
5498205
5501171
5500386
5498409
5499139
5500733
5499376
5498842
5498988
5497650
5500323
5500029
5499658
5501720
5499349
5500651
5500430
5501004
5500687
5501865
5499630
5498809
5500233
5498633
5499612
5499363
5499090
5498653
5499673
5500882
5499276
5499116
5499712
5499414
5499182
5500210
5498968
5498499
5498321
5500059
5500337
5500104
5499548
5502352
5501115
5499481
5500072
5500188
5501362
5499741
5501052
5501389
5501035
5499527
5501339
5499350
5500420
5501236
5498561
5500208
5500201
5501585
5499897
5500640
5500764
5500083
5498959
5499416
5499677
5499453
5500974
5498403
5501081
5499290
5499157
5500526
5499986
5498668
5498357
5500182
5499953
5498220
5499622
5499179
5500645
5501995
5500829
5500805
5500257
5500356
5498407
5499355
5498687
5500402
5500247
5500167
5501442
5501208
5499127
5499408
5502177
5501886
5499117
5500789
5499013
5499792
5500040
5499259
5499078
5500016
5499691
5498722
5500629
5501517
5499562
5498813
5500825
5500902
5500416
5501684
5498793
5501027
5498326
5499743
5500467
5501068
5498916
5501371
5500918
5500222
5500376
5499383
5501321
5499857
5499549
5499858
5498217
5500209
5499934
5499920
5499666
5500978
5498655
5498689
5499424
5501001
5499998
5499773
5498410
5499172
5500778
5500969
5500414
5499480
5501904
5500338
5499964
5498306
5499484
5500528
5498542
5498693
5498203
5501187
5501310
5498928
5499973
5499654
5499341
5500206
5499927
5499999
5499707
5500542
5500609
5499109
5498994
5500613
5500550
5500446
5500397
5499521
5500343
5499945
5500490
5500066
5498041
5500489
5500706
5500228
5501056
5501605
5501626
5500511
5499311
5498487
5498872
5498607
5499820
5500723
5501411
5499872
5501218
5500120
5500160
5500861
5500616
5498833
5499725
5500272
5500260
5499367
5499232
5498667
5501251
5500754
5499678
5500410
5500142
5500224
5499420
5499942
5500970
5500289
5498957
5500738
5501030
5498810
5500383
5501756
5499454
5498882
5498401
5499304
5500392
5500472
5499410
5499936
5501075
5500399
5499246
5500113
5497370
5501917
5501063
5499675
5499403
5498762
5500725
5501384
5500377
5498265
5498081
5499356
5500580
5499568
5500219
5498191
5498448
5500537
5500234
5498464
5500422
5499181
5500057
5498437
5499218
5500850
5501933
5500726
5499844
5499869
5501645
5498756
5499450
5500663
5499533
5498567
5501973
5498802
5500622
5500102
5499467
5498467
5500572
5500067
5499898
5499423
5500091
5499971
5500628
5500867
5499434
5499547
5499478
5500303
5502056
5498938
5499026
5500963
5499531
5499700
5500314
5499364
5498507
5502544
5500038
5499390
5500734
5499073
5499203
5498165
5499052
5500719
5498072
5499147
5498750
5500269
5498873
5497935
5500137
5500538
5499224
5498778
5498888
5499739
5499651
5499667
5501334
5500990
5499460
5500449
5501614
5500307
5500165
5498073
5499884
5500039
5498981
5500982
5501538
5497984
5501646
5499625
5499981
5502079
5501163
5498822
5500204
5499347
5499512
5497636
5499695
5498324
5500344
5500866
5500045
5498185
5499219
5498723
5501029
5500111
5498208
5499728
5500900
5499853
5502514
5499525
5499888
5500470
5500889
5499992
5501008
5500507
5500347
5500409
5500896
5501190
5500293
5500587
5500561
5500940
5501393
5499823
5500570
5499550
5500544
5500514
5497378
5500324
5500556
5499422
5502432
5500833
5498883
5500431
5500163
5499796
5500981
5498837
5500325
5498318
5498755
5498818
5499168
5499904
5500283
5498619
5499443
5500339
5498533
5502722
5500508
5500644
5499908
5498360
5500027
5502143
5500711
5501290
5499320
5499951
5501440
5499919
5499037
5500156
5498783
5499686
5498831
5500148
5501250
5498895
5499636
5499991
5499661
5500106
5499873
5499585
5500434
5501155
5500803
5499963
5500659
5499418
5500126
5501317
5498713
5498889
5499731
5500393
5500938
5499846
5498222
5499913
5499156
5500097
5499899
5500064
5500909
5499591
5498731
5499747
5502214
5500189
5499449
5499442
5498984
5500582
5498576
5498777
5501769
5500564
5500672
5502089
5498705
5500870
5500278
5499848
5501257
5499771
5500493
5500084
5498333
5498178
5501295
5497153
5500001
5500932
5498120
5501367
5500357
5498206
5501934
5498345
5499798
5501092
5499520
5499868
5499809
5499976
5499672
5500053
5499645
5500452
5498670
5501127
5498903
5499732
5499563
5500539
5501234
5498482
5500321
5499997
5498317
5499590
5500453
5500807
5500625
5498262
5500666
5499979
5498718
5499948
5498192
5499047
5497570
5499764
5501070
5499501
5500225
5500180
5501549
5499111
5499783
5500510
5499457
5500454
5498847
5498800
5500541
5498406
5499537
5498789
5498830
5498932
5499262
5499175
5500302
5499870
5500729
5499922
5500004
5500874
5498490
5500959
5499238
5501346
5502449
5500130
5499864
5499072
5500936
5499361
5500194
5499507
5499486
5501177
5499901
5501376
5500026
5498207
5499167
5500901
5498910
5500320
5499126
5502423
5500183
5497559
5500557
5500781
5499791
5500082
5499400
5500757
5500849
5498975
5499989
5500495
5500389
5497608
5499917
5500378
5501599
5500694
5500041
5499060
5498992
5499644
5500332
5499729
5500304
5500284
5501498
5500602
5498881
5498628
5499196
5500292
5499532
5499790
5502382
5499954
5499438
5501183
5500591
5499690
5499195
5501025
5500761
5500288
5501565
5501721
5501685
5499249
5498381
5498776
5499587
5500558
5500248
5499573
5500050
5498377
5502529
5501279
5501578
5500127
5499489
5499721
5498563
5500531
5502002
5501705
5499580
5498891
5500919
5498902
5499834
5500447
5499412
5500718
5501612
5502221
5498465
5500943
5499929
5498612
5500417
5501882
5499001
5501387
5500270
5499619
5500019
5499928
5499757
5499260
5502122
5500581
5500596
5500372
5501497
5500463
5499621
5500680
5498991
5499706
5498843
5501341
5500259
5497728
5500255
5500684
5499019
5499431
5502297
5501611
5498972
5501624
5501735
5499894
5500250
5499207
5498001
5500042
5500720
5498963
5499173
5500264
5499485
5500605
5498911
5501790
5499504
5497897
5498195
5500895
5499391
5500438
5498439
5498987
5500365
5498897
5499602
5499696
5497534
5499660
5500181
5499069
5501868
5500576
5498541
5499428
5499842
5500279
5497796
5499221
5501957
5500387
5500063
5501753
5499832
5499081
5498986
5500030
5499960
5499351
5498296
5501287
5500186
5500891
5502129
5501750
5502032
5500774
5500639
5499256
5500227
5500658
5498754
5500814
5500457
5499307
5500554
5500699
5500117
5499640
5500331
5500548
5499822
5498181
5501326
5498110
5499594
5499076
5499926
5499447
5499825
5500921
5500207
5499966
5497726
5498962
5501619
5500930
5500334
5498225
5499284
5500000
5499191
5500654
5499558
5500107
5499705
5499760
5498919
5498998
5499692
5501556
5499607
5500267
5500287
5502145
5501448
5498358
5500044
5500765
5498055
5500705
5498688
5499552
5498839
5501132
5498554
5500367
5500988
5501284
5500832
5500076
5497672
5499323
5499657
5501195
5498989
5500952
5499229
5499856
5499444
5499772
5498534
5500966
5501230
5501080
5500366
5501390
5498123
5498305
5499070
5501477
5500074
5500678
5498488
5499526
5499270
5498738
5501270
5500819
5499733
5501814
5498149
5498885
5501363
5500361
5498892
5498549
5500085
5499150
5499016
5499508
5502078
5499330
5499062
5499269
5497260
5500485
5502687
5502326
5500750
5501017
5499342
5501499
5498814
5499907
5499930
5498213
5499539
5500261
5499250
5499975
5500456
5503521
5500428
5501211
5499641
5500432
5497994
5499745
5500603
5501118
5500220
5501742
5499620
5501806
5498876
5501032
5499151
5500912
5500394
5501019
5500664
5500033
5499264
5500310
5500094
5501373
5500116
5501010
5497245
5498779
5499598
5498517
5500341
5500460
5500145
5501816
5499106
5500667
5500193
5499362
5501921
5498441
5499684
5499946
5499321
5499112
5500147
5501105
5499830
5498896
5501086
5499940
5497870
5500474
5499697
5499977
5499576
5501979
5500088
5499283
5498956
5500700
5500786
5499748
5501718
5500086
5498249
5499008
5498478
5498906
5499909
5500513
5497525
5500956
5501741
5502158
5499914
5499024
5499057
5499693
5500078
5499513
5499618
5500499
5499800
5499176
5503231
5499190
5500439
5500787
5498947
5499965
5499272
5501861
5499723
5500311
5499623
5498469
5501112
5500385
5499375
5502150
5500824
5500313
5499509
5498405
5497962
5498095
5499546
5499415
5498995
5499812
5499923
5501073
5500594
5501000
5501227
5500688
5499542
5498224
5501537
5498171
5499255
5501233
5500144
5500611
5498730
5499131
5500396
5500065
5498942
5498635
5501834
5500175
5500037
5498936
5500906
5499038
5500675
5499752
5500515
5499932
5500965
5501304
5500476
5499577
5501199
5501289
5501268
5498898
5498808
5498592
5500722
5501671
5500945
5498513
5498824
5500199
5499763
5499694
5499034
5498659
5499941
5499634
5501094
5497993
5499978
5501169
5501900
5501089
5499399
5499838
5499579
5500056
5500935
5499789
5500373
5499322
5499161
5500319
5497823
5497673
5501223
5498680
5498974
5501135
5501516
5499801
5499186
5501446
5498725
5499338
5500433
5499010
5499949
5499592
5500141
5499559
5500530
5501399
5501686
5500736
5497638
5502073
5501397
5499446
5500129
5501262
5500350
5500899
5499716
5498662
5500134
5499280
5501050
5501102
5499750
5499767
5501381
5497965
5500979
5497575
5501286
5498631
5502140
5501077
5501966
5501564
5498941
5500615
5499455
5500122
5500670
5499698
5499265
5497940
5502371
5498022
5501280
5500797
5498501
5499310
5500905
5498101
5501400
5500994
5500214
5499185
5500865
5500689
5500316
5501308
5500306
5499893
5499703
5500742
5498712
5500275
5499233
5499124
5499534
5498860
5499360
5501683
5500704
5499924
5501141
5501809
5499496
5500926
5500459
5501305
5500124
5499153
5498823
5500013
5500816
5501028
5500776
5501469
5499895
5499125
5501960
5497181
5499188
5498578
5498752
5500010
5500848
5501591
5501108
5499429
5499818
5497992
5500509
5500752
5500043
5500090
5497497
5499784
5497973
5501111
5498740
5501667
5499122
5500096
5499615
5499959
5498535
5500749
5499031
5500767
5501468
5499574
5499118
5503310
5498512
5499730
5500536
5500407
5498660
5499353
5499271
5501051
5498353
5498690
5500784
5499567
5498646
5502010
5498901
5500047
5497972
5499108
5498169
5499192
5500707
5499769
5499749
5500503
5500099
5500346
5502483
5500876
5501337
5501662
5500864
5500636
5501231
5499137
5501423
5500401
5501608
5501505
5499308
5499064
5500506
5501454
5499043
5498428
5498529
5499200
5499396
5500783
5498954
5499649
5500883
5499015
5499639
5498820
5498773
5500294
5499216
5499039
5499734
5498797
5500308
5502592
5500925
5498706
5499317
5499141
5498691
5500673
5499847
5499740
5499240
5499770
5498560
5498590
5497918
5501053
5499021
5500191
5498923
5499305
5499142
5499035
5501149
5499646
5498973
5499373
5499183
5497837
5499603
5500450
5500437
5499890
5498196
5499643
5500486
5499751
5500535
5500461
5499588
5499503
5499840
5501173
5498966
5498020
5500934
5501134
5500835
5499277
5500888
5498216
5499248
5499344
5501012
5500369
5500877
5498786
5498531
5499593
5500662
5500516
5498692
5500274
5501021
5500770
5501159
5501322
5499671
5499370
5500217
5499891
5500403
5498767
5499407
5497253
5497551
5497703
5497738
5498532
5499855
5499315
5500702
5499241
5498996
5498971
5498979
5499648
5499553
5500834
5499616
5500464
5498098
5501114
5498287
5501435
5498307
5500445
5499285
5501675
5499096
5499346
5501348
5500426
5501410
5501353
5498695
5500751
5502502
5499458
5499082
5500721
5499068
5499225
5501006
5501293
5500354
5500176
5497864
5500665
5500035
5500915
5499071
5500820
5501318
5499742
5500714
5500238
5500151
5499296
5500695
5500442
5499171
5498878
5500018
5500423
5500069
5501701
5501175
5500368
5500826
5500108
5501045
5500235
5499704
5501785
5500305
5498909
5499626
5500818
5501097
5500846
5498931
5500118
5498673
5501610
5501555
5499813
5498394
5502029
5501523
5500121
5499217
5499149
5498593
5500478
5498361
5501193
5500717
5499032
5499775
5502018
5501999
5502034
5500131
5499699
5499668
5497844
5501717
5501249
5501997
5501174
5500584
5499158
5500771
5499263
5501704
5500252
5500371
5498790
5499089
5500563
5499479
5497068
5497597
5498685
5500162
5502093
5498376
5500009
5499766
5499075
5498290
5499292
5498325
5499327
5500213
5499652
5500011
5499886
5500032
5499266
5500179
5500054
5496406
5500212
5502055
5501047
5500696
5498868
5500164
5501002
5499228
5502597
5499470
5498422
5498597
5499371
5498342
5498115
5499988
5501428
5499958
5501176
5500817
5501894
5501391
5501935
5500642
5500649
5500791
5500949
5501682
5499862
5500579
5498795
5501071
5501959
5501142
5499541
5499393
5497855
5498614
5499662
5500200
5499756
5500073
5501680
5498218
5499957
5499235
5499493
5501779
5498416
5500854
5500573
5500315
5500693
5498270
5499631
5498471
5500355
5501180
5501947
5501248
5500093
5499288
5500801
5499863
5501091
5499881
5498527
5499702
5500451
5500552
5498710
5500735
5499566
5498803
5503404
5499565
5498711
5500939
5498526
5501329
5500957
5500836
5501583
5500491
5499606
5500521
5499316
5499708
5497742
5500975
5500842
5501216
5501395
5501085
5498503
5499452
5500941
5498661
5501069
5499902
5501867
5500887
5499610
5500205
5499398
5500571
5501586
5500178
5499906
5500448
5498530
5499726
5500079
5503090
5499009
5499586
5500656
5499502
5499028
5499635
5502028
5500597
5501509
5500202
5498177
5499237
5498083
5498475
5500345
5500524
5501722
5499359
5501637
5501104
5498707
5499490
5501849
5501314
5501436
5501694
5499055
5500244
5500318
5498564
5497696
5499717
5499409
5501221
5497910
5499774
5498666
5498781
5498550
5497731
5500533
5501572
5498848
5500218
5499874
5499867
5502976
5500737
5501041
5502621
5498949
5501385
5500624
5501529
5501471
5499160
5501038
5500741
5499885
5500360
5500482
5501146
5501196
5498380
5498034
5499779
5502240
5500253
5499146
5497669
5501793
5500101
5498939
5500223
5499892
5502087
5499709
5500326
5501161
5501665
5496596
5500569
5502439
5501805
5501222
5501247
5500424
5502367
5498154
5501412
5499896
5499879
5501456
5500627
5500810
5501419
5499831
5499211
5499102
5500443
5499974
5498637
5499435
5501533
5500379
5500285
5501269
5500794
5501296
5497793
5500475
5498887
5499665
5499380
5501313
5500606
5500620
5500593
5501463
5498013
5499656
5499956
5500359
5502125
5499293
5497929
5499551
5500435
5500815
5497702
5498630
5499230
5499523
5499561
5499595
5502315
5498727
5498677
5500187
5500942
5499465
5499456
5500660
5498871
5502279
5499299
5501253
5501133
5499955
5499815
5498657
5499875
5498341
5500647
5500395
5501781
5498158
5499985
5498751
5499522
5502590
5501799
5500406
5498856
5500822
5501274
5498000
5502100
5500436
5500753
5500847
5501058
5500370
5500560
5498477
5499184
5500440
5499007
5500382
5499544
5501226
5498366
5499487
5502931
5499352
5499624
5499994
5498516
5500745
5499876
5499710
5500775
5501987
5502206
5500863
5499900
5500296
5497440
5498907
5501579
5498595
5500211
5500904
5498867
5500425
5497881
5500012
5498905
5500595
5498408
5500577
5497684
5501042
5500342
5500281
5498498
5501815
5499080
5500317
5499970
5501018
5500146
5499199
5501352
5500087
5500710
5499515
5501502
5499608
5499984
5500610
5500928
5499244
5498382
5498794
5499345
5499087
5500060
5501003
5501398
5501301
5499130
5498470
5500328
5500795
5499382
5499061
5501915
5500364
5501663
5501358
5501264
5500494
5497062
5499494
5498601
5496920
5502147
5501375
5498596
5498964
5500724
5499683
5499571
5499475
5498546
5501561
5501484
5500632
5498775
5498443
5501590
5500922
5500635
5502114
5501258
5498452
5500599
5499810
5498729
5501762
5500149
5498447
5500405
5502437
5501212
5500838
5502071
5501129
5498605
5498999
5500291
5501205
5498328
5500630
5500115
5498609
5501518
5499799
5499950
5501386
5500806
5502708
5500239
5502186
5499174
5499762
5501336
5499718
5502225
5500586
5499298
5498672
5499627
5500790
5496687
5499337
5502336
5500668
5500330
5500809
5500299
5499389
5501616
5502421
5499516
5498629
5498944
5501273
5498649
5498461
5499023
5500143
5499314
5497706
5502153
5501278
5498684
5499829
5500483
5498676
5501354
5501489
5499030
5499154
5500617
5499208
5501666
5499162
5502162
5497821
5499040
5498254
5499404
5498378
5500885
5499499
5499018
5502587
5499581
5498734
5498870
5500242
5498027
5499555
5501294
5499476
5502045
5499000
5500168
5501795
5500322
5499140
5502172
5498572
5498368
5499972
5499685
5499808
5501511
5500575
5498827
5498374
5500154
5498138
5499045
5499912
5499589
5500698
5501731
5497630
5499166
5500286
5499866
5499094
5499633
5497819
5500916
5501356
5501074
5498445
5501277
5498874
5501844
5499943
5498642
5500380
5497753
5501558
5501039
5500002
5500917
5499918
5499279
5497934
5498389
5501282
5498075
5499294
5502065
5502429
5498032
5500948
5501891
5499962
5498679
5500297
5501515
5502111
5499817
5501421
5500170
5502157
5499394
5500799
5499828
5501043
5498434
5500327
5498390
5499776
5498415
5499564
5499143
5502277
5499659
5500023
5501054
5499738
5500391
5497550
5499213
5499234
5500681
5498359
5501787
5497985
5499689
5500655
5500161
5500114
5500708
5498113
5497891
5498651
5497932
5500954
5497772
5500950
5498656
5498644
5499713
5501441
5498675
5500862
5499413
5499938
5500388
5502115
5500860
5498411
5501754
5498245
5499811
5498748
5499679
5498983
5502740
5499318
5501241
5501158
5503052
5500301
5497752
5500469
5501402
5500411
5499464
5498811
5498828
5500626
5497475
5501184
5497387
5500607
5500157
5498016
5496947
5501983
5499379
5499617
5499120
5498749
5500619
5497963
5500793
5497609
5498520
5499787
5500034
5499687
5499334
5501145
5499155
5498834
5499601
5499632
5499995
5501961
5501013
5501800
5499582
5501512
5501107
5501767
5498846
5501349
5499780
5501049
5502064
5501527
5498364
5500128
5501201
5502732
5501096
5499441
5499755
5502179
5499331
5501571
5501539
5501033
5501014
5498398
5499251
5497623
5500190
5500759
5498884
5500968
5499806
5498226
5499765
5501243
5500869
5501552
5499720
5497919
5499433
5500600
5497624
5502026
5499332
5498858
5498584
5500997
5498070
5498117
5499381
5500046
5501910
5498086
5498067
5500746
5500859
5500109
5500983
5499968
5501789
5497676
5500025
5499519
5497595
5501172
5498172
5498977
5501328
5500840
5501153
5500960
5500136
5500674
5499727
5498474
5499036
5498807
5500886
5501596
5501520
5498557
5499462
5502004
5501622
5498260
5500856
5499340
5498244
5498387
5498744
5498544
5500498
5498299
5498658
5499987
5501695
5498221
5502063
5501242
5501300
5501424
5500192
5497144
5498879
5498853
5500518
5500140
5502320
5501067
5499033
5498821
5499278
5501101
5499129
5501738
5498650
5501821
5498841
5498716
5500841
5501459
5500112
5501168
5499794
5499715
5500898
5500540
5501260
5500549
5500119
5500174
5500062
5498202
5497735
5500058
5497746
5501830
5499967
5500740
5500232
5501110
5500133
5499432
5497724
5499227
5501676
5499212
5501165
5498594
5500333
5500944
5499392
5498497
5497846
5499905
5498486
5498638
5501905
5499100
5501820
5501993
5500821
5499498
5498591
5500766
5500760
5498715
5497923
5498719
5500245
5499194
5498285
5500081
5498505
5499837
5500976
5500444
5500005
5498997
5496845
5500273
5501452
5502098
5499128
5500929
5500855
5499105
5499388
5500196
5499427
5501124
5500958
5500709
5500685
5499556
5501090
5500946
5498714
5499004
5498990
5499569
5500363
5498509
5498606
5502198
5498269
5497927
5498588
5499448
5499805
5499506
5501439
5498151
5498025
5500701
5501015
5500947
5501617
5498454
5498850
5499916
5498970
5501595
5498908
5498493
5499935
5498724
5499889
5501485
5501443
5501819
5496664
5501757
5498955
5500690
5501415
5501229
5499287
5498574
5498350
5499231
5497462
5500384
5497833
5497000
5500908
5499669
5498788
5498301
5502296
5498044
5497957
5500989
5498102
5499313
5499440
5498121
5501406
5501669
5500792
5498284
5501990
5500755
5498237
5498785
5501899
5497654
5501123
5500743
5499887
5501087
5498900
5500226
5500335
5500578
5502288
5500519
5500496
5499110
5499365
5499827
5501225
5498243
5501569
5500400
5502233
5499778
5500683
5498739
5498562
5497758
5498598
5502033
5500484
5500661
5497853
5501288
5498199
5499170
5502644
5500051
5499670
5499436
5498453
5499406
5498976
5500022
5500598
5501713
5501082
5501309
5499711
5499206
5500031
5500276
5500804
5499049
5501644
5501119
5501065
5501464
5501589
5500712
5497528
5499411
5499325
5502744
5499300
5499882
5499814
5498780
5498468
5499688
5500070
5502041
5497039
5501360
5502260
5501977
5498007
5499372
5499861
5500295
5500732
5498865
5499744
5498496
5499252
5498699
5501445
5500008
5498483
5498671
5497549
5501710
5498643
5502012
5501932
5497788
5500282
5500961
5497883
5498349
5501971
5500268
5500155
5500995
5499041
5500567
5500534
5501817
5500243
5500504
5499324
5499065
5498965
5500415
5499647
5498852
5499051
5500837
5500329
5502110
5501597
5501214
5500336
5499303
5500505
5499517
5501239
5497943
5499222
5501690
5501524
5501147
5498449
5498431
5501566
5499839
5499816
5501825
5502148
5498283
5498581
5501272
5499086
5498159
5497362
5501580
5501137
5500633
5498241
5498164
5502066
5500520
5499377
5501521
5501210
5502491
5498343
5499077
5501794
5501486
5499329
5502281
5500412
5500352
5500782
5500618
5500762
5501084
5498961
5500158
5499877
5499286
5499132
5498700
5500907
5500028
5498890
5501775
5500390
5497868
5498784
5500653
5499980
5500348
5501513
5497827
5500421
5499845
5500646
5498626
5499297
5500480
5501746
5499254
5499492
5500184
5502027
5499091
5502050
5502648
5501996
5498156
5500839
5499027
5499115
5500868
5500744
5501204
5500913
5498759
5501430
5498348
5499871
5497632
5499152
5499148
5498511
5498914
5498934
5501237
5499535
5501024
5498183
5501911
5498741
5497468
5497441
5499059
5498815
5500583
5497635
5500473
5498547
5502345
5499782
5498289
5501766
5500853
5500831
5501431
5500271
5502049
5501192
5500923
5502548
5499335
5499575
5499289
5499369
5498948
5497500
5501689
5500462
5501851
5499326
5500851
5499113
5498367
5501810
5501494
5501728
5498050
5501936
5498484
5498701
5497637
5499354
5501479
5500265
5501188
5499833
5502015
5500677
5500553
5499301
5500068
5498782
5498702
5499291
5499795
5498272
5501394
5501625
5501191
5500172
5497859
5498792
5498918
5498188
5502080
5500123
5497174
5499333
5498277
5498611
5501691
5501011
5501037
5497705
5501613
5498796
5499378
5501297
5498282
5500546
5501575
5497889
5499202
5499187
5501246
5500221
5502302
5498763
5498344
5501458
5500574
5501488
5501715
5498500
5498337
5498460
5497514
5501403
5501574
5501451
5502707
5500621
5500441
5498851
5498304
5502208
5498236
5499397
5501366
5498577
5501526
5498640
5502009
5501359
5499758
5500858
5501749
5498472
5501860
5497945
5499681
5502310
5497287
5498866
5502596
5498093
5498698
5500559
5497593
5498047
5497502
5500413
5499309
5498674
5497599
5498054
5498543
5498836
5501414
5500492
5500914
5498832
5502054
5501450
5498720
5500545
5500015
5501303
5501914
5499996
5502575
5498088
5501312
5498057
5501702
5498309
5497967
5499020
5499722
5501098
5498370
5499803
5500873
5501678
5502368
5498227
5501121
5499328
5499114
5499836
5501327
5501048
5501457
5498764
5498969
5502283
5498295
5498150
5500601
5498491
5499012
5500986
5501276
5499005
5499883
5502097
5499674
5501532
5501186
5499505
5500980
5502102
5502571
5499682
5498279
5498074
5501057
5501425
5499136
5497953
5499133
5499540
5500768
5501181
5500691
5500089
5501507
5499385
5499226
5501023
5501396
5501492
5499466
5502113
5498774
5498681
5500951
5501160
5499474
5499859
5501316
5501496
5497558
5500471
5498634
5501654
5501627
5501255
5498481
5501139
5501560
5501076
5502807
5499104
5501256
5500669
5502490
5501724
5498379
5500872
5499477
5497991
5498589
5501213
5500796
5498002
5500103
5499101
5501743
5500612
5499017
5498855
5501194
5497651
5498514
5501285
5498582
5502340
5499761
5501951
5500652
5502105
5499850
5501745
5499002
5499557
5500808
5498330
5498420
5497744
5498462
5498929
5501828
5499530
5499983
5501652
5497662
5498440
5500075
5499209
5500139
5501472
5501863
5498816
5499386
5499426
5497893
5499944
5498946
5502960
5500529
5498838
5501481
5498958
5497493
5502369
5498003
5500517
5498451
5500878
5499990
5499257
5500014
5497180
5497938
5497824
5501873
5501203
5498641
5499243
5499074
5498697
5497483
5501343
5501344
5499664
5501981
5499993
5502324
5499471
5500497
5499768
5498427
5498952
5500173
5499281
5500739
5501401
5499425
5498286
5501984
5502620
5500132
5501771
5499201
5498696
5497526
5502211
5500715
5499543
5501466
5502622
5498124
5498049
5501887
5498912
5501927
5497811
5499085
5501503
5499253
5501292
5498586
5500971
5499312
5499807
5498806
5498105
5500812
5502946
5498298
5501470
5501802
5498753
5500195
5502448
5501266
5498568
5503028
5497808
5501009
5499245
5501323
5501567
5500608
5497907
5502052
5497789
5500280
5498840
5501551
5502253
5501878
5498913
5502679
5500852
5502141
5498494
5498026
5498346
5497447
5499011
5498545
5499384
5498068
5497950
5502494
5501281
5502602
5499368
5499788
5497775
5497576
5501438
5498886
5499159
5501417
5498652
5498193
5499223
5501929
5498579
5501413
5498153
5501374
5501912
5498459
5496984
5501220
5498248
5499093
5501994
5501881
5501238
5501093
5501716
5501005
5497718
5497283
5498636
5498880
5498745
5498239
5502074
5502591
5500800
5502438
5499491
5499482
5500769
5500153
5501846
5500455
5498798
5499714
5497937
5498766
5498432
5502586
5504228
5498119
5499042
5501340
5498864
5498303
5502668
5500843
5498760
5500881
5498362
5500798
5501563
5498397
5501782
5501943
5498250
5498548
5499642
5501534
5502363
5500349
5501064
5499439
5501543
5499357
5501647
5500080
5501244
5500477
5499472
5501582
5501576
5498395
5501460
5502053
5499719
5501941
5501351
5501495
5500466
5500731
5501730
5498571
5498920
5498930
5499268
5500682
5497433
5499430
5499596
5500481
5499545
5500568
5498421
5500375
5501100
5498268
5501897
5501202
5501986
5499753
5502839
5502433
5498639
5499528
5501602
5498854
5501739
5502182
5500638
5497810
5498103
5497814
5497719
5498247
5499220
5499483
5502085
5497777
5501770
5501170
5497562
5501031
5501467
5502845
5499088
5499572
5498187
5501885
5498238
5498065
5501726
5501275
5499261
5499637
5498917
5501813
5500967
5497496
5501219
5498332
5500216
5502273
5497982
5500631
5499650
5501113
5501661
5498311
5496729
5498334
5498004
5500468
5497379
5497165
5501706
5500036
5500811
5501850
5498935
5497710
5501841
5498736
5497931
5500730
5502088
5498384
5497949
5498515
5498352
5497328
5498622
5501357
5497768
5497838
5502419
5501265
5497794
5498940
5501156
5501636
5498023
5498253
5498060
5500779
5498391
5502738
5501126
5501703
5498288
5500590
5500893
5502916
5501774
5501940
5502134
5500408
5498100
5499048
5497832
5499198
5501760
5498553
5499604
5499401
5501478
5501372
5500092
5500977
5501182
5498733
5501657
5499878
5499529
5501140
5501822
5498174
5498085
5498922
5502300
5501635
5500686
5498604
5497459
5502942
5501150
5499982
5498233
5501185
5498375
5498419
5497771
5499629
5501474
5501546
5498433
5502108
5498522
5499463
5500955
5499164
5501829
5501022
5503035
5498615
5500773
5498180
5498436
5500830
5497998
5501737
5502188
5501405
5501916
5501026
5500713
5501522
5499524
5498570
5497225
5498066
5498602
5498043
5499003
5500135
5500048
5502519
5498519
5498993
5498826
5497250
5496873
5501455
5501347
5498566
5501924
5499417
5502757
5501600
5498442
5499911
5499282
5502372
5499236
5497959
5500525
5501798
5501189
5500728
5500017
5498051
5499860
5501952
5497319
5501491
5498444
5498293
5501342
5501884
5501066
5498446
5496560
5501609
5498747
5502229
5499488
5502003
5500351
5498627
5501046
5501407
5499461
5501833
5502726
5498400
5500643
5500077
5497484
5498893
5501725
5500777
5501796
5501687
5497614
5501946
5500262
5498600
5497978
5497999
5498645
5498479
5501167
5500215
5502181
5500566
5501154
5500857
5497377
5501453
5497128
5499500
5498825
5499197
5498817
5498369
5497995
5502019
5497964
5499495
5502525
5501733
5501007
5502209
5498943
5498314
5500879
5500551
5498805
5503180
5501871
5499865
5501062
5502168
5500875
5501388
5498927
5501404
5497663
5501095
5498127
5498801
5499107
5501519
5502144
5498663
5500703
5498168
5501544
5498392
5498019
5501252
5498211
5500110
5501634
5500892
5501157
5499915
5503045
5498769
5497159
5501843
5498136
5501547
5500500
5501838
5500828
5498742
5498145
5500844
5501422
5500993
5501540
5498765
5497137
5499273
5499358
5502907
5501206
5502335
5501299
5502779
5497259
5502381
5502101
5500920
5501166
5501079
5498223
5502607
5501653
5501618
5501055
5499419
5498539
5497872
5501473
5501568
5499274
5500614
5499339
5501641
5497594
5496771
5498556
5499746
5498438
5501670
5501476
5498678
5497058
5498107
5501433
5498502
5499239
5499336
5501036
5502171
5500427
5498967
5497434
5500676
5501382
5502218
5498518
5498845
5502321
5501427
5498771
5502237
5497616
5501797
5501832
5501593
5502082
5502681
5498861
5501324
5501228
5497860
5499067
5499138
5501607
5498373
5498585
5502405
5500924
5498080
5498525
5498648
5498418
5502334
5500999
5498960
5501736
5502573
5498209
5501714
5498613
5501699
5498528
5501823
5502468
5500911
5498036
5501437
5500479
5501700
5498506
5498240
5499600
5498523
5498096
5497882
5502545
5502962
5497289
5498347
5502210
5502223
5497757
5501345
5499177
5500362
5500024
5499804
5497851
5499584
5497041
5498112
5497674
5497655
5496160
5501692
5497797
5500236
5501444
5501198
5498654
5499302
5498414
5498046
5503013
5502062
5501872
5499366
5499841
5497629
5502298
5498540
5502399
5502402
5499275
5501369
