2370218
10842376
7392599
555722
239298
7013606
420435
4934181
4484004
2037862
4022416
10511408
2460713
4464306
9042630
4995907
8043692
7557582
8244202
7063485
685222
1506413
10621700
3641015
5265794
10338270
9868692
2246471
1020312
5282513
6717982
4561032
481201
6891519
1711013
6700352
8994969
2236334
2622490
9152922
8725415
8632987
10721417
7095170
8306996
5383400
9169508
6208035
9690132
4866632
673766
2744477
5180506
6166958
7464960
862655
4053344
9010371
3187256
458619
9038492
291430
2986399
1084661
7070077
2575906
9669767
7280355
6546089
3516755
4613823
4951372
10583830
1751199
5424311
5412710
8073806
1585900
3052448
7923787
2869109
4075797
7737252
6160282
830887
6002159
9119049
3273592
1620859
1331631
4970496
1654907
8925367
4773965
9141924
2288856
3348517
10604262
7584959
10110324
8529282
6812441
595563
8581472
5822773
4196615
8281768
6282287
2899116
3084207
544582
7051236
2097330
5393336
2724212
1744279
8644530
421795
10870462
5369413
3367667
10958440
5336750
5197915
5575670
10821530
10535910
9525374
1715398
8558352
6831240
6200334
8212591
4755995
10832564
2821371
8927790
7016965
9843121
4337686
6614041
4616538
10434039
9912499
854001
3845717
3003150
3526520
3397285
9272426
6718706
1535519
6225642
8924971
5335565
7561164
9240787
8310548
6918072
2915791
8455316
8294010
10792
9235773
10421599
7383886
4413944
10452622
10713741
9817401
5543751
2412744
1579140
4167166
8223459
9133038
10229354
6117524
10199489
10038334
6405616
471405
7981999
9013727
5857725
1217132
1846329
5461208
7159692
3115289
10446442
239837
7128636
10240701
1466458
7792236
6204549
954931
8807725
7436721
7946911
7595795
8647128
5953517
8985238
4693192
9662085
4863762
3589027
432261
4445821
10839695
5681355
635087
7733911
1317379
5524047
4216917
4601720
8698905
3778295
5552844
7214174
7564253
2684722
4223691
3656158
2601797
7505623
601561
7565389
6828025
2477289
8098409
3038622
2334401
8452856
5540028
4593942
8217196
1458709
418439
9971517
3397211
8157633
7838105
8564183
747418
10229168
3944833
6088370
428242
4527588
5677398
9747785
8300235
8463505
4296035
9702444
5890443
3370136
4614879
1644737
5059343
7806497
4169330
122461
1295935
1239170
5088863
9006520
6395777
4488727
963366
4470099
4064287
5556620
7561775
2748694
5568152
10152392
10837451
9460372
4446596
1739532
7334484
8514240
5199658
8196655
4798245
10038201
10906299
5848519
786498
2894659
2245369
2490643
5218363
3754461
660577
8570252
7153682
9312698
2407075
2686184
6602622
720273
2943629
10557636
9472925
5232544
717903
10760367
3990667
10920691
4780010
3513989
1824091
137595
8533554
584442
10577563
8416623
8226718
8678412
4378254
1871715
10896228
7260601
9766447
4921933
2499798
10115194
5835861
7216024
7424616
3300265
10865920
5164211
7468924
7153950
5519925
7800011
9193666
130984
6871443
8028985
9303890
10489248
7890005
3682900
6450458
1789004
7092673
4812732
4930605
4894214
1109440
7265183
4070333
7518848
9706779
3876070
8641948
7803934
8558159
534790
2075358
3571265
2750047
9412637
8734515
8190981
8502488
6689531
1550459
2550615
10080729
1019684
5856279
7026990
2915637
3241793
4197445
8369030
6014316
1269224
1745495
207507
3953574
4989889
7326182
10219984
10521226
9853157
6962433
6776652
3180782
2763634
3876738
8435451
9296748
2159070
8717419
2264585
6990958
6426072
358360
7450093
2890639
353274
6809780
7611024
6867647
5872698
6002880
1791330
2432959
9007624
1275117
2896345
9191606
5014841
9659866
1742049
4946948
3568991
1491149
9412310
1238669
7702904
6271596
9127271
3493000
4325850
1248990
1178695
10652447
3019315
3630446
1618807
9059765
9685742
5185982
3767805
10912686
8198383
10498965
6476033
8499265
3995272
3409883
6860307
8085304
10841434
10758850
2599226
4202178
5503253
9080080
2105161
3887870
7550547
5306366
4255708
10692749
3094017
8358135
5756654
9778237
7160686
4842538
9411994
165855
690423
10177975
5445379
10356851
4641354
5441868
9234535
4820527
7900388
9392586
4286708
7166283
7606518
7512760
10363591
6706326
10970470
1792695
6467290
3876933
8483281
5859210
345705
1369796
2969725
3118744
5172033
51431
9466544
270323
4051773
4191296
207193
9274157
3221161
1187492
7423335
10560392
1020036
6341393
5129109
10959823
554485
6873857
10202305
4646439
3355492
8303197
9437519
9565769
5527936
9666817
3075501
8606820
663128
3499673
1185534
2011993
5353174
4752549
52161
10812951
4708540
7970124
3969887
2213877
9803560
1396107
1051689
1249809
10812246
7629426
7532939
2168072
3432004
1587911
3138081
4023442
7158125
1076632
7698886
671140
4781433
3254533
1856468
2662140
8641053
5181511
9462908
3271134
2783815
5638887
10933089
10014886
6168569
2682109
3585037
8485382
6762897
4439673
2015130
12443
6982939
9467482
3383758
4513182
1843762
575513
2359918
7802226
6784896
10260206
4979370
5506853
3808122
1048488
8741150
3176880
9751108
1928053
2557070
9920227
7353324
2917699
79448
94089
3639181
6178957
9825818
8945686
8142437
10607404
7732059
1424172
9470685
6708806
5894071
949998
7633090
3903526
8120306
7147492
8466651
4029270
4063595
2797199
6409619
1323208
424778
4625065
3811476
3876126
10104604
8242679
3243846
4996210
4220199
5651411
9475403
3033652
8627371
9878334
6861616
2221386
7291527
8729567
9636682
2941494
3351042
5950758
5330100
2314421
7667264
137431
377548
3148460
3557308
248060
8821016
460193
9081765
5909886
9576720
5938511
3773957
6050267
2318
2177480
7387847
695833
1771685
9094094
10922659
9763257
3428103
4731689
2109845
8685827
7453471
6596386
3731015
7950353
10742021
8551251
3547033
5809712
1937580
9312706
7469505
10399805
6523454
4141109
6125359
3199726
4901812
6088076
3480141
10772080
5023250
8047435
5938448
10690722
10866109
9555031
475625
5453012
9423236
9565042
8403037
4439135
852575
7124989
10094448
2557958
5871777
6516615
10096030
4287085
9263613
6866591
10534777
7691904
65443
206351
8168424
8203127
3824700
2098244
4543610
6774148
9830718
85776
8487815
7126945
10164403
877039
2782274
10130844
310000
5630698
5071421
4095930
1152313
6165026
6970583
2442045
1383035
7404232
721400
9856860
8962477
5719931
6323573
8824541
176649
2683033
5247503
8856672
7014123
4095781
947145
6389994
3259179
6110511
2724294
98315
3242180
5270978
3000016
5561497
5607520
4719732
8787213
583591
434231
8326652
6127132
3881356
1557408
225713
7574491
4018833
10223576
10284327
10452600
9644032
3201151
6269682
6512660
7294293
8550040
4237953
7095350
3031973
155263
116175
2658036
4077573
9346241
2207980
6458959
9999516
9216713
5103498
5386906
4800567
7116447
3459240
6921226
5580866
6055319
170409
6342767
6296866
3287327
7588821
213151
1305600
2131855
7002461
2790709
297381
4632926
6106511
8398217
8939893
8466628
5057580
4232700
6915098
2419222
743348
8716412
5160381
4870530
3565269
1556090
6012770
4599567
2307549
8348621
121703
9057690
6533906
9287724
3479275
8030313
10088855
8513170
10659908
10297333
7678572
9324069
3091398
4100657
3899341
1541501
2588075
432491
3806778
6104709
7896748
2157130
3479089
3652846
9322491
9890990
5020249
4144324
10831963
313297
1376914
5664687
7703649
6387540
5754528
2414846
5557845
1363695
7017861
8042073
988186
97449
10917604
10907061
8675282
7424335
10094668
3551831
23160
1782510
2730155
4093076
4132177
4050484
10812124
6509262
9157170
9473598
7813813
8400922
6873383
1209781
1378756
768391
3162669
7247736
10936970
4122522
8568437
1392564
7280358
9847656
5096055
4307342
6031905
564186
4072503
2829721
9368591
2267201
10509153
6282988
4452849
1786517
2060118
5856015
6662129
2825507
184677
7862263
4368585
2141637
3768517
6835623
3284327
933875
6051137
6459780
4004836
3434832
8112830
7804821
121259
2391453
9786815
120114
10152994
2600223
1413399
9728876
9936432
3791211
6544685
3746595
10864995
2196905
4270278
3721680
4605902
1441084
4022636
8619673
1323585
5174180
464726
8271640
1585898
5953912
4388417
7468711
203453
9317380
8034782
41910
9533482
7787564
7056590
7241082
4889890
2730195
1978808
10319700
3838359
5487692
2833792
2994577
3845060
10060973
2664906
4833107
545866
5511979
7322664
1247074
6307195
3027976
1631040
2183037
6286561
8679914
6461464
1291881
6784161
9250358
4787376
10719004
10586250
3673500
8742899
8945635
5254094
8567338
9081021
7827860
4364047
3845754
10511900
4949933
7940365
5405277
8164040
9224014
1772854
1680982
5002649
5914543
10875083
4118137
684817
1301319
10553812
5557236
8119790
2046725
3209660
2245819
3225827
10413324
454417
7176524
4085531
7484444
7312447
7690229
6563272
4849833
10796636
3377120
1172640
10191690
493397
5166185
7394852
1954883
8378776
7707860
7900758
1962673
1802220
10461835
1553769
5884540
9807616
4242585
10031244
7888042
3769542
1703438
4532896
4543182
603348
7974471
3526018
10478512
9532230
664006
2855959
866767
6768659
8628667
8240382
4910795
10907292
6444943
4728618
1001049
10717497
10562781
7292897
71106
7166868
9320002
10643176
6989552
443599
9159378
6363336
4154119
2495117
7441710
1320417
7989792
1498213
9779077
185900
2936087
4539902
5694175
1164703
4132902
2561390
1981642
1026112
1839293
161162
9533288
6903320
817751
3750556
1093255
7999666
8632220
1347437
491603
8435730
7399711
10550507
3275324
2241258
7112646
4030481
553128
9626704
164699
3085304
451434
10636014
1003753
5111570
10635248
4469168
8590676
4458829
7824406
10369649
3658298
8624003
9511853
7492650
10785545
10200704
3024008
200410
8350881
4022474
2910348
6391063
7192536
5037303
7444302
6224597
5298337
4263861
8504394
10336903
6804835
1115189
5181535
10917794
2846547
7400119
2718537
10933054
3260952
8544598
821181
9402078
8584280
2708839
2815396
2269236
7997065
3186120
3598829
2377532
2599695
6018123
9645836
6478288
2204968
10181685
9908658
5999701
8354571
9743292
2060300
6449551
2333019
5815400
6754194
9568298
9068981
5622677
6945795
6270978
9309780
2235337
10654136
10385859
10949679
6674949
10590503
3832110
1689045
5222635
1828151
6422619
10186644
3177098
5658807
4090014
5840556
1345706
7667784
7915292
7497162
4963165
8358919
3572510
5018038
9919295
4786044
2191043
9999522
9319438
676913
3288784
4305801
1696606
8523830
10001230
8187960
2506379
175591
9433689
867518
5733764
427147
7625343
9725440
9577078
10334604
186654
5391922
4227311
1913254
311082
4573757
4480170
6759663
830131
5191073
3591541
10911951
10134014
4082148
5372442
385067
7458937
9484477
2832609
10980417
2588359
6035584
5901471
7696177
3918206
10128778
5914636
6619873
7618142
1206536
6911274
4882236
10787315
4109284
8147391
4733395
7265098
1298990
2882895
10920198
712898
7759690
4107367
6719228
9743419
7326301
8062224
6550965
3455264
208772
8009362
2485639
3495538
6651506
1508911
5059519
4175077
1799968
10400528
1046539
5781125
8460520
8379437
9664726
4980627
2301519
9248292
6861016
7994344
7506120
3688161
10044703
7652479
3079611
8176158
8377329
10271563
10924332
5506149
6393388
1145843
1175611
8196562
1704501
10301492
6592
5826682
5295150
1913989
6838543
6331659
9196166
3973483
1763550
9352255
9477129
2822187
2966144
3306282
10545526
761937
1353065
4801682
1706610
9223009
4611365
6598896
5693267
1215841
9617440
7547111
10578852
7260779
5168410
6056607
342603
3798616
4830092
2816515
3757645
9073501
760030
9953856
8198902
1588501
3048381
7004107
9463242
2849
8993670
1293932
8401468
3169145
6439943
5974311
6077643
10771883
2646764
10946768
3851428
7841440
5621341
4841638
5846695
332779
1984638
8011911
34004
2781361
7626822
1279968
104322
5773327
5357096
1204658
8766734
5840200
778498
593544
8538897
7767230
8877464
2566111
3017031
6142384
9271007
10617624
9774905
10840128
2857565
6134500
810962
8428393
2216464
682063
7602426
2619032
8098353
6149162
2398276
1402148
2742037
9417291
5197081
5982728
4892855
7968131
6521072
8882423
22455
2147010
4958504
4929150
8532004
8407264
7727933
10367898
1030761
10311897
7786417
6288451
2670936
2728461
216246
9543974
5312473
7995664
6180916
8946633
6636638
225145
9194376
3783103
6839455
1832396
3957716
5218824
7261404
8859649
5073051
4177178
2266774
10909841
196993
5049998
7013416
2660933
7427679
5331037
1075155
10868937
5110448
3130868
9834417
10327691
2383966
9517194
2429463
3879408
150632
3945654
4539835
1218342
2799330
297022
2006085
6929699
8363793
7226021
9327153
8485177
7358668
4925670
8859315
10729707
1211660
271097
575407
58324
3255859
10331347
2545793
826800
5489774
6174903
1736411
2176778
7294556
7942750
10581262
10351272
6710901
4161522
3748193
5171076
7653562
4350129
6455797
5238931
6196852
3877535
1899081
3665491
5778429
6559995
7440828
10918163
1092856
9923008
5066913
4615494
8997316
2006344
6544478
9036833
335926
8596142
3588832
7190913
4058950
4263468
8173096
8507310
5100269
7316124
9582519
186472
2000857
656037
4403436
4574885
1961380
4954486
10148047
7284172
10163771
10846755
4575001
2443603
8817493
2413539
353878
7204829
4540141
1546618
9361818
3365305
9249013
10589774
3262546
2492244
10250398
5259540
1001924
9022821
6735692
2339485
10143968
10952582
2397792
10315736
2047608
9171777
2843085
2988812
9658274
3224963
9038301
4924588
9965428
10815658
1766547
5001143
9369792
1337809
3843204
6782253
877993
6374334
7857558
8341674
2283479
5951310
4592080
6048822
6378114
6898848
785805
2625717
3540354
7529940
3514816
7989802
177000
10120044
7292074
6019056
5547974
9243134
6086032
1929725
9643455
1172166
9462947
7333000
8396269
10096583
5308740
6498653
4963141
9509256
2798740
7115494
4200412
6479645
9559509
7714384
8519564
6513038
1490236
8154959
4479909
8564729
9093076
5869476
4965569
3099908
10267132
4629636
2297802
9385317
1009016
7161920
3915607
3071194
7465896
1644205
4116426
3086931
7793855
6483560
2772189
4554341
9545074
3762516
1827217
8236510
6404494
9300162
1145962
9526127
10268364
2541703
1857830
8644181
1061317
5759831
5016074
10244431
1500472
8566045
9132802
594340
2807056
6905255
4989854
6825169
7455278
8181463
6686626
3071146
8767212
5039460
6362939
5305304
1501512
4923260
4279509
467371
3255771
9358662
10205908
5518778
7010898
4271929
8293315
10666249
2429832
6306505
1567081
8638451
2409370
1028050
2680753
569392
1360562
2979159
8839012
3643969
1665668
5679507
5943076
1249022
1636395
4097096
7372665
2278687
5050089
10177963
9250791
515784
70934
2633148
1426119
7137339
9085745
5806811
5434552
3936224
2604002
1767365
8493901
5635252
7466999
4762754
7903497
4646710
9783894
10552574
4484456
6369579
4412673
4026791
10969768
10678875
6909841
648984
1795557
1864613
7216266
6791172
10087449
2764389
380583
8893234
10813327
10499632
2321945
10428072
2048186
8097278
3764018
6050081
10086549
2528456
682290
9250917
3340511
2812099
2444301
4553323
10454331
314879
10912637
6931358
6202305
6542251
862761
9116065
6081103
5466598
8318555
1574229
5547874
10568545
6053693
8856488
9393925
7798481
3073362
9237132
9421391
5116205
1467159
6348176
476270
8799634
7503644
9352130
6281884
3949048
3046936
4412511
9958268
8817468
3892458
10897904
3769015
9797075
3185025
7665821
9865224
7628047
3760038
2444621
8090708
4114890
9270729
5849239
10625489
7719586
10835258
8558240
4943873
920764
3973457
318081
5043997
5291420
7649200
1547370
9535859
9629882
6083296
1698181
3754371
5418834
6822477
10547852
4248332
10476014
4196671
8389945
2127585
7906877
5300152
524823
10370047
7853461
550808
8852145
4046922
7106722
2310877
261471
5422135
639871
256236
10223427
4039115
2523989
6857412
8091911
9633526
10963539
8965946
1937499
413646
8034128
9511687
6787441
5527679
725573
8274227
4345360
2350822
4289550
3905669
2226173
1444112
1670420
9725111
6668676
4918753
8302229
6011519
10016402
8147660
1224105
750922
6042552
6980842
6123230
3960354
6910266
3216535
9224105
923372
7591622
2515943
7617555
7219156
10626017
9269420
4319688
10952865
8275287
6486548
865067
2943804
766115
749453
5424979
10215832
10818450
5193721
5824155
8326404
5696072
8322636
6628287
2008743
8834387
8018602
6790419
4123501
5456257
8498239
10910476
9310146
6835013
10729059
524610
8609303
8369124
7204271
5599697
8176534
9246128
10271068
3267229
8159094
5158894
6979311
9099511
7377466
2227195
5709906
3949084
787666
4771739
23135
525327
2388072
3365878
6693221
6920567
10194045
7952903
2449918
7486223
127674
6698231
10181591
172847
1874343
7682918
8955768
2161608
5781259
6369396
5984552
1236882
5315539
3294047
2497191
4081049
154155
8026184
8450610
9074884
2260458
4311391
8914024
4641464
920648
10940933
8092138
3457473
8804132
4629385
3311339
8803681
554606
9368770
8697034
1368302
4544050
6222908
7343123
4562708
576252
9461769
10946966
853399
268354
8371699
10155445
10442765
10720822
9586152
10493014
2555428
2043173
2299816
1304340
5514718
1502289
1394088
10944745
3906750
9318588
4064614
10453558
6323935
9487332
2102373
387517
6689329
10035492
10530276
8725355
9054998
6957320
9911286
6109853
8784883
1614300
307978
7686768
509945
6515099
663404
2809066
10112188
5947838
7935014
6294945
7748785
3919765
356490
3060903
1736778
2714388
4071218
5743782
9420964
1062797
6229455
5206158
2517142
10236138
12375
6785803
7226054
7832981
1388913
4303771
5479592
7625136
9855112
3783373
8081851
7813295
2630730
7529077
971878
8732099
6243767
10322846
3441084
2213363
2995664
8099528
2500452
5406445
3748414
1562060
8081719
949216
39363
8512117
6657027
7987361
5672438
4930168
6429078
3971598
9086747
6830295
4702592
980567
5853556
10462314
3151098
5365193
6141733
861548
7370345
5109426
9775412
1590676
3482008
6249094
10623240
700696
679734
1537616
9489522
2916548
4266925
8826432
7102221
10784380
7104903
232596
6098053
6895555
4577686
1407077
9151691
5303410
2887055
8778299
4353076
6187933
9682664
2690768
7720671
2813813
815216
9721264
6958698
9165035
3654091
2959093
1300077
2994846
9275542
731626
1687341
3434400
7366977
9733593
9291425
8100112
4946975
4267617
3708744
2963964
7088840
4132486
5392002
401932
9231701
3574267
3290577
4310093
3137766
1063061
4380149
277192
3325911
9633180
7648998
7821518
372466
7930184
780264
2245661
6053787
5220044
7471987
8680388
2707155
10214664
5636026
9630613
6301483
3577788
2224174
2851048
3685729
6954599
966358
9199272
4275183
341777
7088818
3505825
8990834
3425799
9915154
9175706
3115091
9185724
8228894
4664674
698574
7413671
4961300
1774889
353306
8508848
3444706
8053106
6636212
4819106
10665213
5003661
1360217
1327185
8702147
8575636
2534670
9626926
2098595
7638893
1117519
7687256
10118284
181359
6876541
10494699
9806441
5335675
10009378
5765325
3068550
2924586
41977
10387470
2153819
5905493
3821948
4869782
5902556
2430201
5700560
10806314
7264678
10927331
278736
7780592
4936334
307763
10913156
8691862
4751782
5702296
3929497
6510078
8699181
10600892
10949883
914001
8626
7396299
2606025
7410008
8583506
9192046
7067083
8095688
4437480
7676355
4982004
3634150
6802621
6828730
2445781
8724344
8608516
9082251
1594868
7659127
4580053
4966488
2003700
4267321
3529502
923928
4818043
3297358
2940410
3116541
6409529
4057783
9509475
1888369
3090945
6288930
2636793
5554326
7672492
5229796
5871104
540662
2068808
6159333
1347688
2040400
7159828
3819973
4344673
6194442
3532682
7639047
10450410
7596084
1797326
9999476
3651577
7295202
7442266
9822396
9232529
4779359
715441
1740891
5940191
10429580
9813831
3795396
7956927
8790534
699495
8938833
6916707
10439977
6249816
6359510
3004160
3949395
9696257
7962617
5605447
8453020
336215
921499
2573871
2094371
7918840
4894785
2427068
10503339
6314390
6597062
3035466
1312121
1227478
5207211
6785818
6821992
8325363
1907234
9185420
7634354
5917777
1868048
488263
5241299
8429111
10389040
7916337
1120370
276074
467020
3060630
3680586
4232932
5584597
8520987
5597147
5131909
3933340
494692
10773925
3005901
7192446
305962
6165081
6332197
1730470
7843024
5440618
247071
1017421
7746819
746740
3245873
1948589
8758563
5258719
1041254
10892851
6857358
9081935
3607217
188430
4829648
8285420
10929122
2912481
6475649
5251340
1220318
2267636
10579548
8058342
5864795
8020373
10289229
1056025
7131084
8577230
5169657
6570996
10808778
4444032
5474489
157681
10614307
7114040
3505808
7297021
7157030
9956403
5482564
6503769
4496867
7071798
950031
3128347
4232485
7549426
1764215
1346001
2322354
3638133
7342714
10169884
2465342
6868048
3563350
3903216
728712
4482494
10017373
7743497
4619484
3974690
5914667
8344109
1092191
4963071
9773136
1003519
1888274
1901359
9587544
2403846
4076070
2952207
8073265
2622596
3837768
8999290
656786
4372633
4206995
183536
934640
7935637
1307553
5070292
343682
1796106
9907372
4506253
5200562
5459590
8880810
81214
10971399
4613511
4105824
5324106
4601603
7422722
105749
3246802
4797343
2571741
1460945
3484090
2847211
5070445
3527967
1131500
10166225
9172637
9499911
7419016
7600558
473295
3420445
6781031
3591002
2096007
9245436
10814073
3941412
5462758
4204223
6223030
4598162
2716705
1071955
291712
3909813
9681753
8532812
8087944
7897084
8194771
4267613
3822983
1699070
5665340
1045337
5501271
989456
3201714
8527213
2123025
9800418
626655
7179704
9134568
6359798
8203357
4709157
3385104
6750275
5585367
4974288
1832882
587893
9806086
5988564
6290146
6503331
4922966
10823970
6116624
2624507
5428887
8462344
8550621
2799136
5742607
7193332
6526025
285569
3653415
5700643
7475625
1414316
3607092
3077510
1895236
5618117
1869527
10899991
2892878
5343544
9478117
6314091
10277216
2253506
6857448
2359115
5886621
2196103
3645417
2405178
671339
3885253
5786426
1536338
7338496
5077164
3179429
9419857
9145762
4916467
3311753
8300443
2900227
3439809
4786396
206609
5956376
6093781
10587097
2195001
7484700
1910142
9245938
5983263
7396512
10495769
9152774
1108209
3924330
7663191
3160205
6372602
4828444
3976937
6514965
10004541
8508117
5590599
8741689
2583370
5419646
7810291
9208350
7448266
8982115
6325547
10212239
3804007
10979147
3968598
1165979
9048228
5402008
4702000
4442120
5613220
8725647
4071811
7685347
3416086
657282
4884266
7594230
5898730
286125
10657588
9907877
4497740
4013106
7023295
1080344
2887725
7743680
9657811
3380413
10489395
9508979
2218792
4168844
5589816
7336703
10333699
253290
2846389
959349
10702944
10997768
1409831
7262306
10951019
3233505
4120015
4210633
3662148
2726695
6796912
7213890
10320837
8305326
10591756
3057326
6981904
3933974
2765747
3566629
608956
4381405
63657
7381128
3252951
3797343
605147
9715684
9757295
8188624
3765761
3425643
2905782
10154781
5226050
6446196
4698685
593806
3017817
6185022
5374703
10576575
3191491
12494
1982941
10833041
2021242
10879673
3615485
420369
6381842
10375529
6613309
3133548
2537733
1692036
2878502
2055119
2034032
8918995
3859562
3788765
6574855
5356589
3374341
4001105
7001587
2233010
8875121
3573785
6875235
3963049
2169106
153430
7372925
10253710
5423787
2332483
1605877
9346897
5475582
7584551
760012
1042689
8394551
7017628
9958832
9794020
1251912
10319347
10391970
5349069
5706834
1233366
4308344
9834521
7963053
899574
10183042
4389687
5023864
3891708
561794
4096050
1936221
4626218
8547761
8153901
3326946
2819688
6398624
9138160
7209685
5539070
10721773
3266565
5491476
10138121
2225018
5270961
276680
4685210
9798760
6076080
5592250
5091489
9599720
9394167
5056973
4208274
1348239
5104190
5195070
5387189
5337147
76123
5972374
3294879
3535236
894950
3845679
470111
6537870
2964378
3011012
8776994
10574337
4959333
380855
201038
4003305
5891936
7075779
7938001
6928831
6960715
10415086
1591630
2259744
941327
9042093
64852
515230
3431825
1570815
1646398
5616090
2594216
6087066
7358997
6142675
1271960
5628529
8588710
8501861
317285
6181099
5638996
672260
2888128
3371882
3633944
7232751
465965
2262341
5092817
400607
2703257
2221677
5749334
6397808
4765925
10906046
9036250
1145014
2141658
4688968
8057298
2888958
3015584
9709986
265890
1483839
6790278
8919973
4055925
13294
206486
8495886
4584403
7748152
2417255
4960798
10697281
5490558
8128301
7807765
1569913
2959187
2444923
933372
9233891
10271275
1951962
10105310
1838580
6582257
7157820
2655144
2592559
5329092
6989550
7015863
2966527
2782152
6251386
3367752
3791597
5252717
6561935
7707787
1443772
8054405
5216774
334882
2052791
687107
1605410
10253758
612244
27317
696889
8855640
3464644
1041446
7347190
10073400
2433029
5093743
10077923
2705997
6904597
9635147
9377400
5821908
5951309
4633412
1674390
7845134
1918865
1836715
1286553
8757437
3797305
2378793
10593131
5225286
6511433
6269474
2913953
2491548
5540296
2617775
4726590
4836542
7423399
1047982
6971900
1146367
9787917
3698247
7723559
2804403
674476
7873380
9639560
10396444
8256109
4968344
7104808
472672
4816796
836029
6521486
5777254
620079
4877399
7765318
10762411
3730242
4774624
7789199
4727057
8778938
832665
9414947
3768635
5176148
3207489
9956361
9424990
1627699
9325595
135926
6466326
6700270
10960170
10593460
4885632
10137667
10147910
683640
2900451
5106792
8846151
5544694
8019313
127976
3824674
50779
4192527
832012
523776
7238997
9535476
140320
5756987
7197576
3548071
4947264
248659
6119076
9863827
2658356
7846193
6213778
8080844
5615065
2699025
6490271
3858327
163422
8079306
3507678
3436004
547607
1963724
2793107
6394556
10512596
9499144
2907991
1454721
9966407
7219635
6569198
9871883
2210812
4072931
1312343
2464510
1823240
2905926
3124779
6758219
7798807
3308134
6190915
3992869
7964743
2667850
6606624
479086
4768250
4087567
2379859
9520424
9632348
3750047
8149075
5979832
9135863
182789
4153023
3660911
3873598
10696104
7283515
9460462
5614128
4447604
8333809
8191661
4401365
5617486
3645081
7643197
8395690
8316498
1682620
6050233
4559989
10341706
1034234
1305545
9271653
10548869
7497050
669254
7478251
3380056
8756611
4416608
6467048
9364160
5398217
4641256
8111142
5506583
805804
6968820
848015
10705836
10041632
8064895
4516707
10340440
2399872
8339844
4143614
4196900
8345155
8565653
9705094
9332566
3358775
10826216
4338181
6530694
3564200
2503808
9292667
1829458
933825
6501346
8995286
492322
2491834
6724307
10381625
6608377
6319633
8794675
6281006
814319
8346329
4302258
3372222
2179356
9042927
1211193
5979670
8437943
2365804
9717869
10195352
4297251
9629123
4788887
2982926
9976019
4124436
9138121
5624153
7323487
2940976
6507922
9944396
4402059
10706723
8910673
4434883
7968039
1239956
3435498
5614064
8769245
2474489
5393086
3521205
7282277
1702749
466616
2420024
1740754
10323007
4833708
3231793
453009
114997
7194056
124720
1511550
4663022
7663226
8688805
4181869
199505
7902932
5938124
7981530
1462851
8551944
1816952
336902
2193697
9130209
10774172
5463286
797277
7437392
10112880
5922754
2326390
6860580
7807049
7041687
824333
6341379
10788823
10078344
8595516
3990417
10231654
9454165
7832799
10224105
1309550
3337504
4662977
3365786
4969812
1987846
10159800
9774842
5975844
1607677
5157530
4306138
7471463
820004
10062209
4550205
6355511
4376316
6327666
2313976
8525743
6476238
413947
6893801
6013765
6632299
3902917
4208415
10881820
8762249
9432695
3210906
4416840
2932333
10540899
10661135
10268095
820395
8845165
3477801
7314019
183825
1541045
9364129
251852
8551934
3320036
7715715
5641567
5758897
1398901
9165997
3363950
4364781
1558143
5470760
7020221
8851270
9617192
451331
9374897
4027109
4907662
1854001
8389823
8494937
3465151
1426343
10936829
10455117
2561758
9722463
4715916
9534516
759830
5321393
867331
6028817
9103595
2919988
10104964
6071677
3054289
3424979
1024593
6805416
3412350
5737483
3365534
5115824
7610530
1373049
8961630
3906146
10906366
4433273
9397057
1259366
4172901
9563502
6631612
486655
1579678
3926059
103300
5728685
10741406
9591865
10001009
2217771
8928027
7363851
1216753
2433749
514657
9824177
10324086
2762014
2709191
7202091
1378417
10739648
6277155
1583572
693157
7701573
7682278
2527794
454917
4204249
8079502
6252216
1487300
4694788
3179808
7851701
3741411
7986247
5796206
5629921
6725584
1203551
10291164
3974742
3870699
5602220
5922774
6686631
2907077
10195421
9772241
4659758
6626934
9967169
9175312
107584
3373672
2232902
9671901
8257999
10315556
8610437
9674975
1844427
2870649
3311254
4461785
8891833
8312315
535850
1970195
4594602
9569790
6193249
8196297
6175823
355909
8070045
1097926
10823178
206085
20630
3346088
6150414
3774504
3700128
10483526
2626842
5071402
9028661
97423
3008053
455370
510607
9656259
10427354
3233986
4010447
56817
10025087
6477078
10462741
3746738
5095376
4619416
3814189
7003138
8966809
300796
1143174
2940789
1238754
4288109
5880506
1117876
7180436
1618044
8853171
7029030
2682777
3497052
10212970
6332832
6877049
2760256
2039149
5240362
2862732
7264343
1162968
10908982
5122176
4414364
4606956
103337
3066238
10559391
4796087
9294271
9464939
1412118
6020582
2264091
9668724
1462759
7283667
6211262
4448259
5466069
1663573
7767663
5362081
10231450
8364681
4988196
8373886
9519352
628222
3434675
7446754
8902527
6092308
4044049
10291612
352894
4318771
2039266
2550695
41
5854744
2267802
8590747
8951407
7732098
9527332
3188341
2934631
6983195
8415042
6058678
3982574
9381465
3561545
667423
6837943
1556305
2602515
7347824
5808838
3863351
589148
5012915
8565901
74988
4226660
10753574
8851366
3953827
3034291
462175
8438889
2776190
490343
4317971
5085636
7029431
9577418
705716
3149097
8498390
1184824
8759162
5977702
427897
9095645
1832324
2064339
6054337
2216802
10402755
6902032
4054213
7550968
1298315
7120363
3693028
448813
7606598
216564
3828511
3517102
5966204
1315836
5248019
2049949
10214007
596639
4740059
7590540
9701354
7057782
10495084
1761627
8293679
4155683
676543
6817148
4757927
8947085
1416735
5692868
309124
8477054
5396458
6878404
5535660
4429200
1120973
2988897
46290
1041720
1395387
4277028
1722368
2704750
9792477
7456813
4428585
5571129
8224853
4038161
7423291
7513784
4763246
1365233
8224198
9867455
5738774
610963
6195960
2813866
4241004
1133947
227862
1365078
4478694
7138353
1111097
4818188
8374896
5711319
5936435
5744789
585859
10662920
6374517
3305995
89947
6693277
2911439
2741788
9010915
7263291
10043274
8573526
9232990
4193961
9563262
2175189
3518940
1893205
10989984
407709
661731
6649310
10321271
7281267
1400263
7167009
15893
7626508
2677122
3721174
5372916
829937
2807788
2254260
1837834
4822405
5729641
798930
7820468
2311348
178279
5642332
5113819
4796544
9151575
8266226
6764456
2067315
2412086
1681586
10168296
9967045
8120978
3215980
6152757
3784168
6627720
9931252
6729879
641304
6465447
8620544
9079055
1891659
10639247
5416229
7085565
296962
628825
7902452
4579836
1079022
9023772
5592490
3161222
10308954
6828484
967581
7689665
6672549
7350538
2533782
4807003
9761240
9644495
457413
406506
2982794
1271814
5179703
355783
443068
5256142
6262042
1111520
7934333
1441415
3137195
5795406
1031653
7482791
5719275
1192412
2380964
5215314
124027
4558085
570940
2587161
3553835
6334966
965196
10032684
10156438
6162063
450308
9259222
9722
2818435
925207
127966
4686359
8038490
8111964
2999367
3579381
8957047
4439237
5807074
8366750
5730411
8758300
8227606
8625648
7039804
4513688
4309613
9275725
10209464
2644263
263411
3014701
4518334
7045276
7670128
6951536
10801571
9712937
975947
5953795
6682882
9362744
1720205
5824006
7695897
1260940
9235375
2560176
6746144
5965383
7293956
9863994
7621219
5873502
6556752
2776850
8944957
1787071
5321840
960735
146400
4026480
10050925
6282500
6530128
173054
7084863
410631
3926494
10612831
9206672
700052
5499994
8086052
5303211
1568437
5977718
6946704
6431729
5088833
4663901
8552868
4318047
6249459
9594334
7087094
5496157
7575518
2350480
1330441
6811133
2355665
5463000
6967610
8811451
9959113
5746082
9008721
5723740
8321145
6750767
9345583
2443062
6375831
4537477
6617617
1912110
2790650
7530437
3385463
4742772
9114545
6379606
7608136
7997948
7374535
2264904
7978577
4898054
7118662
3990932
6944134
773440
6511261
5886218
10356901
6806328
6191930
607988
7940001
2343445
3600726
949812
4535615
8432484
864736
8720354
8891764
1214765
5534662
2166382
4290443
10174458
7778313
5488769
9299386
10559952
3994520
6625591
4324934
2178740
1609526
2579561
2081071
3079383
9825329
6699207
3693698
6317385
2931976
10944396
5180097
9751438
3768298
10582743
10124737
2196859
2611875
2902753
1343448
9359586
33533
3912810
10115131
6714027
7717087
1476901
8982757
816657
4576056
487422
6792891
7935923
544447
7575193
1944050
8364340
3475919
6807805
9170773
6078764
462379
1595546
5554381
4671625
4513665
5399644
10167876
1912744
10405322
6571670
3383721
9538491
7544103
7644840
4450413
6825571
6755649
4390798
5796270
10621663
4849075
10510447
10655713
4459766
9247474
6404174
365196
5445578
7705552
7508655
10966810
10726179
5622683
10633723
3204893
5903386
4316172
6761037
9351091
9813920
1852309
1768960
8053449
4050964
1353697
5069576
10135767
10935911
7844735
1807409
1001993
5500966
664967
2359128
4728373
10819095
9381395
6228949
5180577
5936157
9538880
2304805
55338
9268341
5820391
5774730
117355
6932774
4333967
204064
300366
9480328
1064991
9314993
3880876
8743547
9671966
5325149
3336810
3358546
7430567
8111191
2180627
9238331
6153290
5517971
7972491
8732559
4606883
7924290
2646416
2584544
9191895
1010751
10595020
5154922
3137092
9679064
9744281
67891
7530467
3668360
4808627
7517883
3528022
6550675
10776178
10563432
5894643
4910597
250866
10637373
3689779
5730356
389688
1923993
3221810
4435319
7638853
3912195
8056889
2729715
4574278
1712357
7566909
4223444
8763350
1568855
4469087
10464198
10151151
1134163
5236754
3237894
10147
2916139
6605088
8715826
1527671
4322192
9015727
8693822
1212211
2395894
645426
5072916
10517869
4879877
8063905
10121063
8869005
9191484
2121989
7601120
7619216
8437022
8326735
8814289
2103997
9369263
3850686
10018369
4682547
3074711
2254990
7574853
9676386
6067534
4236077
6252580
6000430
1225423
10443797
1675306
2949019
8068224
7974137
5213826
6729801
7431057
3947029
8653300
8583386
10073974
532216
9394598
7171993
8359999
9368528
4859699
4573711
3835932
9540173
3595411
2878907
3335784
9666346
7223228
5108669
5101302
9848293
3526648
10257936
4738957
7703120
8539118
8548417
3715557
1300680
2735873
8286364
2573473
1486
4110989
9144945
4286349
3802785
6334778
8061103
8155835
2368194
6080394
1987406
2983796
9957389
966120
4775095
67383
5302484
7369288
936018
5172962
7236565
3922896
8645048
479760
2796525
3425202
152421
5023016
8458558
7820558
923929
10389092
7371233
7204928
9247923
9842172
740555
4916357
10341647
348164
9711219
2176361
9965340
1709697
4285675
4667967
4357300
3435255
2942424
5569739
10139627
8037672
1337140
5573578
6312753
4696277
3806252
7816793
9149227
9760085
1704026
6012072
5498202
885722
5133884
1616147
765557
1815320
3128727
8943895
9154042
6629035
3463147
10481197
4162364
2157315
6586727
7207470
8661671
10370521
5878276
3863428
4496881
2786876
9153160
5309686
1375148
3966306
4607902
4179424
8466679
7848887
1998614
6977274
2670029
5449272
2138146
1293377
7735269
9627721
2747253
4084298
1794998
2304197
9778945
4200406
6342360
5839343
6853395
7450310
4783386
6926594
7764285
2917832
7521359
6146606
10623547
4185216
739476
6253937
4253024
1482452
1302943
826843
5144446
7631285
3824896
4227872
2219854
6430044
6726377
836593
5495845
1044465
9102232
1190757
569703
10490542
8087805
6557140
6750601
6722131
4842402
9367518
312129
7723178
4190020
9405225
9958078
10134907
5076789
699684
646240
10789804
2550622
5905474
962296
1100210
2833743
5554722
1702984
7882772
9480010
2272181
981769
2313241
1264626
10568693
6095916
3949836
8400714
4485337
6100998
2845575
6578162
4389765
3731340
3209065
1830111
8166219
10550109
5124335
6261424
8296494
6038881
4940751
7774067
7265463
1355141
2902871
7460808
3220533
5234011
8018549
6934600
171046
8183364
9370037
2341874
9996650
1015312
1706671
10571791
3095976
6520340
6524288
4260008
4902934
7087660
1589244
9312028
4331511
7244552
8957887
639886
5046765
2130919
8002463
10090694
6168659
6152976
8306221
9797103
9009562
5837209
3947139
3891632
4656463
852693
1019238
1412595
6579103
336206
3319461
5942313
7703358
9018021
10907482
9901554
4428289
8548689
9500045
4025321
1042946
10539115
5231498
6959102
7024344
9005662
9924849
3705693
10214656
6207613
6138179
5801032
10009890
4204366
1803313
3790565
4528256
5912615
7406263
9501764
9194222
6629605
2204416
3383182
6196879
445814
1999352
10572528
2223272
7223980
29262
3921135
4653925
2095777
10859093
4928025
3849506
7210649
8879326
4982361
8621954
9493651
9652532
1151860
5509505
6471789
857692
6013771
337492
7163049
1225309
8902040
5982216
3140422
8346797
10530243
3866354
7709542
10360830
9799429
5216318
9047236
9531330
8887319
4982055
3730891
5811785
4278548
6567111
4694515
6147714
3078202
4134580
344988
2923234
10675174
2887635
681198
9266101
8236223
1958272
10086082
7459482
7337030
2034459
7789936
6244937
5008024
10478931
7700393
4677229
9569452
4542116
8070218
943818
1419388
1584128
3099047
1241208
2821129
6303507
5404
4220720
784771
370676
8005488
1178979
8743774
7252708
3156854
2625665
6826369
8908617
4347081
3711596
10400546
10288405
10697805
4486320
4983799
4207367
8337898
10255984
9995668
5398578
1769593
9906887
8953568
6966475
5024682
9171709
7299760
9539272
5056236
3768354
2572624
8319958
9308657
4674404
9581655
40070
8071295
2768153
3993084
3142663
4526904
5090188
9973873
3921206
10546785
1763882
4854492
6790558
3924223
3781800
3680726
5269335
9584332
4467284
8084373
8450227
4579713
2055343
7835763
7597695
5258258
8549843
1381860
6849287
8602061
240859
1282293
1358551
3800245
3330173
1889012
2771639
4624746
5603456
877184
4208839
8314636
8385728
8431308
4300068
510143
1694825
633751
1355101
8179509
8404113
6786422
6428783
6237824
5301598
4547050
5501484
8243558
46443
5159303
7510690
1661115
6848766
4088737
10569844
4605980
5781056
10737933
5374961
9155941
9767085
3015293
8903531
2695036
2544162
1841640
8917495
9705114
1635364
1444547
4165072
5058215
5299436
1623262
8950608
1096022
7405689
4356990
7527434
9059181
9868593
2830046
274839
5304714
10261815
2099020
8817466
8097184
9743402
7772462
9180710
3141236
4478930
9848459
9575126
3489399
2419083
4586137
8279809
8434195
5463407
6668722
6509941
5544667
4278878
6898327
7904022
2812418
6063651
10027604
9104423
10692495
10785582
5958284
5117025
7964650
2515276
7911674
3906686
8931067
8666437
8258764
7715667
5833285
3317292
3516636
1714472
1551016
3729955
2662323
5224934
389919
5649626
7384349
197621
9659407
7014540
1827959
1486898
6361891
10157390
380178
2436971
9508200
8240372
1862848
2958
10485719
7773589
4068829
2643951
7798540
1158861
1937860
4399146
7904181
6722137
1259902
9679518
3196398
3461742
1433727
6707545
5502044
10413791
5013567
2558913
4144201
10418071
2490564
737712
7255002
2641947
1835581
7339800
6115033
7332168
658276
2239474
10495938
2413216
8047348
5575214
3265925
8838826
1993660
142915
7880229
10240106
3050308
3970596
9094802
8597330
8361575
8711476
4427867
2808505
3057865
8121842
499530
10613884
6943013
3046886
3495545
4034469
7026264
1894274
797205
10758804
7259178
6261147
7159987
4407801
2566127
5447957
2267044
10162883
7531502
9681175
2919835
2026815
8140681
4342882
10039809
261218
1718110
5438231
5032587
1177260
5252457
2361839
10686672
8806787
3346628
1010503
4384964
402691
10753821
1082418
1419588
7950805
2368426
2048886
8116623
4673219
9925466
5842553
6169060
7916423
5281032
5480433
4202432
7699630
9458890
10927767
5001836
2860636
2793543
4286446
5823866
3271143
699337
1282678
5658609
7180859
10847541
10448907
3640188
6443452
6003075
2712759
10120470
411315
10815053
1381116
6623252
6023624
8972598
3063485
945819
3750961
512797
837354
6142422
2921603
10134927
7236049
37565
7392140
10640267
2472074
5787060
4411745
3684506
8930136
10429888
4208831
1497284
5986151
10213347
9659973
7411361
4410288
3503379
299668
8059648
4804107
7971290
9862510
6599211
860405
8488242
6618934
6935185
3522259
547758
3353478
122298
1972779
1966467
621238
10549700
2076642
10572993
4519693
4717050
2517510
10609881
10311227
5819712
8394157
1916305
3827597
9512820
449111
6188582
8977783
6179595
9528155
8415112
4681950
2650364
7057357
5350986
7977539
10366575
189725
6169582
6970880
8589911
12865
9306149
6085539
5571649
7551766
7533621
8988146
4374760
6894714
5671003
8918743
274673
9126482
3028267
4362472
4382234
10641992
3684261
3085168
10072647
10958242
8382906
10880392
2586742
5958749
3303365
1626742
2297344
932288
4854819
206796
3437467
3229754
5668063
2566392
1883665
3146472
2529692
9173783
9551388
6232990
52971
1509472
8106337
988711
10144750
514145
4865566
5898339
5770015
2802838
1090079
793196
8490395
5937801
8474065
9452371
3157748
5475109
4108762
2099860
8721007
6942639
2489819
1341476
1908892
2225376
7222487
7878481
7570427
1562537
10379719
5500467
7255813
2967820
7910778
3542450
10925069
63434
2545021
4500851
1598889
9683866
7284685
7883929
6126985
4025699
1393056
1463884
8438007
3418471
6032889
2681665
5669191
6901003
6583692
5925496
9768150
6095009
2977221
1188192
1068502
5599038
7640131
4012441
8096495
10617396
4782989
6958339
8381298
2428855
1770703
709769
3893406
7031900
5471310
2186473
8558088
8974507
3025446
1470988
8157807
5624400
7373901
2441514
6644652
10489547
9142665
3870355
772593
2960563
8361965
8528813
8724372
6381676
3960809
10275200
6739469
9209710
9273164
2334616
9105022
3679417
5754682
6301691
8752634
6190336
10754651
582041
3112942
5463979
6860882
242975
2219933
6102894
2684655
10321548
4442060
4542633
7779459
6408259
3835813
5893104
6732600
8986102
2661506
4842919
407282
10944868
2505058
4556287
10930625
4832103
5538810
4291188
6125733
2343980
2601012
4809887
834153
1977077
9424136
311775
9335829
7800012
606402
2199960
10211224
10564136
6801489
2527970
8230430
1605605
2963116
5656318
8843318
4839518
8031896
8406648
10083924
7401865
4825348
1382668
10357981
1331651
2705079
9720311
8028922
6185323
2234949
1397238
916314
4559289
5074031
1029930
9990761
1409092
4049538
951387
8692925
2114469
7277481
1231040
8596484
6318339
693999
798831
10955252
7794072
8368511
9762806
6342058
2293677
7294408
1276472
5027830
9292273
4692158
6619590
4927962
2267452
10485800
860853
1259000
4444044
1414245
1541301
9225748
1385198
5980627
2629386
8658426
5808846
3764044
1091043
10383150
5924079
8067304
7816295
5150394
10562995
3826570
8913289
2035757
4032473
5252541
8110730
1417642
4815783
2615627
7588603
1930786
5014708
1576681
3252201
3266022
1423075
7902777
3902364
1038676
251809
6120483
2282733
8412746
6669506
9240952
7601620
6684173
9734340
8344289
4831660
617205
5021299
1081580
6535251
2973893
9006333
8925442
808381
9427746
8181201
2039646
3394902
8336212
6709617
727429
10559740
8923915
3892962
1131257
4696189
9299600
7517879
3289133
10799262
9547887
1188089
5142134
7815848
9130329
7677829
6863310
5319140
4290729
3036571
1979887
3928801
4617716
6233559
9615778
1179171
8327401
11824
7159369
9448572
1212749
203761
6404054
4253769
1627344
4306889
5677100
2118091
6253714
3062878
5207587
3875866
4257936
5237796
2046171
3225139
2044163
1923833
9198408
2708416
531467
1340081
1730245
2194447
5870620
8890567
6409678
8060321
556145
2340008
1063373
10181119
8956275
5433150
9339477
8402242
2069414
9425252
123282
677288
3010669
7038605
7391791
8704058
5136734
1666775
6376494
9714719
6588581
10887013
10691346
7762195
6740550
9462483
1740922
6390356
8045181
846739
5080190
10556550
3902783
5203741
10457535
942730
2030529
1005230
9182310
1989441
10923944
7232064
91814
7884384
1374541
7318128
10049500
5757693
4388767
6407559
2753800
4156561
158504
1351666
459942
1618899
3810277
2954565
4654613
10137156
5125521
10064963
3552033
6460545
7250400
2434418
2459480
10049375
8163642
8384901
9724617
7127528
2129116
4452128
302950
3720522
10627073
4516409
5527378
4448464
2490110
9924075
9228074
9875455
9918652
3650185
2255162
9424118
2312247
9366689
6959359
4049530
5323010
3620632
5717963
5238069
5280356
10064171
3018110
6459969
8438960
9672568
6840212
3719735
1553820
186949
2037530
5100235
4539377
3707179
3863367
801534
3596127
6904327
5628764
2162128
4348357
7199447
6100222
2388896
944284
10211347
9446152
6896369
4870653
2681465
4646104
1539441
4100368
5871776
2049392
1908635
10993346
1802932
309057
8262757
2176250
5154123
6673405
2505928
3561146
7685628
340451
1997788
1085984
9521439
9473074
4572411
3905100
3662339
572014
6207109
4253746
5255307
7076646
4438970
5862712
8041827
8531677
6493931
2472642
10244103
810363
1197533
8336235
9298868
9675549
9079739
639674
3376513
6738419
3634040
4634540
6015389
7288838
8488000
10306566
4998437
8265368
9864916
2686902
5251584
8088479
4841078
7788523
2814689
6710499
3612451
1248694
9994669
2041603
8092240
4553759
6998755
204220
5306068
6480868
8987108
7931612
8012780
9795406
10183748
6480257
4553994
7928054
547986
6199031
4397038
6886374
2661047
10736353
8995770
2079700
944327
9363811
10218144
3245764
7772553
1671796
1334506
3966275
5993630
4997402
1009061
2407286
3260288
5450606
8843034
5155391
3349496
5440715
10058862
2687937
9507333
3341931
3447155
435914
5660504
1764765
1200848
8967846
4854815
9663219
5373395
4007332
8098303
9461800
9426317
8471112
8235176
4869199
9359123
5720958
1421640
9664484
7779839
7110650
1001124
7409853
3249404
86921
10395064
7056880
5761125
5591197
6249242
9894818
4252005
3540653
1563180
9944139
10764216
5107600
1715827
9807237
2165715
9653239
4015524
119310
8053102
1779395
5544487
7942670
3091871
6400579
8338629
583068
3351317
4644677
4294737
4618583
6207435
6056234
2834394
3905131
8747057
8487584
8191795
1899778
3242461
848329
1524285
9274383
1390633
5355344
7293506
6883768
8696092
4575564
3129230
4490752
4916270
3801128
3836192
5250646
10704981
8114028
6880115
4046077
5617845
10689520
5604142
9248481
3653151
7168681
2114264
4760575
7697821
2793548
7387842
10579342
389881
6800341
9076850
8397290
502745
3660971
8247125
8535856
710721
7190126
5915145
7280799
7647901
896639
8225641
9794601
7348060
4726918
3969699
3646890
6133032
1294219
4610274
8832278
10212702
10717959
3791948
4266771
10321858
10619588
5811475
6328281
7541995
4095436
2956260
8676091
1331088
9165523
2511452
8598445
6564621
4275902
7480899
5077509
10232004
9570411
5328801
1425488
4514318
3698522
4539423
2165247
7273839
3887555
3768067
2198704
1676752
7133016
6999001
10503624
9222845
461861
1611240
5592509
5121223
10291339
6321048
5302738
4983068
1044766
10646831
7868390
450745
6294847
1426331
9276773
7200954
5419301
1305722
5875699
10915813
5856176
7103733
4129782
5448030
6923246
7954310
10744856
5561811
6253920
10058410
1535144
3178452
3379766
10793965
1666198
3571205
2039319
8170390
10055858
1285553
1847585
1776474
4314110
2923839
6115908
8337104
5094155
783219
2180073
6654284
4973114
10319888
9544946
9715258
3366658
8651965
8565911
9385371
7849132
6899347
7148380
6673885
3408672
2497267
1218606
7827882
9925469
7308939
7412010
4477361
9385226
9049900
7080752
10405164
8758633
310292
9456381
6775782
4145570
8642806
1113952
7204412
5517934
7651335
3076595
9958799
9869675
2839270
3792316
7230492
2533136
7206512
9331006
9449856
1202701
9766214
1361480
1963096
342149
5860804
234444
8931976
7009410
8089183
6043895
2687061
4225070
8810407
3477678
5661676
8111555
306669
587772
10052418
1563083
6129337
5568466
1275149
8814535
1085068
4463255
4237285
5297215
3979700
8090152
2419410
1312711
3311143
4228218
8268596
8558221
3615289
2145203
727092
5129428
5144154
5105548
7315055
8427251
6365236
10505180
2319865
10648467
9933954
5720679
847083
2233736
9973985
2542146
3895352
5063337
10719269
3083420
8863725
4910917
10834009
9515262
9263087
8067377
93632
1545023
6374601
3839497
3528368
1734790
9635080
9214266
5447879
6599066
10056909
842443
181106
3907049
3366219
7274636
10269985
1399773
2441891
4550160
7774279
8553475
528519
5643496
6363634
10021081
2827229
4530969
378333
6061851
8990159
1888470
6856660
5626630
2383921
391646
332296
5875659
737667
5373505
9334910
4743773
5249066
338845
1178800
10807576
4626870
2251378
9267298
4078029
4132855
8250616
5180706
10848754
9872789
3919724
10899468
4712985
755082
3917594
6158658
7550889
8463913
9342868
10065698
3089102
9666968
5302404
6823898
8594307
9203851
5927303
722104
4503975
8406176
8561036
7319953
4128357
10003649
1866264
1399834
1464283
10219102
5524544
2040327
4741337
7614582
3111675
8068137
10232311
6975326
3952557
295736
8795792
5628399
6274546
10498236
1513659
5963638
4448042
2416013
9187171
10540754
9666986
9776749
3203436
126203
3622853
5455000
9198722
6677777
10493396
8823867
5864731
9211240
8260600
1838982
10165193
8705173
6881163
1128175
10086347
2716607
419450
5545775
10382401
9061672
5533134
7955377
244551
4184944
1427485
67347
196228
5712077
509652
4719946
5081753
3224219
9985828
6099162
274395
10955289
6928903
7029166
10513440
9289324
3531075
3499674
7961077
6510688
10690157
7835570
1445023
3041139
1211025
9863793
3706688
5367841
2357558
6486800
6513119
122699
9869387
2561686
6272417
4133351
9036425
5225310
9692207
5396356
3508352
9186717
2256341
7717332
8031234
10367087
4649873
7108007
7303553
8622685
7897343
573488
157836
9041421
8849007
10894181
4232518
7952564
3518150
5275749
4176419
5447702
10092577
10495197
10958432
7426044
5121164
5238269
10167839
4645559
3961794
1023638
4452768
10671947
9419194
3695250
4048070
230034
4747546
10722178
7716893
7755284
5403039
4984739
8125396
954005
3340835
9279992
2680305
5212517
9036000
8976331
4654803
1013960
2310642
4998784
6967942
5659113
8875024
6055628
10342510
5304514
6934603
3417722
618825
9681106
8280859
3625784
4593943
4076213
10149392
9680433
9735714
6671723
8948714
7183634
4655602
10165524
7205838
4344326
2865574
7585888
3057943
7425680
9795965
5673554
2482991
7536460
7376715
7990626
4216501
8067755
2176087
1388878
5972311
1550602
6225547
10298147
7993781
3122617
8696799
8064593
8104599
2629387
2513450
2397977
9208873
10988946
9482328
5164233
1098070
5529346
8540464
10004253
3630971
5762000
7796203
2251882
2903623
6548733
4081885
8322108
2435085
4058569
1833066
6061110
1738939
2778929
4973331
10143378
7183194
6832955
3298698
4301963
3738976
2596903
9955041
1228084
4869832
10534045
7264735
6579825
7738603
2356068
4237004
4716638
235308
3512125
7548453
2300292
10717642
2316856
6432553
4760650
578149
3198002
6230666
3622649
6818911
1277063
7640009
3128276
1837760
10674934
7890563
10243352
8198283
818051
10339216
7577311
7896609
7712254
10078532
10003939
10159002
4870584
3145544
5115683
3515125
7870199
9729182
5278847
6176053
1376172
4356474
9413481
10064664
6917686
1310744
3719220
10462932
10940510
7073944
2704733
1365402
5493249
8145045
7767407
8241789
5860315
7261112
8206899
10866704
4602049
3786445
2610161
8312755
5525732
3020748
253119
4023780
8539678
9550412
9351500
9842167
6843406
8036417
609051
7654527
4738150
7056628
10828014
641370
3455935
2420929
9467785
2720217
4307843
5255788
5196910
9627561
6211381
2871450
2312197
10399835
2385292
5835326
8342131
6531714
1454970
9883291
2331233
4613632
3037284
9675205
9316979
9448912
1883676
8898315
9074068
8517298
3521185
8315023
3462811
7265721
804996
8168277
4394801
869793
5156390
2462564
1910051
3702663
5487593
2473881
6167257
3179270
3146154
6564289
5570001
8815728
4439986
4805926
1251865
9784460
8393859
1155730
9115628
1308648
7092801
8504986
8049363
5253043
1125550
9998641
6348840
6383059
3870152
5364316
186791
6870944
7429483
3088708
4268399
10503535
1614314
6692500
10865823
8729334
8539418
1557018
10504330
7743519
7517303
1876513
9399443
10040803
10168925
7726670
5374730
2338184
8579061
2462754
1725337
5771728
1358073
9348575
10339718
7956696
2261829
3276413
6035014
7755184
3392270
10662686
6603253
8713763
2420732
5901672
10510911
5216542
7129983
4637347
10268344
6157756
5840796
4775977
4187020
9153996
3693531
44339
3132315
1932136
7735225
9522132
5377448
10884752
673020
8834080
4791270
2853171
9776995
4271721
3823565
8866842
1337348
4077155
9317784
1943681
8028828
4672006
2219295
3486807
9018265
285432
930927
6895082
5967623
4706577
8065349
5961525
1128583
4141491
10117
5695518
1167848
3706318
2380641
10179835
2569761
7199598
8507044
4415656
8289653
4112110
7877849
6340510
9478780
9287358
9703581
8593217
9880543
10843691
9989951
9591778
6807118
5101306
7773510
6016572
112090
10737745
1598667
1118633
7996029
7509186
10312477
5369311
4260842
4593184
8282597
3503309
5243106
1001032
523462
2735228
4812320
2064155
6533591
159679
2801428
9836520
1399383
3454404
9480122
1649153
6411384
9766366
2298674
9460958
7413694
8487031
9254549
5741580
4774331
10771550
2192645
1881520
6600346
9312724
3145331
1275345
9119607
5852935
3282484
8207044
7355119
9160520
6869877
10422144
3503616
6267113
7694427
1189468
3394105
4147702
10950114
3964599
8271435
7540242
9965776
7174016
10941722
3088263
3355963
9029852
5853621
8280208
1132543
9991900
3178300
3569943
5933813
4569778
9650840
7712901
9934564
4527046
6840590
2814273
9500121
9382134
78569
7683691
9140064
10834311
10269950
135953
2250202
7987911
10306839
3928693
1100038
52144
6598990
10492848
3686343
4032865
6387103
2316000
9147222
2473782
10476735
8801478
1369041
8639576
862077
1641292
2580801
6713719
6443815
8053176
1467880
10961183
10737746
3846214
8998642
9551760
6204910
478596
4300260
6930809
1024386
8729749
5104228
4737839
1685175
6600567
4958535
1253482
1179689
10209204
1704004
5686289
8538928
801632
10215279
506016
8263079
6020536
8510487
2290501
3278127
9297370
5818607
9722445
5195681
8607798
7250617
5244175
9216751
5594267
7554950
6906513
2838408
7340808
8736573
8270848
3479909
7496515
9115870
4234377
5341457
391321
5197856
9069347
2181286
10376436
6739141
6872855
9772176
6563085
7244755
1690523
9061813
2083301
9552112
4644624
628433
2250750
6248009
6957008
7683275
2791251
9221965
2717093
137640
4636086
3694474
10709933
4653038
9577768
9868667
3062399
3070491
3616869
9542590
10372016
9838266
6386044
43705
7990134
3111279
5163046
9339231
9672248
3175381
7243964
4886520
2856727
3282307
8082012
8922251
8920541
1556835
1576496
8455746
4396907
4943690
7909947
3999790
1773425
8723187
1977658
1516249
3823314
355096
2116794
364403
10667298
7114840
4220469
9529225
7415228
6777143
9544350
10497393
8958183
9120399
6320302
5107566
2219026
7603097
6525197
4234306
7224979
4783114
3206879
5131176
1730648
8921320
8612497
3429185
9487579
6405548
2968328
5571941
7796469
5529458
292690
8553273
9019329
4010638
970064
24302
9175664
3061512
9826040
10052554
6612759
5031585
9922058
4016669
884754
10452093
3276287
2912084
4328531
249912
6576299
5849416
5606721
1078256
1223859
8885158
4466876
8218448
9165676
4991008
1142632
6705366
5159241
5908755
8879458
9909977
6600884
9017293
7498021
9785746
1681324
881095
2994924
6174487
2514154
9691439
7409686
2201971
1380476
9716300
9646474
4206216
368087
9795397
7616280
9515718
8875710
4224831
360262
632842
5743054
1287801
4453187
4812915
8280238
8476944
3562350
2916681
2875807
1057314
6157729
7629745
1124955
10785402
7616934
3066074
8438533
8759671
978381
3366886
2839250
6934196
8308843
9698419
4519338
581796
10973930
10711544
2948292
10361700
9257691
8174523
1059312
1531226
7494589
9461557
4325137
6675748
8743068
3894967
4924700
9150339
8286651
10587532
5581707
9819315
771052
8276602
8731000
1317464
4734367
5007926
5119961
8874646
10034181
1095066
6419293
7988857
10551786
4443935
10378820
2348303
329307
237957
2640382
4669710
4326295
7076923
2925871
1628255
4334054
6953688
4676807
4764568
1226577
7187745
3249576
6562254
8259289
3223044
10088147
4410016
3349026
7119627
2899303
5370348
10188463
9725119
5413481
9073449
577596
4548491
5872027
7787624
717266
2140432
7773645
4431381
2069153
7388521
9590123
6526040
599947
3590041
3581864
4654153
5936382
10326151
3043272
3317458
2312697
2825364
2886231
4605527
8176835
2981036
6953716
9091816
2420215
4275370
1546327
6148589
5323573
9873190
5610524
10934070
166326
3996413
1575072
1806326
6250670
8233026
2987105
9482903
9906682
10150493
2664778
3374861
900139
8306246
787644
8038195
6639202
1402993
10473077
420460
6609452
1527544
4476562
3075772
902516
10168280
5584495
7909636
3359223
8816266
7339763
1146510
10673642
10398161
4511723
75875
4974548
7245122
6902699
9323608
5949326
764494
1738857
9345638
6244493
3680632
4462504
10314030
1138889
8483060
6011532
9143056
8665896
3189801
10659113
9646330
7575071
8054895
3441495
1745510
5688384
757835
8939524
686402
10556623
9421573
4049758
737398
10401764
2953186
6901558
7641329
6588596
5097358
5724099
5942733
7163068
6800517
8227619
7255655
7237978
5351017
8343175
2226355
3554169
5090528
5514280
4312572
7511449
3119703
7576951
3257066
9717431
2608527
5038404
612117
1778736
8597620
5739076
7864191
2084908
1049546
10461955
8120689
10777711
6986075
4464007
7583818
10808906
10402903
1526497
3243881
9351224
2865734
10805206
2904391
5990465
4138323
773851
10756670
8663954
181554
9708861
879928
5477825
1153906
9309162
7378152
8335697
3691243
6884437
2827111
8155613
7595942
5358204
8340905
9806600
5051646
9608530
3368533
5317541
7512189
8083934
445416
2768954
10074708
485075
1613684
8545525
9887017
5770202
9357368
10571131
5103910
8058243
4197563
7392437
7386535
10563281
2752723
4342494
1609742
7979889
4811390
113444
5679832
5796617
4760154
4764819
7858867
10214091
6715956
9799493
10131715
2847816
9256248
8257832
3117186
6004351
5858232
60515
4838867
8084570
3828403
5635808
5289883
2890335
6157720
6319071
3903316
5439043
9113028
2463052
9770922
7027675
7596368
10345154
10266734
1430080
4591827
7855376
2663027
2144692
3675140
534435
1133551
1204529
8385697
3243915
4818276
2033800
7238505
7885075
7169535
10485601
9081365
6186831
4244501
9181326
5220213
10118606
3098553
1258056
4404093
723327
8671088
1759158
1820096
470191
10898579
9853896
10540494
7267511
1012259
3285489
10723782
95109
5732900
7592009
9480733
18139
4554695
1809022
6750869
7937490
2725678
1944328
1794136
674077
4341005
4240796
5969150
10164504
5220550
1135926
149602
234277
4332625
6861414
55252
7613905
6611358
9528610
2621915
6327280
407480
2168265
4313696
4515117
9641046
9266218
4823010
1542855
8435777
29012
1938691
2367043
5149019
7365229
3351610
1684063
9516535
9234654
1559067
5973142
598989
2001423
6971683
5367398
10530173
9844897
10849916
4976117
9459403
10675190
3825854
3883849
10435287
6621395
3054337
107739
6523340
1096167
6667702
3166827
5058700
4876129
7627210
674020
2131872
8725920
8475304
8919760
4331240
5275181
5098132
10018094
5362236
779061
9192859
619524
9731007
2620617
5878749
6849767
5952227
6205589
7471436
7449428
1713224
4268104
4417384
8006260
8637940
1349040
8547882
217356
7645159
1580634
7087269
2990019
6179950
2663479
5368231
2272750
6561520
2615728
272476
10072383
8588064
387674
7677559
8107929
4188770
1427997
1142293
846597
5229984
236444
1826135
8220605
2618016
1428430
1506277
3525208
1963491
8927999
2464467
2594477
6754220
5882471
9739039
2105223
7732394
897909
4511011
9622897
10439382
7626799
9503359
3520588
7753057
7351798
268043
1079447
939235
9307637
1565649
5484269
9919656
4347179
4810405
574613
7101588
4322324
628522
8289920
1543183
5114504
1260147
9876279
165617
112766
2860875
742786
4198206
3084666
6696516
994010
1070278
4623084
4471720
6823138
28637
173596
5815989
8329997
2883219
6537541
4949398
6686227
10860085
8449224
10305299
2005736
10629220
9053822
3192095
628455
10190672
9991053
5182474
1731109
1632503
759365
196939
1589292
3605457
1713233
2563076
6736135
3131271
7938091
2467846
1781498
1733507
3010082
446442
8286164
2638661
1895828
9370511
9082172
10689929
2216639
303129
2200392
6392585
4571395
1834637
5343004
7212672
5729606
2931980
9411520
3585359
10635807
8402903
9421064
3709082
10633206
9475891
9147215
3361633
5827725
6252009
9120877
5928435
10600510
2054902
4883442
5976911
3339211
9609984
1365082
1120848
4029102
7232234
281643
2471970
4295458
8187142
5545841
8516117
4898115
8935901
2596771
6062362
9564212
7163006
618373
9350855
5028955
5302505
4271722
724917
9504737
3445286
6149903
1752085
8161091
308066
6439833
6451125
10424996
3359895
3552701
7391648
4605305
5578656
7070335
9684698
1598548
1536842
1530221
2241517
6159863
7913560
2707963
6483896
5921810
6749610
4515196
10501914
5427483
2329284
3864432
1228251
5382422
102054
2122685
7584800
9039358
8040651
9842406
7473953
3955043
5046062
5806442
3488604
1224528
10851696
6210286
7140252
10717741
3032591
67571
370375
10123541
6480633
4818599
3998797
1987906
5368995
3170974
5361362
2805658
2521937
3155768
6626152
347593
6406070
2537037
1044198
6328853
1407839
8651302
7962250
10259509
710044
10517989
820769
7540388
6200605
1781817
6086793
5584427
9837406
8709081
2839823
9871014
6297214
2891330
7304537
2176725
8624039
7663828
3957709
4339130
7019541
1501894
6721284
1369465
7509638
9871867
7040498
10511440
9817873
7440497
2497666
9475033
1903191
262907
10156072
7027801
7596922
598301
10599552
3093633
2791799
4751761
1142519
2690385
6674892
775847
1808757
7554535
5686546
6900198
3305128
7496506
8115648
3483049
250634
7068564
6983303
7800202
7372199
161303
8265260
4927699
10685701
10894857
6738182
10961992
8829143
8040453
8186803
2236645
8737750
847637
5532416
9289800
8464600
4110270
10860322
4409016
7809524
2377868
10091704
6794784
10364020
4672030
9102995
1993012
3193826
2531644
10192632
3601627
913503
8044955
5079446
5784470
9879293
83806
6162433
2237431
7988555
3997443
6858994
8862247
6981351
10187813
6622704
3614684
5217840
10341769
329559
2296232
1711503
10566770
6915907
2473343
7999309
482325
9853535
4336276
8159737
7068116
1856841
3658959
10551563
7360255
7362627
4628301
3027604
1024458
6809732
6988070
7892702
9626051
8669594
8308190
9759463
9755528
10071750
3883532
3821061
8287201
10457930
1115835
5834247
10811037
3929116
2240964
9754834
5916026
2958685
7339380
3022622
2511698
552767
8406039
4081800
5491483
2470156
1683192
1121522
10887666
5327314
10490260
9275678
10716993
24031
1374650
3637252
2252331
6026546
4759214
1280193
3279725
8172148
3767293
9107950
8252974
3511482
325703
2301268
3282154
2715560
3544871
4324740
10081274
3063242
5714555
10054212
1591312
6535831
4862847
10659197
10123837
9500504
7961276
9547898
6183990
4941454
583162
4885958
2529197
3725236
10746915
10910151
10887868
653828
3749477
2540014
3534742
1086000
6909417
4595010
4349377
375896
60680
10283919
7162784
10842263
1437793
1994283
1042321
4792014
6736080
3622293
9218255
4924426
5832796
1870259
4346526
9452207
3208445
3845092
10624761
9718591
9069374
2241313
8083656
1249524
5752024
8035580
796165
5329488
1802603
2620498
7365441
8969238
4031632
10377821
5547209
3623687
5849478
8856655
5051183
294809
5099870
10783465
1316010
3370309
7910584
5313789
10205884
8505089
1760553
8287173
2412465
2539074
9261929
5180204
6230414
8956359
9741636
8368139
1056577
2554220
1166339
821107
8999449
8859732
3020430
2402260
5308547
6028815
6894914
10451284
3593667
7832362
2597336
2802729
9029542
7346801
2808475
4932096
5877067
9298689
3599888
8595757
4706029
7667310
5107645
8098170
7780370
2163977
1025549
4469419
9552178
5384959
9466617
2028932
1005002
319544
8449845
5108295
2088918
954988
3725018
5756942
611321
7183944
5340435
3047173
9706886
153626
2405551
2811366
4483518
2475666
2538205
7951770
8345073
6500921
4382142
5552267
7442497
3466974
10072910
510353
10357433
7721278
5291099
1426257
4598708
10236337
10185422
259789
2628031
1795335
2550061
937357
3028
4763243
10824521
10928045
2505781
8992783
1280112
6631031
5956167
6158034
8471835
2909472
2273103
8794370
4032705
6240967
3182340
6461328
9545277
4396077
2414831
9730343
6524045
10161709
8331623
145441
1683514
1650062
10987290
3619879
7461590
8535399
5946076
1811567
2018909
10490206
10972921
10557407
6012375
9372794
10952219
7687301
7563528
1298394
9509589
7126909
9354494
8094781
10377633
1095363
1904725
636542
9712950
4604007
3229680
7259212
5101103
10870243
9601044
5957197
3008161
6268265
9465056
1213347
7899617
10178851
4138840
6952124
5891183
132449
7148667
5285551
810230
8702721
7865374
1400807
7538261
7488259
7813337
7667992
9297241
9802877
2772005
5590613
7735930
8224984
8302242
10003998
3423077
161139
7373191
2673910
9073708
5589240
9160245
8487
2610146
1138757
7474274
6810797
9493346
474690
8278930
2892651
1687274
10842918
8792016
1713350
1807082
9665268
10969907
6947102
10071834
9902076
1842024
4515469
10447738
4455516
6608944
10908574
6539226
2102568
3906799
8952121
6202359
5833655
5340666
9919386
138906
4156710
2218452
6165243
10018246
522725
1990660
4205202
5303062
3074986
5457161
8452053
8026558
8426349
8394578
10825766
9365491
5989033
4966816
4918792
1785312
5438534
10042538
5536542
274883
8099153
3791832
4360486
2275577
1767532
7026709
2303541
6531321
213831
9523847
4234968
9350527
6270973
9094054
2498240
4647447
10781063
7675179
6229960
9919594
2792898
27264
10612264
9158252
7581444
7026333
6904643
1364382
10182038
3177261
9269113
9495521
3726225
5994104
3542481
4355047
7068286
4300354
1029288
9315509
2153837
553951
10078287
2619266
2309719
7564918
3022383
3928221
4378128
10580079
13834
9716599
6071274
1303209
3424965
2716349
8025060
8222437
2020314
9268537
5904916
576260
10610417
3103709
5771183
8215881
4769093
6578338
7603908
3110410
975160
5222911
5851043
9960673
1923715
7178216
423592
8659999
5764034
157855
2186226
9934329
5455953
8058618
8070268
7294939
9058381
3147468
499429
10015535
4102058
4720172
9055900
585570
2341533
963388
4205800
2736126
7299507
9331592
6802414
8563362
3992186
4766210
3882760
8644700
10638996
9136053
631599
9744938
5345938
3753990
917728
3882887
1001631
6196034
106910
10098297
7480145
1959764
10322892
3424017
7429355
7187692
10343210
5009159
7098309
3332234
7377304
3757832
2578977
7490337
10927729
3665340
7151057
3029659
5068577
2066879
2371429
10468389
6165242
6242200
9977773
3211512
2814568
9592782
8451037
9575918
10473785
2081317
8307580
3604089
8280572
8339742
7452674
6404440
9702516
9507124
4150173
9583071
2194519
10885107
9239185
1726650
7650676
10107961
9846486
9766496
5958393
10978496
4889719
4741407
314239
4044878
4141742
8688657
6133881
8672360
1344230
220176
8951136
9784107
2490830
3786070
9929695
6787677
6106331
3724766
8988613
6449399
850267
859844
2781419
5314430
3759551
8093822
4685362
7457486
1921267
4956041
2058853
1939251
5840626
5830108
4256622
2381578
1685460
6513258
2633721
8996475
2383183
1910570
9638221
1509805
3297789
8801336
3879551
10338858
3177576
9478704
10378774
9926532
10084970
4163631
9639459
9053861
6786951
10167588
6254929
2953627
10137211
9216929
5587766
3987967
297055
10744091
8541820
7232045
6056900
739691
6070275
10566401
457149
7439182
3169599
6333949
1010932
4371221
10690854
3206070
4648450
8872968
7805450
427564
189483
6866488
2623856
8740518
8521409
1541480
10109623
3989418
10164571
10928482
3004708
9590805
8827519
4235970
5358876
10451504
1099941
1186671
3276517
3081523
3692317
3376560
10097674
8578690
5960746
3767294
1347938
3901039
5219300
1482774
4485619
7684361
10703017
3448125
7697125
648861
2799130
8453719
4187646
3616617
7123432
10760483
9144694
6336032
10063424
10141581
8556599
3939392
9600495
3296975
9648993
9067712
4120738
929730
4561147
380259
102719
3021878
6410658
1391026
5014473
6848895
10683932
2580325
7281671
2496291
1925535
1556354
4836392
8943791
6666330
2737534
3921145
7247417
8517170
8610157
766078
282398
8796264
438349
8709301
6059276
8843093
5256802
7363301
4847273
6368028
8415133
514551
3248411
7661487
1748418
8382301
7899348
6951309
10432340
6242735
3346459
10992756
5967011
4128683
7344157
10092744
3061490
7552249
2898155
1218589
4231579
4237028
3816438
6655123
3264169
5012178
8557117
5435833
7454681
8837250
8766450
4388162
9085845
3142154
2367035
3690398
5706481
5538909
3279847
3855593
3145430
4632944
10439116
7971190
5205880
3010447
6228593
2215140
4637962
1842250
9793115
9480176
10505308
1668448
6433802
1840549
4616123
2720829
7227217
1940071
3681844
1290531
9286614
8451361
6469317
4132008
2406017
3199267
9453373
2696813
3211291
137096
6852750
1485222
6746212
4508263
10960636
4948573
6610496
7885389
3894085
10374222
1386389
3203723
10196193
6678207
10594875
10238953
3756317
4364699
8899348
7770485
7059376
9603514
7045779
5910871
6452652
7089886
5341258
2899981
10171725
1590606
1861310
8344679
9014120
7474562
7565726
8867716
2187709
7361634
4458360
9051579
10650296
2114705
2893879
2300917
296091
9403340
6220080
9922771
7202058
4604241
10047331
7805965
9917707
7537608
6631302
8670808
614452
5122829
10880436
7464711
5072905
7776434
9886298
10375893
1034999
9310581
490621
4255682
4909488
6091762
6943764
9535474
6573357
4414689
9667955
2788264
591781
3452523
5200803
2677013
8888790
4875428
9532884
10946237
128887
5867109
10761858
9735971
8393157
6798227
6925434
1931606
6543523
5508975
9637662
7927920
165283
81748
9663152
3631015
3402377
10043679
1689376
5182917
10202196
9912525
218569
3992335
9626119
7668415
6377331
5536304
10334690
5161439
3028157
10247813
7992875
10670841
5305521
7959931
10754131
9513230
6596154
7177726
4271055
4647674
5693387
10743003
3724758
8860707
8447274
2158102
5895340
3476835
5950308
1435640
471695
7016216
8365866
2498116
8320415
5614816
1025062
9122171
684952
1509590
10901211
5098003
6688777
4667375
1019322
7865451
2089260
6583299
3957655
8530450
9139448
6260220
8908462
3647275
1320042
1327513
6087737
10762941
10562594
6834153
9476748
842064
2108769
695094
6651165
10716210
10574031
1004820
2768865
9382776
5749900
881167
2459155
9152257
10549330
1356580
73529
3006271
991575
4349301
1293214
4500325
9377561
1106555
7694220
3030220
10331674
8290629
2979401
729293
2542822
7982649
10550388
970668
4045725
6596533
5190177
6352255
4364055
2273527
257431
10135510
10330998
9345396
2858505
1182927
5845657
6275074
2945726
4655206
595107
3037931
7942198
2642522
4775027
8175406
8696928
6834712
4707776
5788403
1270835
6023901
6631631
9438757
6592639
6560485
2444970
2084069
9253903
3873060
10102843
10194842
7263803
8242870
3826931
6202035
3756213
7583444
5293126
9047607
6190124
8504210
2952757
3875898
3447645
252306
4481239
967372
4303608
7125424
5026788
482335
4743104
3860263
9722725
2999321
3943137
2951687
10070478
2026965
8611779
7620730
148151
9146031
3503071
10869801
4799176
4496982
3658166
5941529
4841441
8832380
6160566
10917293
6302597
6440100
2944733
68457
241631
112969
9933845
511194
7901734
7515129
5559652
9618607
1797497
8298144
6678250
6344334
2523833
10467143
9938483
9237246
1613875
4259159
395386
5126831
4103940
2204693
602432
1720292
8606463
10421592
987716
5670330
10464790
5705379
2771139
284472
8897188
2833620
7200428
747506
95758
5337413
5809353
2427536
2360527
3025666
853281
8502891
6436845
8939750
949966
10978827
9026481
8488646
1089261
4527946
1080342
10176475
750280
4255488
3658219
6706099
10531928
10252238
1656339
1837279
9381048
2710814
9199501
5541292
3743386
10475281
391618
9057947
2548652
5178869
6990682
4431742
7362109
3646620
10787213
3231629
6723578
1297020
3524684
5278700
3807885
6333865
5257199
9479370
7365137
389846
2223497
7410071
8783533
8822416
3957334
2969137
4074151
3770429
10211832
8150341
2976588
4856701
739501
7738512
2790037
8744708
8309658
7828655
2114927
6885092
6421710
4233743
8553889
4341091
4302312
7318720
9629068
7117572
4198768
8295426
5373496
4616985
4907145
4605825
5944829
786376
10295660
10376152
3179258
4996702
10041599
8539964
7580581
4082009
10016282
836289
189288
5189692
6268048
10581831
10340956
1281408
7698452
9907138
8655062
4025491
6169900
5979722
6720954
5652789
8852542
2671105
8525363
2620130
2816023
2876717
8821797
2692227
1880599
5910848
7027559
8255055
2947765
1465481
10276025
1751137
3821245
6199838
2070391
6482743
10697891
8749255
7919943
1250044
10956574
1480437
497166
2491053
4911088
3123426
8586821
7087979
2840490
8286498
4683201
4813513
220391
8822405
7516796
4778167
4990461
8459896
8000569
8384358
8106713
234273
7019303
7737851
7571982
10514402
2811195
2324262
7500250
6841225
812303
8282880
8614104
4821419
10827982
8968733
5995894
7197310
2147761
5077798
6116897
5943209
524191
10381091
2911926
6219810
9726650
553061
534163
3041422
1816385
8104795
9183505
5686555
5982977
10405262
6370095
2154778
3519569
7373984
10984926
1363601
9084203
6749383
541854
3187196
1041709
3524768
2739712
3720622
5206289
6161549
1653951
8500783
4281932
10198333
106905
1530332
3983389
5763072
3274486
6458980
3850175
5857463
2292787
4580220
4727227
8885350
4510266
6821993
6025990
1518923
4814380
8018543
9509327
4753048
4046170
5654800
5880647
3448167
1944934
6849390
1765556
6670471
7082004
5604313
7743692
6509090
5049645
1434744
7672666
1351644
2889682
9541269
8985226
10550571
4582366
6047831
8277124
1340949
654666
10127611
204433
973939
10575225
659338
9003621
1397822
645252
6037750
1312595
10939902
8655813
100772
6109604
9121159
4084542
7918672
2192075
2631611
10360080
6562483
10710842
3898978
7715470
3269741
6354425
9811475
8824723
4248376
9988694
6219901
5374621
7541974
10847442
2465824
5981568
1821422
3019808
1301535
7658350
590468
6244685
5838001
10325173
9268712
1502944
4173276
8506394
8702626
5214474
10299152
7159628
2409882
6969245
9839147
5402046
10208718
6822012
2004136
4234173
2519464
4681428
2976614
8226637
242252
5354510
10069878
6272
9021382
3926529
294477
396302
2667449
6207827
3257369
7516324
4752204
9736199
6934494
2161252
470639
10776756
712507
5696598
2693160
1052586
630754
4475842
8583621
9327588
452094
4556310
5562756
9612959
9589144
8717469
8273872
874146
8248143
8860742
459096
3890564
742456
7542646
3842479
1066729
5131774
9968035
9870306
265758
10227232
4848790
5054526
9364354
6540200
1963722
5662278
4522925
7579915
5274527
6227918
1158803
1530643
6136466
2818438
9107271
7163926
1317346
3387550
5264738
1736424
3094073
7551044
9289692
376426
164798
8692802
9319759
2830957
886834
2731795
1584224
10946062
4558824
636766
9423213
1315034
4215480
8876929
2478875
5856140
2739765
564537
3575307
6373548
4071615
10955020
8912725
8740542
4784131
3458627
6898506
2995889
7236482
8113087
2492692
8458667
8067889
6523584
1793815
9629392
3827339
1328650
379708
2528669
5204673
3363759
6184862
6531240
3141470
2928772
1048043
3786775
1655895
5217778
9846984
664839
4926978
9479285
5468971
6912224
7694658
9775787
8228332
6644620
3119427
9310565
9889581
5733552
9543641
8734146
7562105
3927157
5653013
4564548
3084595
3573193
8910490
3894898
8387489
4192395
3136515
3883144
9714036
2079765
1485240
4908273
6849849
3259721
3544476
3620163
1217294
686876
10498895
10211055
6860662
656005
4291721
6417191
9205195
5395947
8976736
3249431
5161076
4387985
7323115
8268042
1535804
7844800
2940750
5313064
1211757
794297
9351017
4090200
8181473
9433711
3983143
3187991
9720567
44847
597595
10621400
3265874
351887
942391
4738489
7117439
3788419
751393
7975403
3443342
4123956
5819974
6367047
3946134
2135342
1501427
803638
10001184
9009494
683619
3401106
9055652
106982
5696518
3179448
1744528
727417
6193631
6001902
6718100
6115736
8214350
2970331
5852868
9293041
7953261
4415769
834027
10992979
1929967
8246981
4314429
9572256
7571606
2340351
4931325
9141373
5956986
6288520
7994890
1178689
6147484
10682186
6665517
6620444
4103554
3550826
3447852
5858597
10995328
4279694
7439346
1864048
6196250
9534175
9461228
1146264
2084526
2576752
9212104
6838503
3625570
3667687
5105422
7911801
1281732
5624653
8680617
1155373
5494251
1586556
1377378
80261
10899443
1603776
4556362
10834260
2229357
2978059
7429883
4929658
3172194
9827892
3735364
4198745
5942225
5033320
8292824
3323837
2616958
9231397
8897651
4726719
1680313
1747978
451419
2837716
704105
4008121
1899840
2497440
7167477
6543755
9092020
837096
3571931
1400066
6778574
3351313
3379314
9001082
8296872
62859
3880111
1231994
3954150
7551933
5082963
7862159
6329123
920950
9527392
5423177
9538719
3429574
5046521
7476094
10062771
5993369
1176956
3385076
941149
1242551
7948940
6451521
4109390
5599897
10805565
4001334
776295
5394843
10773116
3972140
2216318
1475087
902843
7421835
6279263
5057747
2953253
10722660
147912
3218973
5883929
6767704
7347807
2734324
3029586
5028961
10830190
681921
4825028
7549975
5606183
8209386
35248
10143943
8731736
4981800
4390198
2867597
6038457
202656
3687018
4072590
5145518
909122
1888930
9589720
10761778
5230967
489036
1651294
6701768
2169742
371598
1866174
8355098
9281734
2221803
4382388
9189333
6553687
57849
10153863
8186027
7801336
5739794
7898884
10772118
7702020
7249387
7826176
9358118
582933
5593588
10040785
10585278
2398288
9772360
3805113
10450210
10887139
10970997
2058374
532779
260550
6585594
3087337
1680774
4320148
6873397
5635369
5899952
1897757
925107
3704554
2787952
9809591
3152425
8183646
2058894
6767108
5292707
3450590
9478114
1812812
8906498
1513795
2032417
364014
814517
1275948
6311518
4173762
3263618
7588474
3995181
3898072
3530230
1383315
6257510
10708119
1592614
8049908
4104946
980801
9813519
8252014
3313910
5024057
10387735
10718278
9066487
5811547
9496996
1485451
4280737
1132335
5435291
120691
1240018
3415235
2455970
3864301
3518913
5944450
2936625
6913611
5993270
4339902
10717061
5157932
6207338
7230671
3219589
6508211
4404867
3066364
9098406
7975026
3917308
4873014
6097467
10939116
10617416
453840
2233988
1304806
10952761
4600190
4631915
880176
7185758
1267375
1203724
7206541
5660507
1133086
3785560
4428494
2153938
7254101
6070630
8688872
163291
8669499
4475654
715242
4978054
3176349
3539463
1053479
234043
8955024
709875
10542103
2729027
7771791
209326
4241668
2677338
7760292
8837044
4412179
5507835
10457746
9729526
2801032
1653762
8133734
4764511
5191768
9975239
4487510
3311819
10809071
7130116
2460835
5991766
10884385
2834933
8202003
6852173
9312342
3839838
10714228
7769568
553485
6132445
3526811
9314019
663776
8017708
8425920
7386325
3035452
355988
654639
5808525
1008518
9483516
5225101
1653531
6316312
3918052
7214845
3928593
6751793
348436
2683092
3376272
8704743
5656452
9694719
3728589
5019233
8543781
954389
2685556
2818071
10060316
9771604
4475576
5355925
6253554
3179490
9249435
5679070
1209882
2603958
1372126
7814432
1774870
9613191
4167531
10746418
10730698
7598052
4768126
657173
3966791
7639037
1711548
8162112
6170455
8552491
5821520
10367504
1862158
3030782
7617891
9852971
4469459
5652629
5893503
9911638
2190922
1863861
7045169
10637715
3024451
9474398
3637456
9195805
5036262
4738088
10103684
6730165
1469929
847105
506632
2255838
6159498
120259
9165935
3911458
2152099
10705325
1464842
5495459
4088516
1461776
10088380
1978266
7634509
1987648
582371
2544741
4049609
1631466
45950
4817936
8459821
5998461
10896434
8935995
7927508
4859988
783866
8325690
5983046
10526525
7317662
4560182
3758592
5942607
8167413
2792634
885156
1859852
10944800
1596762
4626617
10630447
5648669
1059577
1655111
3537476
9757509
5745408
7882899
801868
9422416
1906830
8827879
5654729
5540942
7314916
7472666
4838161
9760924
8961628
2151307
71075
2578692
3348767
9333952
2096684
3380019
1580285
5432693
9208354
4186310
3849447
9919741
154926
9524423
8599009
9226414
9111761
3383218
3351141
3379170
1058471
831313
10252506
5809037
6027100
7947906
8417680
8263600
9963425
10295562
4420342
1062221
8945943
320163
4556250
4615760
2327889
9900130
10079638
6621703
917036
905528
8059235
10189481
1914022
7323246
8693716
1582851
2080165
6612054
8082633
10818028
8560635
2645352
611646
3449283
5887940
5446633
3818059
10039537
682589
10776673
4827208
4887224
8957497
513485
3247609
5182502
4929203
6126150
8073275
1120131
9852093
245450
7558046
1252201
9959557
6019630
2284135
3792773
7556797
6594118
10436517
4190367
1122527
181276
6520301
7360332
1282787
688268
8712315
4574119
2217955
1459466
6235962
4112519
4352304
319183
5309631
3113287
10252686
9475925
4350580
4722238
8597471
4680890
9186066
9439123
6522349
2246254
2882103
7634983
594364
9404947
7531795
5526389
9407574
7705120
5739219
2236232
8289603
643793
3302981
3050614
1194944
9148624
1003039
6946061
9012152
8195350
1590386
6023467
7693893
3518714
2320948
7508153
1366793
846819
8326334
8992757
5634834
4000192
3730228
7322626
7850560
10751
3169954
603037
10773028
10742455
1466646
10524405
9805121
9746016
6462606
4477868
2452816
4575019
5012938
9873279
7088141
4237615
2075774
1460757
7066963
1286728
9100021
2237288
10891173
1425165
6778151
2327085
4677202
6883012
9503674
3991212
7113557
8544237
5604402
8465739
6473042
8385971
7893724
3097186
6856247
5454808
4446491
4990995
4678292
6326202
368089
1463427
994985
1801920
5115075
7527168
2095082
9807534
5393241
5376098
6856049
5631296
4175264
2463438
5484017
6735459
8465787
3673482
6511393
10861079
984047
10310629
2323382
2958959
1090484
468624
7891460
10422208
9693032
4981124
4681147
8966549
2339825
628988
10898917
2460579
1488973
4638283
3524473
9412510
7003549
7474262
8474971
7652279
6539196
229334
7748882
3258649
4597481
5880716
9707111
1887832
9699288
8305353
4495183
4552499
3946401
3204672
9892022
6406155
6410447
5875698
29126
1864253
9678813
8483245
6894936
5953301
318933
9036161
3517680
8836271
6908366
4834549
9335138
4042564
1722134
1150007
9548873
4918774
5965996
6737023
20199
10632141
9007120
4539973
331799
2280785
9807406
3928141
2561772
2609966
2502151
2297576
312717
3158239
5227622
4439799
5739234
5320902
3255742
6647843
938745
803068
6289299
7812961
10075969
5351160
391863
4205712
1457312
6444071
8510343
7348395
8425308
8416810
6337898
1819634
9525288
216717
5443130
5170460
1765324
3389133
3042019
10742136
9131683
620236
462505
1547884
8382943
3239490
5380347
8321974
9169411
7561035
3686903
9244534
9398347
4905972
6268295
3876750
1254071
4866742
3868925
10073394
1714484
8351418
4961083
8978577
4446876
4552416
2473200
2824413
10767100
3340614
7433654
6787856
2681409
6585941
8832150
10368590
504394
8413614
1686537
5861734
6245977
6224836
1197508
7307795
10712054
2124235
4872278
2929384
3060965
6190696
2874298
5436994
9514671
4531512
10105988
2468191
5757409
10847029
1824559
8310345
10553735
7964586
4604839
5140099
8632240
5205406
10742357
5084175
9607031
919355
8117938
2242833
2968715
3698666
9820819
278723
8083137
3472876
4719850
6909547
1691960
8984484
3837541
7678944
4084309
6575958
9135661
10663410
6580671
3288186
10181313
537267
1340849
3537528
5661901
8902724
1730835
3999347
1443159
4887941
6567118
7591129
641941
6312155
3538450
8047914
613583
6783847
7299694
3704993
7433987
2180921
9108672
2330492
7638502
2798626
6519751
2828210
4044273
8716644
7583567
9092605
6141647
8507395
1463294
6665123
2810726
2413455
1316830
8801370
357560
9033001
3707680
4491148
3448229
3483276
8916642
7609325
933698
10460125
2295137
3123320
10475423
10389147
5539721
7301787
7481751
9648947
4017871
8059657
9090824
1148519
7811921
6115473
3611129
310415
1952764
3274209
4259921
3352304
9471395
4127225
5607020
7961680
5570524
9795593
8032199
3979333
10799285
8723756
2250110
2253443
2790621
6105473
10874262
3952234
6910565
8328749
5896991
9509544
1120722
8271779
2133484
4378834
3371647
8898008
4352947
1112618
5521577
5145763
5876930
4538829
6134016
8731284
4030067
5017326
2551205
6190347
3415263
10835223
6517927
2713950
1611585
7724877
6417290
9396581
115605
10673912
6341378
1502926
3358638
4867784
598604
7935647
1107377
4547334
7733818
3815554
2605883
6285490
5730644
7010223
9563984
7282712
7421662
7780045
3099939
3699553
1661349
3364818
8960259
247665
4206564
9228595
289289
1191836
2603843
1931337
3536488
10918250
3106064
9196753
9138296
3134243
157939
8102406
1949015
7507630
9993268
1606438
1390486
8544228
7037021
8022666
10850616
4249512
5481967
7465396
1597453
2072147
3627739
8641450
7642197
7784327
6184145
1717238
8851333
6801441
462200
5270874
7224496
945495
9265192
8157821
10996965
9732826
3150222
4977941
7418290
7209436
2717299
10860486
256747
9880257
7677917
4122639
7143167
4688941
9298830
9152178
5000327
5249242
2750128
7599004
3860766
1974318
8821121
1642743
10529902
8757324
8051790
5835881
7471591
1855833
2271075
8935404
9505287
5088899
926959
8678703
3940069
9155682
9465980
1881640
2997354
5787191
3366530
3986430
10142761
3589153
5396303
2198229
4410480
10085516
10134179
1359074
10895554
10046087
1306023
4897169
7962966
5534372
2373662
8502281
478362
2288017
2632610
6214890
9095101
9111137
10130911
7323095
4873722
7232795
3851995
10224337
3925835
2633892
5156538
9361783
1020765
6495039
6565532
3527485
8349839
4260289
5505410
2770591
7873885
6775600
7917334
10090889
253803
9754467
1561527
3144349
713597
7831271
4865822
3049790
967397
6444180
10242794
4573469
1172372
6470790
4821124
10839987
5816793
1984866
10256397
5050198
3644234
10179610
5954468
429939
1031822
766288
9989252
9298360
300767
2124207
6233986
8731309
8879116
10650239
4349777
9350895
6625152
8332830
1787846
10831728
8945018
9390608
3643558
6289841
8347529
8962564
8110920
10374144
1892052
10065845
7244846
2914887
8458162
2596471
2399637
3837628
5593958
2775078
4517698
8042993
6476262
7940231
9085782
10167355
9813419
381901
10579254
4229327
2691887
9874814
3520157
2803682
6609398
8338504
7589603
6824841
1514752
5379139
3847090
4416004
1925940
1037656
4109846
3616490
8021532
1657006
5551571
3078293
5741223
5469086
7385881
1686556
8053620
6911793
7075083
844211
4037932
6935867
2820601
3819290
7627674
313556
9390153
3587935
10642193
2700888
326295
3717608
4128497
2310389
8794638
1325654
7358348
8324467
6958279
2416278
10417299
4857491
8744736
6238315
10397257
6051173
9347910
7970076
8557173
2316380
4091998
7709271
1976069
8455739
10831087
1223941
9207018
6827703
8913653
2871134
10935706
10067989
4291140
6604085
9027799
3095861
2192110
6203766
213090
5667058
5240009
5429775
1447152
3991642
9594033
5061768
9772302
6322373
4724840
96156
6633951
1913236
1363399
3245171
2080014
4005668
8426207
3569406
4065093
745009
4598997
537180
2153976
10268489
7281688
9649827
1502182
9481470
6048357
197003
2132602
6188461
10619396
9621597
7367646
5926643
1902798
5504779
10011661
684542
6578554
9103218
7578300
8630557
7832366
4559176
6394091
5474452
10359242
7262079
4508828
813167
1442550
4604106
3909189
4556712
4396563
4617838
10791757
9804341
4682987
1957441
4865470
6957930
4237932
905650
683829
8905582
601251
2104932
7167950
10862610
5796484
2664454
1098925
10059698
2785912
8836410
7831853
6780833
2427722
6779769
942530
3105916
9685342
6582572
4217108
456070
6350616
7544071
9159498
1455549
2665616
6286919
1814891
5879319
7651296
1083194
4615888
7723070
6151461
10919280
7497016
4265480
465686
5539928
10050429
7301880
10364632
10368266
9872084
952837
419202
2079115
4973665
5645704
9894659
7401359
3003043
3307596
9057031
3227992
8649062
2407165
6324114
2280346
5383610
3848055
6497856
3300598
9313036
5101640
4031678
5991261
9218771
8410077
8333493
4396030
10032170
3280670
8283860
10796229
7333786
3824513
504026
4004795
4356262
5843301
9913105
4431030
5765789
2477686
5175137
5875502
4514330
3702527
7493019
5157827
5461269
10225192
9895919
4944470
2974113
471426
8391381
10156140
7412150
10435657
7786075
6586635
992401
7124115
8429073
1860134
506015
7467368
2509437
952222
4529689
3156340
1134251
10430123
920981
4391304
6373879
179489
3829196
750283
8395220
4275483
8488689
5797462
6786338
7974836
9402625
5072878
4486791
5251826
2779027
1256358
1728230
2925235
8038471
6190416
5660116
6446129
6248830
81919
7860477
10145314
658580
9626442
6619452
6047329
5540281
9221193
10480876
4009507
6010762
6051013
6509685
279109
10996122
1163557
8933736
10549567
882048
10489144
9643715
637497
6692959
10338540
586307
4704481
2537004
3964998
9859419
166811
10865657
663041
1984931
2684594
8173152
1440327
1216925
653676
1487529
5085604
2898219
2037851
10148126
1650586
177961
8783951
7142510
520949
5103017
2347180
6131649
426185
10132183
2060299
2542038
998609
7722078
10915798
4260516
2673228
3670528
8896969
2033714
1814075
10689090
10792230
9347264
10204072
5340025
6341827
5321567
8702510
4748656
4364454
9851626
465809
9802503
7686354
10918919
3443675
705382
2218317
5316865
113260
6351761
6186122
5290467
9938663
1639859
10619225
1827403
598920
1440804
10247526
1068211
5414644
5848316
759870
6244363
1492601
10988918
9882110
4764449
9150448
7282384
3785701
10398229
8984212
6978354
2098199
790801
1766564
8509902
10121866
7725864
7024461
6366236
8371336
10770017
5826146
10462221
10565639
576268
7513974
6567650
3476673
4624067
8081157
7913445
1832477
2411350
7556720
5119172
6047370
4864311
5225177
6380967
7724594
1052365
10025391
7831109
9560781
5872247
6584719
10992442
8869123
6317307
1446984
8820031
2626020
6927712
5556943
7390502
9062543
9013580
9303641
7658673
3263442
1347126
8290057
10193238
9159887
2220548
7138023
4479530
9450731
2901461
1016949
527577
8752643
4607501
1780722
292809
5431555
3925745
2767564
2306936
2090287
3763441
5898286
10514267
9336492
1658624
4988511
9199327
9569609
7744324
945532
5234839
4293526
322362
9662511
8145561
2139259
8591791
1590282
1274996
9829617
1177149
8415952
4117595
3120653
5126072
10142454
341573
5386363
3351594
4077827
10194358
2617356
1065878
4682851
862263
5743174
2896241
1488899
6336353
9497798
447496
9753724
4130022
5596624
3036535
3439497
3536833
1698465
1733799
9382360
7327
534569
416593
10371425
10968806
7811741
654010
1053498
1012853
2782830
8451654
10885748
74172
8614150
5342646
6441984
10271196
2275376
10083640
6901268
9476776
7541084
10693027
3609321
5100516
8995763
4899649
3720402
9977315
5105260
8032068
3143934
7578072
166105
9899687
10411694
2466279
5409987
10641989
9739264
740178
726728
2198423
8981173
7113171
10316075
3160419
2359258
8697419
3391386
8566670
1033329
760220
6516033
4534899
10040951
10887353
7455961
8003636
6209020
2295109
2792627
2453339
