3500696
3498705
3500650
3501037
3500129
3500593
3498969
3500002
3499253
3500514
3499953
3499143
3500454
3499061
3500175
3500738
3499375
3499301
3498547
3498659
3498170
3499748
3499560
3499868
3499892
3501192
3498836
3500375
3498753
3499739
3500554
3500215
3499419
3500630
3501754
3498536
3500633
3501058
3502027
3500584
3500707
3500816
3498669
3500030
3501543
3500510
3499108
3498529
3500144
3500354
3500522
3500266
3500385
3499035
3500640
3499328
3499616
3499400
3500423
3499307
3497936
3500836
3497585
3501413
3500489
3501586
3501860
3499761
3501030
3499647
3500879
3501324
3500910
3499629
3500896
3501257
3501240
3499090
3500475
3500500
3503005
3500130
3499216
3499294
3500084
3498594
3501054
3500515
3499775
3499999
3500751
3497646
3501488
3498698
3500652
3500062
3501272
3500280
3499361
3500113
3497895
3500111
3499863
3499121
3499309
3501508
3500014
3499893
3498877
3501134
3498683
3499645
3499220
3500822
3500437
3501344
3500981
3501679
3499743
3498818
3500258
3500310
3500287
3499954
3499585
3499683
3501683
3498176
3499444
3500547
3499230
3500591
3501241
3501332
3499879
3499559
3499949
3500141
3499955
3499930
3498975
3499574
3498202
3499320
3499262
3501368
3499993
3500320
3498979
3499270
3500398
3500494
3498473
3500034
3499548
3499571
3499131
3498334
3499532
3499470
3500827
3499338
3501227
3499536
3499755
3500362
3500143
3499544
3500546
3501233
3500446
3501188
3500702
3499481
3499891
3499267
3499047
3499418
3498727
3499098
3499540
3500875
3500036
3499820
3498773
3498152
3499758
3499794
3498481
3500124
3498786
3500388
3500657
3499846
3501320
3499672
3499335
3499488
3500935
3500365
3498646
3498064
3500771
3500336
3500765
3500969
3501010
3500251
3501306
3500740
3498040
3498137
3499803
3499704
3500445
3499138
3497683
3499907
3498445
3498127
3498694
3500178
3498166
3500035
3498487
3500866
3499644
3499784
3501247
3499734
3499252
3498900
3500301
3500252
3497807
3499417
3499244
3499509
3498901
3500797
3499837
3497886
3499452
3500193
3499223
3500150
3499332
3499428
3501664
3499346
3499903
3498757
3500064
3500613
3500940
3499029
3498618
3499703
3499081
3499494
3501520
3498888
3500228
3498879
3498666
3498414
3499044
3500173
3500265
3498925
3498573
3499249
3499909
3501206
3499416
3500933
3499686
3500542
3499411
3501523
3501559
3501103
3500366
3501872
3497805
3500304
3499426
3499353
3501500
3500982
3499657
3499512
3501531
3499148
3500493
3500418
3499523
3500432
3500474
3499932
3501044
3500728
3501441
3500829
3498097
3501958
3499785
3497626
3501899
3500015
3500381
3499910
3499712
3499936
3500415
3499842
3499722
3497906
3498775
3500250
3498935
3500646
3501744
3501132
3499840
3501386
3501018
3500468
3499528
3500061
3499451
3499518
3500327
3501558
3498927
3502220
3498333
3498531
3501168
3498855
3499127
3499971
3499760
3499475
3499978
3498442
3499085
3500319
3498811
3498943
3501862
3500590
3500022
3500198
3499157
3499800
3499963
3501881
3503013
3502169
3500742
3499716
3499823
3499888
3499777
3500349
3501295
3496972
3497671
3500329
3498676
3500495
3498852
3498245
3499575
3500223
3500975
3498838
3500394
3499404
3501552
3500435
3498701
3499938
3502073
3500620
3499745
3499928
3500670
3499719
3499153
3499843
3498948
3499123
3500476
3500930
3498507
3499801
3500509
3501483
3500705
3500996
3498645
3498240
3499754
3499832
3499485
3499459
3499622
3499994
3499154
3500128
3502422
3499455
3501930
3501321
3497796
3499105
3498350
3499817
3500459
3500592
3499504
3500324
3500508
3500067
3501181
3499057
3499515
3498260
3500331
3500352
3499633
3501555
3500871
3499623
3498884
3500892
3500127
3498626
3499423
3499282
3498463
3500089
3498574
3502292
3499186
3500428
3497555
3499031
3500902
3500317
3498548
3500032
3499159
3500316
3499453
3502282
3500422
3498641
3501990
3500157
3500872
3502694
3499871
3501021
3501894
3501834
3502299
3500543
3499589
3499756
3500079
3500245
3502029
3499388
3498990
3500967
3499812
3498939
3501141
3500309
3501870
3501152
3498986
3500122
3500373
3498615
3501043
3501150
3501656
3500570
3499242
3500120
3498962
3497200
3500332
3502925
3500799
3500337
3500469
3498455
3500211
3499798
3499684
3499233
3500893
3501435
3500950
3501730
3500621
3498804
3501149
3500400
3501078
3501903
3501226
3500853
3498347
3499906
3498440
3500777
3499603
3500688
3501978
3500358
3499780
3499048
3501235
3499918
3501088
3500236
3499389
3501061
3498977
3497455
3500016
3501428
3498961
3501365
3499243
3501246
3500390
3499933
3501646
3499450
3501434
3498377
3501162
3500770
3498940
3500147
3499595
3500791
3502055
3500307
3501649
3500190
3498569
3498785
3499001
3501113
3498354
3500371
3499847
3501106
3499360
3498847
3500583
3500666
3499715
3501825
3500898
3501342
3501048
3498827
3499788
3499415
3500839
3500152
3498741
3499016
3501663
3500810
3499513
3499372
3499134
3499811
3499187
3499723
3500678
3498893
3501222
3500674
3501470
3499725
3499250
3499527
3499849
3500926
3500857
3500540
3499682
3500013
3499620
3498598
3500662
3500743
3499927
3498649
3500292
3499717
3500196
3501691
3500727
3501046
3501057
3498611
3500520
3500267
3500919
3500517
3500507
3499445
3500004
3500994
3498941
3499046
3498450
3500099
3498740
3499797
3498075
3499295
3500187
3499584
3500946
3500142
3500683
3499965
3501696
3499914
3500117
3501135
3499424
3499702
3499802
3501561
3501422
3499685
3500139
3501423
3499390
3501742
3500369
3499051
3500097
3500502
3500406
3498915
3499651
3500078
3500990
3499240
3500092
3500206
3500208
3498850
3497221
3499555
3501130
3498575
3501025
3498451
3497494
3500883
3499261
3499277
3502276
3499217
3501911
3500978
3500344
3499763
3498952
3500887
3501243
3498833
3498667
3501218
3500010
3500581
3501200
3499885
3499114
3499615
3501484
3500233
3497746
3500947
3500074
3500359
3498665
3500597
3498055
3499364
3499962
3502300
3499336
3500057
3497449
3501785
3501479
3499349
3499607
3500653
3499012
3497199
3497776
3500470
3500351
3498551
3499116
3500991
3499766
3500832
3501008
3499986
3500927
3500443
3501264
3499592
3499681
3498625
3500396
3499858
3499534
3500068
3499905
3500551
3501606
3499600
3499736
3499007
3498774
3499201
3500151
3501052
3499403
3499334
3500169
3501878
3498830
3500201
3498934
3500070
3499757
3501068
3499969
3499552
3501175
3501698
3500539
3500318
3499713
3499989
3497518
3500392
3500876
3499694
3501421
3500164
3499141
3500378
3498613
3500270
3498343
3500922
3499449
3499708
3503305
3501454
3499462
3500268
3500288
3499125
3500661
3499875
3501351
3498929
3499383
3501729
3501274
3500226
3499588
3499458
3497654
3500410
3500676
3502066
3501595
3500685
3501120
3498601
3499386
3499634
3501318
3500213
3499711
3499175
3500166
3500217
3498890
3499636
3500776
3501224
3500356
3500148
3500199
3501341
3499956
3502075
3501497
3499442
3499929
3499635
3499612
3499151
3499040
3500632
3500809
3499339
3500756
3501877
3500384
3499006
3499498
3501069
3498504
3499280
3501655
3501309
3501642
3499659
3503350
3499538
3499467
3499983
3499408
3499831
3500804
3498751
3501472
3500541
3499787
3500021
3499200
3500379
3501014
3499226
3501485
3498653
3498800
3500194
3500294
3499693
3498947
3498199
3498886
3499862
3498846
3499744
3500311
3500455
3499436
3499229
3503319
3500534
3500220
3498661
3500121
3500192
3499822
3498142
3499984
3500279
3498559
3499631
3499601
3498882
3501650
3500874
3500719
3498639
3500191
3499273
3498768
3498736
3499278
3501236
3501404
3500448
3498133
3500263
3500298
3499130
3501107
3500923
3497082
3500156
3499155
3500271
3501090
3500790
3499581
3501144
3499112
3501111
3500472
3500759
3500606
3499819
3497657
3501195
3499429
3501850
3499002
3500361
3502010
3500372
3501269
3499009
3499934
3501101
3498835
3501658
3500335
3500521
3498235
3502291
3498849
3500730
3498513
3500625
3501417
3500431
3500053
3500823
3502165
3500537
3498219
3498996
3500610
3499751
3500477
3501140
3499059
3498875
3500731
3500802
3500367
3500149
3501117
3499365
3498957
3499355
3501262
3500501
3499521
3498608
3501051
3499974
3497438
3500183
3499617
3501259
3501633
3500497
3499457
3498281
3499213
3499431
3500715
3497880
3499675
3499117
3500980
3499166
3499866
3500286
3498519
3499731
3500231
3499210
3498422
3499086
3499152
3499660
3498843
3499439
3500296
3498469
3499791
3500283
3500968
3498572
3500421
3499495
3498998
3498675
3501415
3501905
3497398
3499283
3501857
3497660
3499838
3500464
3499218
3498685
3499967
3498787
3500235
3499767
3497969
3498965
3499818
3500664
3499306
3500513
3498719
3501220
3499357
3500512
3498390
3499915
3500806
3499896
3501009
3498603
3498550
3499637
3499872
3497310
3499492
3499718
3501015
3500838
3499370
3500247
3498796
3501172
3499741
3498638
3500744
3501284
3499296
3498560
3501504
3500090
3498951
3500451
3500869
3499215
3498733
3500562
3499468
3499329
3501308
3498499
3499814
3498680
3498832
3499737
3499385
3498110
3499558
3498024
3498906
3498972
3499781
3499259
3499598
3500154
3500595
3500587
3498671
3501853
3500516
3502091
3497828
3500017
3499497
3499855
3498973
3500238
3502352
3501577
3500847
3501207
3498328
3499865
3498842
3498839
3497329
3500834
3500416
3501189
3498099
3499975
3500913
3500529
3498355
3500334
3500072
3501618
3501910
3499018
3500260
3499235
3497821
3501737
3501364
3499511
3500377
3498194
3499727
3498865
3500854
3498812
3499679
3499765
3499959
3500849
3501526
3497935
3500059
3499662
3500746
3499922
3501177
3499565
3501717
3498728
3498956
3498271
3498650
3500138
3501160
3501941
3499829
3500132
3500775
3499194
3499430
3499352
3498549
3499340
3501171
3500282
3500598
3501280
3499776
3500924
3499174
3500729
3498423
3499425
3501081
3498484
3501908
3501659
3500039
3500012
3499517
3502473
3499730
3498389
3498821
3498311
3499828
3501000
3500750
3499407
3499463
3501034
3497836
3498754
3500174
3500697
3498863
3501491
3501693
3499421
3500075
3499939
3497427
3501451
3500607
3500276
3502742
3498902
3500066
3499465
3500915
3500724
3499516
3501841
3500100
3502470
3500262
3499351
3501355
3501176
3501402
3501529
3498770
3498871
3499486
3501286
3500503
3500820
3500754
3498044
3501898
3500137
3499524
3501400
3498817
3498807
3498823
3502358
3501427
3501077
3499227
3500302
3499461
3498011
3500486
3498460
3498461
3500123
3498371
3499714
3499618
3499827
3501023
3499627
3500928
3500158
3499968
3499173
3501198
3500202
3499824
3498289
3500885
3500925
3500007
3501613
3499324
3499440
3500107
3498156
3500425
3499410
3499289
3500665
3499387
3500708
3500717
3500803
3499391
3499783
3501232
3500873
3499193
3499291
3499572
3500203
3502434
3499140
3499710
3500860
3499852
3499790
3500572
3500559
3501587
3500758
3499014
3501456
3498214
3501818
3499947
3499109
3500997
3499147
3500624
3499377
3498854
3499191
3500419
3499901
3501012
3501771
3501071
3501629
3501662
3499570
3499099
3498230
3501285
3501414
3500162
3497668
3499587
3499550
3500333
3498814
3499146
3498356
3498233
3498256
3499438
3500170
3501922
3498051
3500195
3497399
3498583
3499402
3497519
3500764
3498554
3500254
3499396
3500673
3500069
3499049
3500992
3499563
3499038
3500608
3500058
3500701
3500429
3498942
3500181
3500087
3500363
3497682
3499316
3497867
3498565
3500103
3499144
3497543
3500511
3501636
3500243
3500895
3500071
3499902
3500720
3501851
3500691
3499593
3499050
3499728
3497308
3499238
3500473
3500773
3500603
3501252
3501933
3502182
3499578
3500644
3499579
3502103
3498981
3501388
3499169
3499491
3501640
3499502
3502364
3500060
3500714
3501128
3499632
3500177
3499608
3499073
3501254
3500433
3499676
3499709
3499553
3498950
3501155
3499979
3500054
3499245
3499733
3498266
3498881
3500077
3499533
3498525
3499701
3501942
3501776
3499437
3499786
3499354
3498853
3498378
3499869
3503477
3500527
3501387
3498056
3497603
3500672
3500843
3499864
3500788
3499691
3500638
3500047
3499735
3500049
3501815
3501092
3501538
3499643
3500983
3498673
3498362
3500447
3498791
3499015
3499333
3499435
3502836
3500000
3500237
3499977
3499520
3501632
3501498
3499677
3499427
3499883
3501151
3500599
3499772
3500677
3500943
3499079
3500819
3501045
3501119
3499189
3499302
3499493
3502042
3499266
3501080
3500219
3498783
3501228
3499276
3500647
3500146
3498435
3499202
3498924
3499782
3500467
3498655
3498498
3499055
3499874
3500787
3498904
3501334
3501053
3498143
3500786
3500200
3500102
3500536
3499648
3498739
3500441
3499554
3498858
3500229
3501932
3500703
3500519
3500413
3502213
3501669
3501458
3501654
3498750
3500033
3499537
3498621
3499378
3498540
3500637
3499077
3500721
3500960
3497813
3499613
3501477
3501248
3498894
3501612
3497010
3500798
3499207
3500312
3499022
3499285
3501161
3498974
3499432
3498712
3500040
3498617
3499113
3499379
3500904
3498564
3499591
3500023
3500009
3501530
3499394
3500619
3500306
3500745
3502730
3500944
3498596
3499641
3499078
3498992
3500631
3499920
3499167
3499313
3501489
3501507
3498921
3499566
3501302
3499539
3498840
3500376
3497956
3498647
3499658
3502008
3500793
3501893
3499196
3502297
3499698
3502411
3499807
3498179
3499208
3500171
3500525
3499697
3499997
3499654
3499367
3499300
3500357
3497810
3500651
3500048
3499142
3501575
3498198
3498190
3501783
3502236
3502202
3499525
3501290
3497663
3498765
3500420
3499209
3497899
3502022
3499066
3500989
3500353
3500082
3500668
3502346
3499998
3498395
3499478
3499884
3500867
3500277
3499561
3499284
3498686
3500623
3498607
3501139
3497650
3499321
3500953
3500778
3498250
3499642
3499850
3500976
3499646
3499621
3499873
3502083
3499480
3500569
3500374
3498788
3500648
3500085
3499692
3500878
3498954
3500941
3500575
3502620
3499597
3501915
3500959
3500704
3497914
3498959
3499102
3500506
3500518
3502238
3499342
3499799
3500934
3497808
3500538
3498561
3502067
3499749
3500136
3500230
3499163
3498803
3499778
3501565
3500795
3498967
3499630
3498430
3499649
3501231
3499562
3500290
3501202
3499414
3499358
3500028
3498169
3501623
3501131
3498778
3500609
3498474
3497760
3499951
3498968
3501464
3500019
3500931
3499655
3499609
3500044
3500209
3501430
3499190
3501512
3499106
3501719
3500841
3497670
3501761
3500825
3500065
3498668
3499239
3500026
3499180
3498933
3499326
3500550
3500498
3497637
3500115
3500526
3499806
3500560
3501615
3500694
3501519
3501699
3498104
3499182
3500897
3499628
3498993
3499876
3498259
3498980
3500600
3499107
3499546
3501001
3499750
3498534
3498860
3502151
3501313
3500134
3500339
3499809
3498857
3499695
3502522
3499991
3498482
3499288
3500232
3498454
3500563
3499982
3500029
3502081
3501721
3500830
3500780
3499810
3498404
3498643
3497986
3500257
3498434
3503276
3502442
3500227
3501765
3500321
3501073
3501918
3500848
3500835
3502068
3500080
3498723
3500585
3497306
3500769
3499680
3501357
3499948
3498693
3497777
3499122
3498738
3498087
3498896
3499606
3499816
3502001
3498421
3499980
3500096
3498834
3500086
3499104
3500391
3499211
3497824
3499688
3499060
3499293
3500693
3498658
3501887
3502043
3499839
3498936
3501196
3498674
3500663
3501145
3499149
3499958
3501376
3499935
3499752
3499543
3498061
3498367
3499664
3500456
3499996
3498439
3501661
3500659
3501201
3499091
3500383
3502545
3499062
3498920
3498535
3501814
3501337
3500240
3500300
3499596
3497927
3499126
3500184
3498084
3498856
3498400
3500249
3499241
3498944
3498545
3498150
3499137
3501447
3497896
3498261
3500457
3500037
3499373
3498903
3501350
3501213
3500821
3499937
3500076
3500382
3498610
3501225
3499083
3499510
3500906
3499119
3502007
3499919
3501310
3497965
3498991
3502280
3500042
3501503
3502345
3501790
3499317
3501075
3501528
3500660
3500188
3500988
3499020
3499851
3498578
3499981
3498699
3499101
3499726
3499882
3500532
3499835
3501732
3499501
3497794
3498964
3501124
3500110
3498363
3501007
3499943
3499446
3498211
3499925
3499264
3499087
3499583
3498825
3500241
3502177
3500917
3499729
3500530
3501496
3500733
3501733
3499203
3498279
3500412
3502035
3500499
3501710
3499272
3500880
3500095
3498632
3497988
3501381
3497720
3501627
3500907
3500794
3500273
3500051
3500434
3500052
3499653
3499299
3499904
3499162
3499556
3500492
3499204
3498619
3498983
3499738
3501384
3501832
3501548
3500244
3499720
3498589
3499576
3500667
3500952
3500003
3498185
3499382
3499900
3499941
3497898
3499899
3499039
3500862
3499652
3503410
3500973
3500974
3500938
3500936
3498657
3501745
3500626
3497317
3500185
3500807
3499000
3500285
3499602
3501515
3500894
3496833
3501328
3498406
3499398
3500918
3497781
3499985
3500284
3499422
3500109
3502482
3500481
3498895
3498000
3500852
3499916
3499792
3499356
3501720
3499639
3502060
3500504
3500557
3498576
3501390
3500368
3499371
3501359
3499366
3500088
3502076
3501317
3500056
3500135
3497998
3500789
3498566
3499759
3498140
3499669
3499161
3500297
3499499
3500411
3500020
3500535
3501256
3498167
3498249
3499886
3499545
3501542
3498749
3500045
3499075
3501300
3500555
3498376
3501580
3500618
3499867
3498299
3500845
3500963
3498224
3500404
3499860
3500737
3497848
3501249
3501603
3499041
3499833
3501278
3499970
3499021
3501709
3500811
3500197
3499522
3498339
3500718
3500942
3501371
3502161
3500165
3497610
3500671
3501572
3501223
3502488
3500972
3498223
3501147
3499393
3499854
3499248
3499535
3501217
3499341
3501211
3500264
3498938
3500901
3500485
3498999
3500261
3501063
3502325
3500643
3498955
3500027
3499401
3499687
3501190
3498517
3498628
3501965
3500561
3499526
3499330
3498984
3499877
3499917
3498153
3499376
3498808
3497874
3500430
3499011
3499024
3499473
3501304
3498985
3501299
3501105
3502284
3502772
3499471
3497474
3499880
3498200
3501459
3501159
3501049
3500125
3500041
3499625
3499315
3497861
3500364
3499724
3498095
3499804
3499274
3498654
3497126
3499160
3501024
3500207
3500299
3500752
3500104
3499094
3502404
3499740
3502046
3501375
3499898
3498678
3498213
3500008
3498496
3501461
3501199
3500680
3501170
3499185
3501184
3500912
3501186
3499770
3501036
3498319
3502574
3499707
3498479
3499547
3500436
3498711
3498416
3501074
3499826
3498292
3500222
3500417
3498916
3498995
3500877
3500119
3501020
3500093
3500566
3498716
3500815
3500106
3501879
3499966
3501214
3499663
3499118
3501821
3501718
3500167
3500580
3499225
3499769
3500278
3498729
3500442
3500627
3499065
3501165
3499072
3502693
3501704
3499721
3501989
3499286
3499665
3499706
3498870
3499542
3500126
3498379
3498449
3499950
3500993
3498206
3499318
3501031
3501267
3502004
3500315
3502339
3500945
3500594
3502556
3500479
3501480
3500387
3498059
3498419
3500679
3498782
3500118
3501486
3501513
3499987
3499359
3500612
3499034
3500397
3499128
3500326
3502412
3501793
3497893
3499666
3500403
3500205
3499508
3498953
3501712
3499443
3501695
3501067
3502410
3501399
3500763
3498587
3499845
3499573
3499448
3499531
3496382
3501916
3498629
3498268
3500949
3500979
3500881
3499237
3498283
3501527
3501605
3499368
3498909
3500483
3498443
3501494
3498277
3496954
3498290
3500531
3498313
3501374
3499319
3499972
3500153
3498348
3500690
3501412
3497456
3501289
3499381
3502088
3499821
3498861
3499856
3502405
3501493
3498544
3499926
3498274
3499053
3501164
3500596
3499795
3499260
3499988
3501006
3496999
3498662
3499156
3499503
3500408
3501795
3498715
3499412
3500255
3501095
3500025
3499976
3501535
3501495
3498681
3499195
3502568
3497925
3499705
3499844
3500842
3502302
3500453
3501004
3498730
3499097
3499337
3498898
3501608
3499158
3501604
3501154
3500386
3499310
3499482
3501906
3500863
3499290
3499834
3501055
3500050
3502263
3501089
3501322
3499870
3500466
3497572
3501333
3499010
3499027
3500706
3498766
3500567
3499206
3498697
3498744
3498384
3499656
3498427
3497941
3501429
3499171
3498724
3500582
3498106
3498212
3502641
3499946
3500870
3499089
3500695
3501221
3501016
3502420
3501019
3498516
3497357
3497614
3498518
3498779
3499773
3500710
3497013
3502465
3501752
3498232
3501919
3500491
3501040
3499624
3496657
3500289
3501678
3499541
3500628
3498718
3500929
3496819
3498878
3500556
3500753
3501005
3501450
3500006
3501797
3498931
3500204
3499913
3500552
3499599
3499640
3499271
3501939
3501273
3501600
3499670
3498225
3498682
3500772
3501784
3497837
3500182
3499168
3500524
3501397
3502124
3501173
3498777
3500999
3499032
3498795
3499013
3500350
3501467
3499084
3500723
3499322
3500792
3498509
3498089
3501291
3498809
3499043
3500449
3501047
3500323
3498602
3501583
3501443
3499764
3499995
3498703
3500159
3500465
3501681
3502096
3498592
3500958
3502563
3498083
3499507
3500161
3500826
3500224
3500439
3500005
3500380
3497262
3501066
3499348
3498352
3502989
3501584
3499551
3498907
3497968
3501961
3498178
3498945
3498466
3499611
3501569
3502117
3498899
3500218
3500348
3501242
3497818
3499793
3498997
3499232
3501516
3497541
3502468
3501492
3499188
3502670
3500544
3498008
3500548
3500611
3498624
3500939
3500844
3499484
3498837
3498293
3500951
3501927
3501624
3500480
3502019
3499505
3498280
3497534
3498859
3501936
3501697
3502530
3497038
3498760
3498706
3499942
3501997
3497984
3497923
3499331
3501353
3499894
3500234
3501003
3500189
3498797
3499614
3500176
3501129
3498844
3500140
3500734
3500342
3498790
3500900
3501244
3500888
3498652
3501121
3501707
3500948
3502195
3501840
3498841
3499281
3500755
3498930
3501125
3497937
3502132
3499961
3501122
3498792
3499940
3500001
3500011
3501050
3499619
3501112
3501748
3498824
3499251
3499063
3499689
3499700
3499747
3500295
3501416
3500805
3501136
3499247
3500955
3499813
3501824
3502569
3500163
3501026
3498192
3498480
3501263
3499406
3499696
3501713
3501437
3499779
3499841
3497249
3498743
3498752
3501440
3499344
3500281
3499472
3499092
3499924
3499895
3499025
3502768
3501680
3501102
3498599
3499557
3501358
3499347
3498912
3501382
3500461
3501876
3499678
3498204
3502520
3500890
3498758
3498910
3500736
3502359
3500112
3501817
3498892
3496608
3500395
3498041
3501641
3501524
3502170
3498275
3500116
3497750
3501303
3499056
3498822
3501982
3499973
3498520
3501536
3500346
3501185
3500937
3499303
3498144
3500360
3498045
3501778
3500749
3502318
3501420
3498731
3498978
3500716
3500576
3500962
3500024
3499568
3501652
3498761
3500131
3501770
3500343
3500083
3501367
3501339
3501768
3499257
3499964
3501326
3500785
3499732
3498816
3498707
3500355
3501673
3501345
3499028
3499447
3498810
3500856
3498556
3501726
3499395
3502441
3498351
3502829
3499323
3499774
3501253
3501079
3500291
3500256
3500549
3500865
3498177
3501389
3500954
3501517
3501725
3501968
3498475
3501230
3499030
3501762
3500424
3499052
3501064
3498848
3502495
3498462
3499881
3501801
3499058
3501133
3498937
3500444
3498735
3499830
3499569
3499610
3500094
3501864
3502116
3501639
3501096
3499957
3500761
3498123
3501041
3498448
3497953
3499487
3501331
3500179
3500966
3500971
3501947
3501203
3500920
3500305
3500965
3499530
3500818
3500868
3499129
3498429
3499095
3500427
3499990
3501820
3499931
3499181
3499064
3501137
3498734
3498446
3500450
3501694
3502053
3499590
3501393
3500313
3498793
3501766
3500578
3499921
3501082
3500711
3498046
3498946
3501993
3499070
3500768
3498988
3501474
3500629
3499753
3501628
3499479
3498197
3500808
3499911
3498428
3500133
3501848
3500781
3502089
3499231
3501823
3501403
3500482
3499405
3500748
3502189
3499150
3498255
3501896
3498527
3497560
3501514
3500641
3502244
3498091
3498869
3499343
3502951
3501948
3501571
3498789
3497264
3497754
3502357
3500046
3500766
3500574
3498714
3500293
3499441
3499297
3498567
3498096
3501551
3501311
3499667
3502504
3499111
3498286
3497193
3500713
3498180
3499580
3501100
3502353
3499577
3498586
3502342
3501363
3500523
3499256
3500221
3497797
3499179
3499519
3499861
3501115
3501361
3502070
3498709
3501753
3499045
3500105
3499132
3500675
3500340
3500735
3501449
3498069
3499076
3501261
3502589
3501537
3500155
3501690
3501038
3500407
3499923
3498471
3497741
3501994
3498397
3500855
3498914
3501258
3497354
3501354
3498316
3498424
3498022
3498494
3500732
3501973
3500274
3501837
3501490
3501275
3500899
3501270
3500828
3501116
3499397
3497929
3501487
3499650
3498542
3498007
3498772
3501245
3498413
3502062
3500656
3498353
3498409
3500463
3501972
3499466
3500478
3499265
3501469
3500370
3498708
3499489
3498159
3497266
3499236
3501210
3500681
3501705
3498911
3499671
3499912
3501407
3501319
3498539
3500882
3500558
3499878
3500571
3498392
3497978
3499992
3501549
3497975
3498687
3499308
3498500
3498963
3498633
3500812
3501653
3501902
3501425
3500345
3500308
3500063
3502613
3500528
3500722
3499254
3502767
3502166
3500684
3500784
3501590
3499275
3501408
3501028
3500726
3498021
3501996
3497596
3502036
3498441
3499483
3498966
3502108
3497955
3500402
3500840
3501792
3499434
3498322
3498076
3501022
3498552
3500405
3502155
3498710
3500921
3499183
3501276
3500747
3497903
3501002
3499506
3497468
3500645
3501056
3500488
3498357
3500098
3501349
3500269
3501775
3501457
3501689
3501084
3501169
3497584
3501432
3499825
3500995
3500709
3498622
3497573
3500639
3501033
3498118
3497815
3501305
3500487
3501788
3497735
3498742
3499017
3499857
3499362
3499374
3497839
3499529
3501237
3498595
3498512
3501638
3500471
3502207
3498528
3498329
3499071
3499192
3500460
3502573
3501174
3500401
3502125
3499325
3501596
3498252
3498086
3498492
3500636
3499890
3498420
3501481
3499586
3497736
3498725
3499292
3498746
3500031
3499476
3498614
3500586
3501657
3500987
3499305
3501182
3502955
3500864
3499222
3498317
3497983
3501444
3502577
3501179
3501827
3499080
3498826
3498298
3502660
3497061
3501062
3498001
3498303
3499490
3498600
3498913
3499746
3497479
3500330
3501180
3501315
3501611
3498327
3498637
3501282
3501219
3502643
3498074
3500440
3498505
3498366
3497922
3501059
3498025
3500239
3499605
3501097
3499500
3500916
3502307
3499019
3501065
3497410
3500616
3500253
3499350
3499172
3503040
3498747
3499136
3497711
3501593
3499304
3501439
3502501
3498748
3501216
3500851
3498491
3498344
3501292
3497993
3498346
3497963
3502011
3500328
3500658
3496573
3501573
3500325
3499908
3501525
3500824
3498227
3500642
3497851
3500462
3500426
3498437
3499120
3501666
3499796
3498885
3499626
3498684
3500210
3502100
3497512
3500699
3502216
3499815
3499952
3503451
3498799
3500341
3499454
3501123
3501395
3500964
3503352
3499699
3500739
3501620
3499115
3498136
3498126
3498186
3502188
3498134
3501816
3499178
3501127
3498057
3502690
3500760
3498391
3501307
3498209
3498660
3498887
3500414
3498149
3501072
3499433
3501287
3499221
3498210
3501060
3499496
3502111
3501279
3499037
3499133
3500977
3498139
3499314
3498314
3498577
3496625
3500505
3499469
3498771
3500905
3499638
3499960
3497749
3498636
3500601
3499887
3501625
3502093
3501920
3497448
3501714
3498305
3498398
3501971
3497452
3501296
3500108
3501684
