4895588
8692202
5239628
11866570
78200
3251970
4760345
13166640
9124107
8001034
4574553
4446312
9479409
6735175
10218193
9076213
11086654
11047667
2576685
10824096
13259014
13514060
4074754
10973831
10347736
9156644
2002021
5130161
2676267
6824742
10092053
12434918
10830361
8779299
9481041
1204319
3235788
10429168
2263024
14639672
728574
10965370
4562601
1110437
7826926
5756864
6585860
3120814
14370805
10833734
1753754
7666302
3821867
7134380
1118276
14970150
7952575
1749043
3486776
7859770
3596529
2800736
8815063
5237827
8570324
14011597
1041195
8347221
11811280
12190429
8547487
4969631
10507234
8924649
12525998
14700094
11408568
3254652
12915545
6470036
1413353
12690130
5295001
7340401
9948826
6569226
9582516
157250
13599322
10145518
13454884
794761
609849
11055204
11071671
11997995
2878360
13655960
14452411
10047781
13837351
12139934
3936186
10814265
4006371
5186059
6182531
13158730
2470420
5271767
5241312
10352389
8673652
14186336
6111336
12661075
13172771
14011327
4542924
46238
14845464
1047759
6247611
3783648
8052760
9861550
5178417
11814706
13381150
2289634
13789449
7801958
1605343
1517408
391980
1277241
11526934
5204159
13134994
2694134
6717979
12753717
2339482
3311090
3075420
307217
11560009
13826743
7658535
3321120
8119009
3284669
3250046
4441314
1285313
3331458
6192306
61064
13213782
2884961
4404070
13833716
1529864
10549077
10510547
9508982
6229446
5664763
5836895
8761286
4243664
11826059
730847
14785374
5806514
12722867
7239148
12904728
1426808
12144699
5602970
11983227
411875
3176164
11809754
7048345
13735709
10741749
8114826
13637717
8018164
14817630
4906267
3009941
11741327
442434
2681956
9228234
1619992
8708492
6133479
9598384
5443198
3438247
6235590
10728446
4121303
12277477
7393774
11466477
7682975
1834669
11263181
5985300
13480579
2640020
9873741
13845191
2356590
13419105
7275910
13865357
10949089
1119898
14414153
10605435
5133775
1117419
4085769
2191159
2100601
10976921
10243027
13234180
1734907
4968000
6620069
4395079
12886171
4964516
10194712
3136221
13032334
6866292
3383751
14845468
3158085
8451010
1495914
3979299
1088852
6420048
9537979
12411228
13611505
8339756
10483030
6899267
8409908
12674238
5684776
8235835
3649878
1056041
10459673
1502589
2589361
14977133
13912500
6238774
6651769
7995131
2595288
4168262
9671233
12901477
7935626
3029754
576089
3972299
12241253
1454606
8706411
1387791
462565
12395926
13972925
6243266
7757851
14966114
12704481
9732928
4488317
8377966
5610420
8308270
9996360
419210
525686
6059348
7395631
8535074
807594
6009904
9107922
12403668
11117932
455329
9893021
14109668
13301013
4919328
10979411
12021681
11668060
2979434
8048707
14015774
11660368
7247958
7976593
691938
2862638
14996656
3135126
8780869
2066904
12570412
10505831
8035698
2518349
4174772
2312190
10243573
5093402
2454916
7446398
13427933
13204968
9860091
8616977
12086531
11721057
5695726
4154685
14875546
14098710
11055777
12881770
12379231
2414096
5839565
13874609
2757373
6033658
7767100
4587111
80593
9899872
9859703
677225
7842801
12873936
10460945
10618295
1614320
5449576
10411356
1427430
584224
5971515
12518200
7223112
5753674
3310580
5746985
10827458
4929016
3494899
876295
13662159
3724495
6081632
14501785
13281657
7315076
8139295
1079345
5174030
8124936
2639562
12248813
771483
3151485
3375993
12611543
12743132
1859273
13163794
4671304
1009899
10556993
5452767
4023070
206621
5958992
14692136
13023827
499248
1648685
8658174
14726664
8198222
388620
6956084
9333665
107643
14032447
9210503
9232984
5298642
1381788
7605183
758569
9589309
7531832
4274819
3898392
4851446
7433448
10388685
7231575
10305550
2415053
11160024
10851166
3505341
7989843
12036143
1825190
2052852
7727519
949426
12874668
226260
5361498
10102225
10003969
8484803
5113129
5862086
9615973
2826865
10526353
4932119
171510
6435147
3275221
12629484
8866082
734131
10272214
6897363
6729713
3615738
4648559
1365493
11130039
13103420
14700200
1008310
8743231
14227417
3325014
14905479
1488914
7083910
11557518
8080575
10192146
4108816
1237670
5945768
12712041
6983653
11007534
1068572
1299232
4701817
8341450
5154616
5408457
13066038
13486937
14409803
11136872
11636515
6594260
9206966
7477909
14937911
9664288
5571939
4955113
2649364
4919662
1274508
12752724
9203522
6287069
11686210
9262676
6169850
8424764
90611
5610620
14771509
12376205
12778421
12529264
1511000
7680815
13047906
10736706
1303307
285528
9944190
13315803
1372671
6096688
1147851
12770365
7047770
8248810
11066045
8837278
14797764
12890249
9756934
7923843
4324480
4544442
722773
4608021
3131290
1075769
3495971
8822575
8445168
12939969
12556552
793652
13791350
7355176
2338149
11473079
3499579
543935
2370894
3817253
14470542
8099331
8696896
10253985
10167304
1719813
13959269
13205179
12064912
1741882
4520924
7176230
10410923
6936500
8235944
11748817
3739754
9404463
6146832
802391
13060499
8571655
6230758
10655504
11765530
6708285
6164050
2336905
14064300
11851056
9184875
3712104
8482352
1457847
3314279
9911355
9080686
12463808
7386720
7812671
1381219
8133642
2108357
11747334
13258720
6521228
5553522
14822432
3487579
12044223
12982437
3454428
6915998
1986515
14160573
12298902
4803132
13381699
3079762
2435359
6181509
12754713
12946201
5907266
3460655
13866280
2382149
2582338
9497833
13689700
13331853
9370533
6035201
9579822
1984287
4905329
915161
880733
6063796
4319399
8779589
4564746
3475129
2450999
3335955
2516215
1597840
8234793
8447205
2041171
8092327
9567770
11652991
8275684
13137245
7423074
7892858
8352737
6517582
10833138
3257536
6294211
8017192
7341273
2913757
11856045
10614955
10592917
13487679
218449
5437967
7044468
6039006
13078082
8394048
7206784
2294729
12083808
4592860
6772718
3781892
6880644
5833837
7728368
10574324
4825360
3629270
10805658
3279251
626556
10918343
5092373
13058689
2764958
944827
4631513
8739127
982086
7969953
4453664
1556293
12340147
9988408
9689605
560832
7445657
5865952
3595382
13805553
12812987
9958321
14637444
5398742
9659079
10013608
12141865
10882143
2617209
1186905
10726855
12983098
5147368
8496417
13642621
14079334
9009531
8392802
5635390
9564879
3946551
5210814
6898784
14866502
9501828
4969953
12746235
8615607
9824984
13336829
5745707
2280561
11909103
4372478
10798241
581935
3289027
3520342
2341335
243810
12497560
4436938
2150284
8963596
13407466
13449242
434667
213866
1211996
3449820
13463539
59933
13330634
13425307
12907064
10809334
547099
2579074
11300492
2470363
9986793
10022988
4541128
656337
7309626
13785179
8658570
10478942
3153862
4453812
625887
7574801
6431590
9185594
11862082
11424545
6515026
12591824
10405835
4066786
13682485
9131514
2670030
12684303
2429326
14352097
8148499
7718496
12400990
5593842
6749137
10701860
4285846
10931913
7676321
3004789
2014737
5094628
5270024
9090157
12121172
3718316
14951030
14512725
8259332
8266692
8179927
1077458
272810
10758788
5090704
9541234
14490450
9837016
1959551
14916832
11123930
3651262
2447859
118544
10824351
12628338
6964540
11672744
5672466
12099736
6838297
11132515
3543650
1517931
6197411
7941055
255354
4368017
5856467
4040428
6439863
10559083
4539289
4562626
9037014
3535657
5653568
13251807
519290
6756378
7115400
11304246
9751200
14505731
304027
11347387
11609824
2585828
7555240
7797080
5864747
13475927
2886099
11410231
10796222
12012051
5439064
8608668
13415543
1260751
12286344
4843602
708231
14775123
9194877
13489088
2053325
4548160
803195
3869202
4292076
1897418
4213294
964150
5424774
4534194
4332170
8302412
11769994
8376016
4809051
14333683
9451233
13865959
2764508
8839351
12889330
14082573
13889785
12421528
607516
10762910
9265842
6719344
4763617
2037605
4222933
13422891
907251
8282929
7422152
559173
2563622
3677703
10339347
1631996
4356145
2487973
14901106
4729797
7505683
3327972
4364328
3506776
9475882
11655225
8430262
3653984
3489834
12339519
6969235
6809364
11614682
3252476
681364
5738913
11626363
461665
3637570
14575986
6862774
11854995
9574524
2389734
2803252
4901231
10809709
781942
2451715
14352583
8583066
11795752
11427853
14021476
7246514
13219334
361394
10846442
3560095
5079801
11490891
6902970
10700122
1726521
805982
3055829
14389043
9380693
4092141
6696778
490782
14872956
8026104
245987
10618451
9436576
13907451
13389598
13366659
11924286
14654891
2992624
8224945
718142
5988731
823311
11263661
8084799
1767058
12268421
4605029
13462989
7902793
2288494
3789091
2602835
3713235
9750671
12695948
11692836
7380307
9684605
2055104
8465815
6655785
5092591
494731
14830224
9490886
7912122
4952273
12677137
5182080
6180880
13029356
12996059
3288386
3799119
14625422
4630608
12140217
10872587
80224
7614998
10060690
2561932
13922015
2716516
8602162
11449030
10481211
13958182
9580579
12532981
8246943
1541226
11770758
5263198
7643207
6897726
14549726
11027480
1334732
13492955
7612374
8602016
12651796
4536466
9445580
4969341
6127266
364935
3921422
14244712
10983616
7036500
8467183
4886863
13277339
11778263
11706823
6927805
14688106
3735534
14828664
4905889
9615043
12261072
7893356
12338249
2800088
8467930
1983492
14634201
11332805
6112606
8346300
2289160
5762282
12761433
12285256
430509
14030855
3023479
14391507
10392214
8696318
13893261
9224369
11867454
6249686
11471000
1160127
7437485
2313511
14941714
8679432
4119071
8980564
3647628
7932231
4003086
14314340
13157838
7696097
12614977
8336666
14200758
14870893
4611867
8695849
11714350
3114659
2842273
4824434
4846667
12305727
7547263
843919
8305555
3697590
13488591
733581
13923627
9851566
13056046
14316731
806675
3968015
4486588
6133286
2530815
9145514
673411
7276166
8333390
13654006
14190939
375561
1846283
9748738
9697689
8986663
214665
10512631
6770634
6223785
5944665
3485000
11717753
10781860
4568432
14320567
3189537
1600179
11317957
11699820
5097696
6978766
11612859
13527995
3245823
8759707
14820268
9991679
9204045
3775972
1307291
14862176
8030578
11022837
10507009
6640303
5904685
6997692
5693798
7634230
10530416
8245526
9512271
1519893
5842694
6821110
275815
4317663
2805406
864734
11188358
1486485
1781506
10185403
11022804
13021198
607020
5705872
4810228
9775331
14471268
13583726
749162
13472199
12663702
6833693
3111764
9089585
5716889
13334265
1457296
5358163
10192709
12356967
9439696
7491725
13255074
10665952
13410607
9833114
12942272
10198576
5200383
13881673
6488473
8605338
12461287
3711887
13094903
11814403
7748465
6184469
4341854
5521036
8709271
8989220
9882046
531946
2596760
4785339
1708777
9971207
11897890
1628250
6630869
13403583
13495916
14065977
8729228
12028898
6311025
8213287
11776333
14554436
1508756
13798491
8005828
11903677
295064
4444290
1356697
1032414
9378912
7912742
3168252
1353747
14733148
11244088
6735499
7052432
14647003
7439852
4464113
2432840
5814518
6366354
14200135
14791590
12739096
4093534
12899856
2944013
3530673
6621665
1954207
535753
1352504
13467855
8467815
4390098
2714352
13898052
4172540
2163724
9889757
2483113
8264497
6186167
5754960
2847370
3225900
12867667
3452028
14106231
2166938
6482093
1447675
12753816
12600939
7333599
11038828
12012194
854270
1277014
5139682
8410878
11945233
5946806
12536224
2224386
13829530
9301704
9100006
11372455
3713082
10173542
11725889
12878245
9790278
14597828
5197203
9875007
14460179
5370565
6419593
4857018
5860887
1427240
5007208
8407691
12430972
9004256
13122645
1181443
6737630
5149800
7685401
7049864
3652651
8076272
4354559
10680629
4540961
6187792
245814
4305221
2846183
10370897
11571844
12806242
609094
6372207
12984524
4230222
9330575
3528932
2484636
3924351
11792678
8754208
14600595
10878185
10920854
2840872
14132466
6911741
11594081
14442359
10979952
40171
14661334
11341684
2049052
13338336
4221128
77855
14704330
13078363
1666935
8027765
6799019
4844122
5857895
5630697
7258074
3908954
6690307
12707994
13324572
12828131
1755877
10484184
7444885
13225229
12714693
11686782
13735359
2613074
7377265
2704332
14431894
11494969
10774868
5248391
3541390
5259627
14084441
6073324
13422430
14730665
5768001
5865507
14358959
5082561
469232
845872
11537856
4080322
7350303
9790234
11907079
7095242
5462834
9556810
6045809
2036851
298888
5923001
12080481
11675509
8642763
11459192
3691511
10278400
8684276
9580991
4386717
4113067
785850
14495492
10311802
13316917
11360640
5175393
12253955
14935977
2827405
7085977
3641850
6074751
14145630
14136162
8206530
5924767
10988634
6768667
14493787
5191013
2145234
3895564
3941648
8849882
13113409
4622657
8405021
10697485
9343771
6647890
10478892
8364961
6586985
6953193
11022941
8680268
6519522
3087274
7352803
4337587
8115647
453809
13074382
5884114
536871
3823060
2075577
8003543
7721300
9552818
6619835
3344575
9259709
4681857
6917092
1581430
12533266
2713293
595907
11508785
14180204
1138421
5694049
14388874
2964202
14795506
124297
8088411
12418188
8828415
3404525
13548107
8569273
8517306
12647660
6162044
12880958
12611359
11525931
6169243
3159919
5778575
8252091
5753493
1654712
8276705
7819549
220449
1197635
3846608
8174122
1557375
4590998
10942562
14325747
1366551
11461268
5274839
10176581
6951755
2924187
1608286
12219843
11924640
7241473
9770234
6461502
14540651
10644316
7357459
7310547
970508
12845590
9291456
2627
5294478
3386342
14549100
8320872
10190563
14897503
11087736
12739602
12914831
13133277
11751743
444603
7835350
6788177
8125088
10653659
382665
13707602
5706112
13541438
10258089
5958630
9253939
104885
1695604
2968662
1368821
3834262
1988074
6702828
3258441
9284648
10684245
2781088
8626364
3742998
7576310
2199712
3189589
7827684
14381786
11424726
12326920
14303326
4858691
10529914
2452390
12714739
5309468
10098340
5219044
285315
764182
1842719
7251273
8314143
6028264
8533539
2130639
7008743
14671780
12746405
13544075
9537709
5357435
9486079
2117018
6072116
8354404
2518490
1138813
5174658
8672543
9317800
10286000
8724928
2065903
4359945
1262275
1276148
11334507
6667117
5103800
4085533
5360871
11398175
10021910
12015001
709578
10346170
12679678
9453496
4459697
209733
310984
12349418
4553727
12411957
7374527
1376417
12425819
12297588
1394908
6327659
10510367
2021908
11181335
5895485
12099572
6793316
14444105
12112500
2910218
614639
2088642
2329082
7774557
14548071
10344335
1866707
852376
4603716
14900124
11543826
9928303
12024845
5260519
4215013
7518697
6022009
5280385
10887761
12816341
9809598
11161024
9744866
10694084
10186825
3656556
3612887
14035825
7418180
11747714
4419123
10894934
2536093
8194068
3356246
5221923
4262032
1819891
3513043
8101251
6210736
12257941
162989
209336
8544448
13519963
2740624
4215897
12445288
1153256
7268166
11990086
12466784
724469
4106166
9485183
764447
1197716
14670965
6206702
11710532
12295259
9233362
9488169
10944079
3882156
5197772
5470263
2733669
12128944
4585497
1394853
7742850
6374677
10995593
474219
8277342
6086983
13693770
6028544
9478862
1242482
6786658
14929122
9433467
13990003
9689972
6257342
14963985
7021713
10031640
4491245
4360086
6641303
10354489
14365022
1826805
906206
11445338
2089999
7190482
4272957
1997556
4301532
5210058
9577150
8201422
14134559
4968419
13290419
4213747
6518881
14174743
14371626
3546198
999278
7463891
11041814
3588533
10283346
13002005
1893562
3782682
3544151
4782547
10158276
5051896
9344706
5568286
14349708
1899460
8233329
6807363
13966096
563350
1158332
6647271
5261051
6032452
3043010
10699853
13983741
13849294
7595845
5387271
10157818
6252631
10710016
7540609
1904176
5594311
2031697
11009486
13272406
22363
9029078
4650300
10452607
914996
9470909
2092616
10838837
679763
9131210
12024857
10424399
3355151
13350566
10425060
6050683
13558449
10110828
12849701
354317
9697581
4695490
4042309
2343892
13921953
1413806
5137512
4001897
348061
6242357
11380975
343851
6631948
7794190
12913665
12799372
1471964
13068232
12825649
9967903
5986414
7311360
6422406
11176269
6239636
14980827
12575303
605791
6944011
7288369
12563984
6317680
11291488
9977900
2665701
11056944
12265910
13156005
8049870
7863680
12220605
446771
3907785
3147567
8097833
12044894
3871096
7513008
12793708
7048922
12569496
1715232
7350719
10751129
13720368
12971387
1669100
2094693
10132322
9253690
328908
10638350
10402719
6269169
6252134
3996516
9530470
4617285
7644383
6189470
13892373
12092200
11192480
10510442
3382947
2189572
5743991
11719490
12088148
14117781
1665539
383083
14998160
84662
2868524
12321448
8797399
8395258
13983709
917598
12678036
14833543
6904485
12029596
10704446
6644599
4472666
14660788
3152231
10246752
3435935
12181543
13774680
8939314
2700988
11675556
7906113
14738025
10782606
747503
14073435
9681666
7247332
5826817
5648969
14214586
2846729
10327872
2347810
13815314
13404201
13350090
13792660
6735375
11643044
3382038
8163204
3653233
9264170
7473598
6040408
5897260
4062343
5387229
3664552
596182
4015254
7861609
9075284
3363724
7489064
7673810
2984778
3603284
4138741
14107515
5156007
7065875
11239513
9931737
11046917
6748270
10361506
4691444
2881303
3317625
8210986
2987736
2242034
13858455
8656305
6222460
9722425
7082180
14103384
9545631
9485591
3458842
13124433
2929554
9219805
5199702
8546778
10237236
3924751
13869156
9118511
353738
9883207
9750549
14577767
2066754
14252546
8029454
13623027
7464367
9812582
12173572
4112078
8817238
656975
12527304
2214641
12719560
14601698
6463740
12673586
13808140
13763579
8783979
10946071
6832587
11542663
10984438
414462
13535143
6042833
12604874
1236130
14999043
6477
8460035
10084618
8054095
10677803
12222631
6174899
1895729
1572299
6474453
3763171
13406719
7127114
12774885
4124322
14022374
1242166
11937207
1125788
9873228
9170384
5580856
3884940
5997407
14794441
8652036
1843356
4492854
11020923
8889399
8275529
3364466
11803038
7381109
6166710
12370137
1925084
1037978
4026975
10533847
3633996
3280158
428682
9230782
12747024
347208
5092351
6713317
5790068
4042962
9457945
260024
4259176
4675391
8881163
10701112
1585468
10998788
4247438
237008
2591333
5779153
12257699
4525241
13318693
65560
10000095
2355466
8378609
5308546
3769825
6586530
9763017
7664525
12272917
8049075
464740
11721615
7766200
12575201
9851194
11651102
2328070
12373324
7648068
8975076
5858549
8787094
9706159
10476294
9549741
6237650
522094
12998164
12506544
4637425
13311577
1459108
1703720
6262551
12907000
11592537
14002294
8415809
6550823
4650638
9136848
977397
4524998
10300837
10598128
276020
5158903
1814392
8330156
1103780
12432541
7375096
976676
5405367
1514783
916975
10884188
3919509
7590377
6007292
6078355
13465564
4262362
12591916
6707248
4225523
13068720
7260009
7945021
2471917
3100984
8931245
2633573
2786330
7659805
8585900
1568611
3003739
7152847
5197355
5993057
1366808
6958519
1851429
14352820
2178620
4174426
11104493
1478542
14458967
8713786
11836490
14350438
13224079
2876357
13741612
8953344
4444804
4820892
9252216
6291252
10539272
14670957
6004903
6330717
3850039
14368779
4253303
14391281
7694284
6770068
12288217
8440101
12377529
9504889
6505536
7244557
2120211
6267753
11549158
8645692
13304371
921692
13375917
13709578
9892291
11639233
1966856
3131717
6798451
12170096
11565
7420936
5599964
5723723
11308207
750189
13266631
3748660
5007483
13640804
6179694
10420022
2051308
1698645
4337744
7235993
11484005
13923959
5164727
11918495
3757951
12486145
7634712
10974613
1606649
3109314
13311326
1673716
8180800
2177958
1860214
1833188
5783807
8446490
1247986
11502831
12491333
12203009
7265159
7504178
8033243
6630512
289334
14364395
3620544
12843867
2841693
9919875
12822186
13081098
708655
731287
5814146
1701383
1510241
3882368
8550026
6861769
14516839
8194092
4633098
14973074
7312959
4222978
693363
5255208
7176875
10397742
2688831
7253023
11601437
10762414
6375700
6698874
12044500
1915339
612841
4163836
7980211
2265729
5089021
12571645
3044862
2658774
11856940
10852661
12644593
90090
8042111
12265596
7665190
1061130
11109724
1862958
14696617
3947752
10654772
10968709
1938089
705758
9443683
4032776
7717185
753439
12437240
13847013
8350403
11055618
14000844
13927957
2953487
2973805
10250391
10538441
6626291
14881446
12755940
11251971
5283900
12399844
13825140
3617309
5191558
12899961
6632385
11660039
2102672
4991702
7186427
13349812
9541269
9986346
13822201
13031617
3325495
11276833
10260009
11665634
6022285
11973608
758972
2304092
11719816
4916436
5305183
9287654
7083229
14651022
8552605
10002509
10942860
503050
12088430
12753242
8980886
1958520
11678133
5678485
3102653
6309847
4058406
2651171
5143140
11898214
3829971
1390770
6347398
1966962
5420439
8799944
5638303
5129689
512402
5133870
6504561
13935320
10907157
6312958
9168470
12084427
12018352
10248104
7580638
13319272
9965971
7178967
11036164
11168767
7204025
3238229
9149096
3703698
10167294
14900696
4544079
5821879
10612372
831358
13417882
1744348
13357213
14957489
5716075
8340047
13687148
2360417
10709981
1683190
7023917
12699704
9976207
2994171
10066398
3516920
12707756
12510805
12423489
6413988
9529352
3654822
14449361
7166314
663133
12068756
13730455
6600610
12008883
52415
4761565
1730236
8216295
7036376
4766859
4087276
1955981
14028620
7460054
6797897
12649202
14534127
14030289
1669694
5590007
8531935
14967616
5769459
11907960
11316804
12610963
4025930
1093234
14107417
10944535
6344665
11554227
1507918
6460586
3514460
14448936
11686001
7804451
11715447
13036524
11597146
3527212
6715670
6950117
3205812
4940156
12537847
8557823
6218554
4920301
1757489
4232398
1134603
13165258
9557771
5534137
10078735
14239676
928
10727240
7991827
3011731
2329868
13295581
10196722
6518335
7217260
1980086
8924329
774944
8474742
14094194
12353283
8872902
12428541
12504036
10135009
5975882
3299152
5077850
10179248
12107088
11526883
2237495
90847
5548124
1962396
13660669
12854649
10660244
7322838
5302999
14304343
2886018
10499348
3332685
4556219
2020796
11844063
3429953
2940234
9559463
9686804
7315819
13821343
12735035
7908767
2611942
13328951
3353904
6758344
6550205
7043607
5286668
4083206
3362325
8189303
12389188
12845837
2036453
13132071
7922024
8736659
283713
5643483
7508718
11800629
549778
3214536
12463500
14351300
14566290
5341075
14956591
5230542
10649396
444296
760678
4574329
13084542
4405894
10959454
13871262
9648270
6427023
6497617
11050801
3433577
9364547
1571944
8826040
411593
910717
9919244
12697135
4249111
1342866
14130394
1331412
6383034
869747
13201730
5523095
8238410
4118455
1698532
6019550
14675924
12462056
4695814
12791878
6182733
11337338
1499239
4584762
3966899
14452472
4734675
12022117
5228224
14228283
11598686
11231573
5480844
7677930
12708950
2532056
13724989
2841751
6946392
12588231
7084048
2678739
14346925
13665428
13456563
2785782
9853921
10665362
1282195
6133366
11355769
11439465
7941538
815121
7924152
14498870
2059333
6465760
11251049
2251278
2960144
2723256
10676330
7356615
5743042
2415070
13104450
1020620
7195651
4777426
7062339
262299
4438573
7229796
13772207
5980316
1741504
5960261
11337477
14650035
6452177
271703
6644189
2601755
10261622
2896841
13651859
13115631
8788563
13617554
5575993
13924479
7253163
4063691
3996491
4076833
2338803
831577
3707713
4167495
12761232
10045254
12704678
11276771
14685759
13075639
7528408
8033931
1528028
7251705
6943628
8507253
6121777
7945668
2668977
6461064
13092820
7957831
9958213
5516137
8867197
744450
3103738
3272641
11120210
11658754
12728654
4327531
5132160
12694859
2969288
10572010
12107675
13178548
7734732
12004014
9428501
7930279
14599706
14669818
13310007
13474945
1246248
8809407
8153304
4716899
10805125
2219048
909737
7885690
3701376
4555417
6889027
13923960
659257
14987411
8801559
12526175
11745922
4313866
10565735
11728505
2613620
6020766
12502670
10344377
12335739
5126040
3767934
11316624
6377286
6208150
843839
6441982
10098611
5393701
7120049
11502301
902620
8746065
6403051
174902
5838502
7740758
7268679
11819290
4593305
442035
8082752
2692006
13323784
7364023
14625636
3630509
6291622
73123
1015294
8249662
5416576
8386181
6819333
412001
12911664
6127330
3626825
9652220
7533484
11139220
1268741
1423371
9008789
5925485
589123
6946563
13321644
13674287
11909881
1242195
3671590
9989814
714851
4696536
2201144
11208435
3338310
5310630
5597156
375518
6212337
14078077
5769944
12255544
2045133
5254612
13297093
1446674
8589400
14155756
1544619
9137107
6648516
7319585
789260
5638774
14625048
12532650
12721463
10548921
9470162
4036029
6648081
200993
2927435
10246741
8420387
14480126
6218451
14544961
2315318
10501596
3373003
13174966
12940486
3680407
8604633
9679316
12938672
11845224
1442041
4874477
11586775
9336802
7944238
1069070
2299419
7075388
2117359
8397814
6796618
9243793
11002356
10454850
3931268
10102745
2625686
325464
10555551
4353547
13330784
1885070
12329873
13248043
14967806
6106521
7884804
889418
14337453
5225834
6807737
4210130
11928547
1930498
5480474
8165860
1667580
2421255
1639615
9047890
1136248
14552476
11944338
3511620
12883149
10136798
2557894
474528
4121203
13596811
3213798
10941340
1720701
1778127
6659464
6216468
4990588
9131756
8812607
14821536
13060167
7294849
13108692
5996718
1344334
3235100
9673693
110525
8149279
6868350
14817461
1933387
11556367
10026137
6871105
14763154
3913386
394361
7544951
12870750
1633056
11805766
2906113
6241381
142853
2910640
292716
6829137
7973323
8395469
11181909
5557804
13762111
6209116
10655256
10749057
380792
12731762
14267799
451370
3590430
12489601
14791050
1543733
7338322
11276642
1179096
503757
13654302
11506429
652598
9370527
9922292
207028
9838594
9958419
10874232
1486545
2121725
7764480
14911478
970923
14828759
12103819
1625700
1555538
9979241
14436122
8699645
8174262
7057942
9217145
1652365
5965901
1963852
7792200
12087141
962803
4109050
670732
6881581
14079786
7723591
10849109
13151393
5568490
3732759
12061910
3737137
3733708
2647024
5481007
2003159
5096653
9183595
3091079
9661533
14634271
10051809
12677466
4148966
7432828
13162856
6178393
2349933
3481635
4348377
14472364
5182662
12497607
13627594
14498995
6300363
12593659
5368396
14132776
2895746
1204416
13952422
13870679
8747971
11078170
8478220
5559334
5610770
12444341
5381569
3828553
10838351
2770614
11938112
5560908
11215228
5285327
6376444
12387716
4951525
9554366
12312653
7404176
5181226
13028775
6931679
7102763
3056588
4859520
12198303
14548713
7771508
1178777
764899
8243796
5766396
7709247
11841426
12427092
10725044
6689538
5418795
9658473
9810284
7916928
7992817
7061127
1290706
10770201
9951786
10053196
6726731
5127661
2050639
1312281
2134297
11610850
12237801
12553239
8806283
5356664
12699956
7600519
91473
9614099
2295614
5367120
4764122
14865807
8500716
1647353
950331
2780800
168342
33481
735162
9484873
9604865
11882452
6126695
8547262
7424298
8940778
6479322
6080594
1182224
5744494
3546361
2333679
6227904
7657953
8253455
10688037
8872323
12947804
1346140
1001824
12703019
13794121
5650179
270134
689141
9043981
8966374
9299394
7065175
5728264
3930813
10107890
14404665
904611
9446501
11731896
2977746
7242959
2242652
7140930
12405006
6981618
14506756
10666098
14999231
5177034
806683
6192782
5055945
13525614
1044717
4866882
14532111
12370393
2989436
6637892
9419588
14617809
5929
387029
10577159
10991895
11962956
9267874
14319819
160162
4825793
12061980
4760502
5269716
2015794
5519001
3537897
8790158
14238083
9583760
2610487
5783172
5637898
12906692
12912821
2726166
7430677
8168854
12640893
7447335
7116712
12455520
10431043
4516349
11053881
9318226
12590781
12932327
14485497
8168221
11753252
538237
14629289
5873917
4536190
14027528
7048978
1973759
4361762
7936127
5878104
14378861
11678352
13611776
8077322
2736902
11160433
10086301
9995626
13315070
2633708
13869689
13227729
5441793
11539170
2404814
14105744
12090060
6919897
239680
492327
9036919
6406146
12541209
12018253
11641533
9022921
7388217
11558152
13505224
12810355
4198869
1476585
14038989
9554610
10090603
13133070
9846485
3846760
3622066
5075723
9611473
5265890
2082200
12929741
7335995
10191293
13637368
3687041
12254210
8898927
5056317
6033107
13197491
2915653
2336643
5461132
3076595
12958660
7582267
5070994
4089680
228410
6027392
14667945
9588785
10150349
8640049
8170272
143516
3017174
3465873
14945509
11440736
13290350
1288544
14914573
5935184
6195786
778607
1510096
4069160
4497909
1185252
3500042
3183578
3090633
1538003
7763575
6641528
4780533
14605727
2480313
625951
14332542
14138503
889027
7239411
8766628
10780362
14863071
11955983
4477162
12082675
14728785
8472104
11591705
6145737
3484748
6678502
608559
7952395
7605387
4312874
776412
2751803
3493356
3515991
11903682
2137947
10965288
6441126
8196471
5249292
7522016
4048930
620282
14918973
8219351
958290
7561008
8674506
10444699
3261672
1713724
8452056
14157175
5055317
10612660
4839335
4336962
7963123
988320
309703
2469954
10956655
10277146
2329428
11848807
13227464
10327325
12566071
11123136
3426124
10749140
7712882
319923
3269576
3763232
12929332
3228527
3099327
8725009
9030958
1646194
4128084
9746945
9605438
2663810
6536401
936571
3167746
13779177
8326344
9301793
3027967
10609436
954325
1597852
7516299
9269371
6479921
1598332
2932135
221363
6745307
14289477
10968622
1831166
10007085
10970049
6600106
6427950
12718946
6102083
8479992
6306552
8839427
1597692
10332469
6580639
6946004
3405581
8636227
5109490
6895143
13757584
1953886
10005108
12585264
12792346
11131619
13917554
10203472
6699923
8135137
3837401
8690409
8298154
6362435
5511055
10073870
14484654
2924931
13062830
14419386
11634229
10009767
10293855
6747867
7939993
4302880
2750345
2415580
12578327
11543871
5512856
11484992
13581570
11902561
13400872
7441876
6673099
3659985
9985111
5634215
3409725
10652133
1992378
13995757
696367
11376244
13610982
2956384
11024709
4270065
12294667
13980728
14682778
11683499
12799735
4711862
7576871
13260346
501836
7303403
11276548
3768836
954340
5663069
1932558
4247478
612807
12988146
13087959
6710354
8947918
11787223
1324250
1573597
11915246
8249852
12391444
3693859
13551867
4443101
12323423
2632188
6138682
4555272
5610389
7630122
10186369
3867322
11627345
439771
14964469
6644607
324663
11669174
11500646
12742638
12109549
13283246
292961
3828525
5724665
5523570
10518308
3220866
9208575
910729
9762733
5526438
442464
4834756
2451713
12962347
7906214
713220
10327201
14881005
9139170
11525270
8308438
14616055
3304116
4317487
6440861
12778960
8767291
5466769
6601556
11792373
9626003
4093748
6526943
2655326
3656646
7307453
11360524
2600894
14725574
8894977
7162727
6061619
6426001
14247720
4239265
7073928
13194876
11583002
5436450
10757790
14555858
2720411
7701699
13602607
1813762
6739401
2113446
8486361
2606600
4013837
9135637
550330
7526239
9776804
12025121
8316056
13422557
740246
12749728
924893
4606153
11059669
5088532
2808944
2088375
11511217
10518283
11396603
8694733
9015578
7481301
11621352
11190383
13442866
8612705
13855712
2110251
13652734
5914178
7005766
3159713
7825178
2858189
8221192
12216343
8881625
11143094
14981794
5239710
10791116
133139
11237465
12774507
8634992
1202811
14918769
6405107
346293
2251823
3988822
2242734
1034215
10720983
2152210
684719
4796497
14326720
9601577
9955161
13758540
7534274
3301823
7496244
11056998
5284627
5115191
9023611
9706899
5882934
13394354
3950077
6283104
14428142
13932096
12913955
10010487
4064329
3158935
11203701
5651816
239396
4724538
13499595
5237755
1740863
13411354
6361512
4739858
4035281
7565289
4510393
12391163
2785339
7331508
1681193
3913789
1586227
8200882
1184508
14240955
6576417
5690107
6443745
1659878
12080261
7411415
431374
5627111
13867361
3574240
5931860
10125247
11246452
3166727
12086837
394068
8917157
7104909
11318047
1318447
5447327
9271850
4733691
1129957
9013150
9055658
7981966
12986540
2509433
1867562
338386
4491421
14530217
9834685
13159080
14565015
10295530
11269828
1994682
760092
10919979
3201053
10770992
12609913
5320591
5791053
2151198
8160886
3501955
10547690
1514278
12916241
1432444
10333168
2574973
11117882
11843595
2095559
5678734
12011274
2821345
10528909
13313353
516589
4230778
8704504
8215040
7805579
14505987
14402055
10171182
12891178
6389367
12730097
14127507
8000956
1583272
11296775
10811215
14318916
11944439
8865782
8268552
8755956
5080205
3247206
11167239
9827702
11882545
7546899
3409665
9077526
10968399
14389773
8527878
9183268
9443372
11982271
2536845
1409076
3772576
10930308
12376452
2056199
10866147
5102524
5472091
5286736
6461749
14040832
11280137
10418591
60049
12266258
7163430
13566926
13065168
13465406
7829873
13661965
13354465
12105671
9629806
6189036
6503023
4285735
11170704
49776
11417410
6048511
7106880
12478721
2179737
11481141
1442626
12556265
14932609
8067683
2455547
4752013
10105710
6781274
1973037
11502672
3519682
8626627
11574175
12347206
5277255
9794933
3565188
2325189
9663859
1494832
2605658
3233916
11951178
4245098
10897237
2200978
1060084
12673122
8813847
13979300
7994942
1297721
8554577
7720270
7428218
1458199
5158414
721455
6041728
7715827
11298895
194788
312101
12150465
12632610
10016019
4599177
12054778
11509849
7894073
9001487
510374
11121567
13305820
12413133
5287089
11948539
7210508
660316
6879791
1188831
8825080
6378832
2336877
1980055
5130898
4609597
5973993
5087869
3522837
2818200
8106507
8648173
12175878
12269596
1827242
5062520
3522567
12694880
4580226
5427491
2445602
11765003
4876064
12793669
11208100
330728
6053838
11868278
12444201
12868919
4814511
10814659
11045353
4921092
3461982
226783
14939246
5367849
6992351
13080876
3750012
10072704
9484439
194656
10300633
7911455
1993441
4700452
8863974
10624755
553979
4460153
8962960
207510
12756615
6927530
5365550
556672
8273054
10490598
447484
12206619
5179983
13999243
1065350
5050724
14923349
7685973
24947
829829
4605904
5165003
6955151
12256495
8389720
6393401
11792250
8688418
5267143
8386143
1538055
4879569
5025900
14255418
8208116
11888935
5688853
9901845
1188465
8001875
12404747
1643865
6234570
13826177
12394266
13371960
6127106
8993032
2164146
1529268
12438655
11334513
8287301
12675981
1503332
51397
12670881
13712638
14953813
8605262
6059001
12151380
10647850
1462824
2931255
14240995
12525261
14311760
3582045
6386691
8048744
8769166
7961728
12036456
1643743
5270503
13961797
10702590
9592935
12435447
11943253
7638960
5021450
8201866
5818440
9178906
7805974
10010178
783420
11802302
6255170
11078365
9428274
2100145
605332
3531920
10548760
10582124
5727827
8119637
9330192
4866263
6427498
669486
10637301
2500802
14266773
10651090
9277527
3246293
11948848
4136505
1858068
13895587
1145066
2891515
9741703
13106954
7149019
12637543
6747660
14893432
1975331
8071299
10557491
9994881
14947479
8690652
12036149
13342300
6964725
2025669
2676352
7685091
4252101
4231701
4795177
11710362
6578281
4165067
2989854
573297
12752230
5212563
5509278
13357266
5508579
9652057
9635122
3148401
694184
14582782
14363950
12012153
6289515
5113273
11817489
6896934
4969888
4470829
8892103
300422
7220785
1547205
4827867
8373535
10379457
10709148
12601178
9899782
1946852
12288795
2417183
4103721
7667732
12280527
11070828
7896215
10195649
14997721
6762378
2536719
6736919
3062573
12790038
14007586
6038466
10154298
4200695
11996958
4382551
2953922
2568606
6094969
12868171
12308656
890911
2168249
3083971
7764023
1167382
5578437
4550108
5035229
7676493
5849998
3167041
10327972
7168186
3060943
9277165
11790139
3668635
8684356
6280484
11393563
14094012
14339825
9088400
6234355
7676141
1545372
7805575
10599926
7711682
4078549
9521578
13829694
6069126
6186162
8652534
12036520
4482608
8148608
4832084
13678436
8863462
6607088
4994445
13767329
1392198
12175593
14924164
716538
7610315
8616809
13316665
4152770
14948752
14267733
4129713
12349488
11331109
8751887
3089804
6941680
5009714
9526372
8565628
11084543
10170134
11580528
8237729
2193169
8457053
1354171
322717
7392575
12183956
2077222
8827307
14197781
1781046
1718668
9814731
1900712
9854304
10062925
12178055
2542680
2277649
10439432
2470399
814210
4586776
14828738
12938463
14508917
4212267
4751336
10503960
12760985
2179474
11070602
11773741
12847426
6619187
7430840
10598638
5166830
12531704
13448606
14447691
13829984
6176085
14290740
8063892
6545803
5551836
201293
3159336
11397860
6447213
8368111
2325528
3568239
13155989
2648795
8504713
9366425
6460931
8203566
2999318
12276326
14292260
12124547
7098150
9666055
4390267
107596
8962284
8206081
5526607
10854649
5100516
2651168
13859398
11948651
12620266
6828398
13840748
10916828
14941065
13258792
2682537
8681205
10960929
11689507
9779815
14208327
14533839
2423220
10663360
1345204
4965357
11002602
1579135
10956713
11577524
1951484
6142831
14502688
356549
1433395
8987805
5154659
10210614
14586493
7369848
2677019
8838280
42912
10810285
11670069
13104403
9760888
9188203
14456195
2418032
11433710
12279562
4333580
11624305
1759132
2827685
6736737
8849310
8508916
3786784
6221232
12002552
14654936
5880009
14610051
77654
13409858
11304451
14422508
1384413
3437294
4574846
12004395
8639446
784975
10512564
5577155
11572971
3242085
6049396
14632752
2026041
334983
8348986
1352747
5912024
8320796
8839276
9008522
10040888
13721037
12060959
1322899
308922
460514
6480899
1547787
7411616
12620936
7471507
3239660
7190741
11705722
582827
3490882
6863317
3009696
5996911
8833431
20169
9701363
8889325
9446026
6522990
7023541
11092567
9578962
13766295
6983943
7105383
4421947
2415843
13809045
7377775
2241367
9626984
9530688
6657719
9029293
3215752
8230117
1272635
1887444
1317775
842871
11943783
6936074
646074
3810294
11620066
7559591
5342326
8818998
3318534
8657235
3334287
10636820
3643314
6503242
9787846
1128008
1741820
7462210
13059799
3526346
7190266
10901020
7565531
5472622
1161837
8495173
11955752
10736589
6817643
6335277
3713647
1064740
8719782
1418331
2863941
6343048
9502749
5479335
4081172
5333387
8682111
9729075
3652358
12594722
11441026
11002960
12430681
9157759
1939181
10998491
607732
12696327
7116907
4387997
14952438
5181328
7514746
2138595
3552541
13420531
13891922
1562548
12895243
9711439
13151100
8921879
4177065
6966610
12816786
12084282
1286232
2201263
10980257
3611272
2717677
10764644
1558639
2323155
11977737
420756
6115299
7899442
11880869
10048826
981105
9800773
7088909
1700707
5967213
640237
14298921
4874390
8295727
12965736
9256132
2903165
11903627
7810975
3468639
1776970
3084244
11693125
12251455
3436788
2024981
9860402
8094213
7458323
12023242
7694277
2891527
14449732
4583378
1024355
5588447
5570225
5812315
5529804
9751268
9632807
6834676
4612575
5756412
13636996
5744804
8553303
7316056
8148245
9310448
8336643
5496825
14112613
10377231
11840141
6101873
560101
12510024
12799802
14640570
1762595
6273500
4653405
1035836
7605390
4897134
9955478
690446
6508745
3028946
2590293
7710376
11763734
10322992
12639148
9383730
9268094
8869655
9319791
3364686
9209468
7356908
1938643
2539904
11458571
14662929
3854770
9743561
14090290
11575126
914316
14242151
3010068
3230406
5229716
12208225
5639865
13463072
5913257
10486720
8266053
8199463
12558313
2645934
12288120
7691822
13489966
14718901
8964120
3841589
2433493
2805779
12874738
9744520
2253964
4135455
2705077
9261658
7037987
14459033
4071108
10835548
3338391
14298159
14738324
14234943
9093846
2558392
8125277
14837433
3382243
13132577
7667524
9171874
1772263
958588
9394290
11755173
12438757
12429564
4475145
6583918
12230440
6998004
2778194
5181805
13954848
8720604
7543054
7195269
8326863
2868036
4623501
11631575
12419040
5937148
9786813
2693119
14200424
10382569
401364
11707168
10036282
11949004
3997845
6421812
5108287
11237747
14817479
9650480
14282987
8840760
4642843
362459
8842293
474839
8507961
14678916
14417793
1153863
2568669
5717324
3726409
7744520
8588446
13366217
1742041
10436376
3045019
12386877
6562506
12700222
12031307
11937559
2227561
12320922
5921823
2467105
5775931
8320960
4495765
10543646
8376363
14027793
12793540
493886
2038258
2214906
9927441
14618992
14421073
8250323
383138
6681040
11090061
13034194
5961744
8929822
6958644
14432070
1461587
3386082
2108659
4837187
10497383
3103871
8850396
7414428
14322076
10229761
3506925
764531
14409383
6620457
3430121
9058610
2760005
9597206
4192837
14291587
3516671
4229949
3168594
8741555
3476391
9931820
12682071
8243582
7964023
1814490
6705371
2120396
6007130
4009842
1278185
9330811
9202615
5868753
11402407
7541155
10553425
13363009
7262445
10674686
14205695
11187059
9831199
5085101
8622209
5196990
5317245
6862881
7725502
5057304
14839235
5383599
1950087
10814002
14650873
8332468
5025666
9662550
13071064
4685373
1353798
7839965
14797761
3916472
4752402
5203168
7956807
1120875
8999765
12739720
2017200
11454834
12531507
8980733
12799710
14094550
6392188
14315347
8933171
4924340
1996613
11217168
7374483
2627348
9973226
10467460
8455401
9784002
11201952
11406701
10300953
9904550
1695565
159628
2679354
10892972
14455387
6694785
1240636
3700280
9771139
5780254
9790084
7295737
14618213
1320705
5141489
4067755
13816550
5503790
8678823
14337125
3673949
7665857
5632665
7617159
336825
2597085
8023519
4329505
2017134
3843920
6326661
749546
10774465
7931429
920247
13182589
2740071
6349067
13127322
2962559
4589887
12980325
9118852
11544117
3844611
4285279
683602
9903225
4727519
12902629
12003655
5760284
12812277
1056545
5810664
3434912
4898394
1919352
12875239
7604574
2661956
10263406
7186875
10743809
1956552
9840037
739409
11467360
2190359
1562834
5013270
4412768
8349593
6984489
12030494
7822343
3720900
11130026
3814896
6084084
1726328
3319694
7219608
3988470
8233167
7465322
9951291
7128225
1810347
9806058
11083216
7833886
12845578
1565683
7022623
7586128
14380646
8231187
9439268
13343782
5140229
13032652
8531486
14851308
10058857
13577892
6204131
5817604
4691384
3070132
571880
11518437
9177290
12076321
1105919
10544810
2952421
11870248
2825817
10251605
1894980
10028879
3082485
11499340
12866871
1668031
2521836
1339607
3050772
6117660
4674920
13611666
10419033
1035425
1146271
3875896
13553794
9862953
13122940
6110061
12993158
11577539
10910607
9369214
2569247
7310081
14495936
11686807
1856079
7095464
2862721
6311458
11365438
289542
4567273
13818722
2264565
10231857
12338742
159759
3480915
5481535
3803343
3714986
8343664
13858574
215845
4220544
9333489
1639035
6746240
8664112
11046921
2469162
6799324
9698552
7879672
3030379
7051239
11026024
5851103
7894229
9084875
10547153
6333776
13688847
14815436
12038760
1940512
10518883
1816298
685684
4410899
6145366
9114399
13241075
6131265
2857417
10255234
10731089
7411397
13624104
5860314
14010168
5688591
4663766
4381035
10629184
7870560
12239910
12595872
11447796
3223357
3380642
14365568
13259658
10826629
8750398
298425
14998127
7407376
4871737
3608589
14172634
6930297
13165989
4027990
14260026
8098419
1539182
10416361
11317123
925081
7570482
13061356
11189157
4286521
7762889
12743133
5999014
2798207
11700757
7163917
830512
10639399
12590039
11380873
9260278
5473295
9068235
14665473
4263389
10011294
530235
6885315
4084298
4905216
7953851
6464623
650762
2559469
11110276
6641884
11788061
14052744
2642908
2909701
11301130
13834256
8668544
4445776
14266105
7739256
10983238
8275972
4318605
1734234
13637621
4403706
230466
8193261
6740109
11865048
2922850
14832013
1507024
2116192
11339381
10074000
7551021
8496041
4689060
14652181
9362097
1007003
4712784
8572630
14591088
7918322
2497
3986787
10862867
2569366
14263344
5265778
13903851
2808335
4339946
5947598
5603128
2830685
480015
1557095
2850001
7413860
3678602
2791741
12417007
12435817
3504870
7916336
5574030
13443747
14077759
124488
6612889
9435239
10871513
6457249
12047996
6716477
7627037
5275963
6147630
11991708
4455568
12597322
6708167
9987265
13598
12465649
14565907
14416318
827013
1213473
14852203
3733143
14395794
5842745
526662
5448065
1695390
7259727
4106641
1516407
14703930
1074644
11037234
2013005
5675143
3691809
848199
7463371
3324645
6700880
13600809
6443162
11665919
8900041
5970125
6813541
13624349
11950146
10579590
11231192
7124512
1935885
2187035
10221111
14100217
11892121
14112922
11882621
4694196
10799862
6676128
3395109
6812729
9216989
4409771
10975753
13578785
14839442
5315445
1186070
12152095
14507482
14367702
2951045
7275115
13600914
5903469
11997057
10181919
7793491
5306408
11242604
6276600
7968572
5359030
6425633
3503754
6146153
14421077
11274807
377561
1200253
996664
2250399
10553383
13913356
6885522
13462093
5284040
14170528
10907496
5031514
3278953
10414646
1570221
2743490
12511320
11307338
923394
1267803
8958995
7205139
11382365
13671615
7335053
3070838
13951496
2978875
10899480
9481299
3955531
6736344
53136
857686
10464509
1934185
5452575
13888587
3374770
5944988
6622205
3565592
1193841
8758875
1255280
7750944
2557089
3119016
9797859
14365156
5045837
6335206
11457943
5319746
4908905
5425096
4728043
8734692
10995966
463207
793487
5973849
3947967
120205
7595009
7977446
8436527
11954230
14721277
8162196
12700799
4851377
3864398
3423584
4948595
13443543
372431
11140761
5588572
9093290
9908104
7355896
3361647
4432820
2031570
1782019
3010405
4875034
3431707
11940682
8163741
11160694
5776256
5770732
7002423
3093381
3215174
3976550
7374865
7577674
10909542
14304771
5921080
223516
7516168
6884984
7836760
9234281
4455316
3976856
14287902
13425133
9260036
13766499
7364551
11344010
14701879
14914553
7431566
13182578
12134725
3260939
6021291
9066016
14513852
7504756
3277644
13255343
3505368
121606
277058
13942035
133365
1772079
13008424
12082741
4478780
13550125
8341929
12981806
6333510
2722311
14618339
3054488
4477286
13248967
13827495
12570020
2864124
2708196
8666464
8521534
13278201
9035281
1218218
4504253
14590961
3239129
4419169
9026925
14812542
11852421
9704306
12260107
1780227
2347057
5902192
50880
3773041
4269221
12173002
12617212
14474623
10472759
10785870
965262
7200470
3980749
13612360
3793896
10853716
4450319
3336113
13705594
5006695
11700446
9016397
9342164
13322539
1474235
6714402
3156177
7584759
1734745
3990946
5026576
765406
4435727
1108838
613408
14159242
4465030
1744672
4933231
13890081
1875552
201021
12529604
7113802
3223290
13271910
3702384
12066362
4100500
1182816
7674059
7504467
14957010
6175801
10919936
2787321
7092630
7980483
288092
11495203
14368020
10857149
9506362
9097754
2750910
6278179
11980078
1148818
4085725
5054857
6730309
14080608
3394399
10426359
10946535
7686
3159910
5020971
1560269
8491703
9669556
5104161
13375377
13831469
5074637
923334
10124280
7393763
5101403
8827239
8815661
12763534
4683522
2238063
6154559
11826534
7171466
4619909
8508824
2878760
1598870
6657082
9940960
9249356
10444293
9604982
7397596
4641935
4741684
6809408
13805889
5641299
4427965
13393625
2360177
11242991
11698783
11643198
6872933
10124664
11312034
4422864
8926232
1342029
13568415
8677390
2603167
9638598
9927708
9860431
12823202
1538999
11371698
9302768
13181733
3376382
8228256
10855160
12982435
4727815
7045094
6646409
5022196
121954
13810714
6007294
1432272
1212325
8323056
11488052
8889380
8135722
4611174
8474637
11749766
14826191
8898172
11750612
8532816
6135302
9616533
1554218
5710212
14157716
5072849
2455564
10876601
457620
8526576
7800443
13478322
10292585
5109654
4964422
3075953
5846309
9101045
5250827
10848095
5252762
12005569
8642476
3122477
14772336
5792433
7575570
463914
14757844
2784107
4469426
8470396
14134630
6620321
12791859
3243746
1674555
13970781
13939506
6135395
1771930
2730297
12335455
4162241
1510083
9181813
13438047
6655627
5695550
11343351
4315766
3718472
10232784
11781866
9205657
2131799
6574059
2477133
4850212
2404334
308414
14715548
9791843
645808
2061285
14899701
11893665
3087532
10457475
1848619
11173250
3971877
3493384
8998463
6071749
12156156
6286015
2412327
7474732
4736203
6321112
11136344
3766751
7893377
9041765
13250243
124772
169781
2270127
7825425
14739216
2823665
6531741
5939300
2977513
9128727
14432699
5648100
13178965
931748
6059548
1075175
8071381
13419967
3982290
2623511
12603066
10249866
6097383
11191967
4898073
8352280
8862398
5695995
6867751
1394994
11879432
2228260
10406689
13167319
5700501
10057650
13902826
4981375
8627705
5177582
492602
10246993
1571418
12612622
1950512
6097890
12419318
14474605
3756188
9524546
3695334
12246266
7416552
11827994
14030934
12853536
2224128
1192524
6235960
10463783
2010532
14299633
2911874
3526762
2195020
2953224
1475665
9386898
13741656
5609677
8122889
11474426
1402723
7184165
13873447
1824482
11176038
14828204
14745483
11948349
14104655
902043
4216778
7847430
5987965
11341790
12797916
1331963
1044160
7310395
1229747
3377977
2348488
2576613
8675573
7730174
14956078
10747191
7673113
4249455
11226325
3827517
13193292
14625561
1834269
1026062
1727367
13782926
9132786
911405
20760
628814
1223912
13908628
5060713
11459301
3429547
14134846
12775179
4655201
13450440
13704255
2718236
1576572
7713285
3172456
11847246
523523
14714770
11798904
8560114
12537226
8357475
4578460
5969337
14456466
10858459
10471366
13693925
8033949
2048413
14297046
8229659
111711
2312258
12206752
9508788
13198385
11430544
5969055
3635685
8451777
1265797
8352454
7090798
3080763
8585138
3613479
3732756
2301434
1016410
11068767
12512548
14616491
14079286
8257120
2599867
6355311
1960839
10072334
9619964
5923403
6032574
8025770
10520220
4641008
13566731
7748245
12915096
10020973
3343832
11275509
9700550
2309968
2981862
7850744
11113331
6535951
12222508
2176698
5236661
10580646
6395558
10852764
7350851
486714
8614887
12980245
11790844
3011874
14355836
807020
6600183
4036921
11665490
12857104
11688555
184598
6962316
430008
10329729
2185513
781295
13680189
562963
8085158
273403
9306772
8137794
6346382
6254475
13097735
1613897
6894283
10379943
11261731
12534228
2243614
14468563
8993364
13916715
8670723
11483834
9632499
8158323
3508084
1512402
242799
11496934
1851864
1147414
11282513
11900716
11655868
1055114
11562264
1154307
11559807
3725304
5607605
771328
7106810
5186003
12580099
14953692
8887284
5930469
9230958
12539769
3683214
5197947
12642685
14733446
445195
2612137
14449160
3843726
2148084
7973493
2146948
1068740
1447920
8761394
13196516
9973613
7345234
14117849
3627130
715068
14834548
1328262
2088948
7066977
448278
6227286
11511069
7721428
5217694
6007722
4818646
12161302
3154010
6437595
10080885
7211725
11277804
6109813
4251114
10065322
12506530
4652752
1529258
2562260
6256493
11993749
5426730
6312168
3295664
2780298
3939742
9100630
1020782
4681916
1179355
1314770
8130849
6689249
4439413
11491906
2731410
7703592
11180955
11937400
4013780
11373723
13511781
4031007
11878065
6870520
5770257
8970627
7428618
11067952
10082699
14335474
8771382
9979604
3346100
3752429
5428345
14391385
5936139
9254690
11469309
13175748
7522314
3998889
11400159
11503340
2761519
14227524
1724371
3785060
10733218
10776408
2101750
8526084
7950121
8620552
9118903
12970031
13186813
9702863
9599869
9762420
463067
3705350
6390058
5545121
14703981
4878036
7987905
5061530
14685343
7856278
4054330
10560601
6776235
11078934
10399894
6854214
1654465
4072834
1138723
6081845
3660445
3800115
705388
6518556
12154495
2143515
2609956
5489728
7363755
7552077
4829449
4127195
9165835
7151479
6359385
5457105
7820325
14327371
5400254
13902637
2490138
8505831
14992210
13565117
5880723
4172682
9845371
13693543
1901412
4618389
5385071
2953633
1189147
9948373
3001238
12164292
9066718
457675
12398324
9277251
7830819
13046777
12645495
13823477
6578380
11878393
14304262
10006870
1327917
2969197
11290676
1977216
12103910
5331657
6923271
6903
14721815
13097394
3288915
3537753
1175932
3925377
739875
6795829
14977591
3359110
1223482
10151069
1916958
4342184
11696955
119929
6743727
153975
10214928
13830770
9616182
5125253
1555665
12774847
9537755
13768253
3320561
6163086
3805656
1946096
1428080
8003944
11846140
6270407
6066567
11797364
4609993
2428068
10021903
4319397
10992173
11923361
3709363
12029813
12352550
3834173
8982699
9023340
1734895
2912318
14394852
7968972
11960220
10718925
3618841
5054209
7397497
4299395
2244753
14373414
5197141
9050847
769307
2355431
14779385
9316662
1069236
11276305
2888472
2184060
10956294
9968675
12267179
2527258
12980353
1346107
3104954
9511855
49718
13899607
805916
14250542
10467054
3905755
6606961
2450518
9874816
12562035
3694585
14258012
2642490
3771780
6874304
2559250
11504811
7321839
14993869
3401335
1041214
5329034
9175899
13666952
10104910
371081
5134231
8621635
1692343
12161187
14369997
14610294
5168394
12829416
12526611
11289521
1430509
5905318
11557238
13315743
1630597
10521554
13464084
4259897
1593677
13468031
7106911
2439725
1274413
8474104
13591204
13732654
5083842
14432284
14101084
2809568
1555787
10040797
4599420
6919733
3556501
621804
3696234
13517256
2809032
6798782
12078134
8652995
2426624
5633249
11644685
7544541
13951658
9217630
4092318
7235726
6262891
12899905
5323881
10199123
5417223
9875864
13113182
10340024
9512690
8615563
6988485
5012019
10490173
100861
1020039
7871577
10989846
969206
12777450
11146843
13919161
8851992
11200985
4890037
4489566
4903804
9616085
12328554
14574661
9207414
13884975
8184474
7025127
918800
6797046
3811430
3280439
645976
7866983
5464147
3435691
14367384
9909868
4267326
3871866
1866588
7825050
4233787
925820
10500119
9988110
9270617
10794661
5291691
12245692
8455107
14519165
10395328
9902003
1129667
299963
10634610
6115171
12397595
11630435
7438944
1293166
10788730
10275001
6878551
7134450
7727420
2577838
7979976
12106667
11803343
1112842
7704413
14858427
1798797
7691097
7405662
12642443
5062631
13377595
11648422
6985238
3457572
9177791
3769643
8969012
12314907
7341969
10932503
5769287
579198
6128350
11678173
9316316
1011401
14371032
3749362
14806589
10771418
8756345
100779
1400414
10840607
14138373
23803
10614295
7606376
12205726
8902039
2520036
3163597
3910595
8569500
6118223
1521337
13366947
6200752
14767610
8108537
10560252
7268608
10142900
12656435
10923320
4893917
1054973
11836604
7012477
9373580
13496926
13800849
6122222
7425371
2142347
12238327
13509768
8617900
3002899
7295979
4825046
12617562
8751212
4333227
7759942
5684975
7437377
3043278
66577
400849
3040871
3452795
14543010
2340139
3952767
9583311
6274465
13332686
9282893
8313252
11192861
13448511
3570710
1295147
7663014
13250331
6052077
2815545
2449429
12076025
10246395
3705268
3777459
8239327
12109115
10299005
11477522
7533305
9996205
11130251
4900156
9769619
5636806
6436539
14150941
3014628
1943800
3259400
528365
2916877
182316
8591066
2980307
6603105
12406442
11928716
13824381
11201883
10851320
3558034
3671316
4140380
11708649
9013909
6184703
2564554
3064031
11042086
10742622
4847825
12966709
11348532
14236425
14167091
4116623
5759679
12046699
12658860
2517497
9568455
14413381
12935959
6746350
578205
13506146
8294240
12997605
8370896
4037911
14873239
6568162
10101878
9446671
12130070
13863078
12290352
14209117
5823394
5833579
9720732
13341321
8767974
6511167
11115345
7035213
4765816
1040243
10500391
4418549
3863702
10515976
4318176
11347210
11830177
7070203
8671205
8396486
8856678
14087343
14775762
8836704
7624080
1988634
5500668
2117189
8942411
3338167
2258670
14777350
5270419
9112608
3182382
12340842
7253232
8767359
13174297
14048443
14761521
1844076
10245446
3742102
10891558
5415548
7402007
6624922
9416578
13653205
10382154
10779037
14552155
505830
8154117
5566020
14016590
9751465
737095
550372
12087158
11521914
9031269
2034627
1098330
327347
8914864
12371690
9623123
7381088
13347784
756678
2497208
57679
2377362
4821792
4784696
11292357
12884432
12565715
4277254
10170935
1791132
1688454
1803890
6160368
11698372
14007176
3331683
2301358
390875
6718105
4438076
5524135
10958561
6420039
1156311
14530942
666608
10250306
5384839
946431
13834415
3060214
1844441
4523920
5622745
14879581
5014095
12763083
9137604
11586676
6660497
10666272
5457382
5740484
7989264
14134062
4294134
1095545
1334939
11506376
14434244
5986552
11755364
8140780
8453060
10227184
9955593
9421358
10369104
7641054
4699454
13845869
12345745
1170156
11410724
1843963
9885244
10100879
11678267
2956149
14562302
6692989
883611
1705214
9482591
2985625
8135219
573505
10367612
14571114
7744211
14081549
11139195
8624656
7648691
8944107
14550564
7627263
813806
7524853
8900368
7959007
2715546
7576449
10709841
6543350
10889316
1791672
7918674
6246128
8749372
8917652
8588294
9613920
10261470
5934618
883589
12815975
13791810
9886301
3906588
4627815
409522
11975334
313855
5326171
8597543
13905952
14215139
13161161
13257372
10545376
7205766
5853589
3228851
14939583
5633469
6221981
10439102
7815887
8565112
2734825
5553881
13826737
286333
3829073
2304637
2551206
6381325
9226195
9052055
231622
3059813
868080
404595
9171710
1618589
177956
13971287
8970526
1948587
426026
7468552
7983435
2765649
9709129
1316333
8962128
8802641
12242367
8767902
11933007
8974085
141893
4073787
13984410
353250
7140426
68265
5746300
10181228
10608525
8646671
9535728
13824457
13858035
3738284
1414406
9768039
2622776
12055486
3132430
10383338
5775991
6945366
12582658
4064826
11808014
2890607
6408591
9430790
4269439
4911088
3741481
2567943
11367249
12953722
13032031
10078988
9991202
1238537
1576464
2830711
9718866
13573534
895748
4999311
4937282
13486270
13832654
4095195
7974883
12455362
300572
12525831
1121494
12016298
12815771
1596850
7068045
4255458
1389575
9543711
14640022
4284271
11625526
14511551
641513
14065713
11243264
6013795
6398806
12691019
2146763
11489638
2006542
6713674
13349056
4308663
12162180
10926795
3253675
6660853
9144959
3604900
8943711
7013597
3358761
9574466
9345592
11594696
6282040
5056941
2667112
2329193
1609434
12873251
11919867
14921324
12121448
847048
2932312
4690918
14232962
12961032
6076549
13180450
4351705
4148084
1584679
11854632
600733
1504021
6579759
7045865
14654092
10415167
4049900
11455106
7304697
3963701
6456322
2018744
13740877
5766591
199366
9776391
8828132
2090203
2232994
8028341
9908121
7319181
3895928
14657512
10373884
12740005
12359234
5086456
11723300
2826842
1900153
6665829
3846184
7926715
5096139
7501810
2727954
3566030
13597074
983413
7155835
2164147
2075313
4652566
9958607
10334244
9521769
13804067
9027436
2146621
12225355
5811616
14674615
5537809
10505750
9480086
10508453
9192301
7813974
2451194
8964752
12819490
44736
7360350
4292078
9475134
6553609
6482138
14907568
1460490
12102255
6973066
7465667
5111710
6997759
7870011
12674112
3401845
14799988
10134749
8667338
11438874
4249819
1663388
6886857
14001226
11152368
13546096
8719654
7651169
6397187
2427702
9869410
7433290
13966276
12829685
5533769
2310788
10204990
6074896
11969035
12665621
6911727
1584171
3922433
13505692
9627901
3081261
12665932
5330317
7918936
949058
2071324
13470356
1371996
13303018
7565464
14803661
4961012
2497212
8665132
9444560
8284832
141472
3603678
107389
10413967
302954
14008606
5433088
6092728
12811177
4359162
5825931
14232407
11010430
3664175
2582957
10280411
14111679
6012395
2221428
312594
6755902
12736037
8758786
14031928
6144965
14426932
12611085
875890
11492100
9147018
61551
1382392
7445538
14947785
12156752
2760812
10336208
11934376
4423839
300047
10320206
12773701
5757945
3304821
11130123
6779589
14136072
9977086
4255339
7800146
65922
8093824
6567998
7021743
615032
11821429
9157317
7831878
8211620
3807403
7448515
3660376
2001766
14318095
11173543
10701068
12753063
8119126
5807864
8356469
5292189
6030894
13144325
13064301
14891090
10872835
2300375
8262393
2150066
9003146
3846766
13753972
5861711
12556446
4910140
12716041
13780821
2687586
9521594
9701927
13949684
5482247
9904900
10789008
13700917
2856374
3534427
6287592
4039272
5881558
1359554
14248349
13135059
9232717
7789222
12820006
6790372
9060931
9646049
1025903
1880284
2091981
2713994
1502005
10067365
4267989
9086728
9532234
4523572
5485735
14803787
10909311
10895361
2495918
5977858
4381478
5649893
3235390
14584464
4312300
2685719
3624381
5415904
445325
8580303
6800841
2424191
8114056
2498954
2413846
14994698
14557876
12684675
4434242
7112483
12899463
4328237
4294634
13419211
10490001
6683852
1961072
3084145
1970032
12162056
14446071
3161158
11886599
12875552
6533611
4290290
5667026
1233970
6141642
11653856
5700640
11410331
12299986
8630728
11279389
5452752
1537850
6803528
2872373
9091350
10390794
3342068
14964212
546312
3288184
6634004
3933871
14748893
4617354
502266
162909
1913796
11027036
7477880
2548176
13554377
237239
13679040
5921104
13944183
12545089
14769130
7743798
2059361
6802377
515523
8670654
12981231
2910919
196637
1315089
8141651
10641427
6389039
381218
4115181
4174958
2356012
8082881
2063193
7291066
8250532
14990810
12522714
14192494
2932085
2541978
10071844
14349347
11465421
5517214
9649132
13880175
334985
14105852
14667673
607060
7472013
3799095
6856753
922748
4503010
11205551
7170656
9143364
689815
11609278
12884260
4139292
14886282
8490538
13666899
10285808
11014258
14445666
14417989
3252823
10652475
14799128
6687841
9817446
6460545
8537138
10052021
7295853
12573640
5810792
12784454
2125782
13258653
7070015
14734714
5004259
2427649
6429197
6968979
8010854
3310685
10817050
5865766
6233773
14746063
6181422
13144063
6331810
8392544
11456677
12010297
12782094
11571951
5499641
6578994
1766812
3215251
4147950
13723522
3405742
6649207
1530504
4905974
13858177
9558309
3543760
6294005
1911628
10760258
3129289
2494138
4256665
12407567
4649570
7542587
14273608
14297417
12295223
14863009
5382121
9589029
9350526
11456490
3581070
8025714
12252536
4677759
10699678
14332895
4638477
3235247
483517
5457942
8248794
7778111
1023438
2663876
2073492
5289486
9982474
11916267
9476889
8676899
6267599
1211808
9196514
3715437
91104
14822079
6616315
12844888
5941800
5999557
2235560
13834983
2304067
12970982
1361679
10000079
1004064
2385893
6272428
11438193
4606550
3117579
12998629
11035848
1299836
7433217
7134970
12200823
1025793
14993620
13304124
2351775
11426804
10806161
3491829
10989643
2259793
14790244
7520980
5118577
6711166
14784693
6170186
10795284
14606664
8098493
11744493
8089042
14871295
4167440
7038309
4205832
3098448
10744398
4021042
2766740
12591304
10839919
8103212
6535980
14430736
4432402
779569
14736796
10848353
14896290
8165841
9765751
7632618
7370411
11119634
3080828
10538364
5618830
14883085
3699509
112489
1416185
8206931
7708464
8377171
9450765
10233531
1933711
12626770
3241935
14348257
9579563
5366123
12411155
11196175
11554877
4827113
226422
546395
6228364
6077017
3640913
12629044
12719113
1104263
2593834
13485918
1835464
11995846
11351248
3722455
12743501
1817407
4303201
5373360
7504200
10063237
4632145
584675
9589679
10126085
11906976
7047523
3193669
12204876
14119393
10298969
8689926
9530891
3001943
2148094
4055451
13651962
53423
1538153
585013
12369028
13008955
4803082
11514562
10811789
8263341
10032083
8373888
7379475
12905140
2129265
4813228
10453449
13739137
10594667
8025916
12120111
4770172
332260
11410032
11359944
5963166
10090322
6682666
6526105
9785255
11833104
5714003
12812424
1793218
10863818
6458744
8290839
13672802
3878166
10490106
906920
14963602
7363518
3437436
6151616
11076523
6909929
1015548
5076516
9255977
1874881
4734017
2807294
318766
10927250
9974764
13365982
2653666
13247426
2999235
13700375
6918864
7689386
10802263
1146967
6839751
3549714
13439378
3042938
8930738
1053041
10509007
12585837
3759629
10363533
445294
12531073
6566161
2521658
