499606
498934
499396
500857
498475
498434
499156
499299
500229
498079
500381
500208
499028
501208
500615
500028
499771
499231
502030
499294
500134
498858
499391
500069
500752
499566
499979
499794
499530
498579
499462
500267
501569
498450
499837
500308
500030
499568
500472
500990
498800
500341
498732
498929
501210
497662
499904
500594
499833
498580
498983
500465
500845
500105
499705
500377
500908
499932
499622
502724
500602
498923
500600
501080
498786
500919
499202
502136
500732
499329
500110
499393
498597
499211
498483
499183
499984
499745
497699
497749
500959
499630
500277
499848
501632
499635
500934
498388
500121
499587
499497
501005
500560
499209
499450
498285
501936
499488
500870
500468
499822
501046
500201
499589
500014
500149
500132
499409
500634
499914
499612
498630
497811
500521
500447
499332
500264
500043
499789
500876
499951
500072
499403
500368
499221
499511
499841
501135
498640
500854
500253
498960
501360
499069
501832
499828
501187
500019
501066
499078
498550
501174
498667
499163
499104
501009
499140
500337
499674
502089
500511
500236
499103
500239
499320
499091
500374
500565
499733
499461
500307
500622
499309
501884
499777
498994
500020
500206
500604
499949
500586
499168
502250
499115
497813
500734
500167
500111
500066
499325
500055
499946
500243
501179
501335
498869
498850
498909
500359
497907
500323
499862
499456
499974
500255
500754
501097
501723
500223
499747
499928
501509
500893
501063
502536
500590
500193
499633
502385
500244
499721
502152
500668
500654
500610
500155
499260
499704
499323
499225
499485
499786
498710
499679
501324
500170
499558
500401
498874
499784
499603
501356
500865
498946
499805
499989
501668
500974
498254
500424
499861
499175
500599
500169
498839
500094
498964
498968
501164
497801
500775
500648
499935
499423
498937
500285
499319
499144
500553
498971
500181
499375
500823
500713
500707
499602
500486
498220
500137
499672
500587
502064
500650
500951
502569
501831
501998
499619
498267
499352
501194
499400
500624
500972
500488
500091
501794
501600
499806
499179
499726
500965
501450
500356
498428
500484
498854
499710
499228
499767
501053
499373
500403
498842
500888
499562
499906
501503
501660
501423
500765
498270
499834
499605
500406
499711
499155
499496
501191
501157
500263
501074
501700
498922
499040
501254
500733
501340
500260
500001
499561
498606
499240
501539
499898
499864
501128
499493
499029
498817
499780
500420
500322
499152
499913
500437
499426
499731
500199
501329
500770
500529
499761
500566
500046
500450
500537
498875
499552
500213
499739
499796
498617
500593
497914
498779
501720
500506
499678
501644
498688
499877
499425
498245
501676
500231
499236
499871
498183
501371
500781
499752
500009
498919
499579
499182
498582
499173
500727
499983
498989
500535
500099
500214
499287
501558
500961
500970
499437
502111
500681
498653
501180
501718
499945
500432
500692
499613
501083
501461
498678
500261
502770
498952
498590
498061
499149
500842
499469
499289
498320
499810
500809
499675
500189
499856
500718
502217
497839
500316
500238
500493
499644
498447
499340
500897
499540
499536
501435
499656
501007
498575
499624
499785
500162
500290
501285
501624
499170
500278
501772
499438
501261
499487
499158
499795
500301
501275
499415
497691
500663
499098
499135
501378
500811
501388
499718
500363
499513
500918
498328
500702
498153
499732
498177
499628
500559
498996
501257
500048
499546
501043
499075
501337
499105
498935
500357
499888
500902
500629
500156
499646
499110
500962
501242
500220
499793
499424
501424
499350
500756
499636
499257
500422
499930
502068
498962
502276
499939
499737
501901
497766
498775
499316
500100
500583
500941
501183
498767
500479
500347
499119
501541
502303
500003
499295
500700
500885
500172
498887
499996
498620
499266
499330
500269
500952
500552
500455
499547
501726
500787
503513
499890
501590
499092
500089
502420
500338
497625
500611
500436
499377
500051
497486
499267
498518
498167
498702
499911
500063
500776
501426
501846
500309
499847
501068
499333
499106
500892
499637
500295
500672
501144
498077
499696
501049
501959
499840
499650
499716
500179
501281
498510
499813
499723
500862
500989
500636
499614
500391
501500
498237
502224
500365
500081
499600
500869
500656
500617
499151
499523
500921
501258
500906
497618
501366
499123
499948
499455
499274
500635
499668
500659
501825
499615
500789
498081
499463
498707
500197
500588
500500
500574
500376
499381
499960
498646
498100
499972
501908
498802
498915
499366
501377
498185
500331
499900
499019
500270
498831
500475
499565
500490
501126
502880
500861
499270
500642
500130
498999
500209
500662
500397
501311
500976
499876
499649
499162
500899
499597
499297
499359
500010
500673
498855
500850
501568
498561
500306
499926
500320
501554
499276
500113
499501
501890
498692
500245
499193
500013
497047
499514
500753
499829
500742
501591
500361
498665
500494
499683
499922
499290
498856
499736
498358
497916
499925
500171
501175
499516
499472
499754
500764
499680
502282
497920
499108
499451
498240
501107
499453
498745
499825
498616
500399
500508
501425
500018
499790
498671
501327
497951
498916
500204
498413
500631
501082
500120
500584
501307
500665
500265
499889
498912
500953
499708
500523
500966
499759
501640
500724
501162
498751
501223
501283
498837
498525
500080
499564
502406
499347
501739
500387
501837
500224
499992
503149
499571
501400
501304
500579
500580
499282
501481
499791
500614
501204
500534
500061
498271
500497
499234
499292
498938
501200
498998
498047
501694
499573
499136
500674
498538
501321
499283
498742
498825
499645
500582
502078
501346
499753
499035
501268
500324
500157
498863
499099
500547
502398
498514
499197
499507
499766
499212
500991
499458
500144
499977
500651
500909
499830
501280
500305
498870
498982
500601
501478
499044
499663
500386
500803
500276
498836
499428
499467
500463
501476
498809
499916
501645
498903
500567
499580
500205
499252
499388
501015
500139
500469
500025
498806
500531
500829
498249
501203
501185
499838
498042
499399
499783
500777
500358
500482
500228
500910
500107
498824
499982
500344
500266
499991
499126
500279
500379
501315
499894
498949
500499
500373
501161
499533
499986
501661
499011
499662
500345
501530
499422
499572
