990850
595226
190883
635504
753623
761320
726408
440123
670232
423014
923707
840700
147256
616178
763502
750922
554518
649412
610079
612117
5490
380919
383052
98366
23368
698137
366932
284938
106772
687869
163366
389467
525564
865649
766768
863151
208852
675386
379999
77617
125664
806985
631457
812448
409966
324479
340986
788145
431816
735924
608315
923996
176582
124726
712542
21281
715775
182922
775330
128573
184958
371563
656691
313930
386354
176369
549021
977384
151067
789714
720523
778421
653144
787565
141799
656276
309462
714290
866177
594445
733852
535587
437534
113808
31260
689917
541822
468084
488018
952422
564026
821566
941882
49314
976961
38997
745427
474524
964062
503644
760848
542828
902458
365452
318849
697994
145329
476289
392004
391061
56833
137649
786107
14073
54457
828493
488549
785942
384648
859801
129199
867848
190155
657888
25779
105510
542457
798552
756094
444647
631368
866243
901700
18271
836583
170159
249004
38519
326788
891500
41373
593352
620902
328780
171432
126942
939671
491304
776835
55433
828180
580663
71126
697700
976658
961581
905612
948192
357099
11944
312645
916271
967981
780658
271590
864515
850747
504202
936132
876670
428024
63406
550849
104361
463908
344023
671187
815788
522744
488266
933105
850128
120286
169368
147178
425153
705220
521699
695014
7716
351585
138783
643547
713842
945616
788031
36372
756483
639662
850239
225684
298111
483195
131707
43812
664833
630888
659703
671358
122187
437063
230132
936089
99197
903408
719199
873363
620023
46273
517132
573485
175797
174534
662536
687924
170682
82267
45919
927527
325271
375362
453472
192504
53643
731251
981905
266846
920679
958543
161979
676574
303537
938859
767634
856000
843782
263613
981634
466565
146091
309199
402283
605904
129507
58325
22046
154171
71602
294805
956467
864835
930297
122001
303391
316412
442655
128252
196548
47599
431239
329523
941495
388648
246699
879521
623811
561890
845366
856949
988294
764842
700478
821045
159687
104735
792666
942738
760506
562137
797575
237620
894574
448575
71422
643017
105490
686487
751087
312469
305057
975677
583383
953641
441059
786702
933754
981221
320328
402811
883835
186536
581457
494775
919207
298373
188923
798917
778621
855210
692098
746136
18254
869888
607686
868061
494486
783949
316849
593139
271693
886831
797393
976342
454649
147327
625343
121341
395863
102937
980551
154681
356748
805103
873839
571594
216155
74405
412204
801381
730854
766765
390717
93097
884482
822824
574067
231091
916356
852224
522351
89305
255010
712171
472470
89128
747884
425863
271295
4956
519648
216888
128900
134438
421424
141666
561092
91257
852360
956086
895614
947458
700789
596926
248828
545271
529398
899381
394957
670783
868126
327541
491015
422967
445297
305206
911804
889547
106413
188578
832753
528946
538937
31974
437113
417734
889096
144859
70562
617389
318658
672697
738173
687820
233055
224941
269461
292179
102961
152551
816980
6495
628448
569974
318940
485322
450874
74342
39516
839426
250205
537449
854610
965237
669365
734917
130170
152284
513477
586291
450274
919010
512102
982328
185444
548994
54437
193776
504769
163740
987244
981153
564759
420195
33870
251712
831296
90152
986890
658871
687713
775139
423337
118640
955589
531969
934145
705017
994729
643410
646343
231014
981911
834215
66950
696346
966909
147427
919089
942301
726587
738421
739325
210773
866842
170785
804923
935494
589098
997025
257896
189075
781727
392782
540667
895349
486552
894285
193573
510412
936020
