Genome length,Divisions,Fitness
1000000,5,0.9931640407677254
1000000,10,0.981137156121565
1000000,15,0.9394192441822787
1000000,20,0.9251166639643907
1000000,25,0.8734957783034943
1000000,30,0.9025625720327112
1000000,35,0.7791930221712873
1000000,40,0.8024210681224073
1000000,45,0.7288174294238119
1000000,50,0.7771786229867913
1000000,55,0.6828320919227889
1000000,60,0.720574182832458
1000000,65,0.5842674686581242
1000000,70,0.6361350251239403
1000000,75,0.5537072527087971
1000000,80,0.6174792507411052
1000000,85,0.5334794015791938
1000000,90,0.5389730186711488
1000000,95,0.46825965094657357
1000000,100,0.525895196935704
1000000,105,0.4203028250503568
1000000,110,0.48499024063131146
1000000,115,0.38984940899020043
1000000,120,0.4253331512643995
1000000,125,0.3649177763158679
1000000,130,0.4090159613963232
1000000,135,0.3395000331370701
1000000,140,0.39785331759325987
1000000,145,0.322711785508649
1000000,150,0.346776405553868
1000000,155,0.28493208318088575
1000000,160,0.3259915476217593
1000000,165,0.2808751698191639
1000000,170,0.3228738877544674
1000000,175,0.260075454555128
1000000,180,0.30871376473871237
1000000,185,0.25282409059165284
1000000,190,0.32281107276339943
1000000,195,0.24207485158097822
1000000,200,0.2998587125713683
1000000,205,0.23699490680940488
1000000,210,0.27787229506076233
1000000,215,0.2362914871185229
1000000,220,0.2817965747974537
1000000,225,0.23467697888142958
1000000,230,0.28791923365784444
1000000,235,0.22617650742268164
1000000,240,0.26021005317619994
1000000,245,0.20538149471998998
1000000,250,0.23947971174732371
1000000,255,0.22287797433827572
1000000,260,0.22740896318096915
1000000,265,0.21965337848424818
1000000,270,0.22381222705212875
1000000,275,0.212146142621321
1000000,280,0.22752997812922893
1000000,285,0.20790445596233179
1000000,290,0.21659732032600992
1000000,295,0.19415755734978413
1000000,300,0.21212782160588997
1000000,305,0.20048677134782034
1000000,310,0.20569556115744206
1000000,315,0.20211120738096958
1000000,320,0.19975234656750368
1000000,325,0.19610560098431273
1000000,330,0.19794636173742114
1000000,335,0.2027417046705721
1000000,340,0.19447655190991664
1000000,345,0.2067855918986586
1000000,350,0.18271921099106217
1000000,355,0.2145788090075577
1000000,360,0.18893517359391807
1000000,365,0.21799234934272557
1000000,370,0.18623895436761123
1000000,375,0.2083964756379638
1000000,380,0.1809829196986284
1000000,385,0.19256584047533143
1000000,390,0.17741850620076302
1000000,395,0.19718086325706546
1000000,400,0.17471709555534004
1000000,405,0.20171208675874489
1000000,410,0.17639289197993846
