499911
500067
500920
499077
500445
500738
498713
500970
500544
499361
499355
500852
501418
499409
499120
500913
502567
499675
499786
500454
498389
498373
497225
503272
499448
501425
498518
500235
500065
499328
499842
500553
500459
499261
496461
500001
500410
498836
498594
499073
498358
498945
500266
499897
501152
499018
499320
501064
499019
500603
499420
497816
499604
501426
501844
499844
500005
501029
499253
500010
499340
499208
500342
500899
500732
499324
500056
500726
501028
499406
500996
500812
500072
501199
498684
499417
501471
499175
501169
499859
499407
499651
503266
500617
500207
500242
498827
499554
501841
500832
499659
500661
499460
499306
499473
500485
498269
500369
500259
501123
500484
501060
499362
499445
500453
500420
500621
500245
500294
500850
499225
500693
499462
499542
499159
499953
498994
499336
499739
500867
498458
499895
501122
500800
502608
500879
499654
502032
499223
499932
501079
500230
501710
499432
500159
500349
501355
500160
500810
499733
500773
499550
499577
500441
500430
500471
497983
498931
499363
500866
499176
501056
501441
500168
499818
499335
499181
500730
499322
501628
500311
501706
499323
498447
499787
501202
500338
500090
501149
499800
498834
500070
499556
500625
502095
501181
499889
500931
500509
498737
499356
500353
499104
501292
498818
499485
498880
498108
500488
497531
500548
500792
499186
498709
499440
499133
500181
501124
499165
499395
499544
502836
501438
497959
501615
502597
498703
500148
498478
499876
500472
499737
499274
502349
500437
498057
499469
499611
499861
499094
499122
500146
500007
501587
501273
498675
499864
500196
500397
501272
501429
501209
499371
500550
499735
499929
499650
500597
498674
500211
499207
501423
499565
499923
499433
499027
500177
500246
498353
499567
500804
498395
499845
499511
499740
499329
499837
499867
498888
500257
498826
499583
499969
500384
500151
498290
501399
499078
500611
499730
500390
498928
498474
498948
501452
501055
498926
501357
499990
499052
498602
500434
500043
499750
499815
500770
499193
501260
498620
500835
498920
500367
500092
501748
499262
499605
498094
500346
500239
500700
501926
499359
499992
498918
499856
499174
498236
500055
498743
498280
500528
500147
499109
501533
501139
500127
500220
500431
499137
499276
499562
500112
499908
500919
500096
501961
499919
499522
499848
498184
499691
499414
498852
500496
500949
503188
499458
499590
499727
499591
500549
500344
501691
500429
500608
499136
498411
502499
501172
500099
497572
500572
499240
498796
497612
499956
499894
499039
498952
499674
498939
499903
501252
500170
500302
499245
498924
498606
500293
499926
501331
500028
499541
500631
500281
500762
502137
500141
499243
499114
500223
499620
500458
501482
499515
500022
500619
501620
497236
499931
499801
501178
501044
502513
499965
501635
501898
499612
499449
500272
500050
499766
499549
497996
498499
501488
499570
499640
500084
500465
500405
499173
498914
502316
498912
501043
499043
499610
501614
499998
498784
500718
498175
498565
499389
500284
499285
499289
501316
500659
498933
501031
500345
500660
501499
499784
499151
500008
499724
499047
500415
500701
500307
499778
501754
500811
498650
500363
499467
499034
499280
499209
499441
501142
501493
500765
499731
502277
500808
501166
499400
498622
500708
500212
500021
500321
499951
501111
500563
499901
500287
499220
501840
501447
500623
502601
500838
501397
500366
500749
499301
499139
499179
501625
500751
498786
500665
499680
499439
500873
500254
499360
499224
501638
499807
499754
499759
500247
499558
500630
501351
497207
499615
500655
499835
501401
500381
499906
499910
499020
502320
500669
499742
500981
500435
499752
498428
500046
500304
499108
502029
499582
499874
498735
497272
499237
500102
500830
499198
501036
499204
500036
500575
500679
500286
500579
499703
500801
501905
499913
500332
499196
500668
499534
499002
500071
499106
500113
499041
498635
498645
498102
501137
501465
498771
498729
499873
500438
500895
499505
499004
499132
499279
500600
501794
500436
500137
499771
501608
498297
499352
501020
500215
500003
499699
499927
499709
498628
500474
500863
499989
499481
500709
502208
499841
500107
500064
499753
500276
501446
501963
500124
502479
499273
498368
499538
501443
500908
499720
499991
498841
497845
500588
500464
499130
499298
499213
500766
498374
500200
502145
499634
497459
499738
499214
500263
499525
501234
499816
498557
501379
499572
500594
500706
500609
501261
500408
499697
500248
500517
499721
500652
501771
499936
499631
497510
500772
500787
500927
498720
499621
499227
502965
499502
498971
501006
499368
499496
501705
502694
499054
498758
499896
499347
501631
498550
500715
500854
502261
500423
499557
499358
497987
500417
500501
501135
498968
501133
499705
500699
501205
500806
499171
499040
499598
499292
499429
498147
499083
497908
499683
499124
498689
500060
501630
500017
498349
499943
500149
499000
499025
498485
499840
499105
498663
498929
498787
501432
500943
499392
499465
500828
499717
501353
500104
500884
500154
498946
500355
501326
498993
499817
500985
500268
498820
502295
499056
500150
499609
500018
501381
498416
501143
501195
499192
500702
497392
499966
501130
500626
501550
501117
499599
499422
501569
500968
498725
501030
499949
501741
500658
497149
499957
499284
501278
502878
501220
499756
498461
498481
497369
498960
499230
499872
499138
500425
500334
499050
497710
501086
500351
498637
499337
498858
499839
498174
499232
500833
499059
500312
499545
501998
501237
499091
500129
501547
502462
500224
501140
500130
499155
499935
500687
499836
501208
500109
500119
500391
501185
498745
500447
498431
498801
498903
500313
499383
499394
501414
498671
499403
500173
500260
501413
498433
499311
500331
502689
500185
498490
500308
499790
501107
501066
498566
498972
500971
501095
499231
498014
499700
500489
500184
500121
501830
500973
501559
499487
497912
500930
498224
498658
500639
498449
501848
499321
498356
500382
499643
500011
499493
500998
500929
501121
502318
499266
498800
499789
501281
499090
497735
501431
500403
501134
498146
501067
499970
499984
499001
500427
500456
499533
500314
500142
498097
499536
500960
499948
499489
498748
498731
500789
