725766
502853
299208
468670
945162
433377
739438
116071
155879
634859
202678
908157
28368
568289
949168
462223
464052
795268
807387
920830
307348
675885
544851
710628
404852
681427
358941
547125
924080
235817
398255
692535
462666
533550
588329
168416
426866
747481
974417
937148
438081
581718
792535
269783
79716
457246
91561
184123
776700
520226
377976
919961
198416
420626
256952
482082
691910
934916
537438
538083
549566
272199
205510
814592
154553
598184
73941
538166
670774
86318
489997
512463
153581
555703
596129
916212
931578
55523
358343
442193
147816
82542
932624
906383
295998
849285
470369
481308
299526
853388
295257
812193
789941
445297
663983
426567
409777
890917
689422
371533
501852
247024
460923
961757
392784
97668
941057
49582
888528
929148
601190
505704
302032
815182
568084
51396
637550
476471
268922
100162
776644
297919
505433
703985
441944
723182
754272
489810
672189
547211
640227
440067
753024
91764
173608
384619
463635
191908
998855
45050
979852
878150
268596
78306
548386
156018
664135
139035
63845
807497
920752
391589
340742
465822
468142
546968
277826
228252
882365
219315
271164
393724
448812
604543
526684
667624
513916
759130
721418
800561
777980
82484
747201
691464
211125
895112
894279
452529
366787
541644
254969
728266
184737
825604
602386
462446
435412
384657
19095
429527
747897
25989
549768
489556
194101
580337
650227
400150
814150
645275
605813
463047
446566
48267
50889
479937
458121
812463
24266
137200
850376
545690
139553
717754
282482
760435
383478
601865
602572
878145
140049
701868
533729
57855
385234
192895
737310
228721
559787
167512
277384
160303
255556
879659
851318
994400
981272
270015
257043
16951
558151
12399
583741
481103
399770
235118
571237
701787
815442
670674
793033
741063
989566
712935
315985
199355
782340
374087
417026
732913
468153
116558
573061
992643
411724
304867
800531
222725
387263
175895
921375
652140
943127
301004
617962
138552
164414
162774
118855
350837
67197
913606
762919
716730
84295
716663
434090
193043
916943
192473
646269
237226
619851
207230
390240
128716
986399
768352
778864
159052
129174
270221
866475
671342
306847
764620
903757
902799
687867
276978
264510
58841
841224
594983
734488
585626
421519
262373
731397
400613
787530
463899
83149
878357
226096
884979
581558
302290
556435
634219
151856
577730
895395
353024
471559
9375
998129
244645
43229
675452
287549
168710
362749
472951
29210
36836
258496
517149
928030
761594
379839
653760
370760
655262
440665
269988
789341
277068
520632
950155
364264
263285
924700
418258
253190
261593
436087
57772
64337
78833
330380
836607
205994
684702
143367
627968
884176
516884
901720
386339
185081
465633
313650
934934
425774
781720
505774
521434
970483
451480
195960
949693
625118
143790
609724
439745
838629
834127
87557
733104
983285
45995
319747
366930
470578
774587
596811
946256
765108
423563
365782
389301
127415
263944
595914
653462
903838
286139
520186
580768
768557
371085
163816
477152
935368
64781
779837
237006
900030
30580
702698
426886
917559
389394
552886
521487
945940
178713
62414
965660
385768
875759
631184
93665
490111
239065
783172
11055
507221
124726
547829
61135
177623
871398
664573
849978
944664
964710
311156
305810
131407
379298
850536
777449
988912
578705
231673
220223
800227
767480
579576
960397
652835
434056
639318
571190
844007
821014
808196
418984
303097
466880
319201
406750
545252
473205
717684
323307
30588
112834
429257
460816
673797
417540
348561
407299
657663
975947
973945
29054
752117
461925
85002
630220
395115
708256
753274
95199
135566
659201
749712
898100
115160
241243
58652
37074
279115
313871
987483
536060
493292
880720
607589
896506
912445
232737
536762
742534
282982
719588
766892
635559
768599
25097
210201
612298
861792
423973
701556
373899
520852
353374
23669
883557
105130
2622
601972
152032
597938
658865
27834
733143
283714
232994
132500
709697
248869
145450
47587
424217
80096
857560
190381
884540
413205
40639
196762
307085
729170
536852
348111
334649
227428
279234
98005
777328
851920
134000
528050
426576
629312
520908
924374
779545
204279
188413
245041
843343
90588
166686
952741
824066
832729
135065
500180
553548
63321
634712
239630
981243
94353
544079
279282
743649
384145
616909
957302
828313
881376
247971
931376
900770
673091
504431
101280
766340
192179
44734
835673
441506
823042
879377
18100
339
903310
623208
42813
408903
341697
858261
123558
76596
861005
294182
255454
289628
89187
333442
364178
553514
602361
291716
717976
730486
957097
287762
255423
313435
372349
33420
268712
457264
320394
27407
415660
436600
8718
434875
475126
959564
755460
214591
215994
262934
779576
448549
293227
505873
607871
588592
955678
186323
978334
529675
178864
445983
369527
709104
594881
771374
423412
675195
674449
150242
530704
857664
378536
575363
711941
129753
894706
480256
236705
33767
110581
238531
579334
372059
555458
597426
640940
77376
387777
327879
492931
410079
27844
377636
132576
534344
734905
864177
799502
622863
107678
558985
315761
25588
310412
245884
118917
210609
536870
424142
523302
39076
874589
554155
961200
578613
881884
981587
509272
501129
222158
843662
115420
934004
360988
219473
555968
568667
224716
27464
523583
313674
310202
304387
16122
557288
670009
225364
297499
9651
846057
328634
779189
957927
93547
663036
247120
514183
174169
227945
929218
775985
152442
472933
636905
687549
617924
909219
761238
34305
356066
52779
582939
759473
30802
642291
580289
460409
829099
504624
759309
186715
956746
452243
40376
444693
77840
464869
928681
972402
617538
367871
317945
577016
531036
709473
733116
197908
849648
294883
593512
501360
440288
886428
225975
578399
314008
704326
180232
299570
26099
908229
922130
397355
884408
277531
532611
990485
758500
258599
105835
783270
358979
550783
87212
464568
166129
889485
185778
324690
289359
681651
786654
882823
646986
285919
901029
507810
820514
607992
298171
677505
992200
557334
223812
136792
206169
606647
558458
863411
844229
565079
156070
241891
303913
441231
622435
723743
198290
840145
706000
29785
606499
758515
624355
70183
668283
659224
809469
790139
308333
907178
529480
77455
751585
613574
590100
149390
306653
830632
561958
379646
698598
207528
359301
862160
432109
6132
835187
758272
280155
83793
792647
850720
830125
716398
393956
118995
229717
572253
181911
965383
25163
820549
283004
913088
121412
688324
378754
39524
791391
693935
746191
766813
581059
780134
925631
382519
313117
99863
308024
752998
222192
993301
394485
642196
620741
252144
776228
666080
94233
192742
710768
123904
168474
221573
624412
479651
788554
606470
748830
64904
111529
108336
565336
970180
700443
540122
365986
359920
716060
381764
917864
643208
263512
674227
196733
284564
241287
740949
755980
928385
618666
10933
975987
107568
162116
706141
754025
164816
531482
98395
289329
294099
906521
308056
100119
469764
774216
518810
880937
973442
485505
476971
365191
635874
176196
549853
406595
156850
19567
671289
603579
168569
860146
708886
430436
218148
867525
813664
642185
701065
876351
113532
931775
513579
271314
459479
396962
352128
84894
725474
239531
863894
59536
284182
869726
317143
656912
606451
27290
636858
268809
787098
234694
965076
162813
661008
347924
180398
567678
228956
201312
853197
186405
968719
818502
826432
778915
166660
660148
754258
920112
964661
525627
903331
589770
157179
753660
971463
363449
792939
736865
912692
181310
815836
397852
229412
332675
20104
163402
207510
255232
919887
102508
147983
857284
263428
850129
532126
727767
23789
402731
983504
856061
201894
361748
608375
649693
96432
769660
506081
662440
229835
245439
331727
941526
509760
106292
914214
990391
697246
66631
915199
531043
815258
374399
394352
584702
134180
150729
736843
448409
787013
39407
229807
630079
584877
799262
90822
316987
563374
909664
710148
487895
866250
644833
112134
537236
655582
114813
780630
100405
934166
411035
584386
234721
473741
168197
124535
512593
407013
516967
290607
72034
100256
484952
637138
68037
530286
320257
254192
59252
104098
408392
283292
327109
884228
932894
840637
166668
282830
770702
388413
626541
699902
96558
670202
234468
603789
435653
754371
576502
793000
684261
220781
893191
362336
112222
624002
120643
615496
866232
539763
542748
611985
627698
614400
460199
296554
422497
443516
642835
651307
792450
149532
676509
956732
954692
820693
950806
301192
607792
706727
181730
123369
878589
168813
345224
288994
821978
406027
605213
720830
562918
871548
832251
950627
140668
403490
982348
607224
721099
623652
823990
840761
290957
742671
581159
644999
616766
294366
93249
827631
428466
735694
60030
591100
821346
71740
583913
200976
655184
711129
239020
369726
652918
155166
431521
899694
192679
564181
966758
441389
312610
799229
939402
710119
222068
724006
788379
422963
424580
73642
432732
420076
206570
785652
734922
771793
921696
839
244663
57842
202185
278385
359424
505493
290825
709695
506188
334294
930237
159462
200618
804348
546883
838538
615511
258206
521054
436025
41307
514582
966887
17991
490350
723681
659457
707382
399577
659354
653113
175097
202961
148431
619205
439140
935871
183783
64535
813286
279535
92715
190347
657201
238244
28133
869727
114453
59577
189437
97685
378841
957602
629298
417200
947554
23292
613013
950695
887326
51421
565774
744394
98378
959640
757734
906381
716638
253801
319783
921918
997470
738572
436348
432992
152810
728668
599655
225636
813946
970585
244023
673786
178686
451187
426924
636479
74742
998014
632102
483595
902223
298584
984252
89138
878420
675980
901494
487569
619709
959729
410923
246831
756746
121035
756762
471051
366698
328990
364711
992677
853037
542294
769630
295741
317385
751121
473788
414987
628957
286109
43215
720482
566854
186706
56346
713037
954565
250725
39123
248156
243918
569541
592838
91035
100834
192633
31231
869446
226965
521058
504576
403702
57238
180458
433116
93256
130948
431468
982698
341104
599787
112904
113746
167794
918583
15454
162058
897929
564586
254942
503690
965024
800150
959502
687717
576116
372746
741801
811287
254975
881275
249852
55384
193031
930024
992379
952445
173275
855749
819360
345044
994299
620599
815307
175050
795038
639121
395249
384894
233290
523068
146401
359300
169663
34104
197901
684129
327950
439388
5956
758404
446283
985261
685691
484829
348235
967418
370279
573389
445640
39486
849679
575062
626247
59722
778780
786519
532883
295378
929573
61625
147894
481449
531418
155887
672228
879903
945352
709061
883834
474982
408800
185441
750381
308853
683930
873431
640211
301434
279084
932463
372714
574008
998959
961262
740903
712576
567418
857056
286353
117336
836715
432337
192282
784334
729984
546920
956782
3489
993395
179407
483524
330807
595899
485658
415376
886690
568181
99181
52042
611647
900940
287282
347198
48546
103267
997364
980270
63605
672064
654635
609093
569482
253488
123645
75202
176648
404116
7102
425074
108981
530076
474743
700561
809914
449119
131461
329067
308362
58497
28318
764781
657655
171955
711884
681741
662741
953429
195138
272173
949561
740517
241817
549461
258265
387455
108265
741498
57958
933161
266627
966790
58764
843158
758161
479175
958783
267099
599344
383
116426
966603
738641
140256
673423
897390
580022
275755
365581
498974
572645
783150
998495
326743
423124
250463
185038
113605
911038
583822
235175
228312
275939
544808
699377
227963
609033
347356
249936
703471
469907
293071
730488
260456
276844
695878
336739
330179
302008
462817
403483
770198
421999
487306
793923
369075
534512
166643
34871
338676
104123
682113
530483
121616
224571
227566
657769
34455
74504
365271
304338
758245
405224
559237
617132
376978
871987
750145
440238
590029
9464
770943
599337
195673
509089
894409
863634
867869
334672
663167
984218
103769
217663
770996
599242
436873
657248
340829
266212
785736
710013
845520
587394
153873
695298
984192
401688
338576
546525
127108
622122
617934
339451
886725
239919
782359
828011
473739
490989
447160
590699
204269
154209
908342
202445
995907
680476
197796
811207
143466
894267
104656
182007
776460
176767
18118
59892
14013
325966
512413
909691
446543
387736
477278
401216
734631
561757
355115
370040
373238
601545
749030
231574
583125
925752
722691
441604
620947
589125
321808
30018
541868
220689
927996
986023
526745
304804
168714
100161
61721
785002
118416
939984
313067
420529
406961
833056
79071
238983
420836
927731
541672
448303
208555
150594
146577
77316
913743
491062
590269
517600
687652
402490
323367
103136
266116
765313
771883
823543
438393
345372
301358
352050
926905
140750
876566
450442
800731
247323
529779
345955
351225
983197
759068
512075
139613
590225
782105
236093
764035
619453
194184
85081
632466
316818
522417
107683
240541
710940
797916
152559
163654
627724
376797
434054
374010
375185
96186
151411
202525
323249
482750
73474
902078
410907
343516
67876
930602
556793
769039
701535
515344
716215
467405
526572
978303
579668
400074
544895
720993
255771
712940
13772
549670
913950
719358
677654
619141
287142
111805
342385
644409
854307
15715
973113
163930
987928
322426
80159
177925
439861
334225
121007
717409
354145
508185
779745
996553
442824
390908
256520
69259
704108
961519
128684
149424
710601
498485
507874
470831
795446
439679
438747
15610
2810
287992
249108
555462
852533
921906
117082
781637
223982
640899
769331
836803
974223
727796
932370
960731
917830
914237
628973
417393
323108
684711
209666
130757
171745
811258
511809
160113
267904
320599
154596
288816
979128
69681
284563
819469
515094
764168
710753
139579
331083
393247
479652
350410
418778
200835
495768
439675
845663
394105
635357
409260
39161
365394
310456
889057
141318
184131
426649
87691
771778
419552
284744
77313
798795
458403
825794
147039
22869
119266
916962
76154
618669
135971
911611
160674
436553
326873
675258
534363
892473
659679
207794
904332
754324
662486
825422
864582
158003
704264
886095
148421
798060
737914
65294
400629
700129
883879
956003
812993
702691
119034
737411
729075
943184
936515
400780
625701
893268
