499137
500430
501838
500490
499693
500151
500058
499248
500868
500316
500140
498418
500819
500231
499902
500671
498612
498665
498773
500884
500213
499075
499627
500871
499878
498538
498899
500988
501589
500525
499778
500549
499936
500189
499491
501817
500673
497814
499972
499126
499057
497948
499394
502185
500304
500000
501795
499624
498204
500888
500814
498857
500102
500144
499881
498865
501242
499278
500801
500976
499085
496657
499724
499596
500125
499290
500394
498987
498472
499536
500182
500239
499955
500483
500928
500241
500263
499282
497899
501067
499434
499314
499250
499730
501896
499869
501444
499293
500376
501803
499059
499286
499999
499170
500958
499786
500009
500108
500579
499161
500260
498133
500559
499580
499235
499442
498390
500589
501465
500758
500226
501249
498382
501125
498192
501460
500261
500247
499733
499552
499667
500729
499849
498734
497326
498797
498092
499862
499826
498996
499347
500420
498572
500152
499431
499920
498542
500859
499550
501475
499629
502346
498969
498696
499749
500716
500778
498759
500021
499660
499551
500186
498836
500600
501951
500079
499568
499056
499861
500232
499419
500178
499023
499697
498491
500310
499873
500363
501966
499959
500975
501142
499065
500338
501273
499417
500225
499378
500590
501449
499566
501369
498501
501252
499323
499928
499275
501816
498850
500132
498772
500783
499390
501405
499938
499633
500439
500653
499053
501643
501052
498485
500020
498458
501402
497405
499542
499599
499831
499581
497317
498782
499518
499086
498004
500759
500170
500511
499997
499139
499454
500026
498703
500054
501186
498654
499756
500056
499879
500137
501029
499541
499647
499279
501798
500491
500109
499880
500433
500156
500219
500315
498599
499983
500604
499034
500424
500991
500679
499520
500725
500487
499410
499514
498478
500711
500238
499274
500193
500486
500319
500450
499222
500841
499620
499621
499127
501045
499810
500950
498742
501132
498285
500946
500235
499106
499393
501165
500721
500613
501227
499856
500101
500099
499615
501292
500282
498658
501251
499463
499416
501383
501629
498198
500143
501100
498958
499465
501079
499773
496315
499253
501108
501754
500131
499585
498992
499719
501605
501580
499872
500578
501546
499189
501446
500126
501294
501670
500086
499318
500751
501075
499971
499344
500687
499593
501301
501000
499469
501562
500022
499093
499816
500622
499513
500421
500574
499190
499411
499199
499354
499836
501568
500029
501201
503049
500168
499220
499637
500453
499673
498354
498344
499497
500558
500903
498821
499994
501010
500429
499131
500541
498529
501437
499768
500471
500066
500111
498008
500284
499482
499932
501447
497472
500689
500553
499389
498790
499710
498567
500176
500201
501368
500350
498624
499900
501665
498679
499931
498683
500414
499473
499561
500761
500281
500074
499339
499877
499244
499993
499178
500276
501886
499977
498422
499527
500843
499613
501256
497706
500822
501152
499818
499035
500760
497315
500592
500977
500129
502195
498811
500815
500942
498641
499265
499311
499957
501234
498082
500935
498890
501204
498265
501677
501306
500362
499735
501833
497672
500166
500492
499407
500539
497813
502210
498128
499138
500507
503493
500010
501091
498261
499165
499336
499098
500257
501188
497935
500693
499433
502085
500905
498946
501104
500526
500035
499751
498610
499129
500752
500221
500289
498290
501248
498741
499009
500154
500237
499678
500581
500218
498938
501243
501445
499739
501549
500944
501678
499839
500331
499800
499586
502425
499521
498984
498795
501422
498866
500381
501390
499101
500036
497775
500210
499919
499891
498874
500071
501699
498919
501514
501560
500607
499109
500731
498809
501151
499572
499329
501014
500089
498788
499611
500708
499412
499363
500262
501219
499968
499986
500052
500643
500445
502123
499283
500825
499060
497994
498827
498882
500080
499746
499602
497626
499356
499940
498715
499136
500223
500985
501065
501112
498977
499885
501579
498587
498516
501436
500949
501662
498603
500771
497717
501183
498552
497452
498517
500313
499399
499289
500694
500403
501217
498555
499184
498628
501577
499024
499904
500198
498917
499734
499584
502179
500460
501902
500770
500781
501346
500286
498870
501521
500838
499815
500715
501298
500652
500324
501672
500809
499263
499965
499333
498270
500743
498564
501064
499501
499978
501570
498914
500645
498300
499385
502142
500106
499325
498632
498682
498794
499504
499801
500371
500593
500726
500373
499345
498864
498393
500718
500436
498722
498081
500352
499413
500519
499492
500478
499229
499575
497621
499530
501882
499985
500699
500563
498064
499830
501473
499154
500876
499835
500112
501492
499252
500434
499590
500070
499907
500028
500503
499449
499398
499761
499324
501120
498716
501697
499267
499537
498465
501319
500122
500575
500728
499979
500662
498523
498754
499764
500636
500329
500984
499614
501387
499702
498844
500960
501021
499545
499445
499067
500858
501247
501627
498717
501122
501097
500345
501111
501726
498768
501102
498990
501663
500389
500828
500061
499195
499757
498257
499371
500280
499864
498981
500964
499362
501361
501821
500348
501144
500027
500501
499825
499772
499028
502014
499974
500865
501669
501783
499617
500918
501499
498560
499001
500062
499657
500273
498651
499533
499054
497805
499456
500948
498614
500451
500765
499649
499084
498999
500449
499247
499284
501003
498907
497941
501342
499440
499918
497720
499403
501933
499498
498370
500423
499982
498383
499658
501680
497762
499687
500240
499894
501332
497614
500709
499790
501738
498924
498607
501484
498118
500463
498901
500763
501317
500738
500623
499423
499046
498120
499015
499870
499313
500293
500038
499435
499747
500969
500290
498951
499619
500695
498522
499798
500913
499942
499301
499018
498976
499292
498498
500565
500060
499539
499808
498436
498982
500782
498898
498762
500740
497588
499686
499668
500372
500614
497902
498035
499960
499519
497522
500518
501040
500367
499787
500432
500602
501189
501623
502386
502036
500333
499316
501849
500123
499855
500011
500003
501599
499332
499429
498107
501145
499898
500588
499185
500509
500724
498284
499770
500831
498466
500185
499666
500620
501752
499294
498217
499455
500936
498663
498177
