805395
592081
711039
368871
690455
23699
498162
138263
226636
969026
830295
938433
957489
868626
989320
370659
340346
27092
709434
396084
920386
247804
972460
978801
836372
545460
578474
32810
438561
663884
425333
589064
52801
643065
865338
193371
300544
855187
238321
370125
361334
54011
467659
668640
709261
482619
971344
619818
431017
250221
348966
480692
889633
745695
783085
531582
181958
581343
765009
50576
499132
624782
150870
526537
383609
530679
769237
674433
47302
826090
22467
296515
131646
929885
106883
3527
949303
480084
110690
247949
851512
722248
525562
324364
119358
605474
469524
312202
830853
502883
449087
797568
715413
190737
98174
747066
613362
135268
907480
858413
224834
463540
463437
743209
26237
905362
726343
423230
640723
483127
358937
3036
483225
677254
135495
981647
262695
475745
467357
65134
807560
543080
202544
651892
707447
647101
403979
930734
801501
572507
843460
562482
456143
404385
655223
508404
230735
214694
774413
530599
879594
702707
634458
301299
185022
194222
238582
314254
825759
194573
170025
222055
277752
923311
495257
335912
528568
758856
803066
964279
198254
611139
649807
41855
289829
579621
562130
351717
509478
326061
150568
112745
16215
367864
818670
744600
162479
926851
264664
16134
815718
852816
313560
430422
126503
739399
820510
654830
130066
326598
124090
998706
538134
283452
735803
259309
482667
797849
944256
334117
38726
873145
296473
362312
499667
467666
937663
836252
765749
244553
449177
65343
381718
786238
6602
415283
810156
683215
210881
405023
13010
222032
571552
4985
819372
752139
152677
715345
860001
258719
710587
511419
307115
294810
810703
635380
228009
748068
819878
528936
53003
412061
617460
781760
656445
612256
177244
147140
508623
106878
263078
212803
973411
629414
900218
952533
565106
972848
742164
199001
978047
51309
562227
852954
981568
515745
186746
934872
75696
684714
598600
616483
987153
347853
716456
899539
114436
147000
596409
282540
799802
47078
103947
935231
854635
853141
741156
496369
688774
905412
190765
147418
787711
521697
43184
483968
639006
413236
277865
452967
730817
137829
917949
425957
219371
378341
701502
630730
324525
218068
54509
250127
97763
186729
205443
955232
8546
317282
196697
856503
173446
723626
262906
334472
819610
761134
537008
804835
895104
545707
371069
587779
256779
951281
64191
41276
714539
535880
254224
879867
538241
564686
740760
4979
410723
523071
76591
302575
158975
615277
355652
527209
408362
724449
936272
273629
413925
370042
554567
585363
974528
428737
928659
957216
172764
388214
617127
113519
601227
367505
511035
866300
861459
516135
572496
472762
746008
590485
725098
206258
788924
839254
598965
213270
11063
51867
923028
845650
612353
965420
324955
36750
103601
100054
762586
221134
997140
517431
189868
202882
370493
6182
142329
157292
378008
952094
997352
323343
61957
167378
817189
997867
891999
796835
369030
991483
298574
96449
678491
198703
42960
7290
394501
688901
37198
113861
195250
915215
301020
505035
299732
76585
183943
710409
606878
4821
228563
930825
453887
70954
674670
158053
33630
313404
658024
704501
375230
318608
399
460288
893262
412433
675396
941944
537743
509886
266157
449827
811127
83655
609338
462727
161800
582985
984023
306409
366795
653941
264932
901833
138871
280181
368581
939210
300572
349897
357507
518396
918606
941389
544527
936331
377025
959349
866045
839309
2846
793197
448488
768154
145122
873260
16470
446051
509186
615221
472318
640202
787083
431055
