1499280
1499820
1499113
1499725
1498516
1499740
1499250
1502191
1499297
1499298
1499994
1501665
1502037
1500930
1498776
1501157
1498794
1499907
1500531
1501315
1499916
1499859
1501518
1499673
1498509
1499779
1498913
1499515
1502354
1501966
1498859
1500717
1500133
1500077
1500341
1500577
1498186
1500697
1499472
1499827
1499076
1500218
1500528
1502105
1501569
1499284
1498928
1500927
1499730
1500404
1500076
1500575
1501533
1500120
1499009
1499998
1500192
1498048
1499974
1499035
1501649
1501272
1500950
1500506
1501605
1500662
1498454
1499535
1498162
1501481
1498380
1499167
1501209
1500191
1501306
1501508
1501031
1499932
1499451
1500432
1500010
1499492
1498368
1500300
1500083
1499240
1500903
1499776
1500943
1500490
1499260
1499111
1500364
1501466
1499731
1500803
1501736
1500245
1499238
1500600
1499398
1498722
1501594
1499361
1499962
1500112
1501049
1500478
1498623
1498317
1498036
1501349
1499891
1499996
1498773
1497428
1500360
1500271
1499694
1498924
1498841
1500454
1498474
1499550
1498133
1499504
1500628
1500448
1501429
1500650
1500837
1499805
1501140
1499952
1499754
1498824
1500056
1500979
1502130
1499863
1500173
1499476
1500009
1501463
1501225
1500721
1498613
1499235
1499785
1499220
1499885
1500647
1501659
1499539
1501182
1501085
1499327
1499019
1499376
1499601
1500280
1501263
1499821
1500394
1500888
1499457
1502182
1500393
1500785
1501366
1499840
1500659
1500323
1499720
1499222
1500459
1498895
1500260
1499394
1499536
1503040
1500172
1502069
1499031
1501416
1499777
1499434
1500306
1501940
1500316
1500007
1499397
1500671
1498635
1499913
1501208
1500111
1498618
1500745
1500144
1499286
1499668
1499980
1500854
1499566
1498967
1498106
1499755
1500869
1500145
1500281
1498035
1500421
1498532
1501013
1498907
1498282
1500214
1498655
1500060
1500807
1500150
1499713
1501806
1497831
1500951
1499897
1500355
1497979
1500322
1500589
1500390
1502021
1499746
1499817
1499395
1500733
1500853
1499181
1500351
1500534
1499724
1500858
1500127
1498395
1498777
1500595
1498764
1500200
1500703
1501092
1498972
1499807
1500517
1499711
1498223
1499830
1498262
1498883
1500022
1500749
1499800
1501719
1500620
1501580
1499594
1499812
1499718
1500734
1502400
1501191
1498884
1499264
1500513
1500779
1498647
1500643
1499905
1501523
1498605
1500695
1501596
1499772
1501713
1498357
1498334
1499155
1500264
1500408
1500473
1499288
1502327
1499688
1498419
1498826
1500684
1500981
1501497
1500729
1499005
1501633
1500357
1500395
1500738
1499551
1499874
1500310
1502018
1499966
1500583
1499857
1500635
1500625
1498027
1500829
1501811
1499644
1499254
1500140
1500944
1500017
1499464
1499978
1499845
1500267
1499625
1500384
1500532
1499988
1499727
1499501
1498176
1500470
1500299
1501045
1500413
1500050
1500439
1499072
1502610
1498694
1498937
1499941
1499143
1500008
1500857
1499609
1499928
1500344
1499279
1500293
1498205
1499749
1500273
1499375
1500481
1500207
1499470
1499653
1501022
1497781
1500800
1501564
1499123
1498731
1499825
1498100
1498921
1500696
1499908
1500259
1500183
1497563
1499179
1500929
1500190
1500627
1500216
1499299
1500115
1499957
1500673
1499621
1498987
1499195
1498651
1501477
1499945
1500486
1499356
1500062
1501467
1499316
1500377
1499342
1501422
1501555
1499985
1499427
1499110
1498778
1499498
1501875
1498404
1498804
1501394
1499590
1499255
1499854
1500445
1500398
1500523
1498038
1500774
1499079
1500428
1500370
1499896
1499613
1500318
1500002
1499738
1498326
1498376
1500270
1500199
1499860
1499822
1500525
1500223
1499062
1499050
1499101
1499513
1501829
1499662
1501381
1499544
1499335
1500154
1499622
1498030
1500482
1500147
1499360
1499187
1500252
1500025
1498933
1500415
1500175
1497803
1499556
1499680
1500325
1500165
1502054
1500425
1500616
1501995
1501196
1500521
1500068
1500456
1500732
1500095
1500434
1500605
1498701
1499788
1501148
1500171
1499855
1499302
1498678
1498903
1500876
1500309
1499858
1501691
1500032
1499743
1499618
1500429
1500356
1500975
1500336
1499655
1499833
1501056
1501353
1501071
1499106
1499198
1498371
1499786
1499568
1500639
1500107
1499607
1501711
1498875
1499259
1499503
1501435
1500663
1499797
1498653
1500539
1499245
1500122
1500836
1500636
1501216
1500955
1500480
1499122
1498664
1499968
1499384
1501389
1500496
1501039
1500865
1498867
1499083
1500762
1500980
1498663
1499946
1498335
1499160
1501273
1500313
1500750
1500168
1500771
1500674
1501251
1500340
1499339
1500174
1500920
1498469
1500385
1498860
1499782
1499010
1499194
1500522
1500556
1498709
1500716
1499599
1500380
1501294
1499873
1502446
1500543
1501176
1499191
1502523
1498881
1499446
1498744
1500026
1500562
1500029
1500658
1499791
1498142
1500410
1500818
1499813
1500400
1498621
1499307
1503047
1499253
1499565
1498212
1501003
1498095
1499405
1499432
1499734
1499811
1499545
1498680
1501487
1499217
1499174
1500536
1499283
1501061
1499512
1500740
1498670
1499185
1500897
1499311
1499392
1500152
1500682
1500149
1499808
1500321
1498702
1499588
1499510
1502058
1500061
1500042
1500198
1499829
1499209
1498483
1501017
1498439
1498158
1500691
1500948
1500146
1499006
1498886
1501671
1498870
1500229
1498597
1499658
1501468
1501757
1500444
1500686
1502356
1498062
1499610
1498905
1498995
1498808
1500440
1499080
1498424
1499087
1498502
1499496
1499775
1499389
1500657
1501561
1500419
1500162
1501327
1499114
1499832
1499026
1500792
1498504
1499525
1500361
1498138
1500735
1499759
1499682
1499509
1499674
1499753
1498572
1501324
1499458
1500233
1497580
1498554
1498710
1501265
1498134
1499992
1499404
1500055
1499883
1501751
1500772
1501040
1502074
1499861
1500249
1501255
1499453
1499468
1500244
1500756
1499934
1499310
1500778
1500751
1498749
1499604
1500030
1499162
1500347
1500132
1500187
1499895
1500342
1500248
1502407
1498762
1498684
1500159
1499229
1501687
1500799
1499699
1499898
1497807
1499034
1501617
1500098
1499482
1499886
1499702
1501326
1500181
1499353
1498558
1500864
1501286
1499563
1501025
1501403
1499977
1500105
1499951
1501316
1499084
1500239
1500331
1499285
1500494
1499617
1500126
1500724
1499963
1500093
1499828
1500386
1498868
1499481
1501507
1499723
1501818
1500035
1499826
1499598
1500179
1497544
1499455
1499523
1499628
1501007
1499027
1499002
1501123
1498151
1500555
1498676
1499263
1498075
1499843
1497316
1498423
1499186
1500961
1498561
1499575
1500681
1497749
1498834
1501437
1500487
1498720
1498169
1501438
1500820
1502403
1500798
1500507
1501540
1501159
1500186
1500571
1498772
1500235
1498585
1500250
1499918
1499950
1500211
1497305
1498499
1499365
1499249
1499115
1498729
1500256
1498498
1500910
1500222
1502061
1500623
1497948
1500971
1500110
1499029
1499329
1498544
1499493
1498656
1498968
1500599
1499645
1500069
1499972
1499075
1501018
1499374
1501302
1501278
1502562
1501406
1499735
1500397
1500970
1498593
1499112
1499305
1499318
1500827
1499018
1499465
1500646
1499517
1501933
1500765
1500014
1500763
1500764
1501058
1500693
1500926
1501067
1500261
1500924
1502116
1500389
1498849
1501380
1498677
1499971
1501668
1500301
1500607
1501361
1499878
1497783
1500119
1500284
1501601
1501831
1501075
1499519
1500741
1499061
1500794
1501305
1501222
1502013
1501725
1500708
1500743
1499236
1499967
1499500
1500292
1500178
1500489
1499474
1500116
1499986
1501550
1501630
1501397
1499478
1499226
1498816
1497819
1500915
1501882
1498434
1498441
1500824
1500158
1497085
1500106
1500464
1501285
1498009
1499406
1501100
1499956
1501679
1501269
1498842
1499450
1500314
1497986
1500572
1498563
1500994
1499533
1501661
1500722
1500834
1499178
1501131
1499756
1500164
1500312
1499345
1500215
1499669
1499790
1499888
1499799
1500597
1500911
1500262
1500610
1501174
1498741
1502585
1501527
1501565
1499092
1499665
1500611
1499324
1499156
1498323
1500952
1498957
1498503
1499313
1497693
1499065
1500406
1498524
1499051
1501270
1499818
1499641
1500617
1500460
1499999
1499383
1500855
1501253
1498513
1502605
1498608
1499652
1500809
1498858
1499796
1500535
1500065
1501798
1500882
1501006
1501354
1500040
1498421
1501536
1499586
1500148
1499847
1497467
1501669
1499378
1501592
1500003
1501167
1499518
1499004
1499040
1500624
1499637
1499596
1499560
1501387
1499640
1500845
1498478
1501590
1500787
1501034
1502295
1500996
1498637
1498986
1500660
1500475
1500330
1498457
1500143
1499449
1501184
1499868
1499564
1501213
1500791
1499176
1501498
1499073
1501461
1500176
1502022
1498607
1498067
1499371
1500399
1500680
1501525
1499320
1499835
1501345
1499546
1501491
1500886
1498580
1500709
1500608
1499048
1499685
1500492
1501029
1498556
1500559
1501171
1500485
1499751
1500210
1499979
1498760
1500431
1499334
1498979
1499758
1498988
1497437
1500898
1498963
1500004
1498476
1500085
1498846
1501335
1499632
1501608
1499542
1500027
1500130
1498796
1500289
1500213
1499216
1497712
1499875
1500925
1500308
1500998
1499838
1498061
1498567
1497936
1499524
1501082
1499417
1500189
1499459
1498829
1501459
1500968
1500672
1500242
1500307
1501065
1500612
1501383
1499970
1499078
1500569
1499917
1500872
1500033
1500908
1501268
1497750
1500227
1500860
1501519
1499502
1500089
1498830
1498609
1498848
1498552
1502166
1500276
1501057
1499228
1499602
1500466
1499964
1502341
1500918
1499521
1499635
1499689
1499328
1499199
1499527
1498328
1500324
1499804
1498806
1500467
1500450
1499522
1499159
1500645
1500999
1499955
1499381
1500547
1501449
1499654
1498292
1499420
1500378
1500542
1499559
1498931
1499336
1501790
1499289
1500049
1498429
1501292
1500333
1499475
1501298
1499659
1499043
1502014
1499737
1500649
1500195
1500099
1498669
1497356
1499667
1500169
1502102
1500073
1499939
1501826
1501241
1501374
1500641
1500667
1500037
1498783
1499134
1499411
1499697
1499416
1499893
1500217
1500059
1499412
1500931
1500403
1501454
1499626
1500228
1497740
1498845
1502020
1498308
1499252
1499333
1499937
1500290
1500125
1500563
1498400
1498726
1498856
1500770
1498885
1501546
1501189
1499670
1500058
1499032
1499363
1500889
1498983
1500012
1498935
1497957
1500075
1500906
1500833
1500702
1500505
1499227
1499428
1500246
1500236
1499870
1500601
1500177
1502210
1499265
1500947
1499149
1498923
1500841
1499261
1500102
1501198
1500205
1498965
1499766
1501236
1500185
1501697
1500822
1499679
1497221
1502275
1498765
1499441
1499447
1499193
1497883
1499876
1498528
1500808
1500879
1497931
1500414
1499660
1498506
1499983
1498397
1499207
1501109
1499490
1500907
1501417
1499013
1499638
1502813
1500479
1500548
1500094
1500000
1499008
1499262
1500045
1498960
1500959
1499619
1499291
1499806
1500416
1497827
1499584
1500046
1498020
1500875
1500121
1499683
1500153
1499802
1500679
1498060
1500498
1499487
1501388
1502193
1499728
1500427
1500676
1500372
1500576
1500638
1500212
1499938
1501930
1498872
1499719
1499824
1498802
1500545
1501493
1500343
1497629
1499485
1500527
1498243
1499219
1499793
1499762
1500405
1500945
1500435
1501789
1498836
1502057
1500053
1500846
1500912
1501218
1500088
1500417
1499407
1501506
1500810
1500962
1500297
1499909
1499020
1500880
1497456
1498480
1499126
1498600
1499597
1498784
1500868
1498511
1499445
1497881
1499570
1501800
1498599
1500839
1501712
1502028
1501221
1500388
1500166
1500295
1500736
1500552
1499055
1497577
1501020
1498485
1499268
1499984
1498040
1498743
1501476
1502519
1498470
1498817
1498942
1499914
1500387
1500515
1501898
1498877
1502174
1501080
1499243
1499732
1502047
1500983
1498534
1500137
1500723
1500503
1499739
1500155
1499548
1498417
1499547
1501432
1500677
1502526
1500447
1499177
1500870
1500862
1500288
1500047
1500761
1500167
1500081
1497737
1496722
1500156
1501011
1499357
1499184
1500469
1498797
1500603
1499703
1499068
1499961
1501554
1500902
1499687
1499651
1498962
1499190
1497660
1498542
1499436
1500036
1499148
1500086
1499332
1502419
1500984
1499355
1501436
1502140
1502542
1500844
1498107
1501445
1500041
1496938
1498230
1499232
1498645
1500359
1499929
1499666
1501951
1501358
1501252
1502690
1499871
1498178
1499456
1501934
1499097
1500573
1500501
1500934
1499912
1501144
1500817
1498254
1501648
1499903
1500465
1501825
1503218
1498496
1499266
1499780
1499511
1501137
1501531
1499340
1500700
1498109
1501284
1498641
1499418
1501229
1499239
1501378
1500197
1501164
1500013
1499119
1499698
1500780
1500087
1500353
1500993
1500737
1500349
1498535
1500371
1499571
1500446
1499142
1501012
1498739
1501552
1501102
1497164
1499276
1501710
1497652
1497308
1499691
1499088
1499208
1499846
1501317
1501015
1501379
1500957
1499200
1500940
1499182
1498880
1501766
1497700
1497863
1498686
1498224
1501160
1501239
1498291
1499506
1500104
1498049
1501116
1501145
1497683
1500793
1500550
1501019
1501372
1499022
1500710
1499562
1499611
1500580
1499582
1499576
1501322
1498171
1498462
1501702
1501753
1500712
1503013
1499067
1499981
1498166
1501108
1500285
1501232
1502088
1498807
1499803
1499275
1501822
1499771
1498953
1498258
1500767
1500188
1498661
1501529
1499664
1499505
1500644
1502168
1498566
1498662
1501928
1500877
1502080
1497346
1499396
1501086
1503402
1500193
1501052
1498736
1498818
1500114
1498857
1500128
1499567
1500278
1500277
1501447
1499109
1498951
1500097
1499125
1498117
1498789
1500871
1499201
1500006
1499623
1500366
1501774
1499377
1498581
1500731
1500923
1500966
1498627
1501111
1501931
1502865
1499944
1501254
1500319
1500630
1499541
1499969
1501106
1499558
1501028
1498494
1499716
1500963
1499816
1497029
1498954
1500082
1499748
1498405
1500243
1500430
1501016
1498805
1501146
1500949
1499528
1499657
1499561
1499410
1501598
1500090
1499650
1501055
1501051
1501195
1500969
1499495
1499514
1499145
1498837
1500064
1499168
1499880
1501418
1498550
1499230
1501153
1498241
1501446
1498304
1501309
1498940
1500499
1498780
1501625
1499954
1498135
1499823
1500091
1498118
1501043
1500072
1500988
1500221
1498489
1499819
1501867
1498634
1501443
1501740
1498992
1501152
1500442
1498481
1499399
1500457
1500946
1500584
1500054
1500474
1500320
1498285
1498643
1500113
1499414
1499624
1497995
1499991
1500471
1500367
1499304
1499221
1501095
1498879
1499678
1498379
1499251
1499462
1500939
1500588
1497929
1498961
1499100
1498721
1499326
1500711
1500005
1498591
1500038
1497429
1501234
1501369
1498624
1501005
1498438
1499203
1501578
1499382
1502001
1500917
1502042
1498947
1498756
1500654
1497449
1500759
1499921
1501030
1500266
1501002
1497898
1498918
1499589
1499520
1501762
1500811
1501743
1499789
1500302
1500938
1499294
1500231
1501615
1499147
1498435
1501076
1499380
1500139
1498847
1499488
1499497
1499837
1499387
1497878
1500842
1500365
1499949
1501514
1499364
1499862
1500683
1498207
1501758
1499990
1500604
1498381
1498831
1498948
1500640
1499161
1500411
1498916
1500540
1498538
1500561
1498594
1499205
1501063
1499144
1501048
1498878
1498874
1499768
1500560
1499526
1499661
1497918
1499163
1499573
1500019
1499543
1497624
1499152
1500579
1501681
1499140
1500866
1500422
1500529
1498227
1500433
1499277
1498553
1498418
1499007
1499721
1497662
1499656
1500526
1499242
1500420
1497967
1501337
1500941
1501413
1498190
1499709
1498330
1501009
1500825
1499400
1498713
1500135
1499015
1503100
1499989
1499352
1498795
1501210
1498466
1498625
1500593
1498409
1500878
1499774
1499244
1501549
1501494
1500634
1498436
1500899
1499911
1499631
1499494
1501264
1501311
1497999
1500203
1500268
1497408
1499000
1501591
1500348
1498331
1501211
1499241
1500118
1499834
1499098
1498170
1498998
1499530
1496562
1499196
1498975
1501180
1499158
1501257
1499211
1499379
1499931
1498888
1499841
1498711
1500362
1501693
1498350
1499620
1499856
1499892
1500409
1497708
1500698
1500240
1502113
1498945
1501069
1498246
1501062
1500339
1498958
1499902
1499366
1499107
1501624
1501621
1501484
1501958
1500196
1499052
1500209
1499864
1498468
1500048
1499393
1499368
1498573
1499904
1500666
1501068
1500109
1500279
1498938
1501125
1501504
1498955
1500982
1498601
1500913
1497110
1502337
1501077
1498930
1501249
1501190
1499074
1500034
1500283
1499131
1499853
1501186
1498920
1498706
1499851
1499973
1499710
1501632
1498407
1501483
1501759
1500633
1497821
1499282
1502695
1499675
1498698
1502776
1498565
1500484
1499391
1500396
1498451
1498192
1499763
1498340
1501568
1499865
1500369
1496925
1500488
1500775
1499343
1499480
1500802
1501206
1499884
1501155
1500544
1502194
1499935
1501130
1501610
1497915
1498785
1499036
1500849
1500080
1501444
1499223
1501950
1498447
1498315
1501819
1501813
1501715
1498211
1501248
1500286
1499850
1498929
1498926
1500937
1500805
1499707
1501869
1498501
1499995
1502019
1499197
1498299
1499684
1501404
1500138
1499692
1499014
1501036
1500383
1501023
1500426
1501113
1501297
1502999
1498519
1499483
1498999
1499729
1500538
1500795
1499479
1498253
1499537
1498692
1500848
1499440
1500028
1499773
1500418
1500375
1497866
1502134
1502146
1502107
1499206
1499234
1501261
1499809
