1046573
1820858
1243149
1557040
843149
1381392
1935229
2609169
249864
1366131
395410
2879879
942443
2925493
2528222
794028
888306
107447
792240
51786
202730
1994221
2343167
2894637
1488464
238185
985315
389121
1080069
2465380
2237827
2862208
2418274
2444690
1232363
2146111
2466275
494731
2160508
656444
1264838
2217692
2460102
768293
2890373
1936207
1277439
2619958
573294
133368
1361864
141124
742850
1897949
646262
1692132
2672294
2164758
2213374
1309507
1404727
3007
261982
1113361
1214115
627195
2040790
1267943
879549
2440990
698065
1200982
2873450
46252
310311
2085743
2133120
387895
475955
1801735
2624682
1817064
286519
912723
2013915
1713633
2528419
1788196
2496974
1705930
1384703
1259765
1482976
317461
1194912
369580
815574
1929957
1057828
778756
2335483
2492050
738452
2999134
164069
2493622
1828540
187713
759925
1226236
2595400
2039104
1792563
2191529
1232738
2838502
1437567
836451
785505
2052784
2267360
419278
1438868
635378
2046988
1404472
620369
1806842
927529
2121620
2220349
2294983
304588
2106714
1643995
1310371
2451657
1276743
2948344
434704
2412102
1790917
1742656
499772
148547
2884011
2872234
1293230
1133161
1229231
2833121
391024
1152829
262878
2599428
769794
582158
363628
1029905
97551
911231
853493
2250743
1959848
2405686
118929
1013306
1488937
409143
1226846
1933346
2349416
1092088
2595130
1495089
2532758
1047694
2072327
651612
2742047
1527488
1284483
201599
184084
2542729
879703
2432861
2929151
436852
973222
2472498
905397
659609
867313
2131109
2925825
1841556
306566
654632
518029
858612
275164
2250229
45841
2391492
14954
1050415
767227
1321424
450495
1421957
1045530
2377503
2278290
1503049
237638
472777
2310
2635847
1723282
1262811
14216
1494238
1339577
1810335
2097988
1171657
2013251
538554
1797310
1501564
1482087
2265770
2127276
1290453
1106495
1475213
2251864
1388769
2092186
2122050
1080460
2231391
1513120
1151424
1945610
2579263
735113
576219
2710631
1669527
2993457
2674028
765165
2481927
2823076
2549538
279102
413613
1967302
1683323
2060988
95482
1358530
123829
752285
2084680
901426
1893277
123883
2759323
1660348
2711784
928496
2710600
215333
639769
1260414
2949343
1487849
130592
805868
1619788
1349821
2782032
2165918
2580536
617006
1305578
2121889
406909
991018
158038
1111100
473246
1405317
2881132
103653
1784264
1407921
2563366
439928
2662970
958732
2811406
774983
1352943
1188075
1065122
1564044
2677581
1253274
1302279
1182689
1714322
1729259
1101481
16289
1345219
156178
135362
2910903
994246
1745360
2454455
269535
1050557
588069
531753
2811875
54304
161406
1978955
1050100
2150248
2657934
2622001
2581804
232401
2250255
2269312
2320760
555445
448801
1396163
1662073
1514353
2969600
133460
1653200
92865
1031409
1209706
2742556
2103750
1406579
1074100
591604
1215872
2671068
1887754
2598070
628574
2114437
1893908
299441
1557375
2678662
1434900
908716
1160652
2170204
1297297
2003822
1309479
1638810
2284620
452745
2570919
2248796
1112457
1062022
1896274
326030
1271638
1473753
1143971
2065687
2536846
550976
2973441
2710099
342445
1488935
1137197
378375
275163
2601809
1842980
1229826
573152
2724109
809912
339443
2882535
1832289
2657441
2280643
201935
1104545
2629667
636758
997837
1925562
2249906
1413045
2998472
1747269
734434
140764
1330267
38691
1580524
813262
2508415
68695
558646
1681282
2014107
1738422
2027789
144876
2797531
1587324
618896
803901
1047842
1300554
2181611
1841649
944597
494231
2351136
1742674
1078336
6352
2367268
125637
2159829
2050415
696605
100001
428046
1303912
1123749
1435506
1044595
1277174
233772
1569716
1976239
44709
1513518
2817100
2245056
1789151
736570
2192690
2520838
1239751
1568655
1545300
2752447
1803229
264997
2664501
2037433
2766987
2038931
862566
435868
777104
1751068
202875
1659997
523565
2692628
1890275
2688982
1688293
2784308
2108951
57565
985266
348994
2889604
345643
2914785
601618
2862641
125823
1376995
1587006
1980340
2896418
15758
2039982
2010707
2443437
2003256
850101
1168774
2268836
2986239
1320016
1608264
646575
632277
2995365
309096
2304539
2563086
2932866
2437314
136571
1002958
2479980
1659498
552820
2010684
1947925
2055626
391202
2319553
1564112
1618050
2005947
1713531
2942183
758194
1472985
2630165
740495
2344926
702773
519092
2788110
1377939
1901570
1768986
2937644
132376
2760997
2207416
519744
2948281
323422
1340415
2976561
2254843
1586113
1707790
1785451
2189327
801382
433418
1694041
802373
483004
1737202
2205470
286372
1559553
1471945
2670846
2970245
2136846
1953403
2311531
1898020
2271024
2810996
16192
1656493
1642092
574080
2691840
1520317
2497220
941567
2503138
2349067
2318370
22093
125882
981821
1652773
924933
963641
851676
2936383
317720
2218158
489750
393831
2162437
631363
64260
445236
854034
636176
1107203
452965
531473
2228043
861633
1332268
999842
820338
2514616
2712957
417479
2846440
688014
2021073
2189737
1151227
435478
818772
1052431
1760535
1325697
750310
573202
1180239
1963693
1953968
628067
823722
2801422
1664125
290164
847306
503105
1545050
1953644
991006
2784144
995303
628254
642730
2913803
1112157
1536423
926402
2806671
778865
655033
2831379
746012
1103524
1623327
2479397
372015
1843131
2670116
960448
2677812
1548564
336641
2403389
534168
210477
1609909
2357152
1692748
2945356
2718124
1549417
1522717
699243
1770332
389698
2619973
1086677
2474410
2821642
299331
24364
2019597
2751446
306458
1642200
2278628
1742332
2006479
2731175
2216985
1508534
601293
2943315
1207883
1042003
2224231
607932
2739633
2764362
2760701
487115
2042296
1316247
2865199
1473409
1863568
2678722
2865045
2589129
755268
1987144
2714360
1903165
2998879
1106312
2194343
1158386
280316
324643
2564012
2268783
296960
727335
2004329
2314524
1763928
1566363
2953644
1275994
298997
487760
2766446
1865306
1119117
1582340
1981674
1026933
460579
110794
199463
2954265
1361456
2214094
673979
2231257
669908
407055
2652320
921024
1961190
1098651
2263770
1172247
1742185
2557314
2285508
2689305
1612632
2332548
746723
1290950
602410
569371
1203080
2372128
1550377
461477
893791
2520789
2336808
456068
2904186
1683776
284668
1903363
2556279
2011475
2653479
821484
1439972
188971
2766381
906238
1559671
872859
606374
551308
1036262
1307810
2862699
2838075
2181402
1208922
2489238
1350482
2684242
2292040
2762558
1945603
2000688
2056501
27403
756449
2739090
2733284
907056
779790
2527109
316606
212135
874151
1351788
1330273
1797253
1447311
2498698
934567
2502789
2636098
32302
2920784
743155
802537
897151
2416916
484135
1202019
1485064
2760409
779452
959368
1786913
1753391
2268526
28671
2589638
1364950
280715
585566
628481
160777
1191135
857928
672038
1861156
616098
1621647
532024
833982
920796
2958630
2536464
19394
434507
2503584
387471
439598
1168215
921234
544594
1592059
80801
2500826
1768974
2043307
2444457
2227218
2794235
834748
656985
2140702
669896
1371313
974412
1886628
2470496
1261878
866637
2899677
2320424
609279
2290659
1869772
1306713
2036777
2531687
154827
2595880
398586
1176020
1852656
2101929
368199
978266
1123883
1122816
589763
396151
1253900
471075
2389155
2751097
63231
952690
1530349
2989266
2510172
12112
29248
2578904
1905981
1491520
1057130
2236879
405699
2685782
2557055
1153976
2283509
1897240
1161037
830161
1988027
2769368
2242265
1052270
1860122
1435504
407699
2930012
1011465
389455
487256
1812435
500641
2434079
270298
2758597
2373189
1891027
2011603
1003986
386456
2090764
2867554
2399528
304929
1943661
2318262
2851414
2252711
2248379
1416947
2036967
1218977
2673573
1647995
1067825
1971537
590468
2050153
2079289
1828378
229158
260763
2024984
802854
768831
214115
1517371
390086
2610283
1775087
2161503
1981463
30548
586459
2675773
1616849
1183641
1391188
1022958
492535
2454029
1402993
2984056
2191549
2182710
599779
862573
2915820
464965
2248990
1854422
766951
2029840
2744314
2992433
622571
233681
2557642
254435
2844996
1111442
2016062
1852073
2583145
2419271
760672
70038
278545
455233
2726152
1606512
2286755
2291955
832017
177450
2030058
2704597
1866613
216655
605185
1354738
2478592
2893124
606863
2010178
54400
1258551
799894
2155157
861087
2749
2106765
1295578
1447484
472363
2233328
2154259
522249
2052908
438364
2794527
1866387
1268487
2639012
1131692
1915354
1492611
179258
1321740
2706886
103790
1420562
2691304
2465086
2988540
1480148
1939549
1377277
2724984
2579974
554323
2322130
1108200
2731463
1132906
490516
1298122
1603751
727056
2900833
1955006
2985210
550696
1514533
2242628
1679427
2561466
900212
425704
2707804
1135102
1684858
1142902
226498
649687
513375
653958
1238558
1698987
2929099
32800
419330
378176
2492640
30522
97534
1039104
1811889
2844700
520126
1249010
1465057
2354155
611042
1227357
29389
2828659
2311029
2573093
864074
960998
601196
26011
32081
786674
773652
1713142
988501
21999
2362680
1753137
821100
92930
2588653
2150196
731891
2200962
1649254
1064804
1261400
1347399
2215203
2755595
1649494
2024237
1440760
2793537
1290155
2598863
4398
2450564
2447787
576437
2745852
1960347
878350
581074
1055661
2005270
276917
1394836
2100784
1307248
1886248
542408
1459988
92453
34527
1343600
2497321
1256424
2029838
1762993
429497
2041426
2702453
1464594
771735
905842
954315
1215692
1600122
319228
1669414
1412959
1178527
1796840
1795485
2965805
739677
1531253
2189292
1235407
636635
572878
1816212
1017981
919647
1133549
1997433
2912203
894225
82062
2000487
1308535
1148861
564792
1417288
774312
1477859
2737492
1353955
552809
2595162
2581292
143863
1262233
2238106
261117
2638174
1119579
304233
2716195
2693421
440348
616523
1685490
2935092
761558
1213337
261441
208940
1671708
2890090
44776
51068
1538820
976977
739023
2260560
1062976
616337
1633840
1134769
2731193
1736006
421864
402873
1254169
2748863
656101
982448
641225
564633
449214
905187
2619807
1835980
2399464
816312
1095438
172166
2434752
640602
2336488
1230175
1337421
2041944
1664389
2769807
2923087
2570528
2560106
885869
2824370
1436740
122607
2368492
2082436
1156312
2785102
2919181
386724
464663
2157642
1082536
2351278
793555
2710368
2585383
1715233
2982012
1047237
362613
2234316
2458119
1054198
1929250
766561
689931
267293
1571081
2219669
362207
2063262
682920
1917160
2857253
2997344
36242
149771
2403871
807034
1628304
1379642
557274
1265284
2109060
6986
567391
690159
1448437
2242690
1233732
1646779
1997963
616682
2553600
1462718
364471
2782533
2201494
610767
1768749
782623
217035
2097929
2791607
2382778
1129705
1377445
1122376
842831
2708376
1122556
1671597
162782
2785189
2183702
260887
1622050
573271
1647102
81507
199322
1000253
1754232
2348517
489738
1370577
184630
948787
191513
2968805
1264820
1392853
2135285
1481910
235612
1112833
1934831
2801480
1914469
2612726
2565939
385864
109590
1704177
463145
945914
2682876
2868
1790
1802691
4106
1082484
1973192
1367234
2606500
1740909
426451
2882093
337649
2664230
352687
387988
837612
2566314
383387
944251
936217
1458368
2327909
2342013
2573397
2198921
2435017
151411
201239
398224
2075617
325284
2370431
1361257
892543
1079195
2874388
2786454
1283085
2380444
1783650
2002171
2641085
1881025
2912570
2049035
2080778
650821
2658369
227750
1024717
1128353
672373
2685460
1802964
1455982
2433339
2630714
1686505
2247091
2242770
799366
2147471
1481701
2795124
926272
1837174
841826
1364737
1675122
1238781
2555944
1455530
6348
796557
934423
299745
1421483
162142
2971807
765474
1117073
331478
1059798
2820284
749705
1153650
1485115
2895743
1163668
878254
2144432
2028754
2115932
2185235
1250829
346941
2645492
1680967
1277534
2095019
1755543
309346
678275
1243554
1354609
37292
1679164
543584
1245774
218487
2988059
1425810
1691317
2886365
1911644
2969143
1042961
1136408
2218971
2199615
1460347
1845836
1790302
1242658
2972200
146904
2957953
2694360
695844
2714394
2173125
447072
727647
154626
2512120
1783860
1931330
1350083
1372875
2691161
987016
1398152
2844824
2057813
2787543
600867
1417257
2537764
151081
647918
693661
596838
2855921
2574787
1004316
2573235
2043955
2887388
178282
1885158
504281
239684
2390755
1311988
1739534
93871
1977383
1434282
1665179
199575
1361983
786732
1489276
2003296
1343046
2389874
2440587
1324326
169842
1206734
2611556
2044019
1175191
2176541
1934718
143158
1972571
525455
471229
2571796
581048
656976
1739595
1139388
1923451
263196
1171016
695439
1878844
676418
2876751
726038
552114
518617
1327062
233479
2688520
2837774
2257044
2177524
813030
1042189
1061002
2682050
1614885
473202
707428
1120747
1395521
2307207
1780401
1365800
1571544
2507819
1950624
24550
1270622
2024852
1939052
2172968
2710097
1431573
1644062
454337
123108
2473278
463299
1098359
2826739
1999032
2833889
1013293
2226665
2123724
2307131
2125370
1667150
454175
1971171
2316884
772688
118210
1159266
2450767
2771362
111997
1417358
2561106
620012
664275
604994
2992382
2685778
1920275
2748478
147225
2139866
122383
2417527
1345930
47910
2379483
2908761
2656552
1067361
2819802
2092097
2938093
2937466
2270813
603245
110422
2963068
2201885
321169
424935
1116629
471862
610948
2313839
1649118
1884098
2101682
1688776
277445
1945626
2258218
2970551
1343959
497427
2124390
966272
1944391
1945164
2523947
54086
2034980
1242802
235397
1897727
1458402
216642
1498899
2737236
419724
1439612
2574696
718526
2236443
402045
115158
595189
634050
2612708
2083811
2218582
1101454
1641345
1694582
2188025
504680
1248935
1541861
2039932
2513205
51211
45509
1322852
1373777
186519
1092396
1853341
917403
1494759
890524
2682704
196759
2603916
2891203
2662584
2958879
1988093
713716
2498644
754061
209876
1656471
1134814
750710
2441193
2024711
1917305
1628805
1373156
2270388
371812
225978
976971
1086573
2847625
2376366
2844992
1777993
1662986
278906
2931615
2229132
2381525
511628
1726104
529900
786679
2240029
1455288
620940
57938
1054998
591757
2356698
2669980
2081106
20346
2468801
30169
2933691
1352657
1680528
2468563
2784750
1179923
179567
1269207
1425210
514827
1877149
1882290
454126
1524530
1710665
1676095
1944587
958917
658469
801947
1108215
522362
1013832
2671939
460156
2616254
1026781
1047
718355
2192615
1534629
294795
1856242
1283813
31254
955852
2544815
782855
2819631
258170
272006
1711474
1604787
1616962
2320715
665624
1736242
2685542
265666
1513977
305936
170746
2879971
1728914
2562359
1706353
1654725
2816591
2745402
2946105
1048807
2071441
1659987
2359427
524958
1698272
2458871
1209218
1816295
2613226
2184953
669011
880583
1162331
2922219
30710
1846121
1594760
2254071
951933
2871345
1128478
2444731
2388629
513009
531379
2223604
103061
2775957
2159088
1366816
479177
1855815
1924413
2172951
1799627
1105964
229702
2756355
1780224
2298407
1590847
2175164
1123765
2304998
604740
332166
137266
1865521
2041698
2461928
2468806
1976350
1006481
1250368
884872
2828665
2613854
54492
2384627
2534380
528749
222244
1299332
2102559
1521555
1285973
2061347
209310
708430
2538310
1846974
1593193
385295
1962300
2410227
2834339
61642
2407310
1386252
908099
1654264
2096835
1064758
133716
1404455
2333609
894372
1818982
247819
1049742
1222009
1666918
2890493
1962005
1844023
1605177
2736821
1367815
1298049
303679
2718946
1841247
88651
2153015
2261841
2197074
798134
715209
1549534
56064
479221
1794687
33558
809329
1388309
791274
1246595
486330
2245858
332178
1897313
2460637
2781134
586078
1591673
2344489
1226913
144031
279150
2889593
261362
2683006
634296
2282581
850825
1556477
1236155
1493806
1328858
2169728
1706708
1927756
1788479
2754552
997480
785031
2205647
670099
926613
1208975
689062
1211032
1167432
1388219
181951
72458
2192899
2743406
1925337
1359615
2592152
1952368
413490
1387355
765023
1356648
2060469
2576569
1353812
209753
364332
29522
1626781
226879
532543
1401687
1633845
2071738
691596
2534063
1731879
2656355
2791788
1679897
689797
798694
228167
2536024
1087544
2011667
2879900
459830
234255
1135863
681932
1904014
1956455
404065
1943816
2946673
2663122
346738
767961
650582
897209
1595945
1157450
1563730
117897
2222492
2873219
1551766
1152742
14963
2308073
649597
2518604
2512372
102229
1961059
2240951
1998931
1401331
1156815
1533409
1157990
68303
1111490
1056374
1201944
119908
587431
2658247
61879
912661
2903747
664789
315101
419741
2108833
1678936
2038842
1828637
387355
1301586
2573098
1599441
1412537
489167
1044021
718989
2435699
1184478
2315916
2439844
242266
2410833
1335123
288536
217876
1768415
2093865
2912268
346228
2360225
2737705
2606824
612096
140863
2567857
1903205
1615510
905919
1383418
2185382
208907
841615
2823210
523628
2373087
981507
1184058
2307675
1644867
1622461
1316974
850912
2870801
242180
1735075
2932799
1161515
1384479
1632792
2948858
2549183
2873990
964312
2192580
126060
410264
249266
1422506
2964734
400237
1727480
1265972
883180
2659831
1106948
2379243
2101333
1868014
724380
1932873
2183210
1462913
376283
207058
1474516
2810935
2753312
1516126
1680402
1464543
2257568
2383279
1147405
153389
1079670
1903953
249156
1507365
2575996
610690
879001
985700
1449168
1295704
1156883
2226428
412787
1930175
2423078
2329838
2097483
1216458
1514987
36708
2814181
341026
898098
1741448
2613148
350832
93046
275500
2878894
1400498
2794782
1509465
729491
2250350
1454245
1290026
2584027
2759016
165607
2284331
2233406
1412525
1542643
197514
1038273
171260
886832
1026228
1192396
246439
2456874
1860040
2046383
729683
2906906
1662668
1537445
1278792
2127580
2975297
2871094
2094816
2107948
2653056
1482576
345445
451437
601445
20017
2615186
781114
1231658
2773435
1679934
1950645
1845264
1439404
1329021
1850034
2607248
2473408
849714
1787245
1481269
2466352
152513
100737
1779904
1476418
2850841
1023459
2650490
762664
2706070
76138
1398451
1611787
1189371
1815524
2907003
2109175
2557018
1398823
169783
1989783
2514411
1779599
2923117
2158845
2388976
1701916
1257768
243124
355814
31878
447372
396462
1426414
2254625
2652350
486060
2155069
631726
1887430
1973785
146970
311975
1388576
1325921
1699156
2328358
667498
303636
513093
892305
2928683
1889714
49009
328505
2739007
750824
1321226
166261
1713335
36239
2523869
401840
2236850
2071460
2319203
892194
423183
552748
2029113
489908
58712
1792218
1934337
1718558
2069676
2596877
868324
2361332
1379950
2995940
937161
1120322
594110
2692567
746836
1642605
1970041
129275
587945
2148159
1121185
2533720
419750
1042559
1570903
1484823
137658
2619260
1019668
289143
2747527
2075007
676977
2871940
1330380
966769
2666163
1767521
976751
957475
1402466
2684070
416645
1827192
356001
2907834
1931784
2449076
2285165
1275841
789035
1805434
549197
2976988
744458
2152499
63096
1462735
1267048
418812
1489482
395389
838530
1005573
6984
1065515
1944500
1028425
1569950
28217
463615
2644775
1945489
2534275
2843497
1325990
2178274
2064357
1054500
424667
1443092
1926962
2265963
324895
1608830
679690
1609644
801399
973025
1873978
1299633
1438724
2224777
976711
2942965
1492811
1278844
1913834
269658
1875710
2388396
2765237
2253624
216859
1879977
449764
1601867
1641513
2689525
1386173
1944664
2180711
1614121
2890392
591001
1723425
728647
903714
936270
1240828
2848585
1430025
1263075
2946561
1761030
895677
1413964
1403866
485028
2841492
1652960
2527036
1573124
939420
39538
126159
2138357
1902517
97901
2126037
417906
2075351
970825
2424546
433124
560210
2582972
2339143
1538760
505998
2935702
2788522
1723973
1748068
1041731
363267
928726
226888
398905
543798
608387
326784
821526
1116761
2884292
480773
451463
629359
2618731
2105938
2341547
905787
2387973
2981220
683566
358802
2694236
2583882
87892
2328061
887115
2401961
413060
1478991
418730
1640399
190751
2883278
225297
62691
2760337
1397067
693726
1944916
135746
70833
2033393
2714743
2063950
38721
1220713
103903
335923
1915301
1957355
1605927
960233
1201876
1683026
2037309
2836940
351225
2643694
1664644
1445716
2468927
2146957
2063915
1875296
1667363
2514334
340639
678067
59437
2359715
921380
53191
697916
478559
540502
2774951
1128950
1733426
2681292
903051
2089505
1681041
784919
107532
1416546
1524516
1788871
1290116
2901933
157286
385590
1087805
2270243
355890
72697
2690606
628259
1689077
137764
1712635
852821
2723561
153376
1064652
35275
2758388
617043
2799346
1111411
2516712
1751066
1528767
1367352
818382
751133
2681056
1262012
2102633
2807232
2610042
2250226
769766
1917
1335465
356895
1150649
2734022
94099
1115435
1900162
2829720
1849736
99961
2374800
628273
947568
909973
1824160
204465
1659005
1819947
1774693
2622200
1789975
2702235
1815909
2942245
1740382
2393831
1444532
2614363
110406
1546390
2372656
1674334
2074258
672084
2632379
2543120
966202
2586700
480961
368892
899957
2260863
1087561
2516045
481957
2853174
1120129
2751186
2229717
1541236
1591033
1414313
1608481
1336057
474194
1430475
463960
2228948
1509904
2841655
115872
1273857
1014657
1253030
695299
2882355
900837
1542348
2893705
1723903
171807
464039
111358
1246847
1678072
1111166
2923005
2847525
1037784
978418
1533745
439669
2979567
1039381
521998
2104361
925981
2010172
2069247
855152
1021222
879475
1653208
1758894
2889087
2354789
276089
2677417
1348280
363582
106545
1860796
903977
854542
485878
1031063
1541041
522882
802886
2292811
1761163
583376
1602641
1290186
2150035
2398740
639249
1380916
1952853
10938
2657214
1109631
1576940
1639716
861993
515779
2484820
1865714
1141690
2205783
2292120
2253299
2968483
2513159
1457430
1687824
1326736
286102
2996146
2315313
1082662
1934551
1682072
2426186
775180
399065
622712
1268595
2426669
695666
2520879
2806689
2880933
1868280
2155155
116668
1647296
1100632
2067699
1021217
2794081
810868
378793
1220162
2881919
2779907
2303199
2145285
1774809
2292089
1317750
1681255
1362471
1525237
1380527
1293513
2377406
113919
833818
1667219
507733
178658
115574
1965777
386698
2301921
2752320
2309808
189436
192481
2844932
2099220
2144821
748923
1958017
1168783
1397129
2499049
2750601
1372937
2305003
1844352
2301033
2845615
616763
51784
1813440
2722746
1633857
627372
196191
1067332
2479263
162859
1811774
1195892
787550
2659082
1555223
2859805
268820
2894728
2866913
9762
2969374
1081180
1711438
2802964
2134043
1976049
2031429
1023259
2739355
1317051
1757451
1036974
2366820
1586552
2759112
1816040
1233615
2385952
2071704
1890674
776850
1545503
75496
2021642
2123285
231671
1572088
100935
1549934
933914
913305
816387
123807
898249
2512745
157139
1645097
2777075
1752567
1976052
849998
1580359
189097
2129066
2166883
1410997
332046
1638636
2361906
906082
1138633
155333
1811447
1833814
424037
2484693
1921650
1182141
1545198
280083
2415637
469929
2727508
2863484
848758
1404402
1925607
1750706
1560740
1902950
2555750
2077938
2022135
2558408
1146902
853917
1328408
1036873
1735671
665396
1160553
2855605
1778755
1571794
1829575
1018146
1431531
2027116
2917552
1110728
17470
1965073
1795971
1638701
1899604
724177
1602364
1629966
601364
1936258
719341
2196028
2863990
2308512
1312520
482156
2203262
707639
2645623
1942101
361453
268447
767084
741771
1836325
2010587
507721
2115918
2350070
1139982
1916868
315562
2889995
1045340
2484440
1511564
2551851
1745659
293877
2061592
458299
2251624
170744
306997
2138719
2959184
1462878
1163416
1744088
1115888
1946238
1134674
39770
206949
2329532
2895718
562423
1926399
1426446
1952809
2907432
2521521
887874
1166897
2211467
1467155
1752867
1217511
1981033
846330
1225942
423880
1041413
764864
530559
1387371
1996599
146330
246574
2943200
2629401
1585917
2663160
417560
2171362
1888086
229421
1785499
564223
1472218
1944897
1799416
593995
1529309
2321962
530511
2089716
787461
152449
1823480
2430477
2616515
943668
2296487
1668617
383379
2802742
1493898
2781399
2243689
1865066
1594049
376394
1632824
2076922
875073
2828149
2605547
2356784
2239747
2729398
1316753
1013589
2977987
1633785
2388110
2437501
662753
1200446
1963619
2405100
1784731
756875
2866261
1210141
1418028
2403721
2791000
420197
708370
2203832
115379
1882643
2399534
1896745
2363465
767645
556194
1879779
185151
1889087
1992757
2076806
1973299
1458879
979566
1187511
2235648
2176017
1135032
1039620
156127
1012387
1462899
533004
1621903
1208775
675778
304273
1896654
2071254
945758
275480
1961375
2016470
1265822
1544568
2230737
642372
1053269
835636
2272039
1262466
595208
173229
1526189
204293
2916761
2915687
356170
2222467
100610
356308
1701706
2836995
2201857
1966894
2876940
65126
757689
134466
824844
1163673
2868593
2864281
2836707
205533
2080362
2858280
2018838
2475298
2750731
1587781
1719314
2179756
1259242
2892353
2654140
1185144
2560950
1279699
349041
393916
2088695
685761
471604
2417477
969522
1491757
2489041
1872788
1299606
1813726
2604126
2030087
105515
191316
1717728
1826728
2642576
1221200
58419
2926562
2339582
1213187
2691460
1696661
338292
2891326
1363859
1313197
2736633
222323
127043
188014
2067090
1211810
180387
878388
1323225
2665224
531327
2222908
2973075
211877
1292240
1034371
1485595
731259
731876
2105608
333647
1729369
1886755
86586
2034880
617666
125867
969611
2202297
905112
149558
1407809
2711025
815600
2709099
545477
724898
1177480
2670456
2003637
2187062
896365
781164
530002
97637
601951
1147942
2335936
2523272
2902604
2840566
2849256
247650
1985702
2336640
1581665
888770
1580819
2626726
2001193
1179150
112065
2615250
1599114
2301229
377850
42217
2592276
260745
1453328
2993379
464015
2921841
564993
1759876
1006101
2182443
438993
893731
1784008
2933003
2080878
2801641
65357
2278523
1634078
2828994
1265669
251146
1815088
341709
2284431
1211017
256272
2823491
2285847
1818564
2865428
1513509
144131
955846
2038579
2572379
2574000
2494719
513237
2994943
1744238
2686067
2353879
1962686
432558
1155952
2548686
940524
1058069
97422
1582671
1356229
30195
1946558
452172
1973215
322519
2224712
2319879
515333
864125
1718113
2249532
2809106
2849012
399658
2762047
1739933
1303768
2395695
1971214
8372
656661
1572750
194505
2361873
1877254
2886784
115248
453469
1839735
1240632
651606
2614850
2522021
2753868
1498829
2451357
1206645
1449938
647506
1863192
2159953
2402757
731656
1274876
289052
2514528
2748994
2073526
1016246
2375496
2478673
489085
1506456
873850
396688
945235
1507684
2097990
2615296
1927633
2751399
1072620
1215262
195186
282711
2245360
450542
1113792
1037544
2915798
13235
810679
1611939
2668108
991625
942382
236237
1308440
1072767
2528698
1984035
2966634
1302241
2057312
738488
2712355
1020946
520740
1024920
1968267
97067
179432
1907948
1444822
729276
1508355
1241271
2202246
645919
2534585
2703263
1526202
1002789
2756433
840400
2328252
2664614
1462198
2319767
2753691
2196825
2181310
2216736
712078
1318707
668756
234762
610166
1104175
660159
1839197
2346462
2641386
2204641
359939
2852439
2930425
2360311
1799853
395317
2257055
44166
2156414
2552539
608192
334111
1457425
2697556
465799
509701
1959246
2458901
2426056
1299297
388607
2417139
2303152
2746728
1603880
1425951
191375
1564916
2261315
1073495
2804887
1944413
191096
680074
1064906
1344241
771358
2260141
2812568
945366
2070725
1055418
1851944
2638316
271876
808900
1660441
1470067
1734808
1976642
517507
2466502
2443333
1219275
228727
2801310
244193
1820096
1217320
444874
2556492
532214
2222359
2803295
2788929
801695
1691936
2069330
938603
2769076
1255968
1433879
820715
2224424
1913870
1994066
2821676
2335830
81260
2324906
530292
2510973
1675358
2221723
1800653
1877477
65996
557018
2049074
895984
418107
171850
2830041
510830
1415111
610496
862888
2565165
1025465
391267
1818825
2419903
707672
2915095
85232
2151859
1679638
2402777
996311
2256080
2386916
394867
2827733
25382
499238
2693558
1911678
1658327
468561
916016
1667257
2913813
2055682
1789921
1257007
1913296
261718
332101
1418633
1730520
1096283
154197
414405
2489226
1725705
1013416
1909499
256937
1760949
1577401
2113314
2239789
2994013
992401
760956
81822
93140
316764
406564
1707638
1301113
387750
259946
2968812
252917
259147
2353973
1704335
2156522
2301180
1838031
1820717
2222254
2509510
10025
2718279
2298599
86702
1399916
1671256
2303552
2557027
484203
386801
2791924
2059018
1142595
2993157
177806
1699519
2624744
1081587
1418798
484866
1531627
1524704
165968
755800
1267323
721738
1048151
1325790
153323
1923051
924750
838729
107775
1395535
1247087
2976732
2604513
943564
938433
557498
243707
1289281
2417094
2431381
1677938
947293
980141
2844427
2673642
2287959
1276361
581508
398917
2130403
1262923
1319539
483653
582495
1144358
2365018
466857
399496
695412
1571750
1235233
1604963
1809530
1999546
1298652
2922345
463654
2359395
599158
658320
760201
426532
1097356
1851258
1673267
2138481
2882293
1408371
1152252
1801455
127498
1551944
1937578
1352485
1383668
1814912
1536436
2660121
2198505
218683
2894516
653809
2534183
157025
2262197
1557498
740347
1101712
2512972
2677967
2873633
1431798
723353
243827
2509380
2984949
548158
25960
277140
2187090
516636
1785770
2825969
1895744
2314887
867248
1672853
384291
2360965
2052328
371831
54282
1349840
620917
741285
2571815
1778158
347115
1315386
1491828
930443
1751623
2214625
775545
1520124
2847242
634685
2092399
1587041
2709375
2660434
620536
1342392
2103820
677741
1106557
1232467
763513
2779080
2035641
2437815
429747
1963934
1515753
934416
2853610
487933
761224
1454397
2681602
1229982
1095160
177907
2819489
2183279
493243
2392835
2877092
156712
247908
1837927
2445790
1571038
1316153
1752045
2408054
267890
1136106
2472162
1936689
2216112
2627645
2538004
618585
2992104
1864342
877615
1973240
1730757
2155213
900077
423626
1358366
673959
1857866
1770568
2706093
2046175
1676302
644420
351092
572713
87383
1180459
1829246
929232
2221597
866133
2377784
1541438
1817150
2137871
169226
1484859
2441355
1337658
762720
390016
1137109
517760
375396
2480095
975802
2109903
1248142
469051
1259154
399625
2117553
2061510
281719
2311325
1101446
523879
1561700
2811390
2353028
2708074
1921030
2200879
2155937
1192671
1795323
832560
835670
770430
541012
898405
1642024
1521535
2331342
490822
2124076
178392
973792
251605
136059
2806912
1428611
2048619
1794790
2072588
192796
2374050
688022
1643922
756605
7827
2711783
1419552
2180534
289775
2980083
2654666
551209
2471016
2906734
1397135
981933
1762093
1670823
551014
1982785
2024115
1911927
1983486
1735930
1546984
2952602
1110355
960159
2939913
2471932
406523
1259911
704509
995439
990130
1014019
2506210
628103
812142
2778534
1753908
2104985
332201
2561875
651698
1391234
1900697
259348
1411046
501189
2543974
2346295
1101699
1385763
2583193
916189
2094082
2380061
1181144
840452
1786468
2955060
252211
2079064
1949481
461253
1883276
1740208
2883430
2209319
9948
2567499
1309633
1537732
9313
1166778
2721036
923777
681385
1238173
2717292
768335
942586
823844
2469376
2169220
2134655
1813661
261689
14576
2852266
28328
245592
2531779
905608
477079
1075836
267697
184520
2000978
2207832
2057779
171887
2484000
1577262
1736076
2144216
2234168
541491
2985818
1302914
1657520
2050598
2017982
953492
2346282
2395185
1548470
905378
1273853
2917186
2147627
2462156
1232372
432516
808283
2163688
658572
1397585
963585
2897549
319483
20485
2664288
2651101
1409746
1923381
2427824
2090126
1879110
257873
892431
1720454
434783
2907679
2852110
154460
2840146
1597319
1551306
147154
2436684
1467692
2464322
1999964
2108961
786722
621203
1413466
1080649
566663
270737
2953490
1438860
2924368
884443
2185757
1170139
1773030
1151480
41021
437237
681521
2564745
1512279
2403452
2710362
1964309
632360
1506330
2701854
301414
920896
1623884
505867
499079
2736109
2871840
193642
2879252
791726
26854
1836631
2781245
1845505
1559042
2024720
2593196
1372495
1222973
210174
2867638
941665
2521969
1837361
1227005
2139592
211799
2602175
968547
2459652
576271
47596
1706368
1992956
2765586
1190809
128041
1538241
2414462
2392504
1349482
1860358
2370536
1701993
2504257
218817
622952
1525478
2302991
1215854
2277190
1086612
2332352
2567992
2968938
2637116
146919
653145
970732
2293260
1165503
805053
1871284
1877857
984567
2390334
319492
2195804
1724510
796324
1018369
1459098
1228597
563954
667835
1086049
1907294
1330132
2884009
2376499
140396
1749918
2453929
1440504
1551015
236604
2688535
1986552
1545090
1707849
1887355
2527884
2640658
1606501
247310
168705
149707
2661674
35192
686676
2036031
2151553
107156
1277449
132696
1952922
2773941
552262
2240813
1806435
2579156
662185
2464880
1939475
1763241
939199
1343063
1926311
1808536
187833
908055
2821050
813634
1495689
2699421
1272917
1490919
106359
1794020
1830162
2215180
2647301
2045212
1132186
256882
1592293
2679182
1849668
489322
223820
844888
2335443
1739256
2208414
664899
76248
1288858
253210
1499532
577007
1379070
248519
556588
1406293
388753
205552
1876144
1994774
1958068
1579543
1240101
1463469
249407
2499381
2311038
2008242
2077521
1221146
1446808
472339
2894712
2193735
44836
1651000
1106835
391464
7807
1054346
281981
2663855
617716
604231
990755
242680
1571653
2775858
2571655
597040
640185
1066488
321911
2672125
1025427
2539652
1572512
348364
2186747
1534363
2914283
2711558
2874028
2846637
138456
2547268
2225988
2581809
2969457
1918969
892723
1955216
44678
1087103
2148804
1851731
2403131
2392594
1266316
435967
86419
1482715
2980449
2312842
388978
1686810
1887775
96969
2016713
2117871
2022472
2661220
2031497
2133765
2283955
2665327
1875214
1142101
2407265
576730
2203255
167270
753684
2588339
190692
1260924
121455
2871782
2268019
1732197
2731484
1103105
2866805
651318
2320462
1346989
1380615
1246546
1010247
1937205
1085385
2703122
115472
1316108
125119
2274240
1949330
809225
1292902
685340
1626354
2513548
2969681
2421583
2841413
1968204
2188265
1363037
917333
505439
2181027
83258
106333
1232708
984927
1449709
1857493
2805268
1321998
2113313
881954
2334254
225877
53952
2838832
1833093
1606171
70047
188897
1236765
1333103
1154563
718618
1818410
2944041
4843
1344988
1383063
352914
474261
2668092
1008321
817889
1654987
1158126
1800775
2757116
2993841
959683
419566
499990
769578
1784292
907692
877575
932496
319699
2330690
942463
2638608
118935
2665870
2350656
2020620
903459
2302897
94923
2289459
2826665
1530735
390831
805548
612305
844324
1847947
1602353
696199
2149913
2080765
1849022
397267
1746224
2139986
1887662
1962196
1460981
1135973
248304
1478121
1035451
926607
1493107
482084
604088
578635
559718
775822
226420
1844818
1153506
149222
2707873
720690
832554
2726306
1891318
1383071
2296216
575063
2280372
662544
2566187
2652338
1481025
2241374
494936
2094174
2456907
1007834
595249
2461886
701173
1444968
1110726
1651659
2951989
1233781
2058894
1773860
1186893
776776
2667577
1049065
2681923
2180526
2803322
1938183
1366607
2942506
718673
2919320
1614661
1852273
2135293
2140154
1438146
486036
1751308
309111
850976
2766333
1971876
2568409
2861387
1999815
2621300
826462
2960626
2141034
2903902
1871930
2594604
2825570
216805
1115519
1460311
257465
1575432
2465346
193325
2208901
210189
411876
2328875
155253
2834183
1736016
2157508
2893582
741677
378882
157676
1418579
1022937
2597004
1193859
2772090
2097982
2047986
2096657
2673210
1779889
558821
88492
703519
1703997
127194
1324190
2212042
1865920
267394
1817637
1778454
287294
1654796
2632212
384845
1206091
717614
1621293
1887913
539504
675676
854343
1285962
1454594
2914995
468799
1928942
2615771
1986791
2676109
575035
1832652
1391320
637761
304443
2719521
2979873
1284366
1051740
446421
997119
2981589
2854097
408583
2539667
121216
117343
1547971
2681298
616786
497969
46018
2645181
875595
518934
2890477
2324152
2702700
1493061
2472712
803244
1953579
2010817
368778
358369
1033878
2358101
906232
2043343
648963
475421
583991
2502590
380621
2560831
979264
2788220
2687206
1503623
2515406
1223742
2727220
1840843
663275
2354808
699950
1111831
1534558
1759778
1624562
2241507
1047595
1711411
1607821
2488920
1086708
1358819
2878672
2593813
2945809
2187078
2717589
491646
1291538
2825176
2948326
2955651
2886262
774278
2715486
302441
220198
283466
2291796
1993587
1410523
2536337
949891
2688236
2818672
2503879
757021
2046790
1753246
467955
784375
2296690
1151683
422811
1638917
1966810
1201861
2054474
705268
1652091
2543424
99358
391043
772313
1610850
2316112
1152129
2528940
1770089
887483
1845867
601120
2031612
2425988
2534678
2738892
2224466
1560267
2010602
2447801
2917230
733325
132849
2925395
2193361
411615
1094579
1737953
1963872
2308796
853646
2774671
2676168
2208969
2455759
2146779
1272511
636556
2926473
126118
2951216
1099020
273127
208442
1117367
203734
2609801
42988
1944449
2011303
912701
809866
1711198
1472642
148722
1132543
2836112
2538627
516976
255402
2898614
1005366
2806659
1073590
818671
192350
2353024
2412161
744368
2652735
947773
2014685
773397
491207
165582
2349220
27363
1753516
951071
1220853
396217
1403677
2841105
1628942
302166
186582
905626
2930588
511066
2024609
2832964
26081
333229
317965
655820
1056929
2263438
895160
2187749
2007095
2498366
2016322
769691
650476
941656
281781
2045581
1337938
1549584
2165101
716925
1033470
175292
340002
260617
1808827
1565172
773423
2364138
1999183
925142
1235402
1368434
797580
659185
380486
2700861
2335505
1608455
212651
1876520
2274085
887945
982250
161240
1861837
2286199
1478036
2417984
1109468
1539397
617076
2945183
2420211
2999430
665671
944217
2123908
651473
1693649
50953
1410137
852096
1023032
248780
2707723
2152523
946856
1511206
2728891
2678286
585647
1096128
1030111
1687821
2533386
1738984
2028514
4823
1022254
485278
2505647
1606052
2135697
1592598
1683978
990043
1087312
1186819
1815020
2898861
169566
1241041
