6499805
6499508
6499413
6499064
6498707
6498950
6502182
6498917
6500084
6498944
6498746
6498905
6499515
6499856
6499216
6499274
6501823
6499760
6500130
6498710
6498966
6499550
6498799
6498997
6499580
6501054
6499603
6500382
6498643
6500937
6500604
6500558
6500505
6500394
6499614
6499121
6500391
6500816
6499911
6501091
6501080
6502967
6498920
6500034
6502091
6499381
6498911
6498604
6499970
6500510
6501114
6501068
6501293
6498876
6499460
6500244
6499420
6499883
6499944
6500567
6500504
6499593
6500700
6499732
6497953
6500790
6500960
6501049
6499814
6501836
6499943
6501987
6498771
6499200
6499847
6499105
6499972
6498378
6497978
6499301
6501278
6500800
6501215
6501034
6497690
6499285
6501061
6499753
6500353
6501096
6497853
6502580
6500297
6498711
6500445
6500351
6501603
6500734
6499554
6500794
6498866
6499726
6497945
6500279
6499502
6499551
6499360
6499963
6499101
6499640
6500274
6499861
6498366
6498829
6500672
6500852
6501128
6500843
6500929
6499661
6497286
6499313
6499002
6499416
6500828
6499612
6502774
6499649
6500851
6502289
6501030
6500637
6500488
6497563
6500944
6499660
6499532
6501466
6500922
6499355
6499026
6499989
6499693
6499658
6500496
6501485
6501160
6500072
6499713
6500989
6499677
6500462
6500345
6500805
6501928
6500446
6500871
6500109
6500235
6500619
6499819
6501657
6501403
6500522
6500207
6498230
6500561
6500183
6499902
6500795
6499127
6500298
6501012
6501641
6499182
6499830
6499535
6499312
6501487
6498538
6499674
6500293
6500665
6500091
6501047
6501462
6501168
6500265
6500243
6499362
6501109
6500550
6498924
6500333
6501139
6497921
6499047
6499711
6498935
6501595
6500580
6500583
6499211
6500605
6499813
6499725
6500841
6500172
6501616
6499694
6499754
6499126
6499071
6498405
6499421
6501804
6500477
6500690
6500660
6500035
6500121
6497703
6500982
6501794
6503535
6499768
6499309
6500212
6500849
6500864
6498728
6499710
6500806
6499955
6496675
6499609
6498855
6499882
6502547
6499701
6500748
6501692
6501624
6500407
6500479
6500100
6500169
6500457
6500975
6499315
6500981
6496772
6497587
6500048
6499811
6502398
6500623
6499807
6499449
6499928
6499691
6500472
6500102
6499879
6498237
6499787
6500358
6501082
6499297
6499648
6501333
6498324
6499486
6500325
6501658
6500967
6498610
6500850
6498384
6499681
6500378
6499630
6499838
6500009
6498315
6500544
6499088
6500699
6501111
6499258
6500891
6500123
6497754
6499432
6499468
6502037
6500278
6498783
6500214
6502017
6499323
6499735
6499136
6500978
6500430
6499953
6500271
6499874
6499851
6499724
6498706
6499774
6501565
6499143
6500920
6500136
6499540
6501354
6500878
6501353
6500083
6501042
6499367
6500865
6499404
6500718
6498913
6499110
6501076
6500332
6499613
6497985
6500365
6502209
6499366
6501008
6500735
6501014
6498226
6500309
6499712
6499914
6501749
6498979
6500156
6500747
6499391
6500292
6498972
6499073
6499949
6498046
6500417
6499906
6498335
6499702
6499654
6499232
6500262
6500190
6498676
6500354
6503139
6499406
6499507
6500052
6500038
6497824
6499994
6498696
6498514
6500366
6499990
6499451
6499396
6501414
6499273
6499696
6498326
6500406
6501155
6499492
6500552
6500740
6501055
6501222
6500396
6500915
6500773
6500120
6499692
6498902
6498883
6500711
6501328
6500418
6498912
6499310
6499984
6499215
6500326
6499826
6500166
6500258
6499272
6501387
6501538
6499835
6499665
6500859
6499533
6501045
6501148
6500062
6500581
6499057
6499666
6499330
6499537
6499504
6499880
6500911
6498853
6501232
6502166
6499244
6499517
6501620
6501343
6499604
6500691
6500323
6500194
6499090
6500336
6499371
6501057
6500346
6500252
6499948
6498490
6500181
6500578
6499857
6501051
6500232
6499924
6502183
6500193
6500389
6499139
6500173
6500050
6501110
6501175
6499278
6499844
6497637
6498990
6500264
6499980
6501753
6499721
6501127
6498556
6501637
6501319
6499915
6498578
6500253
6499652
6499378
6499409
6499074
6500431
6498804
6499889
6497856
6500361
6500644
6501610
6500686
6500163
6499065
6500149
6500285
6500404
6501632
6498271
6498358
6498896
6499862
6501512
6498476
6499803
6499747
6500307
6501917
6502296
6499587
6499157
6499699
6499375
6500019
6499347
6498922
6500733
6500650
6500499
6499441
6498470
6501467
6499283
6499028
6500889
6500201
6498849
6501661
6499124
6499246
6498835
6500569
6500726
6498982
6499290
6499833
6501287
6499340
6500199
6500030
6501301
6501161
6497899
6500521
6501078
6499466
6499133
6497830
6499193
6499606
6500625
6499634
6502591
6498487
6500656
6498537
6500938
6498954
6499322
6498497
6499785
6499684
6500892
6497537
6500029
6499816
6499164
6499453
6500905
6498664
6499966
6500564
6499042
6499798
6499338
6499419
6500908
6500907
6499957
6499951
6499795
6497358
6499291
6501352
6499536
6500067
6500291
6500448
6501674
6500438
6499538
6498096
6499061
6498874
6499154
6498539
6498041
6499971
6500007
6499001
6500743
6499771
6499387
6500572
6501721
6500868
6498234
6499577
6499454
6501706
6499708
6499983
6500330
6501327
6501274
6498627
6500594
6499452
6499410
6500074
6498780
6501004
6499939
6499884
6498993
6501678
6500065
6498619
6500164
6500186
6500728
6499267
6500536
6500318
6501682
6499335
6498454
6499895
6500017
6500519
6499076
6500115
6499063
6500368
6498607
6499234
6500393
6498938
6498910
6501075
6498612
6500671
6500968
6499597
6500483
6499799
6500890
6500473
6500524
6500412
6500240
6497957
6501101
6501348
6498947
6498733
6500964
6499941
6500680
6498763
6498742
6501618
6502071
6497588
6499863
6499958
6498586
6501448
6500160
6501943
6500046
6500848
6499645
6500663
6500468
6499909
6499723
6501366
6500192
6499756
6499839
6501676
6499092
6500070
6500579
6501369
6500596
6500218
6500941
6499543
6500563
6500755
6499936
6500248
6499727
6498695
6499036
6500750
6501499
6499100
6500398
6499018
6499222
6501262
6500284
6501184
6500884
6499029
6499763
6500500
6498348
6500300
6499181
6498076
6500096
6500861
6501279
6500720
6501791
6500151
6500942
6499995
6498632
6499176
6499229
6499089
6498984
6498164
6499806
6498598
6500002
6501132
6500088
6499376
6499187
6500523
6499329
6500256
6501470
6501957
6499428
6499142
6499192
6501117
6500529
6501113
6499280
6500799
6500950
6499463
6502239
6499305
6498471
6500005
6499998
6499423
6499169
6500585
6500486
6501859
6500071
6501795
6499445
6500375
6499737
6500730
6500939
6502023
6501182
6501018
6499896
6499792
6501056
6500416
6500931
6499499
6497649
6497624
6501225
6500511
6499638
6500135
6502722
6499555
6499743
6497771
6498098
6500200
6499744
6500154
6500764
6500762
6501821
6501410
6498295
6500927
6497984
6499578
6500056
6500636
6500696
6499509
6498792
6498636
6498825
6500742
6498317
6498778
6498867
6498300
6500471
6500152
6497918
6500565
6501712
6498139
6501059
6498845
6499876
6500508
6501709
6500829
6499041
6501125
6501099
6499083
6498282
6500428
6500648
6501087
6501554
6500883
6499236
6499380
6503020
6497834
6500338
6498097
6499284
6499952
6500823
6499988
6499742
6499162
6500808
6499276
6500437
6500719
6502663
6499642
6499095
6500280
6500390
6500896
6500143
6498200
6501919
6500494
6499364
6501832
6499751
6499610
6498903
6500095
6501183
6500512
6501438
6501040
6500930
6499716
6500140
6499916
6502821
6499576
6499060
6500962
6499197
6498736
6500887
6498582
6501009
6502463
6499741
6500334
6500301
6499903
6499434
6501226
6499539
6499137
6500080
6500574
6501875
6501427
6499656
6501053
6498731
6499707
6501000
6499487
6500023
6498602
6501017
6499894
6501199
6498791
6501135
6499287
6501423
6501452
6500714
6502645
6502142
6498879
6499931
6502459
6501207
6499019
6499210
6499386
6498508
6501879
6498702
6499997
6499446
6499207
6501090
6499871
6498254
6501944
6497696
6500739
6498334
6500873
6502488
6499687
6499581
6500659
6499511
6501124
6499841
6499038
6500463
6500254
6498534
6501331
6499629
6499204
6500099
6498852
6502272
6500238
6501529
6501871
6501259
6499400
6500452
6500145
6501989
6499004
6498864
6499337
6501088
6498129
6500209
6501224
6501578
6501880
6500601
6500801
6498563
6500613
6500327
6499623
6500698
6501344
6499185
6499456
6501102
6498524
6500043
6500079
6499179
6498401
6497394
6500478
6498006
6499633
6499804
6499905
6501163
6499831
6500513
6500119
6499167
6501492
6499173
6499518
6501445
6500449
6500094
6498342
6499690
6499321
6500872
6499146
6500971
6499590
6499168
6500159
6498834
6501927
6501568
6498443
6500898
6499673
6499251
6500461
6499417
6498863
6500242
6500916
6500077
6499467
6498519
6498790
6500631
6498438
6499646
6500940
6498321
6498784
6499860
6498983
6498817
6500294
6500977
6500778
6501145
6501649
6501972
6501935
6499296
6501165
6499602
6500331
6499444
6501599
6500763
6498370
6499082
6500269
6499626
6501290
6497619
6498509
6499802
6501463
6500376
6500075
6501797
6500707
6499350
6501651
6502004
6501136
6499227
6499368
6499868
6499809
6501777
6499978
6500543
6499568
6501639
6500533
6498801
6500509
6499786
6500774
6500835
6501518
6501108
6499935
6499037
6500679
6501067
6499598
6497991
6500812
6500986
6499529
6499099
6501894
6500287
6499731
6498700
6499051
6501779
6498015
6499559
6500584
6498449
6499759
6499794
6498832
6502102
6501841
6500744
6498921
6500399
6498930
6499514
6500055
6499878
6500268
6498351
6499872
6499271
6499437
6500421
6500909
6499203
6499631
6498307
6500546
6500316
6499250
6498606
6501375
6501431
6500485
6500465
6500736
6500459
6499106
6499370
6500150
6499940
6499155
6498218
6500517
6501704
6499435
6500955
6500597
6501037
6501666
6500312
6499141
6501214
6500480
6499483
6499395
6500453
6499926
6500526
6499632
6499339
6500182
6500395
6499206
6498649
6498939
6500638
6501719
6499006
6499706
6500904
6500229
6501503
6499647
6498836
6501373
6498943
6500343
6500322
6500761
6500359
6499209
6499112
6498247
6499644
6497941
6500425
6501994
6498102
6501430
6499068
6500211
6501041
6501947
6500668
6499407
6500464
6498608
6499393
6498580
6497481
6498601
6498765
6498687
6499128
6499439
6498635
6499298
6499196
6499077
6498840
6498690
6500651
6500959
6498654
6499332
6498615
6500780
6500206
6500721
6501656
6502310
6500589
6500531
6499942
6498374
6499569
6500044
6500128
6500566
6500342
6500934
6500469
6500350
6500876
6498261
6500593
6500842
6498775
6498873
6498195
6498872
6501231
6500162
6499115
6500219
6498073
6500000
6499397
6500606
6500627
6501205
6498648
6497769
6501077
6499257
6499342
6501036
6500001
6499116
6498975
6499965
6500837
6498761
6498793
6501588
6501271
6498109
6498923
6499177
6497736
6501359
6499325
6500185
6500576
6500530
6498177
6500972
6499470
6499165
6498999
6498900
6498019
6499655
6498656
6498827
6500137
6499270
6499605
6497222
6499319
6499191
6498083
6501261
6501141
6499523
6498929
6500167
6500460
6499341
6499720
6498991
6502903
6499772
6502819
6499531
6501566
6499160
6502442
6499641
6499119
6499600
6498448
6501048
6500155
6499752
6500384
6499917
6498369
6499950
6498166
6500226
6499365
6500528
6500411
6498566
6500015
6499477
6498031
6500454
6499094
6500337
6500724
6499556
6499228
6500664
6498521
6501321
6499528
6499783
6499651
6500693
6499327
6501444
6502333
6498313
6499769
6501052
6498144
6500620
6500560
6501143
6499938
6500787
6499214
6498721
6500976
6499565
6500261
6500810
6498564
6498596
6497993
6501601
6499919
6499524
6501193
6498811
6499221
6499793
6500104
6500847
6500933
6498013
6498446
6500429
6501307
6500249
6501723
6501548
6497209
6501464
6498584
6498373
6501980
6498432
6500798
6498837
6499985
6500105
6498583
6501355
6500999
6499836
6499618
6501084
6501060
6499547
6499399
6500363
6499379
6499925
6500259
6498286
6499672
6498720
6500118
6500683
6500260
6501449
6500540
6501574
6499059
6497603
6498824
6500231
6500133
6499050
6498540
6499510
6500311
6500669
6500710
6499766
6498311
6499734
6499388
6500304
6501668
6500225
6500784
6497927
6502926
6500006
6499762
6500554
6497625
6500435
6499471
6501718
6498133
6499455
6500197
6500360
6501684
6499102
6498546
6498823
6502431
6500401
6501171
6500813
6501220
6500405
6500914
6498504
6501730
6499858
6498616
6498906
6499352
6498644
6498646
6500060
6500423
6499561
6498181
6500694
6501482
6499749
6499262
6501064
6500752
6500362
6498645
6500064
6500317
6501246
6499886
6499675
6501852
6498199
6498127
6501335
6500621
6497509
6498678
6501401
6501604
6499052
6500177
6499408
6499282
6499920
6501562
6497878
6500768
6500053
6501633
6500701
6498053
6500045
6498651
6502097
6500124
6501365
6499910
6501772
6499311
6500495
6499130
6501600
6501590
6502504
6497667
6502369
6498788
6499790
6499490
6499186
6499678
6498891
6500570
6501098
6498477
6500919
6498889
6502433
6498242
6499899
6499745
6500882
6499044
6500103
6499472
6499199
6500302
6501685
6499392
6499964
6498716
6500419
6501062
6499431
6500422
6501315
6500061
6500688
6500611
6502522
6500305
6500373
6500329
6498236
6500758
6500276
6500424
6499758
6499351
6501395
6498974
6499046
6498776
6499055
6498919
6499277
6499343
6499869
6500114
6501383
6497938
6498754
6498550
6500107
6500802
6497741
6499781
6499308
6498758
6502733
6498064
6499845
6499866
6498663
6497338
6500098
6502244
6498818
6500684
6500697
6500900
6499670
6500745
6500204
6499801
6500667
6499147
6500205
6498955
6499855
6501221
6500443
6498878
6498679
6501050
6499912
6499324
6497729
6498024
6498945
6500003
6498782
6501187
6499440
6501227
6497999
6500652
6501212
6500653
6501217
6501695
6499888
6497778
6500487
6499639
6500093
6498819
6498787
6501200
6498206
6501983
6500979
6500921
6499622
6501489
6500082
6499913
6502448
6502096
6499891
6500551
6500666
6500058
6499782
6498940
6500296
6500830
6500049
6500877
6501250
6501367
6499974
6499025
6498877
6501424
6500788
6499817
6500814
6500956
6501748
6499333
6501081
6499685
6500825
6501571
6498964
6498357
6498507
6498976
6500246
6498748
6501281
6499979
6498433
6499975
6498421
6500562
6498361
6499854
6499932
6498180
6498741
6499887
6500767
6498703
6501892
6500973
6498796
6500085
6500783
6498869
6497928
6500426
6498577
6501120
6499867
6501825
6498112
6500615
6498963
6499981
6499348
6500703
6499650
6500369
6498841
6501550
6500275
6498800
6500176
6499302
6500129
6500250
6500654
6499873
6498981
6499945
6498965
6500241
6502689
6500025
6500392
6499583
6500635
6500715
6499447
6498353
6498738
6500702
6499433
6500413
6500414
6500178
6501458
6500180
6501863
6499118
6498622
6500866
6499564
6498952
6501303
6500935
6500303
6498478
6497786
6500022
6500374
6499705
6500789
6498464
6498949
6499405
6501269
6498626
6500689
6498803
6498259
6500215
6500069
6499239
6501138
6500239
6497936
6501625
6502595
6500116
6499722
6501233
6498445
6498554
6499930
6498388
6499153
6498936
6501942
6500573
6499657
6499788
6498168
6498773
6499922
6499704
6501511
6499765
6499148
6500451
6499541
6502366
6501026
6502312
6500595
6501063
6497898
6501256
6502003
6500314
6499491
6500041
6498543
6501447
6501288
6499599
6499818
6502180
6500725
6501998
6498810
6498628
6501297
6498054
6498962
6498375
6500681
6500577
6497897
6500273
6501675
6500727
6500610
6498568
6500187
6501371
6498685
6499573
6500913
6498785
6497963
6499166
6501940
6499853
6501249
6500555
6501733
6501197
6500386
6502086
6498058
6500042
6498890
6500321
6500397
6499825
6501092
6501688
6500170
6501392
6498885
6499679
6499575
6499374
6501073
6497750
6497901
6501345
6500858
6497886
6497902
6501918
6500228
6500617
6498436
6499719
6500078
6499212
6497406
6501586
6501368
6499054
6499161
6499956
6498854
6502056
6500575
6498541
6501858
6500286
6500010
6499900
6500126
6500598
6497492
6499815
6498367
6498994
6498343
6500097
6501093
6500175
6498888
6498958
6498588
6499757
6498179
6498779
6501521
6499111
6501104
6501195
6499592
6501374
6499827
6500987
6498484
6499081
6500994
6500525
6499548
6499178
6499414
6499231
6497615
6498927
6499520
6499718
6500220
6499356
6499791
6499812
6500087
6499821
6500132
6498506
6501596
6500282
6500420
6500607
6501654
6500295
6499823
6499027
6498398
6499522
6499040
6498500
6498762
6501751
6500678
6500549
6500089
6501140
6502040
6500498
6500475
6499773
6501363
6500442
6502149
6499241
6500948
6498148
6499158
6498394
6499242
6500184
6500222
6498101
6501058
6499563
6500014
6501317
6501311
6501629
6500189
6499480
6498590
6502453
6499240
6499359
6501531
6499934
6501736
6500545
6499659
6497299
6501925
6498332
6501628
6499498
6500134
6499120
6501016
6498376
6500556
6499542
6501206
6500885
6499700
6501428
6498667
6498089
6501997
6500632
6498998
6498474
6498214
6498561
6501614
6500047
6499808
6500903
6499048
6502583
6501095
6499134
6499653
6499259
6499070
6500400
6499220
6499996
6500974
6499503
6498256
6500673
6500705
6498822
6499500
6499476
6500532
6499962
6501038
6498186
6501406
6498116
6499977
6499458
6500191
6501474
6499968
6498658
6497300
6501555
6500090
6498593
6499946
6499697
6498623
6500846
6500834
6498344
6499151
6500708
6500147
6498820
6499921
6500777
6502301
6499796
6501302
6500224
6502564
6500682
6499484
6497896
6499485
6503431
6498641
6499923
6497832
6499032
6500738
6499778
6499289
6501089
6498986
6501433
6499138
6501244
6501072
6499595
6499616
6501164
6499349
6498589
6498211
6499729
6499286
6498701
6501483
6499475
6499643
6499450
6500004
6499353
6498789
6499481
6498439
6501536
6500856
6499314
6497996
6499829
6501508
6498942
6499279
6498751
6502105
6499546
6499003
6499144
6502336
6498585
6500161
6498292
6498618
6500709
6501028
6501636
6501807
6499560
6501404
6498560
6501582
6501465
6500263
6499820
6500371
6502952
6500139
6499266
6501295
6499566
6500267
6500489
6500415
6497892
6497981
6499109
6501627
6498516
6501988
6501660
6500527
6501308
6499066
6498264
6500946
6498038
6500712
6502654
6499579
6500481
6499549
6499703
6500148
6499927
6501533
6501416
6500106
6500456
6499205
6502807
6498634
6498777
6498005
6500587
6502417
6499987
6500315
6500538
6499571
6502250
6501031
6500110
6498743
6498988
6499235
6497783
6499667
6499494
6498442
6500402
6500993
6498880
6500474
6501724
6497399
6500722
6502404
6501159
6498533
6500951
6499020
6498766
6500032
6500822
6498017
6497942
6500158
6499427
6500749
6499585
6500497
6497994
6501653
6501314
6500853
6501722
6498071
6499784
6501417
6499213
6499574
6502203
6499834
6500188
6498714
6500582
6498956
6501153
6500687
6500824
6499326
6499011
6498727
6498752
6497564
6501194
6498050
6501162
6499893
6501275
6498794
6501192
6498681
6499530
6498909
6499464
6498969
6499682
6501455
6499589
6498675
6500230
6499411
6500836
6499846
6498838
6499875
6499145
6499505
6499929
6498143
6501510
6499488
6499174
6498319
6502110
6498638
6499625
6498772
6500092
6501826
6498412
6501946
6499354
6502064
6499617
6499506
6500844
6498843
6500557
6501545
6499113
6499159
6500716
6500854
6501421
6501156
6502030
6502051
6500245
6499442
6498413
6501960
6500591
6500016
6499402
6503352
6497632
6501611
6500741
6501422
6499553
6499967
6500506
6499976
6501819
6501936
6499300
6502050
6501713
6500723
6501027
6499959
6500840
6500122
6499714
6498916
6502067
6500450
6499425
6499789
6502835
6498513
6499377
6501839
6499588
6500676
6499226
6499497
6500639
6500949
6498483
6500146
6501172
6499545
6498067
6499223
6498767
6499960
6501035
6499828
6498680
6502049
6500618
6499992
6501407
6502234
6497907
6501460
6501169
6500364
6499030
6501216
6499525
6501085
6500901
6500281
6500786
6497043
6499837
6498846
6499131
6500221
6500503
6498045
6500996
6499430
6497831
6499117
6501774
6501644
6497554
6499361
6501011
6497591
6498594
6499307
6498816
6500886
6498253
6498379
6499933
6501208
6501210
6499991
6498485
6500101
6502620
6498659
6500746
6500514
6500535
6501196
6499750
6501472
6502518
6500963
6501425
6500832
6500125
6499947
6498511
6501100
6500590
6499607
6500168
6500548
6502316
6501032
6499776
6498971
6498049
6500410
6499426
6497259
6500021
6500965
6501780
6500299
6498171
6499069
6500539
6501007
6501570
6500731
6501664
6499254
6503046
6498884
6497243
6500633
6500609
6499698
6498574
6502842
6498272
6500081
6499864
6501105
6502237
6501285
6498430
6500912
6501818
6498219
6499093
6501849
6497571
6498859
6501896
6498115
6499202
6501910
6500612
6502279
6498010
6501594
6501865
6498928
6499777
6500195
6502187
6500028
6500966
6501005
6498992
6501266
6501524
6499345
6500932
6500227
6500117
6498535
6498669
6499398
6502000
6501569
6501766
6500008
6499748
6500352
6500624
6502214
6498047
6501122
6500066
6501332
6500372
6498609
6500875
6499469
6500626
6498597
6502306
6501827
6501490
6500770
6501310
6500432
6500108
6499217
6501086
6498756
6500586
6500076
6501022
6500387
6498522
6501767
6499346
6501764
6501265
6498077
6500662
6499107
6500888
6498420
6500759
6500542
6500341
6501316
6497186
6498895
6498312
6500383
6501179
6501860
6497197
6500833
6500057
6499557
6497852
6500491
6501868
6500026
6498161
6501778
6498080
6501129
6500380
6498734
6501679
6501066
6501623
6500502
6501003
6499175
6502125
6498862
6499358
6501147
6498466
6500602
6499292
6501803
6499424
6499680
6499567
6499436
6500203
6498209
6500599
6498759
6499034
6500037
6500732
6498440
6498882
6499709
6502048
6500936
6501116
6501388
6500592
6498354
6499840
6501883
6501044
6498749
6499686
6499429
6498774
6497560
6501908
6498739
6498503
6498558
6498655
6501178
6498605
6502422
6502155
6501982
6501149
6499189
6500455
6499496
6499288
6498735
6499822
6497952
6499973
6498258
6500476
6500492
6499320
6500033
6500647
6498848
6500340
6501999
6499662
6501283
6501834
6501768
6498708
6500775
6500838
6499248
6498821
6497037
6498316
6499031
6499558
6502009
6498233
6498745
6502273
6501039
6501523
6500236
6501776
6499306
6499237
6499969
6502877
6501312
6500649
6500756
6497906
6500409
6501638
6500791
6500466
6498723
6499797
6498528
6501911
6499627
6499961
6499438
6499256
6500217
6499385
6500902
6500381
6502391
6498579
6498284
6497970
6499624
6501299
6498570
6501276
6498411
6500223
6499982
6501376
6499562
6501734
6498488
6501789
6500990
6498121
6502073
6497977
6502127
6497645
6500153
6498640
6501477
6497592
6502325
6498611
6501330
6497841
6501580
6499478
6498235
6501292
6497885
6498831
6500349
6499473
6498946
6501412
6500388
6498475
6499621
6501213
6498875
6497995
6497561
6499584
6500068
6498305
6498381
6500313
6500600
6498423
6501260
6498805
6498323
6501553
6500571
6498839
6498953
6499586
6499369
6502101
6498833
6499448
6499954
6499334
6501025
6499848
6499253
6500926
6499149
6498657
6500992
6499014
6502241
6502303
6498492
6500559
6500857
6501552
6499403
6502242
6502281
6501180
6501720
6501237
6500953
6497567
6500818
6501115
6501669
6498985
6498698
6498293
6498961
6499132
6500674
6501291
6499459
6497404
6500807
6498858
6501158
6499122
6498629
6501167
6500867
6500141
6501491
6499501
6498327
6503022
6497904
6501234
6501650
6501305
6498263
6498479
6503051
6499519
6500234
6501835
6500640
6498948
6498526
6499695
6497585
6498699
6500661
6497818
6498341
6501975
6498482
6498525
6498095
6498407
6498717
6500809
6499225
6499194
6500403
6499513
6497660
6499293
6500803
6499482
6501760
6498113
6501173
6499008
6497706
6500247
6501493
6501643
6498203
6501703
6497477
6498549
6500470
6498970
6500283
6500943
6501597
6499683
6501715
6499079
6499103
6501134
6502551
6499495
6501243
6501824
6499465
6498719
6500692
6500157
6499740
6501071
6500685
6501878
6500024
6497756
6499746
6500520
6501181
6498515
6500675
6501381
6500899
6499993
6499053
6497799
6499075
6502427
6502204
6500348
6500983
6499620
6499770
6496888
6501729
6498309
6501241
6500534
6500945
6501737
6501992
6500906
6501443
6497355
6496658
6501981
6498447
6499870
6500493
6501617
6501655
6501769
6502213
6501103
6501157
6502020
6501405
6502311
6499336
6498187
6501070
6501023
6500670
6499842
6498904
6498802
6501391
6498760
6501589
6497930
6500031
6501488
6502044
6498595
6503273
6501024
6499611
6502528
6499363
6501396
6500237
6500804
6500027
6501010
6499384
6500290
6500797
6497955
6500895
6500138
6501190
6500174
6499582
6501336
6500467
6498120
6498857
6500202
6499394
6499294
6498457
6499636
6499263
6501247
6497458
6501577
6497817
6497775
6503820
6501900
6499172
6500434
6498287
6499033
6497565
6501581
6501663
6498808
6498600
6498260
6499080
6499056
6501486
6498296
6499281
6499892
6501539
6498072
6501284
6502395
6498268
6499736
6500603
6500641
6498262
6501188
6501294
6499024
6497964
6500270
6501441
6499615
6501710
6502298
6499129
6498868
6499898
6500335
6499635
6500817
6501573
6499474
6498726
6500441
6501223
6501468
6498278
6501320
6500839
6500490
6498559
6502131
6498453
6498033
6501398
6502451
6497839
6498352
6499045
6500036
6499689
6498074
6498429
6502153
6500408
6501123
6497375
6502080
6499418
6501298
6499233
6500289
6499457
6498228
6497427
6499022
6499608
6498496
6498786
6499717
6499918
6500347
6501575
6499733
6500947
6500880
6501634
6499304
6498222
6499260
6500251
6498441
6500547
6498530
6502066
6500998
6500063
6502109
6500357
6496958
6500507
6502575
6499669
6499832
6501755
6500379
6498844
6500308
6498431
6498365
6498713
6501119
6499671
6500793
6498196
6498684
6501532
6500961
6500997
6499401
6501450
6500320
6501665
6499357
6502185
6500233
6498937
6501339
6499668
6501740
6500501
6500356
6499318
6501219
6498898
6498368
6501174
6499219
6497608
6497290
6499328
6503280
6501683
6499999
6500277
6500923
6500782
6501872
6502403
6502062
6501130
6497973
6499664
6500208
6500436
6499534
6496150
6501694
6499035
6500272
6499526
6499881
6501342
6498996
6501384
6498318
6498308
6501451
6501211
6498617
6498960
6498968
6498665
6498830
6501118
6501535
6500655
6499738
6502052
6499085
6500012
6499183
6496194
6497518
6498581
6499156
6499761
6498523
6497914
6498320
6498402
6500484
6501166
6501270
6501318
6497716
6499140
6501154
6498338
6498795
6498861
6501013
6501877
6502313
6497431
6499907
6500196
6498931
6499252
6499865
6499067
6501963
6501131
6499591
6501280
6502148
6500111
6500324
6499087
6502800
6497519
6498037
6500821
6502327
6502211
6500553
6499570
6499208
6498223
6498392
6498967
6502087
6501902
6500171
6499775
6501583
6499049
6499849
6500785
6502510
6500855
6501126
6501811
6501252
6499728
6502033
6499383
6500144
6501514
6497600
6500751
6498661
6497162
6499015
6502013
6500772
6495593
6499688
6499780
6498355
6499908
6501640
6501882
6499275
6497979
6500011
6498130
6501543
6501079
6499195
6500344
6500216
6502032
6502351
6497598
6501476
6501783
6498847
6500458
6499800
6501528
6498851
6499601
6499238
6498150
6500482
6499390
6502823
6499201
6500198
6502055
6498468
6501916
6501358
6501133
6501773
6500059
6497036
6501239
6498349
6500658
6500820
6501484
6498712
6498691
6498252
6497820
6498871
6499255
6498176
6501645
6500657
6500339
6502294
6500377
6500444
6498505
6500179
6498576
6500210
6499637
6501440
6499544
6500440
6501236
6500811
6500827
6497920
6500073
6500863
6501697
6501248
6501020
6499779
6496960
6498419
6501784
6498149
6498881
6498764
6501185
6497987
6499443
6497865
6497688
6499180
6498724
6501402
6500860
6499461
6501762
6497313
6500706
6500608
6499084
6501525
6498299
6499824
6501520
6500355
6499479
6501069
6498545
6498023
6497828
6498182
6499755
6501429
6500622
6499243
6497350
6498107
6501771
6501152
6498034
6499013
6500616
6497926
6497966
6498637
6499489
6498427
6501382
6498151
6498192
6501530
6497793
6498078
6501415
6501029
6500879
6500928
6499715
6501204
6502602
6500213
6500054
6501309
6498029
6497847
6497747
6502380
6498178
6497268
6501702
6502016
6501864
6498022
6501752
6498270
6498899
6499619
6501394
6501245
6499184
6502460
6501898
6498463
6499104
6502046
6500753
6502511
6501798
6497986
6500127
6500826
6501286
6499904
6501786
6498918
6497474
6498673
6500257
6500131
6498231
6501873
6502041
6501509
6500776
6499739
6502027
6500815
6498860
6501505
6501913
6500266
6500845
6500957
6501001
6501816
6501453
6500255
6497529
6499316
6498647
6500439
6498395
6501074
6500910
6501323
6499373
6501267
6498088
6498092
6501251
6501218
6499016
6498682
6497514
6500518
6499247
6501393
6501922
6501461
6501549
6498562
6499372
6501991
6500769
6499062
6498303
6500984
6499096
6500614
6501591
6499190
6501255
6501607
6501337
6501938
6501426
6498462
6500796
6499663
6501738
6499091
6500040
6501801
6499986
6501356
6499249
6501681
6501478
6497707
6498152
6500086
6499596
6500754
6498387
6498240
6501714
6498894
6501501
6501112
6498925
6500781
6501325
6501977
6502128
6500370
6498614
6498302
6497158
6501033
6501526
6498989
6501150
6500113
6497752
6501563
6501043
6496946
6498213
6499299
6500112
6501939
6500792
6499937
6500870
6498987
6502326
6498189
6497533
6501397
6499072
6502390
6498232
6497141
6501203
6501904
6499527
6501731
6497851
6501572
6501386
6503084
6500515
6498571
6497385
6498813
6497526
6501701
6500328
6498390
6498245
6502120
6497721
6500385
6501340
6499261
6502093
6497384
6497972
6501170
6501726
6499017
6502022
6498624
6501500
6501019
6498472
6501201
6497495
6497971
6498489
6500897
6497621
6498289
6500991
6497570
6498781
6499005
6501137
6498157
6501970
6503127
6502545
6500954
6501689
6497361
6497881
6501579
6501846
6497912
6498122
6501622
6499245
6498194
6501289
6501690
6498415
6501496
6500646
6500771
6501955
6499023
6497308
6498633
6497258
6498458
6500634
6502423
6502317
6500645
6499098
6498288
6500319
6500306
6501413
6499317
6502749
6497187
6498502
6502411
6496967
6501107
6497804
6499890
6499152
6498512
6501781
6499010
6499265
6497895
6497635
6501282
6501559
6500568
6498630
6497198
6500831
6499676
6498797
6501457
6498572
6498294
6501209
6496917
6499877
6502434
6498184
6502025
6498639
6498322
6501584
6501409
6501677
6502268
6498460
6501021
6502039
6501744
6497542
6497968
6499897
6499331
6498004
6499230
6498932
6497623
6498941
6501885
6499295
6499269
6501693
6500516
6499810
6500862
6498159
6498730
6498809
6499516
6500288
6497903
6500051
6497511
6498737
6501759
6498426
6498978
6497732
6498128
6501264
6498951
6501761
6502355
6498850
6502521
6500969
6499572
6497840
6501390
6501544
6499389
6502012
6501598
6501142
6498915
6498812
6502034
6500713
6500142
6499521
6500630
6497969
6497932
6496968
6501670
6499382
6500018
6498907
6498364
6497099
6497740
6498715
6498217
6500643
6498683
6500881
6498517
6499009
6499412
6500367
6499730
6496657
6501905
6502741
6497905
6497502
6501592
6497659
6497002
6498547
6498705
6500013
6498216
6502202
6497980
6502065
6501567
6498244
6499512
6498828
6500039
6501672
6496577
6501696
6500165
6501322
6498573
6498243
6498248
6498250
6501469
6496983
6498086
6499767
6502348
6501615
6497612
6498491
6498518
6502116
6498114
6501619
6502058
6498198
6499171
6498158
6500918
6498591
6501494
6502971
6498170
6500893
6498587
6501964
6501235
6500779
6498290
6501845
6499462
6499264
6498451
6501646
6498933
6498973
6496606
6501667
6501757
6498145
6499170
6499125
6498652
6498450
6503859
6498306
6502483
6500924
6501400
6498025
6498901
6502357
6499039
6497094
6498697
6502184
6502151
6502375
6497718
6501542
6500980
6499021
6498000
6500766
6501146
6498070
6496660
6498532
6497281
6499594
6501442
6497810
6498227
6501814
6499150
6498414
6500020
6498914
6500427
6502084
6501958
6498768
6501324
6499007
6498007
6501306
6498016
6501176
6499843
6502535
6502246
6498650
6501973
6501504
6502014
6500819
6501890
6497811
6501144
6499163
6498886
6502859
6498020
6502339
6498552
6497948
6496935
6501186
6501915
6502150
6498238
6501435
6499198
6497054
6501746
6501446
6498239
6501540
6501793
6502021
6498099
6499058
6501609
6498689
6499901
6498328
6501329
6501881
6501268
6497759
6500537
6498106
6498036
6498347
6498815
6502756
6498444
6497844
6502263
6499859
6497701
6498001
6501813
6498403
6498995
6497842
6502796
6501313
6497080
6497787
6502406
6501717
6501612
6498100
6500988
6501347
6501006
6501978
6498275
6500677
6498722
6502468
6501364
6497967
6501296
6498653
6497777
6502226
6498274
6501300
6502122
6503775
6498075
6498542
6501901
6501920
6499123
6498670
6497642
6499850
6501272
6500628
6498212
6502038
6499000
6497089
6501516
6501856
6501341
6497846
6497278
6499852
6497332
6502901
6503189
6498693
6497540
6500995
6497691
6501257
6501372
6503392
6496984
6501861
6501775
6497525
6501671
6497523
6501754
6498557
6498674
6502678
6498957
6502773
6498224
6500642
6501787
6501556
6500760
6498409
6501349
6498330
6501800
6501855
6498959
6501796
6498870
6501046
6502791
6499628
6501121
6501961
6497052
6502937
6497062
6498473
6497629
6498553
6498668
6501361
6498887
6497448
6498567
6497908
6497606
6502898
6501498
6499764
6497781
6502653
6498806
6500765
6498686
6501673
6501833
6500629
6500310
6499303
6498926
6498417
6498191
6501513
6498757
6497737
6497956
6500869
6502661
6502382
6497863
6499078
6502536
6498520
6498592
6501996
6498043
6501277
6497714
6502513
6497709
6499097
6498285
6498329
6498055
6498404
6497821
6498422
6501229
6500894
6501471
6500958
6497677
6498642
6497855
6501985
6497911
6499224
6502384
6496961
6501815
6499043
6502600
6498032
6501439
6497864
6501547
6502031
6503001
6502061
6503950
6502104
6502098
6498360
6501357
6501191
6501742
6498266
6497891
6498108
6501986
6502227
6502035
6501522
6497552
6497109
6499108
6503165
6501745
6497746
6501691
6497683
6501479
6501822
6497802
6502157
6503085
6498613
6501459
6501914
6498750
6499218
6502260
6501473
6501648
6497616
6502019
6500970
6501385
6502297
6502415
6502334
6498291
6501177
6501808
6497580
6498814
6502633
6497835
6501993
6502288
6500917
