9999822
9998696
9998396
9998552
10000074
9999726
10000059
9999586
10000765
9999213
9998053
9998867
9998576
9999192
10001080
10000253
9998263
10000345
9997762
9999950
10000947
9999502
9999295
9998306
9997605
9999292
10001325
10001809
10000212
10000789
9999220
10000199
9999542
10000378
10000311
9998319
9999716
10000208
10000028
9998191
10000915
9999155
9998846
9999022
10001158
10001072
10001459
10000191
9999231
10000127
10000404
9999253
10000511
10001058
9999078
10000036
9999979
10000309
10000390
9999699
9999582
10001038
10000108
10000244
10000459
10001052
10000605
10000128
9998650
10002072
9999991
9999127
10000856
9998884
9998280
10000853
10000361
9998702
10000147
10000178
9999316
9999218
9999679
10000367
10000027
9998950
9999756
10000860
10000608
9997671
10001972
9999054
10000577
9999434
10000461
10000740
9999918
10001984
9999255
9999652
9999752
10000629
9998380
9998497
10002656
10001075
10000047
9999226
10000171
9998271
9999205
9999925
10000665
10001653
9999171
10000181
10001007
10000980
9999250
10000240
10001771
9999402
10000383
9999783
10000013
10003374
9999096
9999020
9999995
9999727
10000044
10002583
9998596
10000307
9998671
10000783
10000898
9999805
9999993
9999143
10002048
9999790
10000257
9998656
10001694
9998204
9999428
10000235
9998731
10001063
10000082
10000205
10000326
9999496
9999604
10000492
9998989
9999353
10000407
10000837
10000310
10000117
9997622
9999781
9999609
10000870
10002237
10000387
10000325
9999391
9998379
10002053
10000819
10000839
10001466
9998629
9998853
10000288
10000110
9998951
9999529
10000075
10000773
10000596
10000802
10000653
10000504
10001369
9999732
10000437
10001797
9999105
9999301
9999130
9997999
10000521
9999600
9999778
10001162
10000939
10001010
10002059
9999486
9999097
9999471
9999264
9999057
9999861
10000960
10000916
10000366
10000238
10002445
9999574
9999011
10000630
10000703
10000066
10001458
10000533
10000433
9999806
10001499
10001281
10000548
10000771
10002258
9999854
10002066
10000279
10000087
10000729
10000247
9998905
10001648
10000717
9999660
9999119
10001168
9999830
10001134
9997745
10001037
9997833
10002046
9999410
9999677
10000851
10000021
10000687
10000992
10000573
9999697
10000940
10000473
10000254
9999872
10000421
10000532
9999441
9999374
10000423
9999899
9997639
10001150
9998553
9999901
9998912
10000623
10000836
10000314
10000601
10000607
10000907
10000399
9998370
10000774
9999281
10001682
10000155
10001747
10001531
9999368
10001042
9998923
10001078
9999333
9999618
9998925
9998822
9998820
9998321
9999692
10001934
10000713
9998601
10000962
9999820
10001578
9999733
10001101
9999814
9999686
10000658
10000875
9999835
9999415
10000612
10000161
9999896
10000085
9999032
9999272
10000889
10000530
9999627
9999426
10000467
10000452
9999439
9999520
10000223
9998081
10000273
9998642
9998543
9999838
9999448
10000084
9999647
9999198
9999138
10001583
10000055
9997673
10000796
10000428
10000641
9999758
10000177
10001277
10002312
9998484
9998988
10001461
10000903
10001283
9998621
9999153
9999312
9999050
9998613
10001279
9998803
9999739
10000218
9999879
9999801
9999769
9999182
10000827
9999880
10000857
10000192
9999837
10000283
10000769
9998718
9999348
10000561
9998303
9999131
9998091
9998745
9998759
10000061
9999774
9999931
10001054
9998103
9999066
9999191
9998532
9997676
10000272
10000501
10000751
9998400
9999551
9998945
10001087
10000186
9998142
9999954
10000919
9999576
10000249
9998772
9998475
10000805
9999336
9998327
10000707
9999653
10000033
9998681
10000429
9999688
10000502
9998218
9998939
9998902
10002039
9999099
9997425
10002150
9999540
9998632
9999864
9999530
9999721
10000616
9998111
9999887
10000716
9999690
9999217
10000050
9999553
10000668
9999785
9999244
10001035
10000175
10002563
9999345
10000105
9999465
9999503
10001050
9999033
10001077
10001130
9999457
9999027
9999528
10000408
10000275
9998831
9999500
9999750
9999968
9998977
9998591
9998677
9999849
9999112
10001900
9999548
10000635
9999459
9999060
10000030
9999843
9999941
9999667
9999715
10000431
10000574
10000364
9998410
9999698
10000733
10000005
9999687
9999150
9998140
10001351
9998503
10002166
10000043
10000261
9997785
10000667
9999482
9998678
10001727
9999188
10000758
9998456
9998808
10000229
9998683
10000207
10000795
9999541
10000039
10000832
9999723
9999414
9998296
10000715
9999285
10000322
9999473
9999266
10000371
9999656
9998330
9999232
9999741
10000620
9999234
9999713
9998518
10000064
9999203
10001940
9999626
10000674
9998516
10000327
9999064
9999775
9998017
10000894
10001640
10000258
10000112
10000798
9999421
10000918
9999883
10000506
9999267
9997656
10001268
9998388
10000987
10000883
9999263
9999794
9999247
10001128
10000482
10001378
9999479
10000391
9999134
10000598
9998892
10000845
9999149
10000750
9999008
10001205
9999268
9998684
9999703
9998654
9998480
10001069
9999856
9998837
9999375
10001222
9998954
9999782
9999258
9998616
10000808
9999631
9999083
9999379
10000849
9998498
9999558
9999796
10000167
10000645
9999086
10001265
10000215
10001062
10000888
9999322
10000045
9998953
9999537
9999393
9998079
9999881
10001398
10000009
10000568
9998004
10000955
10003494
10001736
10000315
9998124
10000347
10001723
10000997
10001603
9998788
9997682
10001165
10000909
9999898
9999910
10001066
10000410
9998963
10000282
10000222
9999684
10000269
9999766
10000071
10000912
9999107
10000820
10000443
10001665
10001290
10000893
10000881
9999568
9999911
10000697
9999194
9999578
9999963
10000589
9998568
9999186
9999584
9999275
10001334
9999878
10000196
10001014
9999533
9999360
10000887
9998856
10000372
10000214
9999454
9999133
10000233
9999163
9999487
9999411
10000844
10000204
10000661
9998794
10000377
10000430
10001354
10001212
9998875
9999853
10000097
10000768
9999603
10000906
9999728
9999125
9999573
9998016
9998785
10000689
10001305
10000146
10000584
9999755
10000438
9999591
10001013
9998913
9998138
9998744
9998984
10000959
9998974
9998558
10000012
10000260
9998283
10001462
9999043
9997943
9998586
10000663
10000100
10002160
10000760
9999396
9999114
9999108
10001036
10000828
10000042
9999972
9999416
9998179
10000136
9999332
9999594
10000225
10000624
10000487
10001213
10000401
9998915
10001708
10000472
9999876
9998164
10000681
10001652
10001834
10000813
10000720
9999257
10001198
9998561
10000412
10000975
9999072
9999174
10001839
9999458
9999126
10000144
9997516
10000369
9998361
10000373
10000056
10000700
10001293
9999059
10001704
10000806
9999915
10000102
10000477
10000344
10001910
10002808
9999763
9999821
9999315
9999658
10000123
10000562
10001317
9998942
9999256
9999103
9998147
10000743
9999405
9999538
10000491
10001738
10001232
10001093
9997974
10001027
9999123
9999969
10002928
9997702
9999282
10000375
10000719
10000925
10000230
9999469
10001015
9999513
9999921
9999164
9999671
9999745
9998868
10000831
9999552
9999959
9998522
9998540
9999651
10000523
10000895
9999616
9999412
10001092
10001039
9997404
10000265
10001181
10000151
10001178
9998328
10000869
10000096
9999897
9999952
10001308
10000615
9999771
9999890
9998664
10001272
10000107
10000578
10001266
10000398
10001742
9999430
10000427
9999831
10002074
10000439
10000406
9999329
10000692
9999038
10001568
10000172
10001323
10000600
10000020
9999079
9998936
9998797
10000901
10000356
9999719
10001482
10000794
10000963
10000076
9999102
10001452
10001869
9997913
9999907
10000922
9998352
9999826
9999506
9999463
10000871
10000597
10001560
10001359
10000420
10000942
10001555
10000156
10000896
9999476
10001370
9999299
9998986
9999532
9999802
10000981
9998958
10001174
9999768
10000864
10000355
10001051
10000496
10000924
9997877
9997912
10000098
9999588
9999572
10000293
10001117
10001752
9998764
10000359
9999927
9999442
9998219
9999825
9999039
9999565
9999893
9998201
10000567
9999302
9999334
9999917
10000737
9999938
10000902
10001847
10000194
10001314
10000647
9998255
10000557
9999331
10000091
10001538
10000162
9999270
10000234
10001109
9999515
9999722
10000807
9998237
10001184
9999429
10000585
10000152
10000644
10000093
10000550
9999765
10000564
10000251
10000029
10001661
10000148
10001664
10000882
10000343
9999916
9999492
10000964
9999939
9998886
9999534
10001554
9999736
9999016
10001522
10001574
10000264
9999569
9999930
10001411
10000705
10001991
10000134
10000742
10000436
9999464
10000095
10000683
10000953
10001003
10001132
10000011
9999433
9999615
9999940
9997397
9999608
9997343
9999595
10000752
9998836
10001470
9999827
9998849
9999444
9999273
9998821
10000070
10000133
9999598
9998973
9999748
10000460
9998615
10000457
10000340
10000053
10001271
9999340
9999007
9999808
10001300
9999101
9999583
10000761
9999514
9999795
10000164
9999449
10000543
9999711
9999251
9998581
9999076
9998542
10000276
10000294
10001599
10000659
10001223
9999786
10000566
9999645
10000241
10001173
9999981
9998060
10000031
10001612
10000165
10000193
9999075
10001933
10000468
10000684
9998477
10000007
9997965
9998634
10001360
9998107
9999800
9999197
9999371
10001126
9999992
10000002
10001055
9999177
10001960
10000500
10001974
9998761
9999770
10000363
10001340
9998839
9999523
10002013
9999850
10000450
10000111
9999110
9998845
10000077
10001040
9999452
10000424
10000529
10001898
9998934
9998903
9999641
10000905
9998538
9999812
9999566
10001866
9999762
10000166
9999252
9999834
9999757
9999668
9999986
9999629
10000799
10000754
10000669
10000559
10001413
9998243
9999413
10001041
10000778
9999200
9999738
9998602
9999081
9998771
10000078
10000187
9998825
9998943
9997837
10001420
10000382
10000884
10000271
10001373
10000209
10001220
9999517
10000989
10000381
9999730
9999494
10000351
9999259
10000068
10001389
10001534
9999084
10000048
9999779
10000143
10000435
10000010
10000970
10001227
9999383
9999450
9999398
10001994
9999456
10000297
9999504
10000764
10001484
10000338
10001720
9998508
10000040
10001252
10000231
9999311
10000414
9999691
9998284
10001081
9997883
10001356
9998874
9999406
10000941
9997232
10001028
10001471
10000346
10001211
10001295
9998985
9999937
10000587
10001986
10000385
10000138
10000298
10001675
9999044
10000592
9999914
10000086
10001605
9998345
10000702
10001528
9999829
10000352
9999704
9999613
9999354
10000250
9999381
9999170
9999871
10000840
10001400
10001615
9998382
9997942
9999700
10000735
10000781
9998970
9999855
10001423
9998866
9999858
10000206
10000333
9999885
9999817
10000232
10000259
10000062
10002387
9999069
9999310
9999753
10000278
10001192
10000417
9999666
9999399
10000255
9999964
10000442
10000397
9999390
10001019
10001189
9998534
9998159
10000057
10000189
9998109
9998046
10001056
9999431
10001199
10000785
9998286
9999362
10000539
9999438
9999157
9999146
10001892
10001388
10000287
10000463
9998450
10000531
10000289
10000541
10000517
10001924
10001350
9998674
10000486
10001135
10000786
10001868
9999030
10000776
9998419
9998265
10001245
10000001
10000879
9999857
10001208
9999640
9999215
9997930
9999497
10001175
10000628
9998807
10001557
9998238
9999562
9999689
10001209
9999484
10000695
9999929
10001888
10000323
10001402
10000540
10000446
10000475
9999663
9999321
9999065
9999912
10001120
9998676
10000762
9999161
10000626
9998863
10000469
9999378
9998453
9998814
9998818
10000654
10000125
9999983
10000425
10000454
9998929
9998604
10001446
10001788
9999742
9999527
10000267
10001240
9998924
9997829
10000245
10001141
10000512
9998281
9999621
10002208
10000602
9999401
9999357
9999525
9998418
10001468
9999593
9999607
9998921
9998736
10001595
9999784
10000051
9999710
10000499
10000088
10001137
10000224
10000448
9999118
9997980
9999341
9999833
9999788
10001059
10001257
9999581
10000321
10000476
9999012
10000119
10000485
9999614
9998944
9998626
10000242
10000610
10001579
10001127
9999892
10000547
9999291
10001639
10001231
9998311
9999988
10001186
9999326
10000815
10000394
9999168
10000285
9999403
9998783
9998713
10000299
9999737
9998507
9998952
9999973
9999670
9997588
9998123
9998667
10000878
9999495
9999659
9997872
10001004
9999544
9999936
9999144
9998653
9998119
9999895
10001790
10000944
9999386
9999602
10000037
10001767
10001264
10001431
10001445
10001367
10000000
9998947
9999342
9999135
10000779
9999818
10000503
10000268
9999535
9998560
9999462
9998967
10000019
9999516
9999436
9999424
10000603
9999042
9999443
9999657
9999207
9998767
9998800
9997751
10001221
9999955
10000474
10002820
9999894
10000286
10001432
10001750
10001712
9999791
10000569
9997953
10001726
10000185
10001512
10000537
9999648
9999891
9998933
9999366
9999935
10000519
9999296
10000281
10002078
9999958
9998183
9998710
10000115
10000023
10000842
10001563
10000266
9998190
9998587
10002534
9996821
10001417
9999760
9999846
10000534
10000865
9999797
9999085
9999772
9999242
9999877
9998652
9999646
10000306
10000480
9998433
10000449
9999159
9999201
9999284
10000353
9998700
10000017
10000744
9999091
10000913
9999128
9999624
10000150
9999214
10001775
9998425
9998844
9998378
9999087
9997469
10001879
10001287
9999199
10000220
10001216
10001655
9999570
9998607
9998100
10000791
10000891
10001219
9999577
10001048
9999678
10001715
9999466
10000302
10001833
10001774
10000451
10001582
9998269
9998870
10000634
9999848
9999685
9998129
9999662
9999701
10002156
9999501
9998644
9999049
9999216
9999367
9999655
10001296
9998975
9997748
9998459
10001224
10000159
10001177
10001070
10000334
10000858
10000690
10001364
9998959
10000691
9996813
10000130
9999567
9999824
10000591
9999725
10000038
10001516
9999397
9999279
9999327
9999223
10001709
9999638
9999557
9998148
10001518
10000876
9997506
10001511
9998220
10000680
10000058
9999228
9998244
9998927
9998407
10000662
9998738
9998285
10000560
10000714
10000445
10000933
10002271
9998194
10001689
9999807
10000295
10000886
10001407
10001319
9997365
9999373
10000158
9999962
10001187
9999162
9998672
10001049
9999031
10000422
10000818
10000478
10000877
9999860
10000581
10001488
10000676
10000092
9998938
9999293
10002496
10001799
9997836
9999681
9999961
9998448
10000464
9999185
9999129
9998510
9999746
10001247
9999956
9999245
10000563
9998550
9998661
9999642
9999233
10001249
9998027
9999900
9998876
9998489
10000316
10000176
10000462
10000969
10000670
10000336
10002191
10000025
9999888
9999994
9999490
9998509
9999754
10000379
10001119
9999212
10001203
9999446
10000956
10000396
9997100
10001332
10000650
10000498
10000032
10000890
10000553
9999759
10001108
9999840
10000141
10002144
10001376
9999175
9998647
10001808
10000790
9998899
9999919
9999680
9999249
10001500
9999751
9998225
10000182
9998909
10000342
10000073
9999132
9999842
10000236
10000847
10000122
10000625
10000015
10001542
9998098
9999320
9999606
10001298
9999090
9998071
10000142
9999863
10002348
10000081
10000572
9999372
9999978
10001524
9998084
9998787
10001322
10001835
10000308
10000988
9998196
10000080
10001591
9999358
9998777
9998640
9998978
10001152
9997707
10000455
10000757
9998312
10000052
10001816
10000892
9999324
9999597
9998434
10001812
10001412
9998628
10002001
10000239
10001034
10000974
10002017
10000384
9997910
10001616
10001883
10001276
9998137
10001214
9998099
10002138
9999511
10001269
10000153
9999169
9998850
10000219
9998658
10001895
10000627
10001798
9999005
10001532
9999475
10001292
9999654
9998427
9999493
10000168
9998666
10001451
9998722
10001033
10000777
9998436
10000618
9999932
9998860
10001949
10000256
10002341
9999034
10001404
9999337
9999580
9999356
10002131
9999071
10001686
10000262
9998660
9999708
9999000
10001562
9999423
10001352
9999997
10000973
10000801
9999804
9998796
9999063
10000746
10001156
10000660
10000120
9999176
9999432
10000022
9997688
9999136
9997602
9998881
9999265
9998153
9998646
10000370
9998504
10000936
10001115
10000440
9998898
9999649
10000867
10001026
10000565
9998743
10001392
9998669
10001865
10000470
9998389
10000972
10000018
10000318
10001654
10001609
10001618
10001762
9999481
10000365
9998316
9999747
9999045
10001090
9999731
10000495
10000489
10000950
9998461
9999966
9998185
9999346
10001084
9999058
10001303
9999196
10001433
9999262
10001427
9998705
9998360
10000542
9999261
9998651
9998791
10001830
9998519
9998188
10000324
10000640
10002591
10000129
9998177
9999556
10000126
9999823
9999870
10000656
10000928
9998090
10000977
9999948
9997076
10000426
9999869
9998940
10000109
10001171
10001382
9998357
10001393
9999100
9999714
10000226
10000738
9997579
9999389
10000274
9999976
9999977
10000991
10001714
9998490
10000937
9999522
9999363
9999526
9998617
9998735
9999780
9998815
10002112
9998778
10000710
9999352
10000280
10000555
9999427
9999121
9999735
9999650
9998680
10000116
9998701
9997611
10001250
9998659
9999003
9998685
10000701
9999179
10001309
10000291
10001913
10001552
9999789
9999055
9998499
9999946
10000184
9998136
9998922
9999349
10000065
9998999
10001872
9998083
9999985
10000290
10001225
10000292
9998969
9999147
9998564
9999904
10000173
9999417
9998088
10001758
10000775
9997597
9998421
10000726
10001023
9997572
10000706
9999173
9997468
10001843
9999387
10000576
10000631
10000169
9998287
10002288
9999472
9998443
10000582
9998991
10001980
9999440
10001685
9998359
10002038
10000678
9998919
10000824
10000041
9999845
10001781
10000211
10001439
9997636
10000246
9998231
10001204
9998733
10000303
10002649
9999611
9999886
10000998
10000458
9999445
10001164
10001095
10002076
10001071
10000090
10000852
10001491
10000510
10001318
10001454
10001966
9999635
10001029
10001483
9997924
9999115
10001660
9999550
9998770
9999589
10000411
10002845
9999089
10001000
9998812
10000822
10000160
9999951
10001307
9998888
9998121
10000763
10001011
10000614
10001148
10000296
9999139
9998851
9999193
9999505
9999225
10002783
9998893
10001730
9998227
9999306
9998725
9999559
10000380
10000490
10001403
9998127
10001256
10001472
9998757
10001573
10000079
9999384
10000083
9999485
10000571
9999634
9998011
9998160
9999478
10001734
9999669
10002565
10001760
10000228
10001306
9999947
10001670
9998010
9999404
9997553
9997952
10000305
9999288
10001983
10000788
9998600
10001559
10000927
9999866
10000861
9999377
10000063
9997918
10000145
10000943
10000874
10001759
10001549
10002093
9999874
9999380
10001374
10000993
9998143
10000638
10001217
9999283
10000549
9998492
9998769
9999619
10001339
9999294
10000526
10002020
9998547
9999240
10001270
9999543
9998349
9999903
9998333
9998786
9999190
10001263
9999942
10000049
10002304
10001628
9998966
10000617
10001229
9999460
9998394
10000652
10000509
10000118
9998176
10000072
10000216
9998732
10000419
9999971
9999970
10000415
10000986
10002125
10001633
10001493
10000201
9998554
9997687
10002332
10000403
9999720
9998789
9999237
9999555
9998606
10001353
10000611
9998337
10000174
10001371
10000979
10000466
9999046
9999859
9999773
9998465
10000520
10002423
9998611
9998682
9998686
9998742
9998573
10000885
10001124
10002406
10000672
10000441
9997963
10000535
10001286
9999104
10001620
10000094
10000747
10001138
9999949
9999074
9998900
10001706
9998315
10002184
9998521
9999080
10001904
9998189
9998649
9999906
9998663
10000622
9999269
9998030
10000335
10001012
10000809
9999280
9998976
9999524
9999124
9999908
9997861
9999309
10000516
9998261
10001233
10001273
9998689
10001086
9998625
10000008
9999998
10001116
10000046
9999868
10002045
9999067
9998793
9998979
10000300
9998578
10000671
10000686
10001780
9998066
10001083
9998610
10001419
10000131
10000749
10000590
10002019
10001899
10000527
10000910
9998931
9999639
9998843
9999488
10001566
9998166
10000859
10000505
9999928
9999109
9999622
9998948
9998916
10002165
10000157
9999862
10001045
10000914
10000135
10001103
10002363
9999799
9998832
9997991
9998514
9998162
10000734
10000934
10000929
10001823
9999068
9999531
10000675
10001235
10001349
9999519
9999142
9998972
10001047
9998768
10002340
9999451
10001253
10002454
9999117
10000833
10000320
9999617
9998413
9999418
9999793
10001806
9998790
9998392
10001611
9999208
10000217
9999026
9997873
9998854
9997795
10001827
9999512
10000198
9999491
9999098
10001571
10001421
9998928
9999323
9999238
10001447
9998830
10001875
9997228
9999382
10000546
10000551
10000679
9999702
10001076
10001474
9998039
9998968
10000329
9999395
9999004
10000360
9997455
10002126
10000718
9999047
10000985
9999867
10000180
9999388
10000685
9999498
10000252
10000014
10002146
10001656
10001867
10000339
10000723
10002626
9999317
9999509
10002219
10001683
10003089
9998904
10000447
10001756
10002252
10000035
10002061
10001871
10001002
9999350
9999744
10000341
10000722
10001261
9997476
9999195
10000792
10001207
9999178
9997470
9999585
10000243
9999729
9999219
9999926
10000604
9998698
10001415
10000935
9999467
9998955
10001911
9998398
10000931
10000599
10001874
9998729
10000978
9998801
10000195
10001005
10000712
10001679
10000958
9997966
10002315
10000967
9998730
9998455
9999062
10001743
10001024
10000830
10000961
9998293
9998391
10001248
10001668
9999705
10001658
9997834
10001226
9998202
10001125
9998619
9999392
9999693
9999819
10000183
10001430
9999359
10002155
10001106
9997970
10001193
9999073
9999274
9999836
10000945
10001586
9998341
9998233
9998435
10001992
9998541
10001696
9999724
10001313
9997285
10001146
9999934
10000848
9999437
10000632
9999180
9999792
9998691
10001073
9999447
9999620
10001995
9998882
10000524
10002297
9999278
10000825
10000484
10000456
10003062
9998937
10000579
10003778
10001197
10000479
10001380
10000409
10000004
10000855
10002421
9999637
9998980
10001958
10001693
9999636
9999630
10000908
9999187
10001527
9998971
10000376
9999297
10001159
9998780
9998165
10001569
9998367
9997558
9999560
9999633
9998299
9998878
9999025
10000784
9998819
10001436
9999422
9999300
9999313
9999944
9998633
10001336
9998813
9998776
9998987
9998062
9998703
9999696
10001301
10000899
10000202
9999810
10002187
9999394
10001749
9999507
10000328
9998533
9998135
9999777
9998415
10000124
10000642
9997880
9999082
9998914
9999077
10002117
9998809
9999236
9999040
10002474
10000728
9998131
9998749
9999338
9998086
10000301
10001347
10001396
10000583
10000263
10000508
9999661
9998880
9999694
10000331
10001764
9998446
9999036
9997463
9999816
9999355
9999999
9999035
10001460
10001907
10000026
9998307
9997003
10000149
10000350
10000639
10001604
10001018
10002137
10000358
9999811
9998496
10002396
9999841
10001278
10000968
9999643
9999539
9998495
9999419
9998739
10001289
10000655
9999605
9999370
9999844
9999023
10001624
10001372
9999815
9999181
9998363
10002023
9997982
10001567
9999644
9998754
9999056
9998440
9997659
10001643
9997899
9999571
9999592
10000349
9997560
10000054
9999140
10000488
9999851
9998154
9998324
9999289
10002068
10002307
9998639
10001185
9998512
10000926
9997975
9999351
9998242
9998256
9999599
10001094
9999243
9998720
9999767
10002397
9998414
10000392
9998751
9997889
10001311
10002113
10001405
9999909
10002457
9999989
10000319
10001218
9998438
10000699
10001206
9998334
10000203
10001649
10000646
9997816
9998679
10001923
9999158
9998583
9997985
9999957
10001547
9999037
10000114
9999798
10000730
10001234
9998249
9998747
10002158
10000736
9998918
9999674
9997921
10001636
9997426
10000866
9998961
10001589
10000137
9998930
10000748
10001366
9999160
10000179
10002585
10000688
10000711
9998864
9998343
9999596
9997614
10001891
9998458
10000911
9999470
9996289
10001176
9998527
10000797
10000493
9998146
9998420
9998289
9998036
10000536
9999408
9999579
9998058
10001282
9998711
9999740
9998926
9999210
9999612
10000434
9999683
10000069
9998326
10002030
10001644
9999882
9997698
10002115
9999933
9998268
10001692
9998457
9998468
10000854
9999116
10001495
10001228
9998297
9999152
10000514
9998584
10000034
10001851
9999664
9999682
10001667
10000698
9998762
9998032
9999435
9999547
10001954
10003349
9999875
10001017
9998506
9997169
10001100
10000465
10002004
10000841
10000745
9998472
9999707
10002259
9999376
10001822
9998065
10000921
10001238
9998897
10000060
10000835
10001998
10002087
10000304
10000900
10001530
9999420
10001455
9997326
9999400
10001857
10000682
10002134
10001825
9999277
9997653
9998118
10001362
9998125
10002222
9997951
10002865
10001284
10002389
10001596
9998675
10001182
10001886
9998895
10000213
10001025
10001112
10001179
10001600
9998858
10000395
9998906
9999828
10001299
10000140
10000863
9998167
9998358
10000843
9998598
10003184
9998340
9998169
10001912
10001304
9999813
9999987
10002177
10002092
10000613
10000416
10000483
10000823
10001068
10001144
9998245
9998709
10001836
9999489
10001107
10001097
9999246
10000313
10000983
9999122
10000838
9999347
9997801
10001728
9999764
9998463
9998264
10001046
10001246
9999561
10000402
9998636
10001815
9998310
10002404
10001327
10000101
9997956
10001810
9999980
10001968
10000677
10000948
10001143
9999852
10000606
9998412
9999120
9998688
9997781
10001384
10000113
9999499
9997518
10000284
9999276
10000709
10001021
9998692
9998041
10001074
10002107
9997700
9998074
10002268
10000471
10001479
9999455
9997882
9998163
10001251
9998612
9998795
9999549
10000388
9998259
10001469
10001312
9999308
9998618
9998411
10000759
9998992
9998565
9998766
9999048
10002552
10000210
10001147
9999913
9998569
10001713
9997606
9998308
9998080
10001440
9998102
10001065
9999318
10000930
10001329
10001724
9998896
9997383
9998595
9999625
10001020
9998267
10000188
10001122
9998524
9999923
9998908
10001703
9999712
10001424
9997386
9997591
10001170
9998833
9998614
10000995
9998355
9996169
10002264
10000772
9998150
9997642
10001699
10001061
9999209
9999990
9998454
9997697
10000139
9998981
10000405
10002088
9997705
9999743
10000673
9998956
10000649
9998408
10001113
10001626
9998917
10000163
10002533
9998130
9998182
10003178
10000248
9998462
10002744
9999013
10001955
9998373
10000917
9998405
9999734
10001543
9998282
10000800
9999632
9997484
10001478
9998597
10000067
10001638
10001406
10000386
10001401
9997718
9998197
9999967
10000872
10001133
10000312
10001477
9999477
9998847
9999546
9999286
9997896
10000704
9999717
10001140
9998376
10002063
10002109
9998716
10000817
9999676
10000804
10000197
10001155
9999709
10001832
10001677
10000121
10002100
9998869
10001979
10002506
10001297
10000538
9998526
9999369
10000850
9998838
10001476
10002098
9999183
9999165
10001129
10000575
10000732
9998748
9999564
9997643
9999304
9998437
10002186
9998253
10001570
9998784
10000753
9997895
9997992
10000731
9998802
10001416
10000932
10001950
10001031
10001801
9998810
9997917
10001154
10001201
10001779
10001927
9997319
9999154
9998624
10002031
9999902
9998960
9997852
9997914
9997018
10000221
9998038
9999145
9998229
9998001
10001889
9998082
9999673
9997502
10001310
10002325
10000317
10001598
10002172
9999953
10000170
9999260
10001938
10002270
9999052
10001553
9999088
9997105
9999009
10000024
10000994
10001121
10002111
10000006
10001629
9999554
9999319
10001088
10000810
10001705
10000432
10000515
10000277
10002535
10000270
10000834
10001602
9999984
10001463
9999718
10001884
10000976
9999211
9999361
10000725
9998827
9998877
10001361
10000636
10002234
10001429
9998599
10002167
9998590
10003418
9999344
10002384
9997112
10000544
9999167
9998272
9997402
9998707
10000522
9999325
9999924
9998523
10002451
9998428
10001909
10000693
10001096
9998531
9999364
9998995
10000946
10000513
9998232
10002188
9997060
10000637
10001680
10001344
9998756
9997036
10000106
10001486
10002035
9997869
10000999
9998715
10001814
10002654
9998582
10001375
9999061
9998374
10002090
9998811
9999665
10001630
9998755
10001905
9998834
9997055
9997928
10000696
10001787
9998262
10001123
9999706
9997278
10000089
9998982
10000588
10002079
9998451
10001506
9997706
10001657
10001196
9998015
9998020
9999672
9997189
10001346
10002241
9999051
9999832
9998726
10001163
10000554
10001275
10000621
10001399
10000741
10001840
9997253
10001180
10000651
9998112
9999093
9997860
9999095
9999787
9998171
9998513
9999675
9998773
9997382
10002008
9997996
10001777
10000996
9998276
9998491
10000418
9999545
10001691
9999287
10000507
10000003
9998240
9998546
10000190
9999235
10001274
10002353
10001414
10001032
10001145
10001510
10001593
10001701
9997947
9998734
10000756
10000664
10000393
9999865
10001355
9998128
9997268
9999229
10001625
9998623
9998302
10002511
10002014
9999776
10000104
10001494
10001873
10001428
10000904
9998957
9998493
9998221
10003538
9999943
9998501
9998483
9998690
9998563
9999945
10001503
10001267
9998193
10000982
10000868
10000938
10000330
10002530
9999873
10000793
10001662
10000643
9999385
10001409
9998386
9999468
10002538
10000803
9997754
9997933
10001105
9998460
10000154
10001091
10001410
10001230
9998208
10001262
9998332
9998714
9999151
9999610
9999975
10000556
10000525
10001167
10002365
10000444
9996914
10000593
10001338
10003267
10001001
10001826
10000862
9998234
10002183
10001619
10001057
10001357
10000227
10000897
9997551
10001022
9998403
10001390
10001513
10001485
10000954
9998620
10001942
10000389
10001210
10001505
10001818
9998865
9997662
9997595
9998910
10002157
10001326
9998823
10001961
9998288
10001172
10001523
10001971
9999965
9999884
9999241
10000724
9999453
9999761
9997178
9998447
10001450
9999960
10001418
10001085
9997321
9998774
9998993
10001448
10000966
9997925
9999148
9998200
9998883
10002272
9997524
9997647
10002275
9998002
10001504
9999920
9999409
9999328
10001521
9998520
10000332
10001110
9999330
9998295
9997972
9998668
9998723
10001202
10000920
9997233
10000545
10002994
10001784
9998366
10001009
10000812
9998998
10001735
10001099
10001831
9997075
9997976
9997292
10001502
10000873
10002034
10001613
9997577
9998094
9999461
9998037
10000821
10001294
9999092
10001597
10002426
9998500
10001397
10002084
10001733
10001565
10002292
10002250
9998474
9998424
10000337
10002162
9998441
10002122
9997562
10001539
9998511
9998798
10000348
10002064
10001016
10002303
9999314
9999070
10001647
9998574
10000811
10000657
9999508
10000368
9998962
10001635
10001244
9999996
10001053
10001490
10003168
9999172
10000374
10001627
9998101
10001464
10000766
9998740
9999254
10001855
9998149
10000957
10002226
9999271
10000780
9997283
10001333
10001467
9998857
9998320
10001634
10001850
10002832
9998230
10001861
9998365
10001551
9999889
10001102
10002095
10002455
10000518
10001572
9998195
9997857
9997919
10001853
10001391
9999184
9998473
10001408
9997960
9998704
9999053
10002436
9998579
9996699
9999982
10002214
9999298
10001982
10000200
9997538
9997726
10001947
9998525
10002033
10000739
9998186
10001917
9998746
10000558
9998156
9998848
9998488
10002625
10000528
10001320
10002450
9997008
9998018
10001914
10000594
10001166
10001606
10001802
9998417
9998687
9999111
9998862
9998432
10000829
9997822
10001751
10000694
9998750
9998051
10001151
9998466
9998199
9998431
10001200
10002852
9997608
9998605
10001044
10001254
10000755
10002739
10001717
10001442
10000552
9997354
10000971
9999425
10002677
9998964
10000846
9999224
9998946
9997226
10000609
10001067
10001324
10001335
9999587
9999623
9998593
9998487
10000816
10000826
10001489
9998806
9998907
9998571
10001999
10002042
9998535
9998890
10002294
10002246
10000413
9998765
9998997
10001515
10002080
9999221
10002120
10000727
9997752
9998630
10000132
9998517
10000619
10000099
9998824
10001671
9998350
9997555
9997855
9998603
9997961
10002153
10001931
10002334
9999536
9998278
10001945
9998559
9998949
10002028
10002347
9998859
9998006
10001622
10000949
10001465
10001740
10001697
9999974
10001903
9999695
9998792
9998852
9999156
9997594
10001621
9998941
9997853
9998894
10002154
10001729
9998025
10001856
10002110
9997741
9998346
10001136
10000782
9999106
10001946
10001757
9996851
10001131
10000923
9998117
10001546
9999239
9997279
9997893
9998067
10001770
10002351
9998665
10002178
10001030
9998203
9999343
10001901
10002806
10001379
9998252
10000016
9998911
10002229
9998323
10001255
9998861
10000666
9998781
9997513
9998385
9999905
9998505
10000965
10002044
9997068
9997224
10002018
10001008
9998336
10001395
9999335
9998775
10001778
9999575
10002094
9999137
10002685
9997227
10001882
9998375
10001718
10000580
9997507
9998085
9998871
10001258
10002256
10001846
9997658
9998648
9998706
9999809
9999019
10001188
9998048
10002147
9998608
9999094
9998841
10001614
10002326
10002632
10002296
10001969
9998885
10001906
9998174
10001548
10000952
10001089
10001114
9997876
9998236
9998057
10002231
10001645
10001422
9997900
9997983
10003449
9997694
9998567
9998657
10001540
9999847
10001541
9998932
9998362
10000880
10001183
10001215
9998464
10002785
9998887
10001786
9997848
9998043
9997881
9998364
9998994
10001381
9998693
9998643
9998291
9998402
9999339
9999015
9997763
9998452
9998708
10000951
10001681
10002251
9999222
10001377
10001805
9997556
10001842
10000453
10001926
9998816
9998719
10001996
9999206
9998920
9997001
9997477
10001236
9998277
9999365
10002393
9998275
10001169
10001768
9997462
10002062
10001804
9997903
10001343
9997359
10002182
9998301
9998226
9998114
10002097
9999010
9999290
9998557
10002089
10002479
10002015
10001610
9998627
9997325
9996421
10001453
10001481
9998338
9997993
9998331
9998741
9998008
9998537
9997731
10001937
9998485
10002065
10000708
10002433
9998799
9998122
10003105
9998804
9996934
9999202
10002475
10001149
10001341
9997082
9998935
10001260
10002221
9998258
9998996
9998274
10001746
9998840
10001288
9999002
9998399
9997803
9998047
9999227
10002007
9998529
9997821
10000103
10002731
10002282
10002380
10001848
10001915
10001280
10001928
10001575
9997742
9999601
9999230
10001387
10001772
9997859
10001588
9998314
9998072
9998426
9998528
9998536
9997563
10001773
10001687
9999166
9997414
10000984
9998215
9998609
9998752
9997716
10000721
10000481
10001337
10000633
9997681
9998580
9998178
10001716
10001368
10003396
10002300
10002512
9996810
9997500
10001473
10001607
9999006
9998445
9997331
9999189
9999803
9999518
10001577
10002233
9997051
9998207
10001765
9997858
10001437
10001394
10002213
10000648
9998515
10000990
9998318
10002052
9999839
9998292
9998826
10001890
10001838
10001441
9998467
9998329
9999483
9999001
10001990
9997758
9998829
10002011
10001852
9997603
10001475
9999590
9998728
9998273
9999307
9998655
10002223
10001929
10002633
9999749
9997990
10002205
10001529
9998449
10003546
9997757
9999303
10002367
9997529
10000497
9998828
10001496
10002477
9998055
9998782
10001795
9999922
10001711
9997251
9997125
10001241
10001386
9999563
10002346
10002036
10001302
9998322
9997827
9998235
9997922
9998566
10001975
10001331
9999474
9998585
10001342
10002253
10001659
9997010
9997311
10001870
9998717
10002795
10001082
9997725
10001161
10001561
10001190
10002490
10001642
10001142
10002151
10001841
9998727
10001920
9998763
9998842
9997072
9998033
10001918
9998034
10000362
9997013
9997140
9998670
10001498
10001922
10002085
10001118
10002333
9998187
9997546
10001719
9998889
10002607
10001978
9998471
9998753
9998409
10002040
9997802
10001721
9997686
9997729
10002399
10001545
9998442
10002086
10001824
10002953
9999248
10001497
9998549
9997851
10001581
10002848
9996970
9998673
9998180
9997988
10001191
10002567
9998592
9998354
9998078
9998631
9998817
9998356
10000770
9998835
9998697
10001953
9997630
10002200
10001435
10001438
10002382
10001079
9998872
10002022
9999628
9996704
10001844
9997984
9998116
9997691
9998879
10002693
10001590
9997248
9998216
9999407
10000787
9998089
10001139
10001878
10001828
9998530
10002255
9998588
9997391
10002453
10001710
10001363
10001520
10001673
9997667
10001666
9999029
9997839
9999204
9997454
10002267
9998093
10000494
10002460
10001550
9998040
9998012
10002243
9997526
10001195
10001157
10001153
9997696
10002016
9997520
9997568
10002620
9998662
10001064
9997954
10002309
9998873
10001745
9997730
10001637
9997936
10001456
10001941
10003082
10001383
10001739
9998422
10001732
9998990
9998181
9999021
10001737
9999141
9998539
10001731
9998241
10002696
10002586
9997593
10001509
9997633
9997728
10000357
10002747
9999480
10000570
10002469
9997931
9998192
10002179
10001328
9998228
10002130
10001608
10002570
10000237
10001525
9998494
10001957
10002894
10002668
9997599
9997884
10001881
9997652
9998548
10002417
9997784
10003323
9998476
10001887
9998724
9998049
9998309
10001876
10001925
10000595
9998645
10001601
10001487
9998805
9997533
9997547
10002409
10002204
10003372
9998170
9997832
9998470
10001792
10001744
10002694
10001761
10001425
9998983
10001722
10002073
10002328
10002159
10002560
9998486
10002531
9997915
10001864
9997266
9998260
9997907
9997830
10001434
9998059
10003206
9998416
9999521
9998760
10002355
10001239
10002141
10002070
9997380
9998758
10001970
10001514
10001821
9999017
10002390
9997376
10001111
9997796
10001443
10001594
10001952
9997583
10001519
10001358
9996583
10002143
10002710
10001987
10002703
9997856
10001330
9999510
10001291
9998007
10002480
9997447
10001754
9999113
9998022
10002647
9998855
9998070
10001365
9998570
9998132
9997770
10001060
9998393
10001632
9997878
10001684
10002003
10001702
9998737
9998387
10001564
10002358
10001755
10002737
9998368
9998210
10002169
9998965
9998250
9998555
9998217
9997929
9997540
9997934
9997641
9998335
9996737
9997863
10002060
9997732
10001449
9997525
10001160
9998009
10002077
9998406
9997536
10000586
10000400
10001587
9997617
9998575
10003854
9997888
10001896
10001837
9998695
10001641
10002261
9997610
9998779
10000814
10002096
9997997
10003079
10001930
9998013
9997740
9997825
9997062
9998556
9996967
10001939
10002196
9998348
10001533
9997964
9997765
10002907
9998479
10003116
9998551
9998502
10002012
9997408
10002106
9996905
9998423
10001785
10002235
9997723
10002051
9999041
9997505
9997521
10002546
10002602
10002291
9997835
10002311
10002209
9998019
9998622
10001698
10002210
9998198
9997166
10001897
10001919
10002198
9997309
10001508
10003282
10002513
9997967
9996920
9997437
10002032
9997797
10003167
9998562
10002698
10003086
9998469
9998023
10002791
9997866
9997649
10002335
10002657
10002239
10002321
9997955
10001817
9997581
9998172
9997443
