2501819
2500422
2498816
2499150
2500234
2499166
2498876
2499645
2501049
2499849
2500825
2500739
2498858
2499884
2499449
2500883
2499224
2500016
2499590
2498535
2500384
2500349
2499287
2499201
2499238
2499675
2499189
2499443
2499442
2500190
2498799
2500241
2499210
2499953
2501140
2501104
2498509
2500027
2499754
2499919
2499864
2499997
2498266
2500655
2499744
2499956
2500161
2498624
2500210
2499732
2500156
2499899
2499601
2498150
2499565
2501141
2498577
2499777
2499705
2499248
2501950
2500924
2497427
2498580
2499960
2500356
2499389
2501634
2499459
2500514
2500586
2501287
2501057
2498362
2499888
2500426
2499799
2501129
2498874
2500738
2499949
2499468
2502001
2499362
2500585
2499874
2499695
2499652
2503117
2499250
2499011
2499711
2501190
2500520
2500523
2500555
2499161
2499125
2501864
2500013
2499719
2499634
2498514
2499660
2499329
2500378
2501181
2500206
2500438
2499975
2500581
2500002
2501331
2499182
2499485
2501490
2500402
2502157
2501461
2500979
2501030
2500160
2499828
2500753
2500148
2500158
2499817
2500619
2499748
2498978
2500334
2500202
2499800
2500017
2499551
2499230
2500651
2502020
2501554
2500460
2499794
2498619
2500788
2500709
2501120
2501154
2500706
2500205
2500498
2499937
2499064
2500526
2501659
2498350
2498476
2500743
2500807
2501477
2500135
2499538
2500669
2499564
2502392
2500901
2501214
2499501
2499557
2499841
2499451
2500519
2497960
2499369
2500217
2500702
2499313
2499262
2500954
2500388
2500935
2497849
2499060
2498430
2501495
2499477
2500399
2499600
2501059
2500623
2499957
2500937
2499989
2498770
2499513
2498847
2501239
2500629
2498494
2498682
2499048
2499397
2499753
2499032
2498921
2499690
2500925
2500095
2498072
2498171
2502665
2498797
2501176
2500314
2501474
2498765
2501385
2499830
2499575
2497103
2499186
2501308
2500051
2498424
2498083
2500166
2500290
2500248
2500099
2501419
2499578
2500106
2499811
2500272
2498743
2501139
2501407
2500897
2500065
2498365
2498967
2500243
2499509
2498502
2500551
2499606
2498368
2498751
2500274
2500695
2500582
2499055
2499642
2500355
2499086
2499623
2500844
2501531
2500466
2500333
2499303
2499673
2500163
2499279
2498880
2501010
2499805
2500131
2501549
2500154
2500036
2498253
2500821
2500179
2500153
2499696
2499566
2500119
2500050
2501521
2499883
2499771
2501397
2500159
2501042
2500244
2500145
2502200
2500006
2500963
2500978
2498786
2500228
2496606
2500811
2499854
2500840
2499829
2500411
2498805
2500541
2498312
2501320
2498801
2500041
2498980
2498706
2499239
2500368
2501300
2499143
2499704
2500462
2500958
2499655
2499109
2499644
2500242
2501290
2500995
2500112
2500722
2500352
2497915
2499934
2498612
2499668
2502368
2500102
2499868
2500023
2499050
2499990
2499263
2502421
2499078
2500277
2502097
2499172
2498513
2498610
2500727
2501721
2499930
2499100
2499205
2499573
2500686
2500536
2500229
2498806
2500335
2501068
2500464
2500287
2499396
2500533
2501716
2498216
2499344
2499928
2501771
2498588
2502787
2501723
2500997
2499115
2501131
2500750
2501503
2500787
2498073
2500812
2499757
2501194
2499987
2499089
2500306
2500575
2498732
2499922
2500853
2499740
2500235
2499995
2501119
2500295
2501286
2500200
2500733
2499131
2498860
2499979
2501424
2500916
2500524
2500793
2501322
2501404
2499511
2500340
2501697
2498948
2500252
2498313
2500310
2499247
2500124
2500500
2501472
2500553
2499900
2501533
2500000
2499620
2500476
2501047
2501005
2501007
2501338
2499725
2500988
2499054
2499869
2500468
2501215
2498539
2499406
2498960
2501203
2498703
2498819
2500421
2499624
2499983
2499589
2498854
2499924
2500492
2501088
2498468
2501550
2501249
2498778
2501421
2500126
2498129
2500001
2501418
2500602
2500208
2499931
2500455
2500305
2501089
2502280
2500260
2500509
2501056
2499500
2500364
2500666
2504489
2499967
2500671
2499253
2501326
2499788
2500863
2496694
2499300
2499117
2499561
2500879
2499715
2500918
2499891
2499635
2499391
2500134
2499030
2501852
2501097
2499586
2501613
2502069
2500141
2499475
2498753
2500132
2499866
2499699
2500397
2500226
2500382
2501135
2502296
2498070
2499114
2499808
2499738
2502543
2501921
2500245
2499104
2499681
2501017
2502869
2499925
2500445
2501137
2499903
2498670
2500348
2498590
2501085
2501620
2501026
2499282
2501205
2500490
2501035
2499818
2500837
2501342
2499776
2499139
2498252
2499071
2501722
2501306
2501339
2501277
2499825
2499385
2499489
2499763
2500567
2499761
2498283
2501367
2501055
2500843
2499448
2500540
2500354
2500371
2500056
2499702
2500459
2499412
2500495
2498834
2499982
2500128
2499628
2500199
2499862
2499112
2500026
2500489
2499457
2500865
2500181
2500658
2499596
2498387
2499159
2499042
2500930
2499659
2500874
2497813
2499605
2500201
2500626
2501332
2500358
2498480
2501585
2500053
2498631
2500136
2499394
2500232
2500169
2499383
2499002
2500085
2499423
2501625
2500769
2500015
2499526
2498936
2500846
2498357
2501163
2499488
2499553
2499550
2500624
2499619
2501284
2499031
2500286
2499355
2498052
2500457
2499067
2498698
2500675
2500191
2501292
2499280
2499052
2498327
2500893
2499775
2499439
2499970
2499698
2499381
2501633
2498034
2502188
2500684
2500037
2500894
2498943
2501039
2499943
2499292
2499325
2499543
2499360
2497486
2501226
2500584
2498212
2500444
2498507
2501924
2502396
2499426
2499335
2500915
2501957
2498518
2500596
2501562
2500192
2500204
2500648
2500012
2499731
2499364
2501028
2498719
2500283
2499240
2499229
2502427
2501033
2499524
2499909
2500318
2499969
2499430
2497440
2497591
2498683
2499994
2500680
2499654
2501856
2499444
2501209
2499661
2499801
2499820
2501481
2501334
2499948
2502236
2499120
2500574
2499458
2500230
2499259
2500008
2499857
2501737
2502778
2501494
2498640
2500668
2500222
2501931
2499568
2500705
2499363
2499783
2498763
2498557
2501758
2499119
2498429
2498442
2499852
2498789
2499295
2500024
2498900
2500618
2499463
2500157
2499658
2501323
2500957
2500783
2498767
2497306
2499347
2499650
2498881
2499861
2499149
2500416
2500165
2500614
2500319
2499272
2501755
2499309
2500641
2500194
2499723
2498069
2501173
2499012
2499013
2500233
2501269
2500414
2499266
2499976
2499548
2498097
2500517
2501156
2501762
2500748
2501034
2500133
2499618
2500195
2500193
2500239
2500224
2500456
2499682
2499749
2499377
2499918
2500203
2500268
2501887
2500175
2500685
2500188
2498206
2499933
2499094
2499555
2500254
2498709
2500616
2500870
2500429
2502022
2499029
2501234
2500213
2500565
2500759
2498722
2500544
2500845
2500487
2500832
2498035
2500058
2500180
2499920
2498811
2500104
2500688
2499256
2500564
2500824
2498845
2499438
2498366
2499734
2499721
2499562
2500776
2499061
2499588
2502369
2499331
2499876
2500052
2501333
2499436
2499893
2499850
2499536
2500698
2501663
2499351
2500071
2498991
2500465
2499563
2500401
2500269
2499984
2499445
2500678
2500943
2498591
2501571
2499768
2500441
2500786
2499996
2501911
2499591
2501411
2499023
2499215
2501018
2499225
2500265
2497963
2500550
2501347
2500699
2499365
2498741
2501687
2501075
2500168
2500682
2499621
2499476
2500282
2499342
2501225
2501741
2498768
2500144
2498892
2501818
2500931
2498818
2501892
2499431
2500875
2500855
2498565
2499321
2500835
2499855
2500366
2500657
2498961
2498990
2499954
2499372
2498582
2499913
2499677
2497463
2499494
2499626
2500857
2497834
2499343
2498930
2499961
2500939
2500315
2501440
2500804
2499980
2499039
2500745
2500971
2498550
2499646
2498030
2501045
2500377
2499009
2501656
2500545
2501897
2501090
2498155
2501289
2498330
2499680
2498659
2500784
2501058
2501583
2499212
2498552
2502266
2500796
2500301
2499926
2498681
2500019
2499324
2499911
2499345
2499823
2499088
2499873
2500717
2500312
2500070
2499853
2499840
2501362
2501117
2501570
2501660
2501651
2497851
2501358
2501400
2497889
2498701
2501102
2498289
2500021
2500404
2500138
2502128
2499824
2500392
2500375
2500090
2500393
2498240
2500424
2499235
2497584
2498446
2501025
2498879
2501029
2500778
2499153
2499349
2500316
2500236
2500369
2499074
2501206
2496885
2501063
2499837
2500609
2500968
2499843
2499679
2499887
2499151
2499516
2499593
2500477
2500936
2498798
2500557
2499750
2501444
2500898
2501502
2498301
2499631
2500559
2498547
2502442
2499401
2500249
2500834
2498937
2500527
2500054
2498087
2499594
2501484
2498730
2500700
2499767
2498907
2496926
2500413
2499165
2499518
2499678
2499533
2500866
2500777
2499453
2500171
2499611
2499627
2500562
2499507
2500770
2498657
2500909
2497401
2501509
2498611
2500982
2501008
2498661
2500781
2498355
2499233
2499334
2501013
2499062
2501345
2500813
2500653
2499923
2502387
2498238
2499455
2500285
2500513
2501640
2499341
2500039
2500080
2499469
2501105
2501410
2500538
2500644
2500501
2498264
2497762
2498846
2499674
2498181
2499193
2499099
2499484
2500654
2499579
2499486
2499049
2500973
2498505
2500035
2501937
2499797
2500066
2500326
2500374
2500003
2499376
2499791
2500304
2501401
2501760
2500069
2500972
2500361
2498919
2500109
2497923
2500454
2499135
2499373
2498938
2498299
2501038
2497804
2499471
2501116
2500892
2500174
2501504
2499330
2499610
2499405
2500880
2501664
2497959
2499945
2501246
2500628
2499446
2501508
2500346
2500593
2499152
2500162
2500320
2500410
2501188
2499672
2499713
2497622
2499914
2501442
2500725
2498503
2500381
2500860
2499936
2500137
2497593
2500549
2499474
2499780
2499959
2500108
2500390
2501610
2499277
2501870
2499209
2501786
2500687
2499357
2499935
2500278
2499116
2499641
2501266
2498864
2501072
2499966
2498420
2500999
2499558
2502198
2499537
2499527
2499367
2500292
2498629
2500167
2497785
2500573
2501572
2499847
2499190
2500907
2503017
2498555
2499371
2501006
2501301
2501046
2498408
2499236
2498828
2499712
2500129
2498351
2499425
2500300
2499556
2499035
2500434
2499872
2499286
2499707
2500799
2498861
2501084
2499400
2500294
2500407
2499531
2500534
2502429
2500636
2500713
2500908
2499214
2497553
2499514
2500861
2497085
2500486
2501826
2501450
2500045
2498972
2498472
2499603
2500216
2497548
2499390
2501180
2500491
2499517
2500810
2499687
2501136
2501082
2498183
2498839
2498915
2500716
2499836
2499454
2501700
2500676
2497373
2499506
2499796
2499774
2498008
2502108
2501375
2501413
2500372
2500449
2499582
2497949
2500920
2500749
2499483
2498319
2499856
2500343
2501199
2500780
2499163
2499255
2499993
2499756
2502660
2499491
2500207
2499110
2499378
2499894
2501291
2499495
2500164
2499001
2498841
2498117
2499803
2499835
2500637
2500660
2497777
2501736
2499130
2499237
2499809
2500155
2500341
2499842
2501361
2502144
2500383
2500606
2499092
2500237
2499901
2500731
2499693
2500394
2500062
2501195
2501958
2499418
2501022
2501121
2500912
2501380
2498677
2498714
2498790
2500751
2499832
2500049
2500072
2499278
2500905
2499940
2501904
2499197
2499260
2500337
2500886
2499718
2501626
2501989
2500775
2500991
2498457
2500344
2499860
2500373
2501019
2499544
2501704
2501150
2501969
2498558
2499760
2499662
2501070
2498638
2500100
2500903
2499755
2499249
2499770
2500594
2500580
2500511
2501112
2498923
2498447
2500184
2498822
2501849
2498526
2498544
2498207
2501365
2498223
2498623
2501228
2500084
2499912
2499274
2500288
2498877
2499322
2498963
2502613
2502449
2499047
2499191
2500506
2501189
2500556
2500499
2500926
2499772
2497596
2500403
2501243
2498865
2501248
2498395
2500081
2501153
2500113
2501857
2501177
2500291
2498088
2500803
2499222
2498396
2501529
2498584
2499986
2500151
2502338
2498986
2501501
2500741
2500114
2498713
2499097
2500251
2498277
2500473
2498815
2500588
2499374
2500806
2502071
2499307
2501081
2500735
2498918
2499273
2499848
2499429
2500647
2498065
2499177
2499741
2500719
2500325
2499304
2499804
2498504
2501885
2503284
2499310
2500042
2500746
2502105
2499276
2500263
2499220
2499580
2499080
2499585
2500969
2499155
2499180
2500911
2501328
2499577
2500591
2500450
2501204
2501051
2498225
2499340
2500904
2498774
2501093
2501125
2498265
2498210
2500264
2500577
2500067
2501168
2498981
2499005
2499726
2499762
2499437
2499710
2500442
2499470
2499420
2500011
2502150
2500583
2500266
2500815
2498489
2498060
2498843
2500479
2500859
2500330
2500650
2498794
2500436
2500261
2499075
2500868
2497950
2500302
2497453
2498575
2501965
2498603
2499428
2499769
2497968
2501221
2500271
2500018
2499227
2501043
2499981
2501466
2499747
2499572
2499807
2501638
2500365
2500833
2501302
2500040
2499795
2498607
2500415
2499127
2500819
2499388
2498745
2500116
2498609
2501148
2499417
2500975
2499416
2500197
2500293
2501201
2498138
2500297
2499015
2501340
2499545
2498979
2501767
2500275
2500512
2498455
2501670
2499415
2500142
2500691
2498316
2499353
2500060
2499974
2501960
2500805
2499384
2500677
2498574
2498458
2499649
2498804
2500425
2501837
2502094
2498614
2498852
2498853
2498593
2498348
2501015
2502199
2500850
2498932
2499746
2501021
2500327
2498650
2502178
2500976
2499283
2500094
2498792
2499398
2501439
2500652
2499087
2500558
2499520
2501330
2498849
2499597
2500400
2501261
2499871
2501928
2500809
2499821
2500281
2498499
2498733
2500117
2499880
2500656
2499902
2500046
2501780
2499671
2501470
2499616
2501691
2500329
2500020
2501690
2499387
2500417
2500607
2498823
2500605
2500977
2500530
2499297
2500152
2498888
2500279
2500196
2501267
2501672
2500849
2500952
2501230
2499739
2500470
2501451
2499432
2501420
2500079
2498686
2499709
2500177
2500634
2499036
2500617
2498802
2499301
2500563
2499460
2498019
2501543
2500692
2500858
2499289
2499254
2500590
2499787
2499867
2501874
2500521
2499198
2498838
2499720
2499021
2500885
2501087
2500437
2498218
2501642
2500771
2498579
2499895
2501372
2500183
2499059
2497654
2496650
2500814
2499692
2499226
2502259
2500570
2501024
2501377
2499622
2500576
2501171
2499332
2501678
2499598
2496295
2499947
2499077
2499927
2500928
2500211
2500645
2498280
2499241
2498249
2500613
2501452
2501370
2498371
2498827
2501304
2498121
2498656
2498165
2500472
2498851
2501861
2499952
2499743
2501469
2500307
2499137
2501109
2501800
2501196
2501256
2502411
2500726
2501809
2500766
2501223
2503092
2499782
2498824
2498672
2502013
2500508
2501027
2502330
2499315
2497802
2499216
2500798
2498263
2499779
2500231
2499081
2500974
2500458
2498428
2500639
2501250
2499207
2500258
2498920
2499404
2499267
2501288
2500475
2501491
2499781
2498273
2498678
2502827
2500227
2498586
2499971
2501900
2501523
2500729
2498944
2498164
2499510
2500764
2498715
2499522
2499306
2501114
2498599
2499456
2500504
2501548
2501586
2499523
2500630
2501705
2498551
2498724
2500987
2498951
2501560
2499529
2499985
2499665
2498246
2500332
2500172
2500031
2498807
2501590
2500110
2499560
2498421
2499358
2498633
2498889
2501427
2501821
2500097
2499175
2500146
2498394
2499051
2502038
2501739
2500818
2500693
2498524
2497684
2500646
2500828
2499802
2500961
2500631
2500389
2498508
2503508
2498664
2500516
2496869
2501915
2500115
2500718
2498671
2500887
2499897
2500032
2498495
2501695
2500664
2498237
2499339
2501004
2500223
2501579
2498863
2501113
2499559
2500867
2499916
2499195
2501383
2498942
2499434
2499651
2500836
2499666
2500820
2499183
2501143
2501294
2499942
2499877
2500078
2501298
2498832
2498933
2500852
2498053
2498287
2499111
2499834
2502422
2501768
2498045
2499070
2499057
2497361
2500929
2500789
2500270
2499043
2499492
2497797
2498787
2501770
2500321
2498527
2498769
2499136
2501689
2500092
2499892
2501200
2497176
2501174
2499427
2501399
2498435
2498910
2501499
2500592
2501108
2499257
2501425
2499724
2498903
2500452
2500899
2499764
2498443
2497558
2499810
2499473
2501652
2499320
2500127
2501138
2499669
2498415
2501988
2498131
2501948
2499480
2497746
2500150
2500560
2499683
2500792
2499079
2502276
2499312
2500597
2498391
2498423
2499386
2499599
2499604
2499171
2499411
2498460
2501185
2500747
2501514
2500089
2499107
2500742
2498775
2500009
2499299
2501729
2500704
2502913
2499907
2498451
2502310
2499336
2499271
2500967
2498170
2502088
2498307
2500795
2499944
2500808
2497908
2499549
2499034
2501657
2498883
2500965
2500970
2500535
2501172
2498893
2498996
2500324
2500118
2500186
2500579
2498968
2499221
2502151
2500317
2499879
2498773
2501016
2501065
2499851
2500665
2498728
2501568
2502246
2498632
2501611
2499479
2499647
2498013
2499499
2502044
2500884
2498658
2498378
2498332
2499584
2498300
2499169
2501445
2498646
2500451
2497145
2501647
2500888
2500938
2501607
2498761
2499305
2500485
2502526
2502612
2500074
2498352
2499008
2501245
2500919
2498434
2498829
2501369
2502363
2500690
2501680
2501393
2501893
2499938
2501519
2501505
2498520
2498945
2500546
2502191
2499296
2500785
2498756
2500873
2500256
2501785
2500941
2499728
2499653
2498309
2500209
2500505
2500600
2499552
2499882
2500296
2496950
2497657
2502417
2498674
2498548
2498481
2501668
2500744
2498922
2501596
2500674
2501588
2500547
2501602
2498268
2501031
2500077
2498029
2501578
2500143
2498444
2500267
2501510
2501011
2499759
2501134
2500578
2498998
2498203
2501753
2499831
2501376
2501463
2500848
2500761
2499733
2500862
2500595
2498690
2501628
2499316
2501073
2500528
2497781
2501207
2501618
2500101
2499790
2501630
2501979
2500367
2499632
2499951
2500107
2498197
2500683
2499323
2498688
2500625
2502408
2499515
2499402
2497717
2501130
2499540
2500510
2501964
2501149
2500598
2499846
2500140
2498012
2500178
2500218
2500964
2499245
2500247
2500029
2500802
2501811
2498501
2499700
2499124
2496015
2502955
2501211
2501926
2499742
2500482
2498911
2499016
2500986
2500572
2499908
2499567
2500779
2501392
2499084
2500962
2501745
2500398
2498950
2501258
2500673
2500469
2499350
2499998
2501264
2501551
2500990
2501244
2499076
2499863
2499736
2500360
2502301
2497173
2499188
2500048
2500697
2499370
2499298
2500587
2499813
2500869
2499870
2500552
2497887
2502573
2501098
2500082
2499368
2498541
2500816
2499656
2498901
2498973
2500345
2500662
2499498
2500774
2500064
2500826
2499041
2499962
2499684
2498740
2501381
2498796
2500005
2501500
2500022
2498533
2498814
2500068
2499326
2500014
2498916
2499663
2498600
2502277
2501653
2500091
2501416
2500507
2501317
2498833
2498380
2498537
2501403
2498710
2500098
2498771
2499617
2500484
2500419
2498859
2499091
2500871
2500221
2501023
2499158
2498826
2500299
2500096
2500433
2498007
2500028
2499450
2497904
2499129
2500185
2501077
2499359
2499530
2499481
2499878
2499637
2499890
2499904
2502339
2500932
2500075
2497878
2501624
2500998
2501111
2499098
2498595
2500599
2499302
2499187
2499375
2499657
2500851
2500529
2498866
2501982
2501217
2499132
2499393
2500758
2500376
2498259
2498308
2499261
2499318
2500712
2498192
2499819
2500103
2497704
2501603
2501677
2501283
2499072
2497615
2498585
2499275
2499354
2499633
2500478
2499570
2500427
2498952
2500253
2500220
2499465
2500763
2499670
2499730
2500120
2501009
2500949
2499113
2502372
2497271
2499502
2500917
2501091
2502766
2498310
2498641
2498831
2500494
2499512
2497131
2501145
2500480
2500872
2498707
2498962
2498810
2501213
2499200
2501079
2499174
2498135
2501355
2499676
2502107
2500088
2501311
2498917
2497609
2500608
2501064
2499609
2499826
2499019
2500622
2500947
2501682
2497075
2499778
2498620
2499629
2497379
2498229
2498583
2497357
2499625
2499896
2501825
2501959
2500768
2501069
2500139
2498673
2498779
2501106
2497554
2499138
2497650
2501012
2501742
2498596
2497137
2501673
2499822
2497534
2499917
2501441
2502117
2501270
2500176
2500737
2499063
2502182
2498840
2498896
2500980
2499716
2499033
2498538
2498685
2497767
2498569
2498652
2502103
2498178
2497104
2501202
2500765
2498684
2500881
2497685
2500280
2499382
2498639
2498140
2500447
2502143
2499203
2501844
2499784
2497993
2500440
2499134
2501353
2499964
2501614
2501794
2498931
2499223
2500431
2502381
2500956
2497982
2499574
2499441
2501053
2500569
2498279
2500539
2498718
2500649
2500589
2499630
2501371
2498764
2498735
2498997
2500715
2500842
2500446
2499541
2500878
2501627
2499242
2501197
2498486
2500838
2500448
2499815
2499194
2499978
2501050
2499706
2500418
2499542
2498349
2499154
2501086
2502225
2498606
2499105
2501769
2500409
2501832
2499806
2501712
2498564
2498407
2499885
2499958
2499352
2501792
2497569
2497771
2498615
2499613
2500313
2501178
2500083
2499407
2499946
2499833
2500708
2499737
2498929
2501415
2501592
2499356
2499539
2499018
2500801
2500322
2501740
2501595
2501749
2500864
2501262
2498361
2498461
2499858
2501389
2499361
2501823
2496757
2500289
2498617
2502496
2498909
2500611
2499338
2497715
2500876
2501542
2501487
2500730
2499534
2500561
2499865
2501552
2500496
2499583
2498256
2499433
2499525
2499022
2500412
2499419
2501765
2498184
2501591
2496296
2500800
2501319
2498748
2499133
2498452
2503006
2498785
2499789
2500359
2498857
2502231
2499608
2498983
2499337
2501313
2500829
2498884
2500189
2500130
2498392
2498570
2500428
2499232
2500754
2499217
2496548
2500215
2501210
2498512
2501894
2501600
2501553
2500701
2500543
2497730
2500043
2499208
2499886
2502292
2501183
2502187
2498954
2498560
2499410
2500989
2497919
2498605
2501824
2498275
2498867
2499554
2500537
2499939
2498694
2497823
2498780
2500259
2502634
2498333
2498578
2497985
2500723
2498762
2500087
2500992
2499414
2500187
2500640
2499752
2498571
2501062
2500391
2498081
2498360
2501812
2500672
2500225
2499697
2501276
2501162
2499814
2498781
2497668
2498976
2499955
2499244
2501179
2499422
2500423
2501446
2498906
2499403
2500566
2501192
2499069
2498235
2502059
2502972
2500714
2500773
2498667
2501238
2498325
2498211
2499638
2499145
2499472
2500034
2498597
2499988
2502007
2499505
2500960
2501684
2498523
2499073
2498655
2502033
2498589
2501535
2500993
2500856
2500276
2500379
2500396
2498820
2498381
2501681
2500328
2499447
2501669
2499285
2500061
2501839
2499211
2497922
2500620
2499694
2501992
2498848
2499413
2499082
2499490
2502604
2501772
2498598
2497618
2499218
2500493
2496983
2499921
2501898
2501828
2499576
2499167
2499703
2501556
2501146
2502218
2499519
2501479
2498696
2497161
2501327
2500057
2502189
2499745
2499965
2499106
2501868
2499751
2498490
2499581
2500182
2501575
2502564
2498401
2501963
2501878
2502158
2499366
2498821
2498803
2499508
2498882
2502480
2500679
2500439
2499816
2500033
2500219
2501218
2498734
2501052
2499785
2499440
2498322
2499053
2500303
2499268
2498905
2500093
2499056
2498016
2501408
2497897
2500385
2501843
2500663
2501233
2498587
2501707
2498871
2501260
2500055
2497616
2502037
2499839
2500481
2499722
2497858
2498691
2500921
2499758
2498187
2500105
2501388
2499932
2499905
2500757
2500073
2501092
2498553
2498089
2502066
2498328
2501354
2501066
2499773
2500483
2497978
2498137
2499348
