2605875
396696
837958
3704057
2737321
1583876
2216144
4820675
1463214
417475
1256
526455
3036838
2845335
2351844
3076368
822227
3828477
1192725
2318860
523283
4711776
4013809
2586893
133833
3753844
3395943
1327768
4951463
4524787
1141305
2435925
4969825
3588825
1758154
1094872
1877204
446686
3575754
3934609
4218179
873946
2014738
1059498
4771306
2426701
2779678
1674488
1225710
1139898
4552066
667656
3426308
1432512
4505494
4203377
1780993
758188
1564869
1174747
3192400
1378750
1857854
4900797
1012542
2138024
3081578
3834622
3912580
2548951
4593609
912244
1769480
3931406
365379
2970174
1784671
1916411
159745
223272
2310236
2937572
1854711
1169707
4380633
2278091
2234735
1808357
1421821
399458
857188
4669239
2197345
4552216
1406434
318816
1068486
3165803
3278323
224311
2952119
3839823
4549178
3693421
855749
4192422
1134623
300500
2012241
291842
3537972
48522
1472087
2204377
1463478
3822841
1543092
3979456
3566167
1940549
4354053
4395869
3038597
2210396
1940685
3205503
3011240
1852244
178660
568314
2716861
1533380
3067719
4866098
4750634
728016
3356129
1570870
4648063
2045275
422791
2535979
57778
1268022
4503767
2062579
3218531
3360177
1470135
3478941
4258486
2468063
4958003
2998922
2652226
2910764
2661593
1156776
2837823
2327121
2351552
902675
4560493
4578899
4637674
3177976
820203
1755350
1979827
2010952
801901
1553399
3872346
2859731
2355047
1728836
3532655
3022118
3816717
3236104
2355814
1750159
3305822
2258045
1713174
2102131
1289048
3149426
4414030
717504
1822087
581946
3891049
577016
3453195
2824733
3034616
3552998
2724714
3683589
678616
1117499
3631733
809714
1401864
4761346
300550
2151541
2660162
785041
294282
1282386
458210
2104529
1743853
3357486
3416693
2139993
4321856
1864857
3108484
1522219
3420530
2786030
2698107
1056914
1099258
2477560
2903857
1060724
3393087
3857237
3993603
512016
2522894
436096
2493294
4553120
2914569
3707167
2827268
1101033
4092407
2026757
3011571
2360781
3803993
3880206
4335055
436253
3696556
1928109
4446041
4777698
4622314
179538
648150
986291
407685
4455360
2884379
2732206
3176828
418861
3092774
2614816
4802403
2045948
1441506
3283362
4684731
321604
175719
4661621
1305014
3338116
4609015
1191663
2495311
3522539
746393
1892414
255622
2993058
1378917
2582550
2641554
4738443
461797
3698597
433964
2789759
1454503
4990719
3790117
1653538
4844966
3717024
2104398
3606864
4603098
3841751
4302186
4581777
4452936
3259342
1073941
2990945
2047840
855282
3989545
1991178
3423224
2532088
4821673
4854350
1447695
961239
343362
1185931
729411
1941017
796365
3729294
1555978
4650158
2602154
2748253
3945282
4546684
4590069
221566
4404298
1686200
2456160
852101
3645142
2657478
865462
249501
77574
3721354
1985336
202951
1575123
3102163
2740934
549655
2398585
1846156
4208501
905901
434077
1392974
4533250
1030204
4837665
4592925
4544174
3608998
353703
3136449
2535338
3373206
4650479
271963
3992450
2791015
1540815
2413636
45329
2888258
2320941
1965045
4596212
1352661
3948105
3428845
3837948
2050349
2515127
851259
4112518
1712038
2537577
2593902
3770583
489612
3066122
440718
1520458
418648
1510326
2972235
2774107
2757261
2570673
3686892
3193705
3593840
447331
4929680
3601079
882126
3037607
3834470
711319
3848474
4425776
729565
2878035
3280314
1663411
2063210
2367897
1224884
1974958
2507188
2869736
292788
2663444
2646014
668959
4967219
2660151
2781648
1928596
1418661
2047734
8728
191649
4358417
2607246
3259322
4292506
142886
4800016
4916115
382471
2314180
4444648
616481
388733
1907767
3930300
1103724
1671770
1882745
3267192
2370292
3449861
2370989
1676152
1658935
3388362
3365447
44253
3505940
1733537
2390655
4712038
1807030
3274633
1247808
4437686
4291249
2459798
4648761
2026104
4831418
3446480
1776191
1196300
4307369
3241610
4552850
2325399
2544078
4224769
4406618
3158254
3482853
2279081
1347511
4711649
1034484
4850241
2751370
1491382
2116487
2478531
801940
871650
4617929
1348454
21049
2506820
1236089
449925
1172604
466345
2414486
4060944
3535555
4901121
4855382
4766082
2142470
4332068
2154511
4563900
1327139
2466524
275749
1094106
4472060
2524440
900104
3337744
1716413
3687941
3337029
4672487
3112681
2018615
2450600
2534877
749016
4649059
3063862
4438652
3267128
2944876
4915399
2381567
4478428
3620977
1818667
481334
1972776
391374
3146242
2313253
664086
647601
2511431
4032055
1195043
1464112
4616652
2194646
3588970
2073851
1801696
2478009
50662
493334
156122
2334941
2168908
1249159
4851715
4138679
4253999
2338971
2983965
1386840
4626910
4613461
3586614
1340592
4350138
242094
2783504
4815609
4638733
2100319
2373582
2908885
180079
2292745
4548196
3617308
3966075
2176515
4335974
2955497
242009
1723150
3896407
2372737
3165350
2959481
2718869
512214
1950123
3217791
3677074
4626110
4468242
3732995
4812532
487417
454660
711024
3924779
1552014
298088
4141581
5992
2439772
4845210
3978654
548380
3927617
1364358
556865
286265
173623
95712
2288723
3136781
2611037
3181218
4169264
4492813
1976583
3086782
2801725
2822804
4825641
701026
3030306
4952758
3879319
3140652
1606962
199287
2982383
2983362
2607117
2409079
2292707
451165
2338605
3919607
3324864
2318738
2523355
2241600
4358814
2775019
325465
2136684
1041955
3728212
3857832
2209873
67167
539488
3529301
4360237
4593816
117993
4102991
3641923
1746219
669528
81296
2001509
407312
969622
1487661
500303
481064
4837734
1348606
3260175
2944093
394336
436759
2272995
4135784
3866811
1464720
4020544
1678404
4094739
3282950
3202913
674105
2301448
3170113
4339643
2475279
4584248
3034228
1893135
2547510
3900992
2405159
613896
1506690
3141240
4898171
1912070
1563375
2061261
2500479
4383889
2336169
4569281
3609044
4606103
4608857
1248851
2170724
532878
591859
2344375
749662
3792666
2601798
3543641
1986382
2804984
3284509
485299
14788
1719391
1245636
2662823
3698827
391337
212163
2238473
2566694
2213403
3160420
1603194
4140352
195570
4671591
230795
1324854
943332
995864
720534
3483014
1094922
4608298
3217449
3817829
3715133
59357
1016178
4887449
716432
1475986
3421851
2115105
3959431
670220
17733
59075
3357328
1805013
4678665
899162
4318615
4845401
4166413
89249
183180
2694823
1015898
2421225
1998303
1844124
3881241
3761871
4773227
1399102
2905765
2402485
1586428
3707271
1701897
1877889
862894
4943111
3371987
133057
3686529
4061219
2936241
581137
2726075
3981741
3690487
1512613
513882
1864292
2252822
976085
4549341
56570
4452279
1208594
2406949
1631870
244329
4562349
4223183
1281775
2436277
1890222
3157616
2652373
4848860
1429407
4925912
4721401
3509813
3219150
2112706
1243983
529124
1080128
834217
3710064
3897350
3419706
2559932
3881338
103751
4616699
1303453
980887
384994
293960
4406527
4688029
3537512
1113973
881661
19571
81099
755682
3685533
2763412
2016428
2812177
870864
2356095
4278551
3309389
1057682
611864
2458188
594565
936907
4191983
1505977
4983784
4589623
4180329
307247
4495557
917614
3921255
4805519
2663733
4469823
1516511
4339978
2097499
6293
4882148
3406495
1214872
4980005
600348
3922379
3715936
4570779
2592327
4945314
4398352
2407021
1753780
2524332
1969876
3030373
4156896
229189
4332874
4084607
2785488
1682035
1207076
392447
3787211
3720184
3335321
1412534
3434068
728627
2885276
4850995
423898
2969594
366596
2383645
3793703
494339
3440390
2331203
438962
2517286
539508
3054211
3840906
3169502
2102750
1325815
1398687
4644872
2403825
2284288
3684966
609167
3190333
3923933
1765182
3366231
566716
2897781
3436572
4279310
2333240
3182738
327892
3337587
4569488
48604
3785060
2096936
1670236
246104
3880170
1209060
768224
2622138
4613846
2494608
4352041
1034512
926258
4093894
3002083
791311
4914058
3012226
2731332
3854892
2554852
2992571
2278894
223916
1352818
1287350
1693132
648073
2658698
4261951
3571225
4757926
4094082
1160627
3689934
2821116
2973802
374189
2874455
1936213
4063724
2840486
1143081
3473329
4345343
1798509
873633
4830959
2524872
1396466
1537571
4027724
1869027
4132220
450032
2409854
542961
4574993
1627504
1618342
660302
3408907
929786
171540
63612
4666768
3072878
2363800
2454324
558470
4602147
1975331
582503
2760872
688169
1614371
375087
4603299
1934512
169627
1334998
1683759
271326
2304106
2741416
2726540
2294915
4793767
4118370
1892279
2569866
1975636
4278045
1447381
3496691
2305147
4886827
3246964
3994067
4616385
4750914
2753466
2798220
558927
125855
669931
3724639
1265071
4187424
1272997
930486
2045034
3384350
698502
3929679
1416270
1102744
4200210
83137
4117567
3719841
1958871
3959546
3539980
2263256
1527992
3532504
998869
4390597
3113792
2174572
2437633
4871275
1951638
3049195
2184103
3588069
2453498
2147856
4853527
725013
3277649
4982667
2436000
541064
2884845
407040
4901906
279282
2344792
671873
3912783
4831782
2826411
2262055
1184221
1953346
4123594
3342561
1060845
1951978
4198821
4997773
3158360
3932889
1123744
4810772
2382192
4909418
3904016
2517081
612564
3613460
544378
3949733
1201954
3715674
3116708
3670870
615795
1520485
2780653
771824
4245281
2905496
1495561
2098245
4004780
3745441
3326103
856843
1784508
1321860
4434010
1199203
171841
4467925
2934980
4275155
1882331
2647614
4685470
2672975
883354
2680729
1286245
2999594
173080
2067874
153856
3500821
3289760
4621815
162579
4136879
2958517
2363349
1171804
2442211
1940167
2498026
4722218
2791095
21296
2729033
879082
794200
1069128
4399107
2563200
176882
4401459
4277702
3986145
902603
14487
3718418
3771247
3685669
4431236
3845905
4448230
1049028
1385716
4798103
2298507
1201937
3651336
3992524
1873797
1543101
2638992
4188654
2641670
2999593
2325539
45897
2716431
464147
1733569
289049
4069423
411882
1730850
4345450
3250041
989134
519425
1796357
2151677
48491
1587727
2631094
1304301
2843224
874308
890412
998605
2201341
3169798
4858025
2320804
1763891
1068799
3710664
3899133
3177441
555874
2877778
4307173
1223935
3369522
1379629
2690010
3234579
352631
3339412
3034258
4460193
1468728
146836
4228814
838684
4131471
3463497
3307298
1492375
259793
1021243
2771155
3128003
4116175
1233532
4740740
4576015
4929905
3663878
2445448
76915
32086
3708093
535599
4894862
352683
972085
270058
913584
2680807
2569222
4704050
4899790
1324252
1170724
4172639
307234
1827275
2547755
1540024
4974336
1384839
2099080
3760467
4371816
1538918
4473557
4237287
321699
4338549
1702347
2624693
2211566
1084620
1882750
3938118
883792
4475146
726411
771473
1262504
4715379
1109344
2271340
4857118
1606638
1099233
4941666
3432166
2673290
1577197
1466796
1524036
975466
2121962
275844
2891247
3295038
1107472
1332528
3374656
2123975
1408048
3473956
4341432
499074
4619129
475729
4675720
2066534
3245657
4299168
916154
2701212
4697941
239129
3852005
3077592
1338179
155346
484704
1947774
1371945
421359
2866318
3471484
3275706
3614860
995443
1388369
2514775
1206092
1543513
873638
690777
4766858
1031352
2665281
2330947
180355
3427486
2539415
4027262
1374521
331840
4674688
1773222
2357583
643592
4377763
2680434
522650
4543156
413278
108890
2678527
4010585
2612155
3129587
3357929
1678364
2173672
2602304
4861354
3869168
619178
1040300
2790067
1421303
3805839
1388984
748246
1552110
4332553
2284982
2250732
279996
4962978
3245271
1373778
132233
1807976
2675495
4659355
2656653
661346
1031748
3116694
2893784
1295319
2752617
1037690
2240642
2192751
86048
431819
2232804
565950
3234562
1459376
3019718
1298301
936653
2487624
4537627
2981301
2114263
4778960
603939
878564
383505
2718520
1694284
1688034
473295
1933697
1867277
1762519
1841548
727873
3511220
3458974
2340479
4690763
1007502
2047635
514378
2432815
3993894
3386038
4660477
4510210
1833953
379066
555418
1869238
3705299
1377665
3745390
720569
652621
1592152
567957
2279304
541374
2111445
4990747
3898177
2645557
4108422
1945472
1726299
4350269
4010944
359090
847192
3873688
281764
1462221
1638889
3034261
200393
1918610
1195386
1110856
4147917
252575
4981435
2342833
1822541
2222549
2164791
4052928
797749
2725108
1221336
582495
2782451
4308803
629374
1347403
3817851
2712391
3625206
3081945
413470
2373122
95644
2817507
3350098
3935223
4075112
768115
1279816
4698030
1321684
938209
156048
1251449
1658517
384617
4513338
3996213
3182750
4298799
4157134
3541170
2698001
2463827
2803008
3676745
4926834
3259258
2510007
677147
4126368
1494435
94558
4168885
778774
4258828
2827422
1500330
4355004
4346144
2379565
3286252
3517914
1083969
2562781
4854908
519645
3555350
1994615
3078402
1691044
929840
2532766
1524369
4747068
2743079
1949400
537973
3296851
1746335
3049836
1753743
559981
4258493
4565144
4313528
1489099
1034929
124985
3418333
240162
3534098
4455392
1428556
1212199
4952128
4579486
2710578
415070
2014397
4416274
4042813
3668643
320194
1573190
1210925
1538404
597375
2585103
3885794
4382503
2934232
3794318
2949044
3677592
1970854
4301531
2094153
133943
3398643
2974107
4667532
2294892
4520849
619137
1682487
3719670
375972
1206051
733264
3213103
3961915
2505469
2819299
1589791
4497681
2498960
1291155
1080054
4892960
3716217
1891556
607969
3141258
4555407
3882456
4926905
2752013
533206
1171357
3371578
1711621
2513464
377417
2637757
4292230
815487
3768516
706803
1532116
3004121
3724136
3493334
4144195
1562664
753728
855768
2000881
4784161
4686907
4569731
3233145
1038072
1333412
799851
4550584
3017163
3046757
415500
162174
3208318
773802
2026948
3540614
4499924
2021943
319079
3036012
4899686
3808019
3084629
1687857
667861
2702064
2079684
814650
4045658
1715994
3208640
3973340
2095974
314181
494838
1410638
4457523
3560177
2413102
654202
1078899
1256769
2271159
3120944
4921424
1232685
3232003
3942908
778522
2797497
424380
3054910
1201106
283495
2606206
3875523
4278723
1835426
2162799
3224646
2947002
2908465
3755540
4949617
1855005
3825663
4705173
4096875
3968321
2014885
2834911
3161587
1369267
2017963
2306249
1749034
2355103
3577873
4049915
1134772
994904
1752211
1745670
1774045
698334
1010951
4643397
1953447
213391
4142505
1321471
1198365
1450475
4237250
2899887
4199011
4768145
3095792
1330445
1921563
4406585
754140
1052632
2237530
3503019
161293
3962904
3017405
3696701
756780
2967569
3299360
1774423
4859688
1511185
2734758
2134644
1719553
4332379
289183
3821540
3665492
4326742
1268402
2614853
3363814
4444745
4424601
768917
1868618
2665121
913411
2645361
4090372
198830
4232787
4779838
1376235
3216745
3441391
2019422
2419900
2429619
706626
2828673
3012523
515294
1601624
2766551
4107643
800280
4870324
1926071
2861623
2992020
3563669
1084022
1805293
3519906
2798713
2962598
1311844
3404974
1739029
2592550
3184282
4248752
2981766
3830618
2861503
2023820
3362757
1994487
2348895
1154381
4555880
3461258
3026840
2193816
3856136
2660208
3154366
4701788
825348
2956928
2360443
2814224
3682296
336801
376879
2423526
4513088
654347
4692042
1380384
4661574
1837066
1483961
4777836
3805849
4286118
3497165
802925
2009304
3442207
1644659
1755504
505649
3150406
872700
1331270
3089124
4888035
2993831
3497979
1497736
2365931
4098799
4633405
258567
2497719
1169038
672203
4707135
4701836
2840423
4651893
4523392
4276420
2604913
291408
1787958
2532391
1095425
1154662
2482922
3853828
4899381
2768921
3626159
2697069
1365951
4301706
2894162
1378534
3170313
4878247
1020571
3493561
3720883
4052362
94331
2675215
1041723
314056
136508
2284019
1401525
1141307
397095
3320699
507803
1001136
3702981
2080027
2753779
412549
4193268
1703011
2727635
3759830
518426
1797214
4581571
2071746
428154
467887
471043
4758726
2463472
4145308
3497801
3131492
4848330
3262989
3939062
3707943
2956399
281150
1229772
3220598
4643387
2826199
1547710
1657018
106251
509729
859335
1046725
3893444
1203373
437543
2086687
4516055
2240624
3833976
4394924
3603754
1826902
4007069
1052177
447270
1876823
1931511
1673528
494256
1634498
1857427
2636108
2312230
1584778
817571
121543
1828172
1304018
2164974
3191587
2325590
1073025
2159264
3032286
3333442
4403732
4718364
3239745
932851
3034831
3344157
4593777
1009194
2297915
879185
2046327
3028850
2028719
2234289
3732992
813367
2391419
779274
2323860
1608724
1302040
2792583
514012
534208
4487740
3786481
814567
1826039
280341
3971648
3155230
4576131
4027106
2154967
2484808
3076825
1778094
3030784
1081412
3053252
2300068
399126
2104002
1539843
2236311
1124416
1761599
3257366
4799016
4699398
3738533
1278664
1563418
3634758
3330703
3847919
1434260
2770245
2098748
4906244
39263
3500726
4490047
2289934
4863502
4884993
4755106
2703181
1120913
3586248
2602749
2923455
462585
1404070
568790
2532943
1663337
3775940
1664547
2188978
4738277
3528809
1331791
1412049
3189470
92182
4590066
677304
1963092
545549
1336508
4600265
3729608
1236985
3352917
2632468
2981122
2793061
3785570
4789815
2960119
1880501
674747
3984349
2512647
1654968
2772801
4147230
350384
1516480
1450009
3493869
4493636
2393786
4461561
1853481
1796423
3412199
3108162
3350307
1231968
4291237
3887481
1599640
2012675
586900
1685884
214569
1868740
3762466
2645447
2573811
4758631
4632721
127633
482561
3219052
4564073
1642945
2809818
4334432
4179450
4905866
2388599
1774654
1418560
4227998
3720279
4134313
1090812
3342671
1280546
1740450
4811396
2526880
3508269
1786637
1093870
1083542
3363572
3147346
3024420
3044584
3426860
4693620
4023621
17059
2256954
3027885
3134174
2482167
3460041
3532091
4907185
4651199
2216201
4094233
3506191
4672075
71507
1748428
2748281
868834
3821023
3458825
4339941
3386969
2443478
516648
3219650
3534104
2804084
1455401
1972020
1199925
1176411
1168080
302728
4754893
3162812
3059200
3042357
2961064
1437943
4669877
4640531
686914
4841809
4813760
1376143
1005443
2827692
963672
934289
2084490
4991254
2698682
4998294
4799724
1306796
2023916
2542589
274086
3714438
843953
837437
1935867
2744679
1698386
619490
302287
2708409
2673745
1875332
4147191
344650
1119105
22396
3593382
1513696
2508541
1445924
4423118
3039819
4903056
3910151
8804
195277
3059150
954146
1067415
1933386
480309
2921768
153381
3907481
1366284
3211559
1252628
4849321
2076567
1693317
2062456
3589058
3271573
3809961
239874
3494703
158243
1454463
774871
4449594
4214602
4455146
4005129
1263333
1984989
4550498
836680
2565229
1224705
18188
2480327
37638
1805935
3349798
2220398
1028039
1686015
3205692
3793056
1396612
910402
3478313
504355
2150892
4448957
2736335
238194
3439112
3119611
604595
3129179
540087
3096047
3667367
86120
3240230
4230491
3320045
4071678
2113864
199426
2009278
3685297
3872719
1090158
4678553
3278194
2594151
332528
4929345
1617247
3990135
1828774
4934013
2569533
136947
4188471
3737014
4156861
1716683
2564491
1702353
3048690
2234278
3782711
2427255
3198479
4085252
109260
756156
3719767
1780787
4238428
4442953
3669348
1158673
4213205
1984288
3868591
2594427
207132
4062323
4400039
261992
3579183
3558049
3562588
141577
78088
2304711
3972889
2986742
4662341
114560
841193
4452372
2828154
4897636
2187966
4647436
3065985
4825820
2696849
1634010
3597305
3250978
2709598
4939414
457963
3610153
2206818
582453
738216
1150521
3145508
2450264
857811
1720553
4331406
313439
3325306
3349332
2469394
4886794
4506388
2555928
1324501
3645160
1878463
3413188
637903
3890675
2782030
3070550
3208350
2446352
3300225
862095
2875582
1172609
2608140
554587
476042
1101430
4779971
2006094
3147775
2059161
631094
1100819
293130
1347365
834998
3851671
1619937
3240282
2352266
1170957
2665854
4839329
1005297
250924
4867015
3560765
4339727
3705712
1662872
4120452
4902527
3926973
269537
4160529
735626
2991879
3868186
274249
2826568
179780
2680207
2386195
4558165
4952144
2397635
4271138
1511952
276282
4510363
3765444
4175657
891099
2726771
4167399
570063
132461
3900623
1476205
3910881
4562050
2568397
4510317
332397
438252
263208
256144
4892125
2566671
1162355
376159
2257201
486050
1295257
469610
1349851
3367098
2883122
2568218
3044024
1208374
4499386
1511392
4178568
131008
2020805
3598214
4397167
3783352
2316085
2063520
296643
3635377
4326402
4420421
3204811
1360100
3988169
4938989
2394836
1597400
3898413
