499838
500180
499707
497948
499655
501744
498821
501101
500019
500911
498639
499164
501207
500276
501097
500388
501614
500307
500060
499560
498198
499947
499813
500269
499720
498529
499165
501683
499347
499641
501274
499889
501330
498847
498933
497168
500262
500680
498256
498980
499894
499082
499697
500959
500952
500081
500491
500591
499728
499524
499815
500531
500499
500551
499010
500769
501016
499031
500731
501697
500853
498593
499908
497828
500063
499062
501233
499802
500758
499028
499976
498841
500202
499806
500353
499159
498800
501288
500686
499730
500231
500425
499849
501165
499927
499919
499862
499677
499787
500197
498362
501906
500206
500698
499412
499984
499814
499435
502065
498640
499027
500600
500876
500742
500416
501679
500170
499616
500799
499578
500718
500471
499169
499735
500844
499088
501077
500290
501699
499633
499944
500365
499040
498969
500281
499482
501854
499883
500041
499046
502920
500018
500485
499634
500861
500325
500260
500880
501314
500339
500648
499635
499400
499429
499868
500528
500787
499370
501267
498572
501329
498215
501442
500723
500791
500987
499744
500346
501087
502833
499477
498360
500771
501903
497657
500000
499235
499342
503377
499747
501045
499042
500266
500541
502434
501607
501237
499681
499455
500389
499857
499292
500313
499765
500539
500941
499439
499623
500549
499627
501007
499512
502441
499829
499011
500893
500252
500380
500247
500217
500163
502029
500735
501206
499703
501623
499301
499600
500306
500194
498503
498417
499461
500573
500622
496714
499584
500401
499274
500439
500374
499259
499848
499484
499622
498722
501142
499213
498891
500748
499231
498687
500668
499017
501541
501506
500678
497942
499558
499874
499387
499128
499791
499204
500641
500483
501446
501284
498553
501019
499530
500196
501525
499346
498259
499043
498519
500649
498605
501500
499420
500504
500616
498720
501580
498394
498885
500738
500554
499511
497980
500793
499712
497763
498967
500652
499673
498837
499470
499417
499443
498863
500092
502096
498990
502160
500294
499887
500472
499819
498960
500687
499406
497596
498752
500298
497705
498690
500091
499995
499483
501419
500515
497766
500264
499320
501819
500756
498133
499110
500043
500413
499397
499733
498212
498966
501856
499294
499812
500651
499958
500639
500479
501405
498445
500124
500454
501347
499305
500568
500520
499962
499067
499434
499960
499360
500627
500175
498566
499018
501905
499280
501667
498997
499044
499232
500848
499115
500108
499661
498627
501398
500617
501984
498431
500049
499663
501311
499914
500408
498896
500086
499731
500673
499754
499262
501603
501507
498591
499189
501548
498130
500208
498943
499890
499718
499374
500741
498435
499917
501122
498757
499445
499831
501354
500747
499479
499290
499318
499893
497848
499306
501191
500856
500058
499362
500839
500928
500059
498962
498938
501106
498618
499452
500324
498853
499283
501380
498792
500901
498481
501719
502147
502000
500603
499854
500466
501416
501420
499986
499561
501599
500135
500066
499003
500803
500057
500310
499493
500173
499899
501647
500489
501928
499575
499053
498868
497072
501888
500220
498255
498213
499553
500188
499119
499932
499458
499136
497998
499603
500566
499922
500407
499939
499858
500048
498844
499450
500750
499595
499865
499454
499308
499264
497752
501006
497854
500064
499651
501389
499353
501703
497724
502603
500433
498653
499436
501581
499690
499713
499931
498775
501830
500570
499548
498876
499333
499230
499782
499604
499923
499668
501538
499615
500344
498421
498392
500083
500342
499472
498878
501460
501292
501588
497288
501214
499468
500488
500144
498405
499973
501638
500963
501175
498870
497588
500289
499388
501494
499106
497968
501789
499816
499363
499300
499338
501353
501028
501113
499675
501501
500369
500235
500164
501600
500969
498939
499760
499605
502120
499766
501630
500909
498942
501375
501417
498996
500022
500653
499079
502193
501573
499373
500326
499699
498608
498477
499398
500253
499966
500593
498067
501742
499920
501181
500320
500469
499449
500304
499399
500492
499843
500084
499901
499284
498655
501194
500517
499278
501391
500251
499685
500169
499243
500178
500602
501260
499120
499738
498455
499778
500227
501535
497944
501464
500222
499023
501335
499904
499510
500708
498414
501334
499991
499682
499964
500392
499817
498020
500659
499676
498672
499956
501926
499665
499215
501428
500440
499216
499019
499933
500565
498989
499780
500594
499596
500165
500745
498556
501001
499460
501276
499737
500162
501117
500804
499608
499424
501272
500727
501005
500453
499589
500414
500824
500564
500012
499715
501481
500111
501658
500729
501253
498316
500580
501064
499276
498113
500336
499740
500949
499873
498552
499009
499918
500394
498580
498545
500032
499459
500578
502186
499869
501362
499126
499961
499825
500186
501465
499555
499544
499506
500052
498502
499200
501047
500003
499839
500634
502524
498799
501394
499060
498985
501879
500555
499864
499331
499789
497810
499181
501981
500011
499364
499950
498247
499038
499552
499797
499167
498012
499437
500871
498185
500154
499580
499058
498641
498493
501259
499826
499583
501054
500553
498361
500244
501617
499748
501342
499006
501179
500823
499877
500882
501009
498723
502713
500872
499952
498947
500663
499576
498856
500915
500172
498805
500102
500137
501041
499846
498963
500583
500764
498607
499206
500981
499989
500746
499586
500364
499116
500385
499975
500226
499683
500105
500947
500438
499368
500938
497774
500656
500400
500448
499311
501144
499618
499915
500782
500716
499380
499076
501584
501803
500810
498819
501161
499824
499111
498718
500190
500662
500460
501169
499776
499532
497748
499341
499261
499240
500802
499007
500230
500008
499310
502171
500999
501604
499193
500496
498823
499109
501244
498992
500373
499118
498457
499941
500250
499497
501563
501235
501282
500061
500744
500838
498882
501264
499471
501418
500852
499407
499871
499173
500238
501196
500067
501027
499298
498252
499693
499924
499569
498520
501014
501069
499431
499465
501348
500010
500608
498647
500490
501263
501668
499856
501896
499672
499425
500837
