453493
113224
293676
19221
245822
554313
691627
404921
34859
467101
498413
469945
475844
700532
927923
396753
814691
207032
38846
908996
286175
888086
233912
736533
963417
315046
777560
785648
213569
94792
785071
883385
205068
884540
281285
712714
691616
971641
875113
792044
669424
653740
190000
648483
821147
718586
911947
319315
301835
423941
750131
635757
112666
433959
629404
192597
909334
877259
999254
28610
771321
461956
232486
780479
455279
29127
856921
286814
656122
696309
408997
45136
566379
141824
156991
324300
469027
157935
381909
621934
997680
47710
70413
126585
154401
338736
828914
966323
422614
38429
155229
90233
907863
294136
989304
124197
539308
379995
384630
649768
542774
713371
967471
494851
43502
588277
510493
699348
418758
776731
931629
373776
298609
364371
24280
904333
261815
581040
209648
521803
958389
417658
286676
46804
788815
89650
526238
624886
992004
66280
577304
162624
96315
728210
94966
535429
771999
956359
318043
827219
853611
372858
679362
215683
882800
219175
697828
440944
199257
741294
303768
971270
814995
872594
135317
875835
205057
88992
744336
928163
11534
114252
660093
840069
593625
152428
482368
622082
656900
996190
719291
561137
614380
166920
683086
4951
814949
378860
516081
167880
703960
388903
48908
610965
80390
263749
459230
641010
458024
540076
956894
516836
890330
509474
201541
531507
385106
11677
249724
374156
542066
881814
919022
24220
609991
852412
367224
179156
999243
557955
180839
142668
402844
753775
596256
174523
886448
909042
89873
491364
514840
553029
39143
425543
84236
952316
244448
844861
329571
647713
456460
752189
40683
267638
595509
182015
303412
887522
366613
42759
826640
250184
163831
373887
305701
626564
318989
11051
859523
188910
736267
777442
989444
734397
448600
171744
653110
767320
750021
78322
642327
841205
986691
275752
306175
752160
489234
435942
964832
245500
538938
398204
858309
348066
189542
339234
239304
372869
296692
262762
849802
566540
735597
550228
113355
608894
948195
123951
975860
89811
368505
650878
652340
686501
592597
764071
20269
85750
113200
465763
288206
606784
496240
704703
858237
787394
779414
311338
73606
423521
219584
912643
843547
735367
328198
393110
409611
659112
104506
143769
702581
613616
902960
845570
579303
891382
786723
494438
199473
429664
51006
613689
198321
399167
329733
787778
238375
292793
612803
121992
359415
664574
430986
350792
305976
902067
597585
621726
301649
374718
189251
382184
702727
636488
777702
924521
494520
132026
378058
188041
49086
138281
707671
23061
190394
80959
716685
385249
947702
590694
783151
242147
176108
503395
67643
696413
771756
608051
983287
427953
525468
594516
547619
870096
153320
761756
747687
972530
977922
268312
318004
531474
267771
587579
941813
509254
810777
627895
929457
139324
89345
717693
239720
873362
758735
406297
365182
972339
715666
898823
44121
920331
318191
607709
316895
404384
21462
255947
239253
974412
447858
409265
929012
13652
960673
795947
178301
135053
836275
526374
296656
348733
521923
977973
504126
419115
151289
540659
971994
472608
565141
282438
267835
944534
762645
849533
167987
709551
473246
500732
703555
103293
748619
841656
728804
558860
369198
117605
705298
774565
815568
976074
595434
147637
977394
264251
377044
300626
236561
99121
457988
277827
711202
354755
49839
54892
572879
525312
792171
932810
170415
623368
414625
50419
271340
481934
254242
653223
932337
114878
305685
328578
308942
27519
406300
621588
155187
65491
914128
850748
