5498587
5500098
5500517
5499098
5501060
5499184
5500103
5499916
5499540
5501014
5500334
5499211
5500374
5497812
5499089
5501744
5501045
5498081
5500871
5499829
5501360
5500436
5500834
5498909
5499448
5500418
5500209
5499103
5500475
5500556
5500550
5501343
5499771
5498000
5501262
5498509
5500151
5500605
5500766
5500188
5500088
5499718
5498874
5500237
5500122
5500725
5500196
5500043
5499259
5500991
5499385
5498241
5499200
5500570
5501455
5500012
5499635
5498865
5499419
5499662
5499121
5501430
5500377
5497823
5501189
5499628
5500331
5498560
5498752
5500650
5501407
5500119
5500646
5499895
5500129
5501344
5498262
5500558
5500973
5499914
5501246
5501356
5502240
5499564
5500282
5500994
5501581
5499905
5502201
5499167
5500128
5497187
5500924
5498137
5500178
5498660
5501313
5500511
5499421
5498804
5500703
5500919
5499141
5499594
5499398
5499978
5498630
5499922
5499325
5498957
5497911
5501291
5501640
5499518
5499044
5501912
5499048
5498956
5500076
5500391
5500444
5500516
5501410
5499027
5499116
5500993
5500065
5500815
5498034
5500661
5501607
5500023
5498323
5500235
5498627
5498356
5499147
5498791
5501924
5499721
5499551
5501157
5499571
5499987
5498844
5501346
5500822
5499923
5500655
5501190
5498889
5498821
5498744
5500222
5498870
5499361
5499321
5499382
5499079
5499864
5499606
5499160
5498142
5498853
5500569
5499397
5500183
5500177
5500679
5499663
5500505
5499746
5500690
5499201
5500594
5499262
5498972
5500156
5500162
5498171
5500534
5499985
5499640
5499520
5499590
5500225
5501859
5499909
5500818
5499639
5500316
5497419
5498372
5500009
5501729
5498987
5500487
5498373
5498868
5501690
5498952
5501024
5500093
5498797
5497752
5501115
5499839
5499736
5501993
5498845
5500589
5499516
5499447
5499698
5500603
5499462
5499847
5502368
5500850
5499257
5501063
5500922
5500957
5498483
5500243
5500925
5500008
5499600
5499803
5500609
5497635
5501234
5500101
5501004
5499962
5499900
5500727
5500279
5499154
5499755
5499353
5498893
5498305
5500288
5499549
5500143
5498049
5500061
5499467
5500068
5500611
5501021
5500168
5498788
5500767
5499993
5500096
5502194
5499406
5498663
5499168
5499336
5499593
5499511
5499948
5499508
5500803
5500118
5499960
5499245
5498926
5501215
5503713
5499740
5500173
5501509
5498894
5499527
5500424
5499423
5501195
5498921
5501765
5499454
5498768
5502472
5500965
5501142
5501250
5500136
5499342
5499580
5501983
5500677
5498989
5499248
5500553
5498928
5499967
5501040
5498834
5500473
5500995
5500314
5501773
5499953
5501277
5498533
5503791
5499742
5498833
5500875
5501573
5499169
5500972
5501841
5499303
5498565
5499229
5499444
5500710
5500606
5500921
5497674
5498879
5499240
5499712
5501448
5500676
5498976
5500681
5500811
5500402
5500353
5500907
5498899
5499443
5500641
5501440
5500938
5499124
5499539
5501515
5499440
5502207
5500772
5500490
5499415
5500213
5500385
5498648
5501323
5500283
5501550
5499132
5498441
5500791
5500318
5499715
5501166
5500022
5500968
5499702
5500745
5499596
5499227
5498296
5497960
5499294
5500328
5500040
5499565
5500346
5500434
5499750
5500339
5500294
5499669
5499757
5500845
5499798
5500220
5499070
5501302
5499459
5499066
5499676
5499249
5500476
5499023
5500780
5499637
5500073
5500625
5499313
5499857
5499896
5498201
5501741
5501140
5500591
5498855
5498341
5499036
5500306
5498825
5500419
5501927
5499703
5499734
5497981
5500879
5500624
5500146
5499994
5497685
5501010
5499107
5500195
5502117
5500345
5500251
5501225
5499139
5501458
5498072
5500074
5498504
5500116
5500359
5500651
5500828
5500997
5501601
5499016
5498661
5499794
5500104
5499560
5499667
5499175
5500484
5498599
5499059
5500099
5498508
5499451
5500175
5500115
5500363
5501582
5499845
5499433
5500405
5500207
5500408
5500006
5497710
5499930
5499409
5499672
5498967
5500430
5501087
5500540
5499428
5498400
5501658
5499210
5501388
5501204
5499646
5499187
5499785
5499060
5500890
5501987
5499607
5499111
5500844
5498827
5499320
5500105
5500848
5499531
5498916
5500729
5498473
5500080
5499680
5501820
5499221
5498189
5501127
5498950
5502957
5499441
5500239
5499196
5499944
5499988
5501089
5499642
5499805
5501486
5500686
5499711
5499499
5499959
5501444
5499643
5501761
5500301
5501019
5501122
5499846
5499836
5500342
5498954
5500626
5499171
5500064
5500378
5501324
5501011
5500809
5500687
5499550
5499722
5500066
5499779
5501041
5500602
5501569
5500154
5499870
5502273
5498435
5500510
5500853
5498682
5498905
5499305
5500264
5500462
5500697
5501201
5499268
5498419
5498608
5498959
5500513
5500400
5499700
5501890
5499242
5500114
5499256
5500299
5497948
5499300
5499804
5499500
5501600
5501257
5500586
5499638
5502358
5501165
5499730
5498850
5497394
5498932
5500909
5499155
5500221
5499129
5499562
5498054
5499020
5498783
5502507
5500629
5500882
5499732
5498714
5498017
5500037
5500393
5501547
5501495
5499393
5498684
5499110
5501271
5498713
5499094
5501193
5500108
5499001
5500381
5501182
5500435
5498165
5498274
5500561
5499140
5500449
5500085
5501111
5498943
5499189
5499265
5500900
5500034
5499486
5499030
5499613
5501116
5499183
5499478
5501217
5500923
5500678
5499690
5498818
5499354
5500332
5499816
5500223
5499837
5501132
5499145
5501138
5502577
5502445
5501415
5499575
5499304
5498077
5498133
5499085
5498938
5500313
5500583
5498578
5498749
5498114
5500807
5498542
5498412
5502063
5499609
5500158
5499689
5500013
5500450
5500448
5502254
5498854
5500891
5500180
5500527
5499277
5498673
5500820
5501242
5498929
5500684
5501762
5499783
5499287
5499284
5500635
5498085
5501113
5501303
5500426
5498689
5500432
5499272
5500670
5500053
5498820
5499509
5499777
5501229
5501133
5500229
5501123
5501099
5499598
5499928
5501459
5499767
5500011
5500024
5499853
5499581
5499796
5498750
5499932
5499980
5501065
5499974
5500227
5498763
5501114
5498119
5498798
5499217
5500471
5500094
5499404
5501038
5500824
5500543
5500524
5497389
5498482
5501463
5500242
5499907
5499046
5499934
5500507
5498907
5498694
5500622
5500519
5500193
5497848
5501561
5498193
5498130
5499507
5497342
5499424
5500244
5498653
5498657
5499275
5500663
5498727
5497402
5498590
5499542
5501490
5501844
5499033
5500269
5500250
5499623
5499861
5499000
5500481
5502146
5502435
5498990
5498592
5501828
5502074
5499653
5499964
5500493
5501660
5499760
5500100
5500234
5499833
5498321
5500562
5500735
5500394
5499219
5499134
5499778
5498638
5498344
5498998
5499626
5499074
5499412
5499822
5500902
5501214
5501949
5501454
5499668
5500266
5501095
5500846
5501368
5500309
5501005
5499226
5499081
5500750
5500522
5500179
5499274
5498785
5500049
5498764
5500260
5500295
5498315
5498981
5499657
5500501
5501584
5499940
5500054
5501575
5499658
5500525
5499375
5501467
5500042
5501314
5500441
5498830
5499414
5498111
5501865
5500612
5500480
5499458
5499061
5500357
5499570
5499710
5499113
5501404
5498958
5498904
5500888
5498025
5498826
5500302
5501220
5499632
5498738
5501203
5502076
5501196
5500773
5500248
5500595
5500206
5499045
5500910
5500491
5499056
5499841
5501394
5499165
5497957
5499852
5500765
5502261
5500520
5500438
5498779
5499885
5499664
5500033
5497514
5498291
5500518
5500614
5500263
5501337
5500802
5498762
5500478
5500203
5499436
5501285
5499298
5500127
5499054
5501241
5500018
5499133
5500701
5498535
5500492
5500529
5498582
5501961
5498723
5500721
5499437
5500382
5500960
5499162
5498331
5501186
5500628
5501098
5499749
5499513
5501226
5500409
5501163
5500831
5500280
5498253
5499921
5500607
5499368
5498070
5501135
5497260
5499528
5499554
5499188
5501457
5500459
5500387
5498999
5500044
5499241
5500026
5499807
5498903
5501956
5500514
5498703
5499413
5500778
5499064
5499142
5499597
5500539
5498683
5499843
5500700
5500152
5499738
5501386
5498719
5499555
5501020
5498890
5500707
5500694
5500326
5499694
5499693
5500050
5498530
5499655
5498846
5500574
5497892
5499641
5499825
5500664
5501662
5499407
5500953
5501971
5499318
5500942
5501926
5501408
5500117
5499292
5501047
5499878
5497440
5499075
5500775
5500041
5499744
5500889
5502928
5500479
5500155
5500982
5498971
5498769
5499326
5499212
5501028
5499494
5499099
5500126
5500799
5500241
5498452
5499937
5500740
5497763
5499912
5499364
5500935
5498927
5498548
5499947
5499411
5501675
5500749
5499310
5500184
5499138
5500038
5501848
5499254
5501422
5500933
5496762
5502141
5499025
5500329
5499652
5500240
5499319
5499879
5499561
5501144
5500587
5499999
5498529
5499713
5500216
5500366
5499585
5499338
5499941
5499247
5500738
5500219
5498098
5499386
5501651
5500298
5500648
5502001
5498598
5501275
5498553
5500654
5501102
5501654
5500949
5498835
5501717
5498490
5499660
5499592
5498571
5499487
5498574
5499752
5500598
5500590
5500776
5499615
5499831
5499950
5499374
5500645
5500680
5499569
5499644
5501464
5500341
5501009
5499595
5500463
5500564
5499271
5499482
5498423
5498881
5499827
5501921
5500157
5501357
5500199
5500425
5498662
5500620
5499473
5499707
5500653
5498773
5500851
5496419
5500573
5502487
5500551
5499460
5501595
5500046
5501488
5500254
5500092
5501240
5500857
5498911
5500361
5500877
5498706
5500723
5501172
5499882
5499936
5498803
5499675
5499579
5497800
5500016
5501075
5500698
5500027
5502198
5500751
5498159
5500090
5500134
5500170
5500770
5497523
5499348
5500407
5501103
5501731
5500396
5499612
5500503
5500072
5500673
5501239
5498349
5500931
5500338
5500835
5499817
5500932
5497024
5500753
5500212
5498665
5500808
5500951
5500958
5500267
5500153
5500056
5499537
5498224
5499949
5499347
5500343
5500330
5499379
5499898
5498720
5500164
5500373
5501417
5499529
5500792
5502687
5500364
5499659
5499195
5499120
5498885
5500906
5500647
5500215
5499231
5497246
5498362
5499502
5499860
5500682
5500236
5498075
5500918
5498944
5498637
5499935
5500741
5500355
5501082
5499267
5502576
5501391
5501447
5498930
5498583
5498851
5500621
5501433
5500014
5498735
5498358
5500165
5498052
5498517
5500358
5499799
5500568
5500739
5500083
5501474
5499273
5497633
5501377
5499792
5500224
5497862
5500201
5500089
5500045
5501125
5498584
5498410
5499496
5499329
5499793
5500290
5499178
5498961
5500637
5501384
5501208
5500291
5501233
5498320
5498033
5499670
5500691
5498806
5501816
5501141
5501033
5499251
5498828
5498859
5498318
5500028
5500176
5500300
5499855
5499055
5501670
5499979
5499610
5499812
5498675
5500439
5497666
5501076
5500474
5500840
5499224
5498506
5497928
5501351
5499170
5500728
5500160
5500898
5498814
5501911
5498546
5502006
5498547
5500253
5499216
5499365
5498604
5498246
5499215
5500226
5499823
5499893
5500777
5500794
5498440
5500865
5499314
5500704
5498109
5498857
5498979
5500132
5497607
5500683
5500384
5498496
5501419
5499394
5501686
5501706
5499430
5500410
5498596
5499290
5498802
5498143
5501553
5499559
5499092
5498621
5499924
5499863
5500102
5501938
5500376
5498960
5499506
5498991
5500849
5500125
5499427
5501420
5498908
5501766
5498711
5501807
5499780
5499858
5501845
5500214
5499182
5499889
5498310
5501104
5501170
5498693
5501025
5498155
5500354
5501192
5500668
5498725
5498917
5500135
5500796
5502097
5500131
5498577
5501292
5500163
5499283
5498235
5498449
5499148
5500025
5501482
5496480
5499733
5499666
5499758
5500403
5500579
5500249
5501641
5500172
5498550
5500030
5500565
5500274
5499510
5498710
5501304
5500644
5501535
5500615
5500506
5500719
5500667
5498015
5498302
5499625
5499884
5501200
5500428
5498603
5498770
5499802
5500350
5498513
5500133
5501210
5500349
5498988
5499856
5501725
5501702
5501105
5499991
5499599
5498678
5501637
5500722
5499578
5499782
5501176
5501223
5500182
5500588
5499706
5499970
5497698
5499491
5498858
5500120
5500075
5501150
5499769
5499910
5500121
5499891
5499868
5500147
5500752
5499926
5498415
5499848
5500512
5500883
5502017
5498126
5500804
5499586
5500082
5501079
5499813
5501851
5499450
5498576
5499389
5502009
5501117
5500140
5500841
5500423
5498787
5501529
5499159
5500852
5500548
5500031
5499166
5501286
5499198
5502447
5499340
5500095
5499963
5499645
5500915
5500604
5499849
5498006
5500189
5501669
5500674
5502162
5499720
5499766
5498442
5497639
5497946
5498446
5500401
5498117
5498568
5502048
5501925
5498871
5500515
5501498
5501716
5501251
5500662
5499449
5498659
5502344
5501747
5498690
5501392
5500021
5500692
5500616
5500284
5500696
5498447
5499538
5500333
5499197
5499476
5498953
5501119
5500062
5499541
5502378
5498924
5500528
5501259
5501540
5498736
5499708
5500736
5501396
5499966
5498561
5499673
5500460
5499973
5499634
5498964
5500581
5499681
5498466
5499358
5499582
5500658
5499983
5500265
5500315
5499911
5498377
5500113
5499158
5497479
5500138
5498559
5501383
5499213
5500782
5497795
5501537
5497931
5500937
5501473
5499082
5498704
5500362
5498852
5498994
5499504
5497779
5501901
5501511
5499164
5500549
5501558
5500912
5500415
5500494
5498878
5500878
5499269
5500544
5502018
5499270
5499050
5499396
5499654
5500711
5502011
5497120
5497881
5501050
5500688
5501153
5499867
5500305
5499741
5498671
5501317
5500404
5498876
5499395
5501022
5500496
5499684
5499650
5499679
5498634
5500029
5500048
5500084
5499330
5501143
5497874
5501130
5499904
5499743
5501064
5500352
5499261
5499047
5501118
5500720
5499894
5499524
5499086
5501406
5498211
5501427
5502341
5501730
5500837
5499038
5500245
5500429
5499026
5498902
5500801
5496843
5500649
5500194
5501369
5499422
5498131
5499002
5500584
5500166
5501823
5500067
5500992
5500368
5499832
5498564
5498332
5497730
5502192
5499943
5501273
5499388
5500952
5498863
5498843
5499399
5499573
5500007
5499532
5499115
5499725
5500322
5499791
5500465
5499514
5499544
5499897
5500489
5500323
5498866
5501566
5501306
5500642
5499972
5500277
5498947
5499363
5500656
5501244
5499446
5501642
5501534
5500210
5498528
5501372
5501296
5500896
5500718
5498767
5500866
5498554
5498068
5501723
5498668
5500999
5501532
5499405
5499945
5501502
5500560
5499286
5500601
5500097
5501476
5499683
5497590
5501527
5501858
5499376
5500058
5498173
5499418
5499830
5499090
5501389
5501161
5500304
5499533
5500217
5499471
5501379
5499995
5499295
5499517
5499031
5498228
5501963
5499881
5498829
5500228
5499602
5498795
5499096
5497670
5500599
5498606
5501003
5500063
5500532
5500446
5500685
5501083
5500467
5497426
5499223
5497390
5500867
5498700
5501450
5498641
5498276
5499013
5502717
5498184
5501231
5499204
5499546
5498966
5500954
5499591
5498995
5498420
5498611
5500454
5502275
5500905
5499739
5500246
5501112
5501074
5502028
5498880
5500383
5499515
5499883
5498103
5500416
5501817
5502471
5500768
5497697
5502072
5501184
5500966
5501627
5501518
5498514
5501230
5498327
5501412
5501284
5499278
5500369
5501046
5499078
5500732
5497846
5500618
5500411
5502308
5500039
5498808
5502316
5498129
5499716
5498512
5498753
5499431
5498983
5498059
5498371
5499890
5500109
5499151
5500652
5498965
5497990
5498448
5498093
5501000
5498906
5501504
5498717
5500832
5501152
5501863
5501173
5501685
5498572
5500258
5498381
5499920
5501336
5501393
5499992
5499101
5500286
5499143
5501381
5499917
5497677
5501091
5501574
5500392
5501350
5501904
5499279
5499996
5501167
5503044
5500431
5500395
5498261
5501596
5500927
5498877
5500079
5499071
5499410
5500414
5501310
5502211
5500273
5497721
5501579
5497815
5500967
5499671
5499688
5500734
5498862
5502070
5500761
5499824
5498819
5500060
5503298
5500816
5499177
5499526
5499765
5501570
5498776
5500712
5500509
5499724
5501737
5500398
5498497
5500198
5500538
5499862
5501507
5500797
5499100
5501437
5500833
5499810
5502129
5500259
5502155
5503077
5501322
5498342
5499225
5498394
5500567
5501078
5499620
5499403
5497211
5500453
5500371
5499293
5499820
5500769
5499790
5497864
5499835
5500639
5502500
5499372
5498354
5502012
5500733
5500533
5501758
5498181
5499952
5501370
5499465
5501340
5498631
5501243
5500445
5500276
5499174
5501007
5500593
5500638
5500904
5498340
5501472
5499125
5499756
5498817
5499748
5499976
5499052
5501180
5501516
5501786
5500002
5499636
5499553
5498861
5499776
5501779
5501732
5499222
5501942
5498997
5498455
5500619
5499193
5498875
5499360
5500838
5499053
5499984
5500256
5499378
5498679
5501039
5502317
5501593
5499466
5500577
5498945
5500311
5497904
5500576
5499871
5500137
5501982
5501092
5500920
5499697
5499811
5501300
5501137
5500308
5499873
5499951
5497066
5501920
5500836
5499611
5499324
5499062
5501628
5499485
5498365
5500941
5500451
5502096
5500702
5499705
5497352
5500887
5498963
5499083
5499194
5502416
5498864
5500169
5499232
5498234
5502408
5501148
5499040
5500285
5499343
5499656
5500124
5498840
5498217
5500884
5500261
5500320
5499345
5500856
5500297
5499481
5500563
5500582
5497629
5498418
5500596
5500943
5499149
5498088
5500578
5499150
5498784
5502230
5499719
5498774
5500447
5500437
5501017
5499282
5498822
5499745
5499087
5500899
5499534
5499563
5498454
5500916
5499633
5498188
5499130
5500035
5503113
5499012
5497993
5498384
5499058
5499237
5499077
5499468
5500810
5499695
5498459
5499112
5500547
5501071
5501500
5496882
5501598
5500990
5500755
5498521
5498525
5499003
5497966
5498732
5498424
5501147
5499808
5501120
5499522
5499122
5501711
5498350
5499311
5500483
5498602
5499207
5499266
5499180
5498933
5496955
5501728
5498266
5499927
5501107
5498805
5499069
5502214
5501353
5498633
5498594
5499834
5500456
5499651
5499191
5500078
5500706
5502091
5499601
5499788
5501365
5498544
5499088
5502032
5501185
5499958
5500566
5501154
5498168
5499731
5501055
5498642
5500760
5500191
5500458
5500762
5499809
5498545
5499073
5499350
5501256
5499456
5500149
5498223
5500324
5501068
5499501
5501604
5500087
5499479
5499288
5498601
5500914
5499093
5499176
5497883
5500020
5498102
5498200
5499886
5498475
5498352
5500472
5499339
5498150
5500744
5501293
5501053
5498280
5499434
5501263
5502537
5499954
5499483
5500959
5501962
5499335
5500145
5498919
5500287
5500397
5498617
5500934
5500181
5501267
5498281
5498742
5501397
5498505
5502030
5499408
5500325
5501030
5502049
5501090
5498974
5502203
5500985
5499751
5501006
5498595
5498507
5499674
5499876
5499505
5498392
5501873
5501603
5500502
5501395
5498636
5498432
5501543
5502352
5498478
5502052
5499369
5500975
5500863
5498816
5499475
5499588
5501376
5501715
5498121
5500422
5501207
5502057
5498780
5501367
5499859
5499051
5501077
5500292
5501328
5500717
5501211
5498477
5499253
5500232
5499022
5500643
5499234
5501916
5500123
5501235
5498531
5501576
5498058
5499373
5498751
5500730
5501720
5500482
5496427
5497771
5501097
5501325
5500036
5500455
5502136
5499902
5498977
5498461
5498067
5500186
5499685
5501771
5501018
5499826
5499230
5501462
5499179
5498295
5497373
5500672
5499357
5501970
5499763
5500839
5499308
5499470
5501834
5498581
5496585
5500317
5501073
5498847
5501950
5498702
5501785
5501338
5498968
5501174
5498739
5500059
5501698
5499420
5499704
5500671
5501093
5497387
5498227
5499709
5501218
5499384
5499977
5499770
5499931
5500192
5501768
5501822
5498892
5501416
5501301
5499297
5498313
5500144
5499495
5498236
5498465
5500531
5500077
5500821
5497853
5499842
5499737
5502065
5501375
5499918
5499523
5500640
5502180
5500783
5499990
5499854
5500367
5501496
5499648
5500929
5500052
5499239
5497978
5499687
5498408
5500310
5497636
5500709
5498229
5499333
5498363
5499869
5501563
5497903
5499568
5499362
5499815
5499577
5498437
5501227
5499190
5502179
5499035
5500819
5500903
5498153
5500726
5499747
5498766
5499127
5501838
5502388
5502277
5500150
5501037
5501109
5499981
5500860
5500695
5499346
5501080
5501475
5498619
5500827
5501683
5501485
5501052
5496933
5498050
5497544
5500970
5500303
5499908
5499477
5501424
5498888
5500498
5497557
5498288
5498655
5500421
5501405
5499530
5499328
5499435
5498782
5501701
5498271
5498562
5501453
5499726
5498692
5498472
5499925
5499135
5500812
5499617
5501748
5499933
5501528
5501655
5499302
5499624
5499004
5500969
5498839
5498801
5501023
5499299
5501501
5501850
5497871
5499874
5499851
5498202
5498364
5498469
5501438
5499351
5498399
5501494
5499781
5498614
5501480
5499942
5499630
5502333
5502991
5500238
5500281
5498597
5499621
5498265
5499784
5497307
5500107
5502714
5496869
5501110
5499359
5500737
5498166
5501316
5498895
5498664
5500412
5499206
5498922
5502695
5499455
5499614
5500139
5499558
5498939
5500275
5502791
5500600
5499260
5497692
5499095
5500666
5501411
5499381
5501945
5498842
5501319
5501777
5499604
5501929
5498146
5500521
5501205
5502467
5501445
5501146
5501536
5499018
5500893
5498557
5500779
5501001
5502450
5500575
5499692
5500861
5498524
5501026
5498722
5500805
5499929
5500001
5500572
5499492
5501854
5501069
5502200
5500335
5498397
5499461
5499102
5502161
5500895
5500296
5499488
5500185
5502335
5500880
5500004
5501036
5500010
5501254
5498935
5501245
5499391
5498676
5499005
5499228
5499806
5498254
5498809
5499144
5502556
5499603
5498308
5502292
5500983
5501209
5501555
5499238
5499552
5498269
5501366
5499587
5499235
5499497
5498778
5499754
5500693
5500634
5499543
5501066
5500233
5498301
5499696
5500580
5500597
5498823
5501560
5501436
5501288
5502285
5500716
5498640
5500552
5500708
5498707
5500106
5499773
5500870
5498897
5498794
5500800
5499665
5498948
5501825
5501479
5498588
5497630
5500980
5498980
5501541
5500613
5502143
5498650
5500200
5500908
5499429
5499205
5501280
5499445
5498934
5497519
5499887
5501556
5499957
5502480
5499057
5500486
5500485
5502391
5497603
5500892
5499589
5500786
5500399
5502031
5499152
5500747
5501070
5498883
5501362
5498647
5502436
5497289
5498580
5498761
5501134
5501294
5500784
5497575
5501694
5498297
5501199
5502671
5501206
5500174
5498748
5501783
5500659
5499682
5497950
5498734
5497261
5500495
5498205
5501159
5497818
5499114
5500348
5499291
5499332
5499512
5500592
5501489
5498758
5497695
5500874
5499986
5501809
5498686
5499453
5500669
5498756
5500657
5499355
5499383
5498832
5500787
5502208
5502026
5501237
5499480
5500468
5497542
5498687
5499989
5500541
5498486
5498338
5499982
5498422
5501905
5501967
5498511
5500996
5498759
5500380
5499192
5499956
5500003
5499969
5499438
5498311
5500876
5498001
5501363
5500389
5498612
5500617
5501621
5503400
5502442
5500417
5500746
5500785
5497837
5500743
5499307
5498022
5500675
5498393
5499063
5500069
5499584
5501592
5499076
5502101
5501136
5498086
5503406
5498406
5500971
5500257
5503484
5502159
5499208
5501946
5498436
5500272
5501790
5496848
5501856
5502702
5501756
5501425
5501423
5498534
5498573
5501373
5500814
5499519
5501029
5501804
5501745
5498225
5500636
5500070
5498251
5502971
5499202
5500715
5500365
5499289
5501216
5499008
5499309
5498157
5501269
5498277
5500536
5501342
5499185
5501470
5501900
5501106
5500979
5501714
5498685
5501567
5502252
5501224
5498279
5499619
5498498
5500660
5497860
5499285
5500312
5500218
5498813
5499387
5500757
5498122
5498503
5498141
5497102
5498992
5498286
5499243
5501085
5502566
5498140
5500187
5497434
5498353
5499661
5499795
5500847
5500262
5500714
5500557
5500420
5502016
5498326
5500197
5498480
5500559
5499787
5499906
5499220
5499677
5502531
5500202
5500190
5501471
5498740
5498898
5502289
5500211
5499236
5499691
5501282
5500268
5501169
5501320
5499761
5499850
5500204
5500523
5500843
5500141
5499402
5502305
5499968
5498336
5501559
5498757
5499801
5499301
5500758
5500112
5498708
5500976
5499567
5498984
5500806
5499043
5499762
5498772
5502029
5501876
5501084
5499255
5500461
5499065
5500537
5502083
5500854
5501043
5498426
5501057
5501832
5498298
5501659
5501602
5498495
5499233
5498743
5497764
5499844
5499106
5501333
5499306
5501027
5498539
5499865
5500000
5500554
5501094
5498516
5499246
5500826
5500071
5501354
5501198
5498198
5501739
5500372
5498688
5499128
5501315
5499818
5499153
5499021
5499735
5500032
5498471
5501062
5499903
5502693
5501499
5500130
5500340
5500278
5500817
5502995
5498105
5498666
5500555
5501638
5501867
5496861
5499723
5500623
5498252
5502508
5501371
5501810
5499774
5500793
5503165
5500868
5501776
5502134
5498978
5500017
5500466
5500504
5499998
5498479
5500763
5499997
5499961
5501935
5500978
5500774
5499484
5498942
5498884
5498610
5502384
5498729
5499252
5501149
5498923
5499946
5502260
5498519
5502496
5500926
5499840
5499605
5500370
5499576
5501630
5498388
5497209
5500508
5500351
5502498
5499108
5500885
5498522
5497204
5498411
5499608
5499913
5497821
5498120
5498741
5498307
5501349
5499800
5498623
5498248
5499380
5500167
5502019
5500633
5502686
5501048
5497984
5501402
5502157
5499390
5502164
5498375
5501432
5497491
5501763
5497782
5499971
5501334
5498936
5500171
5502374
5500469
5497615
5497580
5500497
5497774
5502104
5499010
5500998
5500842
5500344
5498860
5501188
5502120
5501668
5498051
5501429
5501096
5500988
5501238
5497413
5497961
5499493
5497671
5500271
5502338
5502123
5499821
5501031
5500110
5498290
5500111
5501951
5501390
5501883
5497199
5500390
5500944
5500862
5501312
5499814
5501671
5502027
5502306
5498378
5502066
5501676
5498282
5498607
5501898
5498677
5497392
5500005
5500754
5498593
5498986
5499469
5500148
5497843
5502398
5501266
5499975
5501606
5499464
5499007
5501414
5502165
5501491
5498793
5499872
5499042
5497882
5501710
5498306
5499472
5499281
5499525
5500705
5501526
5498705
5498962
5498946
5502477
5500928
5499041
5501738
5498429
5500477
5500230
5500789
5498407
5501835
5498289
5501160
5500627
5498367
5496812
5498569
5498549
5500798
5500986
5501194
5498099
5499583
5500427
5497808
5499119
5499452
5497564
5498325
5500499
5499432
5497643
5501374
5501548
5499768
5501750
5500790
5500984
5498249
5498996
5498618
5501100
5499049
5497824
5501493
5502193
5498476
5501798
5499699
5501155
5500464
5501124
5500689
5500047
5502003
5500488
5500713
5499032
5498985
5498792
5501842
5501401
5501258
5500457
5499263
5502525
5500442
5501619
5499631
5498681
5501290
5500440
5500546
5497891
5501889
5498458
5501906
5501826
5498199
5498322
5502255
5501870
5499006
5501016
5503221
5497592
5500360
5500858
5498925
5498698
5501175
5500830
5498467
5500413
5497308
5499316
5501800
5500535
5499727
5499323
5501352
5501101
5501770
5501612
5501650
5501796
5497438
5498267
5498537
5498160
5499296
5497680
5498039
5501802
5501539
5498969
5500406
5497958
5502266
5501589
5498622
5501295
5498226
5498123
5499629
5500631
5500946
5501947
5500571
5497429
5501329
5498259
5501520
5499322
5498982
5499866
5498043
5501609
5498014
5499775
5500289
5498433
5497591
5501108
5500379
5497894
5499068
5499104
5498060
5501361
5499919
5503895
5499276
5499678
5500319
5499574
5498294
5500823
5501428
5498221
5498186
5498831
5502815
5499209
5500630
5500388
5501013
5498812
5497586
5497443
5502610
5501586
5499547
5500950
5501326
5500545
5498914
5501283
5501591
5498484
5498023
5497628
5501767
5499264
5498176
5497865
5499067
5499425
5500081
5499838
5498368
5501332
5501219
5501434
5499535
5499490
5498635
5501426
5501308
5502430
5498796
5498192
5501451
5498915
5499181
5498520
5501347
5502137
5499728
5498405
5501297
5498781
5501335
5502079
5501162
5501999
5498287
5501746
5497553
5502332
5498134
5500855
5498731
5501339
5500771
5499157
5498955
5498499
5501623
5502626
5499442
5498841
5499126
5501252
5501914
5501299
5499892
5500987
5499797
5498347
5497806
5499901
5499161
5498502
5501678
5498474
5498800
5501081
5498273
5497450
5501341
5500470
5502089
5497527
5498317
5500963
5498116
5500989
5500307
5498810
5501307
5498383
5501487
5502367
5502448
5499352
5498210
5498600
5498518
5498057
5501818
5498672
5497929
5498197
5500205
5499503
5499334
5500208
5502800
5501126
5500901
5498730
5499401
5498656
5498639
5500500
5498754
5499173
5498389
5498910
5498896
5501197
5500356
5497944
5500881
5499137
5497448
5502966
5500270
5502597
5502719
5499714
5500913
5497487
5501902
5499117
5501164
5498799
5498413
5497988
5498626
5497809
5499344
5501181
5501179
5501996
5496294
5500894
5499819
5503180
5500864
5498900
5502035
5500610
5496714
5501158
5497679
5500964
5498428
5503066
5501086
5500452
5498385
5502298
5498541
5502481
5498427
5497647
5497796
5498654
5502127
5501684
5499356
5501984
5497098
5498579
5501806
5498444
5500911
5501757
5499080
5498012
5498355
5502102
5502176
5498609
5501042
5499965
5500724
5497858
5501594
5501139
5498232
5501072
5502558
5500055
5500872
5501331
5499649
5499899
5502580
5501544
5501012
5499474
5501977
5501557
5501178
5500375
5502319
5497930
5498726
5499548
5497720
5498913
5501872
5497994
5500337
5498328
5498216
5499701
5498108
5498107
5498715
5502313
5499218
5500945
5498209
5501145
5498620
5499371
5499426
5501398
5500542
5501893
5497731
5499327
5502142
5500665
5500051
5497989
5498970
5499764
5499717
5502575
5501431
5498316
5498873
5499557
5498488
5498275
5499618
5499250
5502014
5500742
5502172
5501583
5501613
5498697
5501228
5500433
5502209
5501857
5502363
5501697
5501281
5498975
5498434
5502632
5497722
5499028
5496995
5502336
5499729
5502899
5502935
5501930
5497919
5500939
5497549
5502085
5501492
5501222
5501797
5497968
5501879
5501958
5498010
5501666
5498370
5499489
5499331
5502551
5501533
5499955
5501917
5502015
5500142
5502602
5501667
5501311
5498901
5497454
5498848
5497555
5498445
5501759
5501015
5501513
5499244
5502221
5502062
5498941
5501928
5500293
5501831
5498002
5501874
5498038
5498179
5501168
5499875
5498112
5501913
5498643
5501649
5501318
5502516
5498695
5502619
5499118
5498645
5500247
5498616
5499034
5501585
5498309
5502110
5497926
5501056
5501622
5499377
5500936
5498395
5501881
5499622
5497775
5501382
5497295
5501631
5497620
5498733
5501923
5499214
5501542
5502073
5501597
5501478
5500948
5498570
5497947
5498162
5501688
5498937
5498745
5498064
5499280
5499556
5497090
5502235
5500015
5498396
5499789
5501829
5501880
5499258
5500956
5500530
5498869
5498644
5499156
5501253
5498190
5500813
5497409
5501681
5497231
5501868
5501998
5500159
5501035
5500859
5500731
5501957
5499367
5498566
5499105
5498402
5501348
5498786
5497866
5497884
5499039
5498013
5502039
5498558
5498658
5501276
5498284
5500608
5501345
5501985
5501827
5497627
5500759
5502404
5501546
5498485
5501871
5502753
5498132
5497788
5500974
5498940
5499915
5501639
5498585
5503110
5500347
5499172
5498551
5498094
5500091
5498177
5500161
5498680
5499317
5498667
5498187
5499091
5503510
5501128
5498712
5502677
5499939
5502741
5499566
5497909
5501722
5498386
5500917
5501653
5497412
5500788
5502225
5501032
5498777
5498489
5502780
5498526
5497678
5497965
5498208
5498110
5497969
5498020
5501608
5499015
5498080
5501364
5501524
5496617
5497917
5501837
5498443
5501888
5497645
5501693
5499109
5497225
5499828
5498605
5497998
5501954
5497659
5501265
5501525
5502683
5498721
5501611
5501718
5498755
5498339
5501572
5501270
5497913
5502042
5497979
5501656
5502188
5501221
5498649
5501061
5498515
5502064
5501506
5501778
5498416
5499888
5501439
5501008
5498670
5500057
5499097
5499349
5498374
5497852
5500961
5499439
5497566
5501321
5502037
5498244
5500940
5499019
5501907
5501327
5497403
5501908
5501278
5497887
5498765
5500019
5498404
5497971
5497475
5501805
5501508
5497908
5497556
5497250
5497309
5501034
5501378
5501268
5501309
5501953
5500977
5498391
5498369
5497686
5501636
5501156
5500955
5499457
5501833
5498646
5499416
5500255
5501760
5500526
5497526
5501735
5502373
5498237
5501617
5498790
5500962
5498949
5502519
5498127
5501590
5498789
5498701
5497844
5500897
5501088
5502267
5502202
5501400
5498837
5499880
5502517
5497498
5502482
5502649
5501814
5500756
5501129
5502628
5498268
5499014
5501886
5501359
5497885
5499199
5497977
5499017
5498536
5501191
5501940
5501399
5500699
5497829
5501435
