3142809
724706
9044390
5953725
3940722
7078432
3881680
245269
1564829
1710478
2921271
5516716
8479059
9170382
4695606
328315
1351489
3656282
1515047
5302737
10125493
4391816
7771302
275896
3699841
4638245
7616048
7640980
2629663
1558944
7896884
2979693
6666876
5472962
3936319
6821032
7309267
271346
7206117
7363630
7807569
803418
6411190
4372934
7437948
8592095
9060495
1303028
8996905
6054426
8215413
3090087
10263770
7118214
684431
2588454
5785382
4723240
3572598
8163482
70347
8975716
821732
3669438
7085267
5680802
10454395
3778178
3236704
9491608
10832312
10186120
9822777
7254762
5529468
7998679
6746717
3378890
3609560
4211223
7222509
6954391
7056661
7002947
7523699
7090343
2608199
823495
10220412
7236383
8442932
8699089
1389349
2573444
3111558
4897266
7448678
2742669
3417961
6454110
5255895
3595297
645090
9903540
4906487
3344731
10313990
5723772
6570768
7856958
8420775
2012810
5595531
8885306
3975459
10118832
8979715
2975721
5545900
852100
4469702
601088
9951976
6507921
10676838
9079852
5639390
5717391
1934282
10290740
10363392
9674864
3799080
638255
8100715
10204177
5945875
9981450
5967896
3197569
839581
2611482
4431022
10756227
408184
4659013
1243542
2837662
3477492
4192161
10743089
339225
10452557
1298822
10562288
9197672
5746464
9391878
6166152
9084660
1297176
10574394
2973389
3987192
7697036
9184577
676151
7495061
806339
6525807
1709110
8529663
3133149
2987868
10082369
3762867
5683972
6532595
4539001
8558635
2912119
188988
2600638
4720769
10767430
8984637
8112657
7733704
6671818
4412811
946570
6256916
9403204
3148258
2300011
5419845
839924
3434500
8550787
3945527
6948102
1208176
8748693
8529253
8419105
6600594
1437581
6855785
5668599
8714401
9617114
1223466
9100467
9779983
4631968
1842128
1800976
10056009
926093
1550805
8231953
5030003
5941849
6409221
9791917
3481733
5705226
7954877
3949252
5246444
3081429
10664958
4384551
9429792
59906
6703595
6063932
10433480
4842511
2953786
3687954
7895919
2806428
569164
1798159
3656975
5880282
7217389
7648789
2873950
256328
4044362
8495143
1850967
1434460
6261093
3304385
8351249
2739644
1995666
7068605
10663835
9682230
8709784
7679509
9467090
9294238
9871956
8326244
10239973
4480393
5888827
10596480
957090
10607171
2591886
432706
938969
5937764
6714625
3918205
3298001
5933651
1876002
7704093
4700949
10966919
8550016
1492864
6419729
6255027
8102469
5019005
10081869
2111391
2466265
6239399
1750812
6845197
10692646
1601658
8128487
2117365
10005090
451221
5263142
5528383
254509
2458351
9525809
8593562
2769382
6472363
775078
6286132
1221348
9303720
3134375
5416030
1853480
9846750
9024356
9312106
7595644
9728269
2663051
1568316
7275281
9843452
3913465
9942851
5454
6574453
3710092
8067638
3842100
7434612
3427777
5690531
3005712
5208230
2611051
10484959
6964710
1874470
8101248
6141661
7022636
6022541
1083658
6306593
4967364
3721735
1677268
10386397
10431100
17718
2389559
66468
2796740
6418125
151480
1707755
9435892
6606159
3474401
1931261
6305956
6084457
9518397
8700782
3308942
3840361
5195981
8018040
3207574
8406132
6192396
706127
6910899
9421827
3334605
8367172
5032611
4503310
4062573
6081416
1803947
6620048
1508378
7903580
8593777
10547734
8669887
3964085
7562412
4578967
725484
4765611
3832458
3658197
8339680
4227122
5686864
1482430
9765000
7562891
6914419
1492434
7670094
4106728
9560691
9321366
3098931
8405659
7099134
10008301
9714066
10476373
5466880
803147
5175901
7232949
10844822
3599916
268005
4021164
1858352
3800840
2205207
1966717
6949252
8647978
1823345
4306747
754020
5386482
1901425
1209470
5213833
106377
4036787
4388844
5533906
8930926
6958319
7139649
2829825
10639694
8965260
2812768
9317586
720723
9355114
6504291
2488012
7527681
1344241
3981366
3086631
3757047
8742316
10301650
1713328
8472945
8624070
10036260
294473
6109655
10735355
10711112
6261124
3415307
10561929
5810553
149726
8716879
248906
9012252
7201965
8521343
270418
2529237
6748032
5293807
9775677
10330435
1254893
6048198
7125150
3778184
5485706
6936103
6276318
2950784
6301421
10487701
7394827
2030044
444394
9303674
6833048
4028873
9558770
10280656
5987114
7443245
9380267
1615046
2689836
1605566
3017260
5056256
10992073
2836278
9970623
902970
5929584
1434518
7913170
1189721
2443028
9875502
10456939
8556996
2561221
8163226
9289683
2893296
5670517
7834693
7413126
8633794
2741261
6332635
6227936
9067985
211877
7756872
3424230
2095077
3464187
3498310
8498167
7380160
8928423
2657024
5625488
1938904
3412485
9660200
3721621
4112952
10568454
1066348
1191855
1485384
957240
636103
75062
5079186
5893447
9156189
8977660
6566118
8892081
5094302
7759382
2586701
2464804
3620012
4567990
8480066
2695341
10223692
1644644
10194608
2841518
3543155
4485037
2803440
5993947
5970329
518393
3852093
9230956
9736128
7456430
1160963
10171936
4196030
10356432
7391913
6869386
5082813
1169817
8106230
5787557
867059
587148
3689141
1140650
6434593
5605115
5016975
4189203
2285772
1414045
5574378
1158972
8640404
3846507
8179003
6270895
6184906
3004561
3970398
8432966
10308540
1869850
10167867
6482389
6385627
3341837
10747619
6960032
8285356
5759088
3657594
3400201
315792
5693469
6139950
10814713
5361820
1428967
7824925
8636477
10029461
1509648
9819702
2706706
1127550
5130946
5494055
5117777
5913754
1353352
9531647
5373482
10715445
8318156
7182927
8892650
4663753
8985351
1459348
8697998
3233919
8920501
5848984
2295167
7861020
8034429
9003003
7474373
8672260
568955
7556521
2861652
2485040
4907682
291240
9182252
3128285
3815913
8671038
4274377
9636639
10572509
4007586
5670084
5500860
1363740
9688435
7405972
7726986
2498387
10305517
3880408
10124269
7740704
10624112
6212581
1093538
5175329
3954007
9209227
5840280
8806007
4161175
8900203
8669641
4106723
6124423
7802613
2837354
7388378
1540430
5223155
7209227
6427444
2552544
3898537
10580894
1821187
8672219
9417865
2872692
8558705
791328
5721414
2797201
7452294
9952048
1463473
716925
3887526
1181432
9890124
6092162
2920308
2408233
9396206
8790474
10655026
6541578
3762542
3323235
5548428
8499264
116102
4527803
9525587
436874
8502193
3373543
1459583
10251375
687369
4572161
7467709
10576950
7432912
1979590
2374708
8780505
7698026
890504
7835329
9542795
3137864
4604121
8048117
7340771
10712546
2776491
1223631
8376294
7929579
10728779
6137160
5950433
7299457
4305497
385392
6557240
7270265
10527455
10960965
6719634
193244
8000184
187064
2842870
6574036
9821877
2563356
9680327
4869913
1035678
3392137
8483170
1843570
5635425
4727178
3927916
10454844
828721
9571311
4248414
6669575
708849
8269430
4805283
6957118
10775740
3973529
10360844
5784802
5319433
7539644
582572
10745473
8354666
10064116
10820261
2364294
7974047
9424992
6332599
5848252
1318810
8875188
2264073
7812403
10606126
1395334
2504288
10509988
8790735
1339976
8142243
8642769
9505792
6839195
10969754
2534282
10890402
4419533
818306
10768192
4097825
1700051
663416
437026
9880276
1264215
10616051
3380685
6547659
9609414
1237721
5145809
10719846
7629532
6694024
8276225
1005039
425720
4152204
7585159
4776628
2141556
5421359
9287305
8136411
6691324
969948
3691785
7907081
10363808
521068
7794846
4398834
2698810
4952807
8771971
4257914
7713515
5595175
3534539
8185332
1621573
3471651
6976710
1555975
6402785
10944936
1008185
2149275
1365294
2670013
9354508
1044424
3103572
5236122
582635
207500
2939055
9541199
1160382
1583921
4732783
9167215
2781023
6491752
10340108
1750605
10926385
3417965
4666305
2395176
274771
2235951
414381
3550285
9329228
3417046
7302354
10907037
1524949
1563595
788446
10366564
7730566
7319526
4267695
4594844
10554675
6780755
451117
3001541
5263534
6454069
2522264
4864509
10250919
8630507
209803
7188189
6261313
2943996
2307498
8857813
5096943
7228110
1318507
9864464
5427521
9491806
6334495
663132
7625555
6135425
8852551
8859032
9142021
575230
2588858
5342273
7710861
5336477
8996348
7412585
9078050
9887066
7553706
9694164
2858393
1470463
3582232
2967798
876923
7579847
8964243
8053154
9317360
10847495
6531030
5198417
5853108
1664675
6086820
6832556
1089311
7978190
9047208
2523277
6489187
10559618
6219002
7518239
8971149
604656
4883152
8693802
4486547
10792210
2853893
6394494
9350289
7193762
9698287
3229156
851591
466192
6732896
8818698
10308777
4104031
5867994
9685829
7636765
7952891
4044208
10218958
2557059
6418750
4096502
640416
3328394
8698604
7615320
8119132
5912652
1711855
6251377
6034004
9323552
8875659
3253712
4086278
10620928
6584229
6775586
9991430
568189
5460440
8908863
3746233
9714804
1494297
217277
7744943
1049087
2096878
9338957
6432724
762581
8782162
3603091
10452554
1735169
2859747
3899246
6366132
7278466
3915858
10548840
8194583
6930949
8299595
2152156
4610608
10793387
10979436
6291703
2819501
8202417
3486472
7392091
2822490
5824550
10354000
10302221
4634280
9234582
5586474
10703774
7144167
5331938
10213699
468856
3534004
9073125
7811731
7623975
10359957
6144356
10195848
6557549
8111228
8295841
9783217
258633
7507098
4660399
2997383
3506052
3297337
6721484
1877959
2643130
8391828
4507552
6776495
6048712
7308591
8009813
4754039
6413970
10240988
5140596
9559489
7201881
10834378
8686062
3846523
10378594
6336945
9905106
8415744
2186435
2577170
1446090
9547053
10565453
325078
375957
9719247
1858537
6184837
8170226
4671854
7820586
3028212
4765038
7324999
9089990
262430
4261472
7593411
667577
2842475
2217033
3778547
3654625
5196411
9301461
4315
66960
9684432
9272092
10256123
1719592
8666151
9169623
7695717
2932027
5666547
9386921
10333179
8625760
2674168
4425269
2435399
7574841
2353657
1648089
1374453
9168086
10807244
166435
1459261
8924433
4303679
10119420
2189224
5836976
10446199
234944
766209
1635301
10489042
6968229
1516594
2367685
2736025
6026556
10179916
10968523
2391386
4958532
7727796
7478343
2509261
7840570
1981033
318664
6580821
4543971
5520319
5071058
7927185
7646807
5080786
5054948
2139279
8182276
10723360
5974136
10587627
4182878
4544085
5021358
4099004
6413137
24818
7988745
8190371
304895
2494442
5165425
10904998
1202838
1959059
6452074
1220046
4921690
5634144
1582605
3916770
1138755
7179150
9531686
8089995
9118341
789456
3817682
125022
2601205
5665917
4568610
1860332
7905819
9484838
6694932
10830969
3254999
3798136
7465410
1766975
1074236
8786750
553324
4605242
4334284
2437169
7783083
2528717
940802
5121057
9586866
4788481
9742351
10311300
3954603
548686
2599296
4163811
8974692
3283259
7962281
5537456
4237645
9651025
1630443
761837
5187254
3159848
1725623
9245619
10472575
5475627
10116691
1998621
1747539
7692448
6334681
9570560
1830220
10949550
6704253
7656292
1413648
9650824
4652898
6948114
3381308
623831
4927226
261335
8163385
9200594
2470013
7461024
390411
10267866
3157581
10314166
5984022
10668490
2030518
1011351
7309891
4745648
7984152
6652952
353999
10288828
3028107
6774687
3189939
1108816
10879780
3487217
8339035
2950870
4997015
5462667
10885852
4834006
10651213
579743
5541501
5791450
9768906
808414
4417515
8382650
5340432
4733646
7853915
526248
9410157
2630625
3594773
7451606
8686395
8328684
4573256
6588060
1850849
8946383
1302998
5601765
3690474
5561784
6928574
1605470
3634647
10149731
3815403
4198729
3756704
5358233
7900994
837619
6044988
9317462
3518149
10320826
5500178
760944
3097372
2200353
8666528
5070928
4471778
751029
8886628
10979523
3582368
4847931
6659903
2709076
7558804
3530212
8848775
10952883
10291506
6349193
4489206
4522214
1267114
3054570
7771724
7356496
9822610
1448805
10387115
3463647
5575833
3867427
5262162
8702209
10604029
1716568
9063860
9852508
7474092
158916
8507789
8331138
3703569
3485576
9299142
8058970
7768493
340402
7462088
9178535
3302050
4095508
4957476
4353436
9836962
9579058
4357868
7250541
3808057
1328250
8129266
3456205
6839241
6996217
9606129
2759012
8503234
7936674
9742009
10257878
5769341
4559375
813958
7749629
10064505
968808
9915910
2364143
8669387
8672034
4378632
10840833
6536110
4969144
1198694
10408546
1408580
3714808
6996398
5957316
3426395
6590825
4604423
2564297
9084625
9386022
6848098
682270
8357168
5502019
2529847
3689239
5815216
2117626
6285440
2682310
6787713
5708622
6731783
10271509
10782208
3083938
4358110
10624652
10558704
6647981
9075897
7149426
7594842
3859369
4203842
4508229
1406502
4788777
7356884
1390685
3771545
7732179
6159988
2361241
10419697
2230043
5440658
1826935
4143347
10108743
2198331
2081877
6325406
5632655
10579639
2252525
4967186
10844984
7369375
699124
5244953
1079454
6171587
8223668
7522095
10923324
9784584
6274187
2272190
10103908
10604040
7824205
10468170
7191569
4660490
4603120
2610028
812949
9631462
6535340
4354750
8133753
6677892
6937981
9263496
8191592
3076874
2084868
920964
4029232
10557597
7277521
2595025
4980060
718039
9331107
6476471
2858253
5958974
4053598
6059264
3675226
8636929
1418852
3117110
3269622
944017
1811171
3167806
9255162
4778318
10311669
3334937
660016
7547014
6848036
3811422
4216551
644391
10970650
790936
9074125
5554295
2999565
3324076
83912
3305243
1544313
2050794
6173555
7605163
9971663
6424667
6204536
10700002
998199
7031043
5509751
1665694
3941753
4660784
2291634
7008957
51678
10508806
8361083
2543612
1363668
2688248
9981397
7766599
344199
4432693
4243505
9513323
10502337
1222651
3725720
4287956
2895971
4076006
8038863
1351776
2421188
305670
2782565
6495573
9043780
1555637
9908657
6629252
9274075
5815661
10578908
784430
771036
3761596
5141417
8588863
4092636
8651365
211456
10822628
6504978
3045377
8862254
8826423
8276926
97952
7633266
1529119
4563115
8242316
8545077
5063515
10037346
8396621
6340834
3074587
178556
4177006
976097
3699110
1917539
9431337
10372254
9922213
9861657
6952147
2282752
3477550
2764291
10400432
9667241
2046215
9393967
4266890
2181155
10073071
10589813
2340559
9283125
4656514
10384968
5669514
8297849
999951
80526
1892833
4404301
9527793
1946594
9168577
3371751
75442
456931
7034872
10244804
4315243
7273312
7381515
7511625
9328816
5355354
7520403
9968730
9680801
5236344
2142241
4737595
10186297
3341853
6746449
4353981
9906562
4904008
4100723
10286583
21503
7915887
8919813
7127954
8569901
9967141
9179950
8321087
4937072
1689444
3916139
4015633
1603843
7681787
1414797
7790673
3542138
6688135
8673186
9575253
1276511
6407918
328983
8095929
2237353
7674723
6136091
1989973
2683365
1211308
2433911
10881338
8494373
281377
5167289
5315991
2262594
9596676
5871997
7941604
206637
8390221
3375448
9656912
10348851
3403314
4883052
4545066
937060
1705719
10335375
8653890
1204107
10993011
10054841
6465390
2858399
1548877
8355696
621290
7949622
9660519
8962324
9856163
7370574
2338294
3248044
6457141
7734798
8350434
2304402
757984
2839090
10077617
1171420
3249080
8689099
2983066
9512222
2950117
10597692
7746370
5510990
871339
8965363
3574398
1946477
8606247
4551409
6026802
10838153
5562162
7860163
293317
10355770
3323709
6408823
4704416
9343482
833982
6598442
7510683
10050899
6896310
8047185
1072133
4961854
152118
10694999
7071679
1858112
3900554
2196840
10941489
7436461
4653072
4171670
6698881
9340887
4141264
6722934
10946088
5438472
9350504
5952103
3842483
10542402
2590818
224587
7027535
654147
10204557
4233050
7831456
5517101
2606005
3152586
5514446
7094667
9475667
7666599
3188328
4010312
7583617
9872719
1125009
5904011
4302050
3309082
8364209
2558871
7687788
2466878
8647087
9300825
9952515
1755020
5326123
8576031
6737842
3941284
5721979
10998839
10042585
6379591
1488033
9431298
9837579
2264836
1877998
8313858
5956105
1809608
5493267
838665
4337851
5152324
1255963
3269611
8532134
5417979
5367749
1648816
5870577
8763435
3132958
4980317
7916967
4578546
10833105
3543585
5575541
9275296
10698030
5705883
4301098
1174490
3491444
7471582
7156191
2728856
6802189
7548941
10580266
4586049
284983
9726685
9922921
2311379
4195230
4176209
1025058
10727869
5398248
382755
1689133
6757887
7573320
1854663
5565620
2609078
4274797
9217710
9942297
8227801
2298840
6805831
5114254
9657367
7553300
3799523
6726094
6093148
4054031
1204661
2412119
3510606
6372150
5297136
8422068
2026645
3576436
4811787
5072541
500776
8653571
6182096
4544377
7546730
4716217
5150156
4671829
10965409
2598941
6419166
552565
4218732
3237024
9294906
9070417
4134149
7728561
4572751
1278252
9560763
5154013
2975819
8869212
948795
1426351
3541754
10367897
6407724
3503258
1314061
973865
5181830
8589863
5153569
9249107
8737915
4941971
10696596
7370599
8670642
7731966
5482758
6616455
9711152
6654651
2649086
3014663
3668927
7918999
10923022
5943966
5903870
2517872
9766939
121997
3197557
7276702
7431428
10187395
8012347
720619
5403653
7760509
6298868
7334964
2628611
2393666
1995546
8603067
8603526
10562980
100086
1993457
8927380
3067409
9218054
2247828
8065623
5718055
4230142
404158
8860160
908329
6584032
5091472
7494396
1454820
2043953
1963970
4476553
1101285
6302652
5471536
4093917
3690519
1163140
8425926
8539278
9456805
4338051
5279481
2696259
1398006
9447596
5256884
1141298
9256003
3210513
347462
8180646
7855227
7014056
8008303
6379166
4293072
9345827
2775520
8597727
3788127
3993367
9354485
3539993
2056401
9360073
6949435
3977184
9216265
7040866
7367455
9548944
8105969
5290072
6634016
5652607
10675904
10343157
328987
6711702
1247884
3255727
9916540
24531
1206327
3365329
8189549
1964139
7841748
10375488
2826621
10967292
2898053
1194965
9157573
7945940
10479483
8733609
7545473
73402
3406788
684277
116199
4905733
8349138
8047046
3484431
5540253
7014469
10765635
10930096
8993224
9361724
73097
3860793
3393362
7142280
3944500
4812313
5380536
6206376
5447634
824789
7633142
7115368
10377865
9680908
7075832
10626255
6163580
5215580
2513180
4263685
7491324
7818864
10753432
1678775
8636386
301672
3425136
10834139
4635574
10288191
5534137
9283223
8849721
8935669
3391434
3115997
8889986
6280747
8942697
5525591
6596456
128769
4554010
9293432
1818139
3211794
9135242
2735469
9958067
9593776
6813455
3966630
8221895
3410715
6062647
5008787
7846234
2751197
10175394
452289
5130746
7020131
3791096
8068661
6107242
7484535
10899070
9557889
878492
2299248
8467000
5077725
3745606
7219632
6996025
1605081
261775
783252
6729392
4463184
3562363
4942679
6720412
5496390
6047088
7989489
1067115
2240173
6473354
2613101
7284154
10233033
10202150
3796556
3058829
10500316
4519209
48444
2260012
3004260
10846425
2943069
8132057
6747076
9543059
5991313
4107289
1310826
7219031
9142119
6205020
9154882
7609669
290782
2274639
9730522
9927543
9110383
9847337
1841364
5944280
2512667
1539552
9002859
67706
7198260
9343370
8260821
10556686
1713400
7887892
2175120
3221397
9797071
5829763
5764754
10433755
1912388
2040934
4448875
5019362
127199
628933
3335446
240194
5331370
6127113
1433540
8417654
8759329
8515517
497473
5176636
9869595
3605607
4735525
1561257
772979
9673694
10083051
279894
7058332
8653428
1085378
10223681
3652813
10156288
5592777
5635483
2571291
9961393
7963784
3944656
6041353
8772461
1653709
3371888
10988053
7515655
9594368
10608149
7954943
5877692
8328434
5022445
3581415
10190551
10201663
2951066
6224843
3837331
7887331
1464476
2917778
6693142
7588462
6304486
9929712
3015656
10382191
5931421
7520255
8197926
4551027
9306863
7540478
6514551
8522375
8259161
613768
4641445
9904752
3481485
7445252
1858202
8896972
10146589
7782516
3788012
6927606
3603297
8868317
9112923
4948532
1498933
8670821
9302556
9441259
10469374
8843262
8617122
5045258
2081649
10105639
10110156
9618717
8163446
3138301
1563480
3501815
352205
6911121
3605889
9518227
10468969
7149959
1474978
7868283
5033918
10029191
3270888
1893774
7347983
6984063
10681486
8182219
5989327
9538746
10229068
6498766
10095309
916118
10884558
5439941
878496
4296139
1326608
7724679
5029838
9992382
8916089
10541928
6639725
6531816
933174
5541766
8575881
4832394
2133043
6697721
7484132
9913748
1239942
10747816
719909
865786
3943536
8838242
5798820
3836976
1133364
10594951
8986262
1481065
2518388
8786270
3472593
10773091
5038427
2700293
10311450
8160541
4326959
1217725
2286068
3035550
4096121
3104286
10809186
7170315
10275943
8792743
9061872
8001334
5185647
4575574
3806319
10249153
9005802
9529655
8409618
1115227
6093832
4410574
4958813
5794600
7312448
9584360
4489489
482359
6562283
511879
9710341
3836271
6531047
6140737
1945378
7276673
3240390
6976906
1099385
1884792
1826609
9408083
7941904
7971355
7776890
1076024
1833861
3578863
1840077
1254215
1396838
8521515
6506367
6715584
3724378
3314207
2110303
3303943
6397450
7774635
3255910
3522770
6278224
4327323
4180685
6213577
3154716
9516564
6146195
5161786
4098099
9868259
10486617
8638036
8160832
36861
2682799
7264698
8869530
8211155
3089029
7056628
9942189
2749759
7548380
10460058
535160
8240656
9092039
7507413
7854006
20227
3466785
8260399
7491226
10712105
8206257
6505862
3433038
9673514
1551023
4794173
7065852
469749
3254383
3264817
9525886
10489827
2555274
325313
2982240
1604276
1327828
10515088
9178193
973167
10389336
1675199
1776034
8247444
4056276
10621521
6130385
3082077
1977038
339211
3315969
9328548
4138239
7535580
2401346
306229
2513858
5292001
1892945
253487
8540315
10854747
614278
1581950
1050605
3600466
4843608
3960443
2668363
10930696
333833
5010772
8589121
4477853
4409616
6946319
1754702
303547
3197188
10259106
2026597
6292476
4756790
1073904
9513398
2610791
2509320
4424882
1348246
10199318
2516896
3514915
4790812
10920834
5484154
2458924
7254261
10037534
3614253
9521967
2091378
2026961
3015984
3687666
10668608
8218656
9463398
2050508
7672147
10336202
3101131
4537361
4035652
6523382
2364685
9150320
2617567
3317223
7377997
5209274
10714633
4062778
9538012
1241962
184122
104590
7554228
4367118
80244
3274104
2376507
2184863
6771999
3239366
7632726
2069051
8772226
10676859
1250307
9416964
8115356
3824575
9873476
3485035
4508210
1214975
1784106
8190438
6724265
7044652
1354938
2121384
1394156
9641973
7641717
9796444
5799219
8557139
5372119
7541356
6378646
8086198
9928927
9670227
907586
6970505
7933251
10578721
8802237
2809448
5911091
4495404
3337743
7639172
8020162
10428469
10258382
8791404
2032388
2593959
2128115
4453556
6525837
7338488
5652306
4776857
7747483
2306667
10955310
10930620
8966069
8352292
3448777
6612674
10253782
5950695
4452264
9099069
4501716
4443263
1010738
1070509
6799790
1088194
4049607
4810014
809995
708421
505501
9131593
3669389
526654
9399798
8547172
817201
5592830
985815
2587127
9202987
7579616
3376642
4247484
2131941
8874723
5132047
3293010
6202070
10462912
6092031
6431005
9165874
4797652
5626010
2310511
2155347
2695568
3791127
8905974
4081459
6343389
1133034
7608495
7017811
3520881
698090
10173260
3261803
5922934
7559864
2627167
2875531
238283
597964
4101199
1467319
10460545
3659242
6451274
7074678
4514846
5048262
4007455
9761910
9344023
10685402
2154911
1772061
8127279
5219071
729544
1812985
9363062
3583234
7062051
5578157
5699936
7694790
8466779
6681660
4692063
9775573
10260098
6177888
7791795
1174546
2165638
6180984
1036880
4996663
1821557
265443
6150360
1188015
7006781
10483423
4637708
9525246
10096702
10650480
9164663
10729831
5796979
7691770
4707976
7883084
4969836
3094069
1624293
4991747
5530484
304253
10375835
1732580
2484203
1590414
10696185
7661185
4109549
5006860
7514994
10972344
9772923
557362
4992442
5249307
2529447
3599750
10550150
594849
7453022
4733667
5248962
1224585
4270096
10491129
6345513
5610404
6742612
8593810
7037042
9349160
10607641
7781507
10233484
10288169
10233717
4959880
1616919
1724256
738218
2493389
2621931
9436743
5849388
3870348
3352516
452643
8817270
3751009
4424509
6430899
6052945
3507330
7403469
8388892
6470730
2114420
8049228
8109949
8040773
5722611
6906796
8099630
8720143
3351371
2069714
1674449
3357712
1508456
3335291
4456862
8222423
2571504
8648438
10015365
1117123
10192237
8617806
2867382
9091223
10685068
1477110
9035962
3417451
9745652
8929388
5157211
7056483
3009882
4441629
10462675
1115874
4374584
2772431
6019494
3096527
7961194
6545805
10670654
9038264
2321976
1872996
3670063
5908254
508133
6531747
5784029
10114263
4116337
2197677
4806192
6768013
16221
6029118
170155
848292
444031
7069702
4801482
4864046
462207
7108451
3165403
130237
9713502
10384773
5218895
9198007
8299384
6728562
2772439
10290936
7109099
465073
7816754
5987798
690874
4309864
9998088
5894332
8790649
9272012
3998134
1425691
8275520
10023427
4183002
5323297
6126739
4885435
5155690
2813671
1490978
2277639
7510940
4315141
10809934
8260333
65057
1794597
5471461
79758
2046080
7532765
4698551
9584038
9169209
7889158
10541937
7519539
3491562
8595930
4167447
8990510
4017318
10892351
8495614
10346404
5296802
10303580
1933951
9228479
6255319
9750172
2804961
5193606
4446663
5315158
7638016
8775129
7866194
10631889
10949517
8976836
3966143
5035942
3683662
9701854
274592
3996569
3607602
8587920
10161503
3915784
8903698
6245831
2415774
10235552
9745246
7708673
9088327
1289495
9196
1422139
5093574
104391
3145965
8568490
85424
9468374
4975802
10013859
8161861
6050786
5762370
717887
269982
4995269
3496813
293146
4607822
7007884
5857563
1227523
7526974
2374907
9935316
1203319
6708971
3510233
2619295
70514
7056934
2623541
7439873
8129203
8970677
7978250
10481408
6958647
2250175
10045852
4172700
2437244
4233378
9708864
8888585
9993371
10212919
4786395
4737341
267681
4383594
5341058
4246726
2666198
4596421
8675357
4913255
7717314
9699515
9162903
8647740
4093527
9902585
3675006
995427
141377
6819488
4234331
6516085
6302197
7349821
8269263
2236322
2550263
2425013
10798018
6715749
374236
7126929
8013328
5319078
8263275
7127946
3369967
4647605
7190378
5987958
6136929
1620700
3740705
3528310
7917941
4472552
3581278
814367
7247492
1295655
8915424
2809535
8482284
1467658
312301
2180473
2378125
5397951
3499512
7009333
1880545
8602209
334909
9858170
8463459
2653475
3188256
5578321
5578437
9801085
10982164
6672455
10536195
1969121
3775227
1770143
10265890
1228266
7064757
7851010
877675
6521213
6543046
8573273
2128961
10824848
7618733
6512580
5639903
8192265
9651589
4395423
9072171
1001665
4265523
5947187
5135750
10521654
5553293
2263656
8403924
8017509
4362520
3332142
7689303
8316397
4499869
9543702
6462086
2803871
9217323
7106247
3704588
1388575
5066213
3250818
6878420
1111571
4321168
2091971
7042346
1896794
1043131
9282586
2132540
6901803
7140801
111345
9995846
5210663
1954099
1531585
8917962
1707099
2453259
7877917
9769779
3657021
9992934
3527315
2440213
5548748
9074415
9621185
3858374
4357474
7001541
10788370
8911030
84231
6690444
3425363
5164953
8839435
9798105
7826791
5239319
687238
2393707
8077853
953059
3947337
9906105
4603670
414706
8917371
1368932
2926050
4178729
2669726
3550504
181824
4603216
1433304
4533993
10809995
8876411
4499702
6838323
9076070
9147348
1094004
5933623
3656924
6411144
1140786
8073032
7928853
8087776
3713387
902154
564182
10855123
10439039
1813613
1232746
10769954
9285589
3271289
7232237
6734478
6485232
7663135
9171031
7953996
6480864
5831122
8820350
10006434
9735954
3317868
8448789
4098697
6135234
1394731
5191979
8541060
6954428
4287670
8536126
831862
10087481
5107149
7386076
9998960
10497224
1349390
10651061
10756609
6122442
44535
10318826
8112003
4445
8272606
3991792
7202143
4098512
5462382
5097085
8243086
7337390
9896492
10956996
4902506
509784
7560056
599741
1411615
4887639
3572395
869769
8063070
9905408
3794331
6304090
10198543
7141527
1416173
9672624
3382723
5286012
940054
4211884
423876
9336196
9047160
10945983
6945518
10209818
6824178
5142793
1206861
10518033
5191555
1947709
4564975
9183949
3687851
4059489
8523196
10761168
4202449
1120090
10443277
1310604
4750936
2414986
7042859
7519836
7319560
1078727
8299025
10199153
4704545
1875201
847216
10469457
9752490
3302642
1892706
10380937
8305213
4337796
10045894
399844
9503358
8852289
259364
1933405
4976019
954440
3117406
1496293
4158234
2180664
1940672
6117443
4906778
4578072
6394518
8101528
9856033
9100671
5379344
9608187
7201903
8226042
8606405
5631553
9234554
6764755
1890531
3223456
8773662
892316
9942871
1525355
7817189
1984577
9778633
8536187
495654
2725176
4447056
7787463
6551762
600472
5678387
2408374
16918
10674212
852811
4900588
6978016
550484
10023317
9838631
9048594
9189262
1456111
7113096
5327224
2948179
4970947
8581678
4002560
9294549
945447
1823530
3623894
6694229
8864472
10538098
3513539
2328580
1596805
4013499
1481004
6760274
3331696
5441812
6340840
5742609
5212218
7707468
6395195
6386465
6757221
10149069
9353919
10027555
7751284
10875985
8459604
3914117
5841853
8255043
7146540
5958441
5185396
10990361
1898852
7997520
4412252
3178881
4716700
1352250
3287410
1536139
5506560
10276358
7837578
8845643
5703414
9303575
6586862
2985847
5139034
9410328
5598715
5205058
9958470
6680069
6653493
10325829
5610559
3683064
4707194
2651955
7066347
6172996
8888867
4712513
9801615
1091929
10308269
8768696
8992355
6633074
10565819
2062795
9161962
2954379
6853317
7030272
2166357
10287320
4747950
4096306
4738127
10285788
7018507
6537469
10827469
4933149
3714658
4501182
4762336
8979751
10025232
454420
7873380
1369150
191816
5192011
89032
7847080
4059821
204849
2189041
8806707
8877912
5228822
922296
7524553
9784103
9035947
1092275
3235544
3132091
7744216
1668501
9899736
10312419
9007903
8351187
9923112
215380
4185829
9638066
2288223
6571123
644225
4583327
6465170
3554520
986252
10182711
9036747
6142177
10519204
6626919
8208100
8968978
1740038
8833225
10063392
7709443
10816434
1835494
3422061
6452537
9961062
7023656
5568747
10280610
1126004
1447049
4641511
5811909
432043
10005642
1672616
236725
923792
3689871
10780575
2584745
10676571
3381825
9384878
6461124
10373717
631733
3847476
5697814
8102071
6489637
4348256
9034113
10964591
7005606
6408109
6891933
8372013
4296515
8983206
8175312
4423668
5142936
1672190
6771732
1252888
2375098
1873785
384545
9905695
3229794
10824013
4806162
320720
4956992
3243733
325366
6528110
7746446
10426035
5894695
1647416
7433553
10540335
2969290
5737649
5098345
9621403
8200615
8125709
4746660
7133635
10558326
6612527
3003849
7023466
9505409
5466529
6448367
2947520
7809677
2277187
7713676
1474949
4675
1852542
2031913
3119186
5381979
3124577
6516383
2989247
10641514
9560659
10403581
7831394
3946840
3323579
7415776
9064040
4643301
1812065
8074879
5864387
9569469
2047078
3287776
7892393
4034239
9778551
1349243
4950473
9014869
3735828
728471
1694341
1072169
4997310
3543730
1894970
3606693
1190656
8977472
473988
6916291
986486
8541625
7100433
4485962
8995377
2716284
1773338
967770
6301261
6456074
5078447
7081040
1254252
7951183
1120331
9163220
10119417
10094493
3527037
4300966
9099373
10454508
6989186
10721812
9855033
4617263
4934284
5672574
3792183
8057616
9076979
3896060
6855057
2940727
4039430
809802
1845344
5346758
2473089
4160117
10877165
3224118
464803
9374771
4005729
5200751
1953145
9739510
4895639
8442968
3195917
7935751
1716851
1911642
586201
8996436
196657
3030860
9429531
10367802
9807310
7309211
8445462
10799140
3542389
2958776
9003632
1443070
5647907
6988741
8242165
4021863
3309808
7929134
9745818
103268
5440252
5858235
8932383
9046987
1246630
4924006
10516385
10507910
1350638
8593423
421924
8808661
1937704
4562174
8287979
9933485
8399471
9148156
5645936
2263115
4539561
4716315
8650210
2259016
7615260
2512435
7349541
8998394
4990540
8621874
3364679
8962197
5290112
8897457
4638553
7692363
7866824
8543819
8108424
4186773
2482724
8278617
4409126
792089
321764
1540744
10403464
6212612
6338051
6816470
1841770
7257107
403242
942757
6959839
4193570
8409328
843865
1537260
2907203
4373300
10221075
1183209
2976261
3269608
10508064
2476682
5922917
1663673
9237462
9277169
3922289
9172511
3854398
6226365
2292765
5565405
9058571
4344867
8640085
2841708
9398251
785198
4037338
1542274
7919310
5637968
8894077
7892210
9059393
5389768
4747262
9979263
1088854
7643935
5447228
1823264
7280375
6703931
8451460
5919460
9033032
8072385
4974819
1009393
5339890
7199548
8215625
9365582
5646539
7490886
3446020
8530912
8092954
1664293
9680000
10297282
3460280
28197
2153505
4004499
1822051
6914096
2040316
1947146
7301318
4141293
1558403
8358601
10691517
4384523
6696321
5376190
8959490
5532225
1817465
1926413
10112082
1576173
4078558
3935775
1088944
10052867
7362123
4379463
89970
5586843
9865439
9961014
10108444
385265
2534045
4947137
5076387
6795889
9622085
10896649
10633447
899083
2126786
6753652
3017413
10442846
9519689
2084585
8991594
8267448
3389226
2688338
4038412
358603
6780697
5041550
4959260
639056
10391834
668665
4465425
2399020
10564775
9152087
7232055
2773935
6220539
1667571
4397411
1659910
4195337
8834795
6855019
6658096
8779486
4443815
530922
3168387
60879
2016003
1605110
906049
6888755
5120359
8011467
1347748
2963094
4577332
8590065
8988317
2158494
8395740
10646216
1079909
1987450
3288788
10905471
536301
723218
331900
10381214
6258206
1118889
8444205
8874124
6681990
6668867
5980702
3271756
583382
2661708
6239322
8551857
7775341
7312190
4526551
2384146
3483373
4901209
3742359
3250267
2731183
10990996
8994907
1611855
3341714
2202335
9422745
412648
497148
8432403
6914589
5255972
3888533
3410807
8673213
4375566
7611740
243148
2090324
7417716
2292422
4370501
9635682
6641998
10563246
10174155
2931508
10925861
10188924
10323244
5867850
4648866
10720406
3297266
233501
679893
6732687
1928527
4026378
3048707
6316706
3603708
6521172
1786935
1117120
2807332
1087767
3075216
5220581
9320161
3987776
9145451
7380181
3785285
10313138
1061508
4434891
2266943
9295322
9737425
4810144
5542005
4352685
9614794
8051581
8805637
905257
4103515
3715334
8194942
10107361
5175537
702073
4452515
10946742
3680250
8797509
2735478
8501869
2670803
1135551
20667
6748672
7324851
6278947
4752010
2673990
1518523
1934683
6532948
730124
6131502
3604467
4591515
3673336
4154510
2917150
2865887
6638375
9543003
65003
7881770
3569570
10168227
8530964
609025
682080
5477081
7486449
4914299
7220946
10109256
7343512
648740
3487718
9198951
1547877
10110776
7161416
3247058
4874087
2988120
9653803
8197216
7373838
868392
9760916
2116128
8778130
1313235
3495142
3152720
8907300
6896398
6690758
10460883
6959053
2652294
4092371
1779289
3860297
4930407
7392255
3451864
7733003
8716950
6655803
4956917
4585850
1993137
10945378
8033055
2928361
3473818
7102581
5613112
409058
2030244
4937743
3998826
3279259
2158049
3999375
7802092
8679092
6123303
8937750
5599197
5269529
7489020
7993327
6199345
737296
3644996
3940962
10478852
5006683
3425754
427514
5323087
2227705
2693285
9662723
10111316
2263899
969294
1248738
8922304
2522816
9900312
7948754
5826524
7546342
10492795
5198772
7006483
2116345
9695839
2960727
9935856
4234685
3864645
6969960
1869954
974851
3992522
6403661
573878
7481912
3266810
7151075
10437255
6494860
10903472
7783946
8214615
6621913
4798240
8614122
1134782
10500628
8800054
8067878
4360315
7635370
3035598
10317211
323012
8381673
10953213
3710905
8826571
4697899
9067975
4411388
1369877
1065712
1672358
9553799
9854508
5248856
1900803
3404491
7836957
1216858
4486251
7800711
1020748
1599800
7159135
4473173
7458070
6309771
2853035
10212617
3070074
8014039
9973929
4733266
9993144
2202476
6350185
5208439
2899999
48809
7449794
10870956
6886854
6937696
371266
5055959
9889250
4371526
2533868
8862911
8722723
9439363
654432
3835444
768243
2183682
9250515
9706206
3158398
5727581
9947987
6002427
6413225
9565027
5745719
9491915
10713313
8448000
3238664
323784
7819119
7490814
4765254
7402505
3808309
5051861
1795680
9468027
9773680
457704
9685267
10486696
2086564
532679
2514537
896003
6081386
5659532
3581320
4823345
4428883
506941
4941124
9434551
9909163
2472085
7787033
880837
1807691
4121457
9292354
3591761
9305516
10311474
10540332
10859522
10910306
3013756
8791098
7927778
8528997
6576872
6031182
5875764
556442
8638478
2870938
9127826
9411234
8372470
1020596
9008525
4403434
10128405
10804931
4045939
8020275
2399310
9684684
1365631
1727363
2048347
4633978
3836112
8841422
5619324
4128587
6699667
1762721
2970379
783339
129277
8829828
782162
8292246
8532476
4117903
7978195
6004914
6183419
1308879
8138549
9515471
8518130
3488979
1168346
8693669
711476
9079623
2671110
8852846
5029961
2925598
8108259
8517742
5514562
6998310
6379400
1085659
1545111
3594577
4014981
8323791
283006
3308239
1945173
10982338
276397
1406702
2382055
7004408
1267104
2458636
1916944
4118899
7219280
7087036
97062
3200631
6666328
9754779
10491466
4636444
4332509
2102116
1435640
2040985
1368287
999182
8648503
2340369
6136315
4180032
9212843
1938623
3257072
6044887
6056492
9618057
4567340
4546975
6117582
1068696
4173036
1737428
6229995
351209
7372893
6571998
7393681
8714447
6436001
5531092
9350540
2995321
2645037
9109384
7960383
8655692
472171
4867640
2222406
6337056
1915862
1473574
1929282
8437941
10931929
2968700
8688345
7357117
10389907
9457534
9404830
1791143
4201275
6848584
5926237
2756795
10133553
2207296
1807713
2479169
5212306
2766107
4462289
7483038
9926802
6194319
268525
805287
7055103
7398297
2091457
265841
8699559
7570351
4557215
10009591
7997325
1493607
3765891
6452052
10249047
6688318
9943988
4795419
2864769
4568560
3991876
4903791
4099595
2433889
1719991
9978605
5761067
6621421
2737580
1753723
9789655
5844721
987151
423036
3646020
5249417
6388073
8129044
4910605
1896020
1354775
10421739
2805445
3789419
6812934
6701563
3709520
1158856
7613668
6671351
3699576
6631552
8734786
3539546
4073729
2958335
756708
3503214
6204111
8331588
10099725
8859578
8368409
3510838
10272224
9062565
9786991
4773755
5139077
7854559
4272317
2536723
6387322
8795501
3001386
8611793
4105104
4830297
6034060
6065685
5069426
8513150
6898724
2297750
1469687
10265710
6005132
10684859
1481021
10375447
5223339
3380798
5725933
571864
5395336
9130684
6010267
1143330
8225174
6633885
2553321
8296282
578059
10815194
6303673
10773532
331883
8314504
6335464
3470944
2505477
4332353
1287523
2443423
484171
1503355
10788287
8621566
859007
10534542
3404753
6899068
4681517
869071
2877083
2346220
964202
6606089
6512865
7951296
9735221
1558466
7238560
6083369
8605493
1502058
7014549
8539534
7850574
8786013
5627378
4733706
7482030
1886965
8277778
2855127
10278482
2010136
2917121
6582179
6027486
4921214
6775000
3501792
2892683
9326813
1741050
8544525
9263176
4993655
6806839
10536205
1803732
4971937
9449610
5172208
1730386
7692576
2947862
5534650
10800286
3169214
725272
4492066
8385402
834860
3159256
7726671
9366082
9371740
9506474
9447124
1004582
5378348
5724464
1923135
1121618
880143
9074567
1842958
5414131
763653
6866231
7233386
1848219
7315227
3822582
9424381
5714500
8672610
8987472
5138288
4612383
10693350
10194847
5913864
1938131
7098157
1522908
6465948
1173040
7627281
7596528
3181725
8980793
2310523
5889285
6828683
1197655
5461502
4473924
10845121
10045813
5444597
5801938
6028256
9023437
10771595
3787214
2902583
3784675
8673301
8520157
10312134
5477468
3105986
2020904
1150741
1957225
9681746
9875392
801394
5117353
1784793
6015185
10917245
9853671
10859565
6132210
5128948
4318076
1332726
8174392
4611056
5043776
6196247
2553552
10100644
1775806
4769653
6469193
1156210
2960853
4215265
1159199
1884578
9363503
3886606
8717886
2040836
1900561
10353410
371902
10907564
9278849
10596776
6534566
2222545
10650328
8633689
9515913
981807
39378
7636646
4763835
2929146
10072163
3500049
1208533
9504044
7117149
10388882
5121448
5482337
4344858
7202245
552003
10076335
7082479
4076898
4341981
458391
537687
6116003
7774216
8424394
9300202
6188312
1617307
224631
7478156
6487307
7092323
9963634
1562151
838973
4469832
3764698
10348320
2706586
642028
5568340
4131523
4962498
10816929
1024568
10255063
5592287
2603484
1309918
6040891
7297086
8201884
10127338
3538948
5574161
3360072
5442909
6673974
9552435
6399925
405744
3281184
8363831
3962446
638494
1091014
23172
10026912
7993941
8833622
9168494
3687542
7709775
276526
965275
8946547
10767587
6740474
10214902
223197
353100
2779821
5434956
498251
8607156
6775347
4468493
10899958
10754877
7352267
8017290
1394888
9533913
2621549
6574841
9718390
6261864
1714786
4031884
2824153
2351201
2719808
3578475
8759711
1443602
526717
9725563
10542376
7978362
7313081
10937958
7680034
5942569
5486655
7763782
7834422
4320811
4701170
5400817
6280172
8767065
1791288
2078435
9856841
7651766
1592632
8210013
10352287
9925970
1896482
3058637
8316968
8152905
2344412
9723445
1110146
4898673
267738
8788964
9934097
9818357
10937599
6407285
3293145
9603820
981914
613338
757035
7774541
10149051
4056733
10730948
8133710
8301033
1834365
6344428
3856060
10225411
729239
10650354
8415240
5219223
6084445
5581236
5568282
7145497
1912896
3652205
2611633
7325953
6225501
6127324
3034621
6589095
3206628
7939606
6699204
10834373
6054661
773679
2898340
6107454
6856703
8073333
7731698
7540185
6331886
6948976
2364991
1220169
6017415
9982008
2212265
10138539
5671599
9092564
1206114
7148330
2747528
5782014
736687
5369668
7156573
2224575
5310110
9972476
4750531
177386
6710261
9266679
9037637
7155858
8423387
1554910
8593627
10733743
4399934
2058338
196790
3772496
5914271
1805088
10844777
10152035
359099
5909514
6397106
10154830
3205384
5313681
4208559
5641463
3338650
1188647
9354681
7339682
7502661
1541376
2148481
4989780
1285691
3307558
9515366
6037195
6654951
1979307
1772422
435213
7844301
7805745
4785771
10030003
7455449
3964251
1773759
10254593
8628664
10200100
709805
10174957
4808186
1119814
10831066
1698166
7832549
6517752
813448
4582880
2981079
4042244
8784596
5588245
5952560
10532508
1080766
4648149
10962271
4297067
4129859
8629576
4205587
3995763
8080250
2588249
997224
683426
340547
7636676
422536
7402250
127084
4116634
7909633
5557217
8367717
98064
8638701
1699429
4409903
19654
7271988
7602761
8102045
9727998
8000029
7363697
113958
10684497
130823
1022678
2904109
6545968
6708061
7097963
6598304
4619421
1823296
1276269
1714966
5247486
10851950
7537656
9108141
9672579
3167011
4565608
6066498
6041614
856296
4820718
5846263
4964049
2643391
4293993
1468361
3384610
2871017
8353652
3731633
7122164
10991479
414954
1879006
7698954
10151740
6304593
1011090
8386426
5844933
5109700
855173
10171039
3413527
851988
1986881
10805985
7880627
4011207
8641026
6256085
452809
6532994
9579621
7327819
53330
5895932
1025291
10939030
4467244
4571916
1042907
10664012
5714768
2611702
8089043
3479078
2411110
4056700
1627753
5398289
9367170
1132632
1919045
3742266
7528732
3636148
9105682
8265556
2089814
5872972
5046141
6778766
207732
6813603
2667276
7325197
4955025
8950605
8830913
1448930
1499465
2428358
5946253
6504917
8255650
6901595
5818184
6827938
7186364
9173696
7701118
4393833
555225
5771411
10577694
9552623
5192578
4874022
9060924
6341975
5958563
2088698
5500585
1406069
9926250
9851205
8972585
6543478
9916336
9563274
8448488
4522118
7245647
1584474
5014253
6678116
4210023
7800649
9211457
8748493
10030246
2215935
1321348
5547809
4511531
7966111
9392863
7373818
4876666
1541732
8695095
3715798
6761619
9868036
9798872
3568936
6516385
1584729
2006461
10602339
2268405
4003129
6422156
5338835
5077974
5285448
211678
5063806
4603265
5507497
8855432
8692104
2953884
5378561
6052009
2521934
6119742
1239458
463356
2705539
5592201
9525393
4113337
3944314
4823924
10826531
5669570
8339708
374533
7889661
2312903
2572739
4120360
6669538
5398684
8120194
7702818
3974687
4451969
9093583
8132183
1361061
5330504
4944698
3365744
5587739
9524065
4625093
9019336
3473944
9686763
9565645
9026027
9680568
7659997
5663627
5471038
8357495
2378669
3133323
7984678
5678378
5041328
1564549
8367602
311239
2618729
9190976
4860141
5311140
3068461
9366055
10949387
1963638
2773819
6203679
1125908
5154175
2241782
6358771
5141488
5056084
2488941
7645893
6484979
4592040
7315977
6103460
10322626
4340018
5539888
2053578
5367625
1966604
5544099
10610529
6138324
10756113
9733640
3458840
8773970
7690992
8658770
10927972
10576192
3060263
10886587
554296
6027695
1083534
1461739
2119789
8460813
151868
953277
9840566
2756101
274152
810190
10332839
3675026
1937323
9934598
630327
6437498
448772
270269
9051862
3485362
8622087
9336457
8955603
2849056
1089401
6155430
1822988
3272835
5806229
2392468
5035119
2536404
4921463
7009604
3506851
3848717
10488387
3998183
631619
2660823
4126660
4575152
5094331
8308419
2440573
10837981
790079
8837475
7316153
6170375
1041034
7806711
10824464
8038556
1267658
1061705
5057048
7711560
4197488
6398763
248704
156375
4799514
2116328
10501524
10054845
8018648
2343458
4391798
3722339
1426062
5905223
6699757
4891003
10190444
7363380
5622341
10212883
147031
9129678
7422848
7547377
3318111
6851391
6400924
1628493
545667
2996591
1296985
2473668
8635413
5672562
9309766
10549043
5361392
7074297
10201123
1357806
427532
1385100
1418685
2057311
1015929
6677118
4993167
7255743
1515816
2668022
2582489
8820106
9010976
3197851
1789803
3671124
2783951
9440167
10160010
3058373
7760851
3113113
8654099
3281152
7606170
4456041
5419136
2761545
641435
1957339
691192
8373866
8716778
1732299
4751836
5336481
1453543
6546922
595311
3597956
1356502
3093527
10157081
2433514
1594209
2064629
6089061
496212
3573582
2140128
7243959
10169260
7020883
3651323
39505
10759004
789832
2994719
2548792
8450284
5176876
2796635
2982486
3391090
2855272
9625576
5180776
9613092
10777016
5520364
2036449
5853285
4465402
3597541
9856732
2757798
10128870
2163388
9934244
10829349
10821777
7683298
326437
8762512
8420994
8047714
6526653
9622010
7223558
9337369
7886473
8285803
2061929
9686493
5251979
10698829
10922062
1545179
3800965
3547996
5091248
4598360
5687986
1849249
5181931
7777245
2582110
3714635
6152197
4895650
4329899
650961
10122876
6491487
9194530
350788
5340389
7406083
2854153
1980681
6347678
2126853
9620329
4250414
247688
4694975
6386247
3895040
4655661
7289815
10745693
6323445
10281590
2866661
1826496
335030
8613541
7349861
6568279
10763429
3122059
10247984
9129255
4321879
772313
9981022
7018610
3101032
4799786
3281211
7385797
1055216
4958311
2445476
9234812
4492035
5404497
14508
2041556
776689
3841601
10804703
1233783
5105230
440550
2653671
3062275
5916025
2767894
242091
891899
9394935
7376032
4001303
719130
2088600
8434
5341022
5867501
9101974
5720584
6225720
4805393
7264355
1527871
8869540
1186804
7405764
7893859
7310599
4892655
9971631
10349616
2626072
6625028
6218138
1349638
4529866
6315259
9102602
2134104
407078
10700712
10919363
4836502
3290100
683219
2776337
3562432
4959140
7770479
6041211
2837636
10840402
5294492
1987844
3686484
1005458
10679436
9207146
6676175
10736562
6814188
4865985
8254203
3054573
6798447
10957051
10791390
2940005
2024260
9740772
4233114
1952314
8990291
9899104
6109823
5364980
414305
5892500
10522468
5083781
9063660
4700865
5922803
2768571
2476997
2474874
1548746
7161943
2747419
9776836
82026
3565592
5712423
5351366
9065266
2333368
1192221
5287790
3326739
7909063
8604057
5025090
5789432
2482344
7894292
3135985
4854708
655431
10377601
9354915
5569743
1095531
6998562
497838
7149666
10140669
7837035
7736879
3862340
9226617
2726253
10514880
7249266
1339312
10352099
148325
5971427
1011699
6547350
6372808
10634310
8046239
1308324
830431
7774479
7265458
822399
2731867
3993346
3363994
5551310
9813983
5554967
658228
3335423
9066167
1539483
1623822
7782749
10375106
1175798
8300602
9747593
7741161
7458646
2382625
4629466
9253822
1666975
1460031
4025528
2634280
7412128
4979864
3161202
6720107
7743515
8116434
1486363
6754617
5492963
2055271
416232
8509805
5821955
2872657
943039
5044873
4012794
4573780
6528234
3745717
10513462
4324554
10441943
10457656
10304108
9390621
1314313
9407997
10266214
4509818
7489403
1258249
98586
695193
5801814
6626601
9457528
7810661
7797997
193545
6928663
10197116
6020586
10136477
793499
3051950
1540663
7424538
4016078
6056976
3636336
4340756
1716583
9762908
6708568
4080485
7105790
759494
9802749
1367637
4979939
10456814
1113567
1936445
532412
2326075
6207313
6947488
4947716
950193
8278690
8891368
1139036
8238336
7164229
1685070
2984587
613015
10938952
54189
2989936
5492423
1477087
6781919
1828917
6864483
4625356
4732395
1817583
10346813
7045703
5982945
8097244
8090075
4829463
1431842
1712479
4572306
3343683
9800210
8142707
7345828
9498666
7323932
7574854
5614616
8645207
10307015
332671
5807830
8043093
1940927
4050202
3088099
2875106
9950861
8892129
5335436
7980391
6947987
3003436
4668689
6920497
6047691
10632430
3501583
8031610
9958524
1609833
4147887
10386425
7861886
8563239
5272778
4108267
3073909
9290416
473063
2597297
6758169
813786
8546028
7626391
5116921
6717582
9749405
3588445
4487092
4794819
301756
4002113
1438112
6507222
1960335
3146234
4140235
1022732
3410994
7014007
898538
5351287
1022889
8748525
2366496
640983
8909306
3112512
8601107
2530962
7789589
10912042
5920235
3715966
5821084
5719808
5084499
10683642
10827731
10888693
3637505
2823146
156775
4583315
2653663
1964427
290833
3105003
10428964
4123627
6630563
10820589
3001405
10367379
7746187
3009467
3489796
8671233
7928725
2344750
5014331
10164582
1482321
1372982
5137604
5534676
6558091
10479561
378858
291280
6293571
7173975
9472728
4851050
3172780
2496777
3792850
5210498
5165668
9511312
5001848
8559209
7249732
2327101
10921626
538791
8278113
3424863
2502782
1890634
5664236
10992223
8987092
1374820
3800768
1677604
7976993
10506507
3047742
9957487
1876334
71361
244543
10167388
2794162
5396765
1681801
2814453
4072495
10874377
10781054
10797521
1202925
2001191
10530028
3167050
8212945
4805634
3471206
2076014
7977949
2399336
8294033
9466008
8447332
16161
5062975
9471518
6458407
9268115
4540224
5079046
6470408
7932466
3743651
6268197
7445487
10162496
3819178
7305431
7266323
2703374
4711119
4518141
3975018
6634940
3059665
5252754
7233342
9922431
2781951
2508228
4520126
3424029
5423439
6358166
2601751
10366111
6909652
4967089
5338586
1887383
137342
10538469
3145341
7024462
7015941
6808326
2751130
1724664
9913585
2965421
4300892
8997519
7049899
5417614
8648513
4697169
5608457
5686994
7104478
1075247
3328879
1709045
7750081
5350210
2222578
3007661
1856982
8857586
10669645
1943690
7704951
4906726
7559132
10139099
5126355
8964355
10405662
7937590
81323
9288099
8803669
1636904
5534848
6113761
5029922
9442734
8499752
5050379
7303215
10812347
10500527
9967022
9611494
3458405
4169458
953958
6038988
127939
1354208
6886548
75220
533614
6078367
10714050
767094
1166787
10978110
7948450
9879449
10867982
3190400
6990522
6446880
9121123
9466955
2132611
6028131
5969724
2505087
6223807
90868
6591467
1834297
4074438
6168224
3938884
9940394
862393
4484494
1978383
7950037
7627904
9870379
9647758
7346663
7675980
10330557
5623099
9699345
10351070
5790121
3380514
9049725
10012760
7820423
5805727
7223831
4427133
6309151
1470459
2840653
814067
5794792
10969223
8351307
1706374
6938047
2722886
7871146
4485531
10772561
7434194
1413109
2451212
5686215
1148830
1654312
206116
3226912
10481136
1269618
2491145
8141420
2571877
7616884
8379725
4321103
3968651
7923044
3223216
1740236
10109990
5323013
2546215
7617722
10749472
2762244
7230511
3299564
4745517
4165616
6869063
4932611
9901706
897506
1855407
5066661
5801171
3461409
3866044
6223405
4543309
1873600
6990348
5678826
3093174
1104726
4605744
7849558
4044470
959147
5293309
10074655
10197369
2216681
1800156
8938170
8875695
9631322
5652503
3876533
1169832
4010533
279987
3042541
9149096
8722622
5218133
1674120
7220920
8120436
7613550
10350627
4873178
39004
517450
1811053
9045117
9553633
9277294
10235601
2323222
8518353
8798312
2484954
3107277
26611
4150163
811939
8829590
8378521
1532744
306098
7113477
6038524
2419568
4217418
1240929
8307898
3424608
6595969
3319501
8944639
9986354
3517952
4932004
1911514
3783696
2863872
3220632
399505
6843925
3820345
7593409
535378
7726655
831112
4683674
1275078
7168179
7762157
7005362
4431232
2625028
10544947
363072
5693627
2741588
5148298
5435777
722855
5456135
5600381
437605
9912300
5665713
5270975
5158873
7296083
291937
10269497
5247392
9975156
7542066
3883327
9198609
2535590
3954567
650445
4200306
4302608
8948496
2660805
519123
8549644
10709817
4596055
1875563
3188869
4153911
3048205
9988393
9696799
1944836
1950237
2237674
2439428
7890075
233100
7391334
8915788
2991672
8109170
402894
2686861
545306
4849252
2851805
10794365
6895780
4959628
5438918
9012911
826938
3604618
3083603
4525830
4963154
4599404
10032232
10618258
1314405
9129426
7914756
6802667
5330268
10972026
5414023
8279843
8291463
995619
7966617
257510
911031
3078813
3672603
7896518
5864380
4765293
5357319
1853272
6206730
1782408
2069592
8446455
7854409
2316297
46716
10584077
7679674
1705280
1920946
5598503
934989
5500339
7178397
7601092
3670010
2869681
8294459
6470301
8404571
4708695
8930811
7631719
2009391
8115110
1687141
1508310
8092557
1303811
2258350
5547530
2637501
10338243
9965699
2028353
5663120
1487468
7159441
5426091
8124181
9736191
7237645
3974812
4684762
3145048
5086407
5725367
8877390
7046006
3891847
7058321
10481449
4267890
2361828
2708293
5736813
6815262
5174053
8379464
4880831
1011319
1645515
4816913
1077543
8157921
8020826
2545481
3288335
7487377
8764382
4400649
1141769
4186296
6605507
2659841
10708038
9067434
5796905
6935680
8801207
8067177
7525731
1465554
702608
501597
10080754
497133
9003642
5293645
10502417
10916081
2216356
3334265
3230396
3080601
10678987
2246579
5926675
7796182
1990148
7887211
10287756
843252
7930410
5969284
9355775
2813616
7140483
951929
641724
5383351
5265628
9212889
1564140
7866625
6739781
9845601
2163622
3781144
10524806
7200074
10998094
7293225
1842591
9553382
3717649
8331151
903330
6846979
9997353
7707613
4337095
9050728
6905262
342617
6192990
2183145
6613952
299424
1197369
7493156
7488600
129511
3744472
7931412
5058524
2404707
5914256
2833264
4043896
180244
2856603
10494624
6219920
1691793
2988947
4183427
4495541
9963143
9508136
3048411
8806784
3270071
2037512
5618294
5704881
4774866
6458902
141155
8709166
2475003
8439844
10741896
5454471
10511289
1997736
6728012
5632210
7561350
2559572
9436721
2650899
4362848
6950954
7835709
10469658
9828160
9936281
4136380
4330350
7722235
2841122
2992156
3877482
7334568
7043846
9767508
6763350
5920349
3223278
802757
9654749
1270594
10914480
1045286
9172182
6661689
3522746
8527887
7644362
9380409
2052569
8060338
976083
5728073
391932
8265244
1250376
7466862
8094047
9066032
1224947
2728343
7513310
2413342
5982394
9797085
2364286
4432376
7839059
3594033
4845133
4975027
3607443
9436128
4239472
2307517
9837758
1752857
4026910
4115125
10081883
526362
8400249
4886307
1486671
9209974
4984167
3138434
5300719
10300713
100813
7710967
4815189
1448780
2962790
7067990
6055994
1503130
8575010
3749156
7387644
8246319
243840
2571720
2216046
505762
10667477
1940321
4457478
3867707
4943009
7426304
102430
1730260
1338526
5942398
4995521
10064554
8036362
1283086
5956699
3563520
9071007
915613
10012554
2660974
261796
6803354
1448217
713740
8087620
7743083
7750772
5994768
3028456
3760298
8878369
10286274
2254152
3654513
8384447
9501674
8944381
7687361
9423803
2586125
7710032
83353
3053446
4977068
5553351
2318921
8364460
617813
5710407
10043113
3089187
1404637
3942295
2385440
9519978
7127398
4613722
8609134
7604906
9117419
4704896
2675707
399362
10638013
517541
2738271
7771063
5664768
4137320
7217844
3724438
537332
4353062
9782139
1445211
9107842
3355446
2998920
8245351
3410156
3588798
2850668
2250392
1953899
6220376
10957955
10480647
7920613
2439159
4307417
7083818
4202245
9991950
1105806
10930504
4375905
6105195
4700650
9865155
1902978
3298821
4077028
5722170
1329137
5447550
105761
10538075
7877705
2595438
2414050
7818596
8129485
6378457
10230441
6373390
4529915
1741198
2315480
6653424
6380105
7738520
3577931
9948305
9145458
3719773
1415441
5158043
3216474
6599630
9447761
1008012
3300496
4744783
1573559
6115500
229860
4579788
10167863
3573775
1023665
5583159
9955785
5981533
10112298
8531924
9690514
1089405
953095
9236823
2023553
10916603
6550490
6971487
3738173
2551766
4098343
6361747
2197457
5266469
5891233
708395
1915826
2418326
3542427
1433521
6459451
336178
8785311
6249094
5285194
2476704
10623455
9948280
5613294
8924183
2100755
10534320
962376
7588708
6196729
5932085
6684828
8500161
3100596
7043201
488815
8661611
2420478
8044708
4506621
1500816
8217615
8306768
7804258
3353179
8481856
2120225
453981
4886731
10582004
6386937
9380765
4184281
4349013
7210966
8282779
10915651
8326460
890109
7406690
8775890
4664757
7700981
5717206
8685105
3876234
5387160
1864858
1740032
9828086
9696491
4197833
556061
2830815
7340831
5310892
6679639
10259108
4650497
9437774
7528369
1417569
2048259
8724365
1837009
5604632
10370758
3812356
10965386
4654062
9380339
1459932
1337869
4954127
9812996
1287664
2632282
9323897
3689517
10681113
4644415
2072588
5147289
5835769
6381540
1231523
5473629
7438205
2260820
10911426
3685679
649049
6839333
7106007
5237193
8812565
7833296
8186525
10016884
3328545
1744555
8445573
6383953
4511284
3388782
8325712
7159276
523259
8298910
5034417
8427885
6542121
2977874
7654243
5795608
3864439
7105178
7862005
5211980
8954328
5301897
9803944
10160452
451405
4651311
5537431
3990894
8730957
10916967
1214958
3411508
4199416
5071104
7510752
1688181
1645776
3359381
9819750
7239230
7102950
5919753
5278156
10111151
5248955
8352047
10242027
5223075
5637541
6861433
4346684
6445852
6141282
3930150
4341803
7363447
4780299
1224023
9969329
4412517
6682075
6687185
6304817
913673
7482712
6565494
135210
3447283
3503010
8088604
1131371
8311447
10820933
7707310
4769917
2782012
6279735
1990134
4451101
1149039
4657780
10997939
8413880
10816263
1806704
8998021
9447197
7537719
5147153
4081531
5083344
1853358
7602089
1433034
3475669
5685709
8648084
6613699
3737022
4144956
10001473
7053232
6416845
9180848
2268285
3349300
8068988
8672311
3054914
7084285
8668330
10122030
9305723
7253485
8547807
9909124
2517416
6383542
7304517
10703651
5522685
3906038
1593937
1745487
5974626
3406694
2626736
6059209
4493245
10199095
9002507
5974882
10109800
6772414
7264442
7650397
454179
2324946
4908378
4239214
6073339
6357817
6341119
3922796
7977741
87532
10208693
8811357
10686290
10685519
7570682
6227366
2619857
7086150
2505710
8518424
3117206
6098630
6576921
5666342
3672894
1225799
2111449
5109335
2421701
1270894
4256068
8445381
1395903
8925399
3535511
1847385
7309110
2972013
1112361
7527155
6419429
6387714
6094594
9009011
2613842
7144168
3920730
1879728
3934075
10657729
2396024
3200412
9605687
4873910
5728195
2406604
9699566
8574482
9353763
10925581
173975
674497
3585618
2530464
2779626
9129410
7933287
7255614
631410
9558745
4939732
4703115
8030911
2894965
6832484
2023804
6098836
7966677
7467005
2453817
7141670
4891497
3906054
4480335
9303253
9129555
1093117
10818493
3967187
9223312
7274231
3100503
8408900
6568650
3682518
8165580
3299279
6728009
8718167
6989202
10351536
10026124
7927044
4335646
712285
2516640
10825740
4350191
8528318
8643714
2336522
8469847
10178869
3793088
8054395
9250143
5684237
1139606
974242
7756249
6784797
6279680
10564199
4138687
3739925
5765238
7260533
1857579
6105811
1331534
1212242
10541018
4728291
4933556
5058248
9990097
6983419
8556424
1921545
4693873
7899072
8093941
1863065
3361331
9198305
314120
3946835
9812042
2258888
257346
4037749
764120
1098706
10835890
8243197
8927116
9878648
4127672
2030877
1920357
8678919
6679640
2379005
7649569
7750290
10093551
72350
2492580
5337476
3677785
2249776
4666650
5138331
4259091
6604418
3827894
5054085
7275917
2695540
7638882
6915484
7235888
4152634
909710
5164655
4269976
7659162
4806400
5972506
311340
10880892
5796884
9439655
8455979
1432612
6622851
3617440
2314491
3512750
6428716
3191097
7711854
4945906
3006124
10905161
2069462
3708641
7590675
817591
4957301
202524
2978261
3862589
2324710
10112879
7678445
5677711
10768667
7341170
209677
7369890
3369572
2874836
5018295
8043967
966222
6804345
10449207
4386288
6859980
7533991
2025430
7819792
5317964
4501020
9924800
9801977
6297204
661079
1881367
4674868
4041320
9368875
9160546
5527129
2545029
3495236
6682087
3586988
4106850
1436859
10403092
6494590
7084366
10617728
3975707
310482
1820398
7946530
8224272
9838500
4476592
926072
8490309
7652743
3799207
2152529
5634256
7808276
2006729
7930162
9482176
1720978
8424622
8095151
9643898
3538186
7671049
10982551
10260599
8991109
9948220
2617144
2255979
757559
8671910
5785074
4705964
4925328
7506279
7974250
1503515
8574350
10794632
1472147
7181940
5247720
638620
4255270
8152037
7990626
5453604
6589569
3265278
2435790
7393871
6846985
10030370
8160213
5887826
7158140
62221
7776888
9148990
3849124
374778
5613415
8471980
5112109
4346024
10705417
7827556
7715956
9994712
10169574
30082
7685736
4801092
47800
491927
1491071
4522974
7965934
1250482
5581576
9826275
10388425
753493
9835386
5573916
10341314
3021449
6898692
941821
9953354
8791914
99693
3141324
121983
3963861
2437787
6811162
8597983
10327555
7706148
6953179
5969740
1194431
3839161
933340
8231007
7238735
334488
6255329
1976756
9353514
7415789
5114169
10070319
10918528
8661089
6800679
4662737
2549718
3181756
6396302
318891
5978670
9748876
6268061
6342567
8016816
9740336
8725311
7167207
1988961
6738965
416140
5582555
4766585
4990089
4592817
3963677
5389109
5791487
3535027
6650741
2146533
8013322
667089
5652062
7449161
7478994
1255840
1490463
10406409
5033418
1157650
1829398
9752118
6330656
3317060
6868852
6143359
813099
3041891
5528569
3548261
9224646
6377378
4389671
8993232
10257286
6427232
9542101
3966209
7823767
9158081
10510610
8783837
4768137
8234987
10475198
8260403
5026150
4536059
6247470
9810688
3224833
6704706
5913184
7113026
10923478
10110090
2417824
9319120
6928780
849938
8964892
366817
9617115
5917245
10013206
5278113
861892
4073885
9725883
5215629
725072
10654491
9539758
5265881
5565736
2641414
5195213
8050032
9391502
3806722
5277184
10773382
7506200
4654446
2372088
750921
1803912
5207287
9061890
4171583
7529765
3430587
8932250
8341024
4289901
7690832
4885497
2370236
2396856
10768063
9568551
8171152
6151219
1550240
9999273
8872846
2375738
7008441
3829460
282341
8884676
2341351
6745948
3339509
2295681
10326471
10935799
3842030
8667913
7630340
2958667
10626887
9934263
9204520
1090707
5179742
8385763
5733995
8379820
6095045
7491805
4221449
2275094
8465822
2070934
10820714
7380177
10183286
4049562
8944814
8084326
6633926
5785099
2796674
4038016
224
4765036
2277887
9794335
7234094
2781292
1371288
10625269
9192856
8281741
10087678
4482105
2833320
1006049
6447448
7863607
725370
10559546
529991
504448
6307595
3510685
8081678
2557709
6131372
7104354
6588263
3298851
6182227
1088857
9728350
2318014
8239849
7504729
5323786
2751670
7889524
10880128
7476813
9554796
9008635
9885687
1412176
6814738
2435038
6030974
6591235
10900213
6570972
5899907
1714627
2747149
2282509
731728
1278230
1932006
2267866
8892629
6275024
3685879
9490440
3329005
10012378
5654704
3738770
5255422
5820704
3604136
2563971
2074976
2310154
4925182
7872307
535978
7521608
2903662
10342567
6981831
8487390
864745
3331811
9772897
6034012
7327108
2979499
4157366
9733234
3884262
6721487
6741607
6881609
8685244
9877616
8134732
8239736
7671388
9109272
756479
4856112
5861049
10606631
3333867
10110973
2123362
6427474
4404931
984201
6090042
1208783
5784537
4529605
8327768
2390509
7425501
5983659
134748
2411919
2634128
757395
8445670
10485365
7041965
8806362
9956229
4842744
3108995
6067109
9137203
6878101
84946
838344
7632629
7708173
10705663
57457
4945531
481517
9164484
6146300
7973291
8907523
6845589
3684263
1065093
4101033
3776897
10018549
5329865
2144415
2660943
829199
6443193
5073517
5709786
3652900
6731143
9029053
10053920
7335368
7734931
7171
8314631
10728956
5164648
8952668
3063667
2283689
1371104
5046703
4304305
377350
9755179
5585225
7347706
5079752
10365008
6329602
3757997
5918118
8452727
166868
7096812
5930518
9115886
9712793
1424712
206710
7401589
5682175
4551930
8541153
4348832
8040212
10012588
1728349
6796708
5721448
9840995
10254849
7447230
5143414
7476683
3439689
585394
4552842
9847141
3824382
5197857
7246872
4059424
4949884
1319708
1531758
4961997
3666491
5610468
4189461
3741393
5563051
8290938
1770722
4946138
4548578
8988744
7392833
509833
5564163
1145512
5193231
8784811
2847106
3075024
5226389
1482197
3175357
597075
2363199
4995899
4893090
10658147
9479779
2022653
6116894
9066509
6318464
10188994
7557134
229932
7985433
4049085
6285540
10469693
8077661
10780883
9711469
1560289
8808104
10330229
8253028
6351743
1944878
4319577
7718791
1139841
6790673
2128164
1620328
4510504
9703901
7897997
3297396
3948420
8848917
5586720
718165
3854246
6711721
3796464
2826062
9180253
1994136
483303
5263136
6040585
4218462
5556149
1064434
5314054
6829674
6953440
1790214
2235534
2426384
2527508
10921783
360696
2580830
3713078
6479485
6625498
2103707
7346875
3340958
903750
6111495
4662435
8376834
10991720
10202682
2677032
388893
4253386
6713567
8574348
6977937
9814220
1005053
2262334
1076911
4177011
45687
3535982
3573411
8825741
7799160
6476352
3207782
3664323
1350878
2382541
1752387
76268
1662695
7758964
3706747
1772403
5591339
7351320
7275590
2664583
9030803
7876021
6067080
1407625
5418227
3248838
2646910
5229030
3935445
373095
9131536
10379247
5397621
4454961
7868114
778558
9092792
10373198
55308
3612394
769926
5086565
8472977
91240
10232889
10054594
9168218
6997922
831688
454788
59399
9888734
3213970
5966647
2956577
2615754
5316857
561158
6394984
5752659
3861797
6994414
10190971
4676095
4379220
2490871
5438873
550770
903089
5138048
7273536
4818217
1740696
3058097
10626601
1003414
10846467
1978770
1094993
8884407
5726759
1243870
28296
5169259
8288801
5130502
8847816
10697079
427259
10504866
10803624
2084912
2605737
5984694
1092065
4386866
5050879
5867313
10768530
872975
10624941
5554659
2849777
8703511
5759261
332598
7747946
8880918
10846301
5522174
5351749
3602594
7550490
10625401
7262152
1493281
5542130
1202398
10852640
8220189
1489874
9282113
8486474
4405574
6678674
4775499
563576
7757653
1269012
777575
6925923
2688989
10000956
5754867
357306
3598164
9555288
6775863
8243413
4341496
2228740
4345121
8628552
8921819
8838818
9543892
5110614
1750694
7189947
7983510
1538250
2849285
6242911
4596752
2410108
6228346
8740850
1936603
2745182
5439536
10160743
8852274
480889
9017388
5851892
10951013
5946878
10353836
10552981
8677219
2759747
6197614
7652506
4282204
4046496
10821970
7291637
4338783
9777012
3503765
843734
10946384
9388748
10896671
4600816
2500612
384246
8243997
3857975
939551
10196030
562432
6735881
5986611
10988284
3750021
8734136
2855544
5159907
7285282
10865049
8495583
4662473
5255399
545657
3350394
867675
1681203
6096608
10385173
2685423
5798893
8355959
3907928
6851556
2525973
7118876
6284225
7694414
8898148
1040539
8980172
4655983
7869975
7374299
9416250
5381232
10015173
5913073
335523
8568547
10967402
6056483
3446237
4720236
5390165
2781093
9685370
718880
676156
1846851
8750819
9749127
1094714
9258961
7905631
7423718
4050351
8316477
2409148
7401218
4415505
571090
8691823
8405175
10592136
7622931
5541254
4212119
345406
5408070
9177136
9552658
9831127
8646455
349127
4104311
10628737
10628977
6485765
242996
7121294
292615
6215470
7240662
597136
2852937
6464336
1912128
2477472
3323992
10236084
9053915
8699128
2846971
3705315
9457873
10472068
1342466
8709020
4403829
8122620
7948292
10217393
8037474
10519495
1256205
1959436
9269782
4203321
3955208
9169151
8484433
8430018
7297574
10150683
3411643
4662614
36745
8913036
5131526
1763478
9854190
2753810
982460
4859394
7612595
6712124
5414978
9241742
8649217
6412030
3791829
7299226
7762228
2439327
8469137
6179971
10957792
9668343
1124832
5504801
9972790
431523
2785298
9097443
7610988
9992411
3147368
8779456
2541136
10704837
10629991
6809113
3196685
7607942
698603
1737910
8363914
4938851
1560619
2654293
1261853
5705093
3011066
3047770
5741237
5171370
6845761
7961488
9508701
98777
2279138
715710
5177737
9403624
6239655
9244073
6671019
1166087
2424570
7680117
10498250
8665920
1968827
4741793
10899728
5550941
5883511
4019491
7801751
2688878
8649642
8436021
2891975
10093058
9012300
7479313
2536606
9969131
1826765
3861787
1772151
972092
5056407
6878900
4440792
2950947
10267830
10497070
5418230
5741719
2147051
9622496
7333365
1346002
4248793
6367706
7224350
4362124
6935376
9706854
1598814
8672861
4861434
4554272
2808604
1751468
758739
5967998
3418196
5972703
4297123
8177851
3459205
9248491
626426
1482187
5255800
2088445
2485397
6179508
8155976
271239
10272363
4339151
333878
6892082
7029302
7017010
8637382
5248161
5328216
1649660
8432664
9693509
836754
1723030
4216598
4993509
1533228
4435291
165194
1774639
7417252
1339185
6336420
2695559
6087240
4783900
672734
1894230
2810228
4677426
10017557
9809541
4521984
7418783
5893726
3715610
10818144
1872900
10165058
3016470
10086724
269949
9019628
1972462
4595304
8867134
3759606
3576275
5781251
3626368
6760497
7333634
10056101
9844407
2590012
6239100
6585395
1122140
138171
5633491
9268160
2458029
903166
5457096
9741993
10797644
2523852
2251309
9789637
7176603
3919228
9493963
3140640
2962640
7909007
2977355
10996905
10665788
4658385
6491651
5712914
10976499
10380995
3289316
6887579
5044322
8762958
10860249
4835333
7296042
4243619
9102907
7201567
3496250
6534736
2774082
3624082
8205848
7337382
9717404
2699558
7509905
1750676
319634
977809
1714845
8327582
9060043
4903479
5436187
8408221
2276550
2897423
6291899
2188906
10653084
9035301
3938784
7125858
3055758
5916889
5651234
27117
8492692
7768267
7449836
4735253
1876296
1342276
9197836
1776944
9911404
8354529
2265312
4362126
4485361
6714877
3096697
10403010
9913715
1885576
8496290
6760733
3030836
6850926
10180965
3061527
9530959
8006498
5216996
7926464
4797581
3338410
5009591
3097193
8829087
7459574
6089495
1186816
10922225
5414111
2331574
2834378
3610292
1840807
2897139
9414105
5382138
8541761
271238
5809662
1823350
5297750
8290822
5754558
4748922
4652799
862235
2322872
9605036
10012511
3057544
8358759
61689
5923176
925383
6250107
1816965
3435026
1836221
10666098
8819406
6717349
3523340
8221482
1470591
5637432
1012540
8764728
5291147
8788043
957644
7364916
8438286
8552483
1739923
6121008
974086
5603679
10465
6866297
7473907
6961822
4081804
2985550
10997787
4756180
6353518
10870936
6754981
3510249
3750638
5686924
5027174
4335849
556744
431945
9333816
181628
6076972
8659425
4564991
9418001
4623511
710737
3315699
10596862
7834822
5942218
2087942
5797010
3766646
8991221
3455269
5007482
3111313
9460767
2334185
2985926
4243735
8717720
4668152
2250684
512303
4537785
10165564
4193950
9339599
73571
8709401
5648669
10828668
117546
8392610
2891018
5721495
3528091
6770246
8097220
3549140
9738996
2622627
89264
8187205
5418056
7536663
9462015
6222597
1342658
372413
689621
4242729
4345961
873053
9834546
6470937
2680611
9851212
9669999
5415958
6786249
1079506
8654244
5268694
7962205
4501403
2980570
10048783
9713821
9369173
7319608
7140044
10533500
2165238
409180
4361598
6612421
2712965
6422726
1523067
6436781
1530658
10085948
9503809
4831639
5901844
3759809
6660045
10448770
10840408
130267
1926761
9091109
1730468
394609
379242
3636297
3039399
5443495
527478
9201587
701576
4172206
10008713
3341747
1278725
2986865
7427909
2102668
3956391
8787419
8440517
7441416
2711594
1787495
7381580
6771118
9286642
9554464
6187844
7214912
1669156
7699052
7866201
3691317
3838935
6483236
8628581
9567469
6769164
30969
4687983
10558657
6384503
9187880
7121847
8377444
4195088
4060351
8707375
5163326
1495898
6643126
2699872
9746418
2321307
10838987
5079577
7182466
2018313
1187084
2750705
5477345
6965013
4837611
2876720
10701082
2644654
5731672
1634745
3325298
1948724
10095416
571824
3319374
6249011
1956951
4763604
5743532
1926702
1888799
10366016
7823338
7714161
7980459
10887717
9683688
4091401
3153554
4602837
9652398
2965249
10491233
1006378
874067
8687288
1771171
1591671
7988767
3865710
7196214
2189727
2581629
2369758
6207796
7874008
3153701
354100
9322845
20508
10268703
5729813
2738163
6625457
9640796
5199669
10097817
9356890
7639220
9576516
1904106
7117860
4402440
10271236
697743
10386336
1561129
7765234
10820020
9624265
8267085
10926132
9662908
7639130
6955629
9660955
1979107
2897103
5842791
8452514
9788188
2716009
6683348
390350
7548070
6320291
10873957
2872368
8520734
9903180
191068
7213334
8907624
2215825
3978826
9105522
221160
10072476
2308101
10468034
7953964
9129507
9497298
1586853
2838626
6256328
9452240
8159768
10792942
4279050
7631460
6331191
809263
2591714
9877191
2907492
308729
6739911
5929075
8954080
292218
10885572
10646541
7361331
1944043
6296063
3819211
6329220
1928719
3901394
1941538
7996002
7594942
10091751
1983116
7300927
9354460
5942640
3759732
7547461
8918177
8537661
2908146
4771739
8110431
3717989
10332916
3795933
2451536
5483034
10190710
10033390
5417766
7191000
3670513
10313112
1881428
9797767
4569958
7140615
1721090
9952128
6767633
9172570
2166967
5869607
4867029
6942561
10626014
7346604
3088221
4331404
5505701
1792322
3728525
4877327
6111572
4456244
9812164
10657018
9757260
1138108
6577540
2746822
10179681
6445181
1311942
2164103
8522564
5475947
856608
3633263
7844886
1596019
8278486
8220397
6543516
8222351
3367596
6927668
4828576
1252765
9352833
2503005
10045108
1135450
1221965
6618127
3725174
4838124
10159902
8199145
8077097
4611647
8803803
2614638
1035060
10505874
6159001
1619085
256921
6059210
8648010
1089724
10341975
9714052
7078160
3898869
1878345
9323611
9358480
10834650
2544162
707568
6302424
10486238
5339920
8677164
8048389
3754822
4367970
1148657
5041660
6899944
10985684
222106
7710966
10662314
3291815
1483786
7907624
7082983
8140072
9406328
8582114
6100209
345622
6525024
9578033
7445969
10531548
7334200
3197907
2225002
4315259
2404780
10197301
4656562
560944
3077739
2908918
5163387
9540391
8579417
9979758
3509763
9631920
1298043
6481016
3164531
1862458
5388809
9440753
1645118
9587093
7548624
10420550
5747413
6172178
3031282
6057720
8072204
9234834
1319842
4202701
7093452
6721220
7315150
7377664
4278161
5254577
8539293
87996
5450615
5727232
6286231
4237639
4029607
8213607
4436621
1873539
5918568
6303550
2318282
8443161
1157260
10809724
7268284
3645089
79853
5506996
10403205
4255836
2714345
5800533
10045083
9757902
7414482
10330924
5320073
10160069
8983237
6835556
9565593
4261722
4391216
6074785
8010670
326622
1834733
3630825
10472522
1967923
253076
7920210
7771892
7422770
2256931
9880664
9115507
4201732
1373040
2396784
3463054
9895581
2055401
2471775
9562596
2492513
6635317
7588002
4588589
399223
5440694
64894
3667142
2205475
3219320
2920065
14886
3547058
4777244
9355179
3490462
4878531
4960444
6455562
3187350
7693119
1961156
4051888
7307092
4214088
2307272
5940405
1663995
2566386
2639077
4272722
8672058
6362904
3350926
5979970
3070368
6682326
4027340
7002617
7974129
1658983
8945818
6954877
8097158
5035175
291431
5798299
2989684
8881190
9740896
3303339
1717326
5995193
1178371
8348484
7415935
294025
6785318
7808975
7056220
6475448
4569947
8843623
9791636
3861342
9186428
405481
1552882
4015439
3078668
3279843
6769503
8577846
2335423
8932309
5458179
6534157
10154452
2941297
6547488
2302164
9888864
10978102
7458456
5557886
5352766
2563461
2030144
10301519
3602484
4654298
10232316
2037186
8416876
6450760
8655033
3942264
10809899
7185031
4304273
1118805
3942569
2367635
9995531
4088702
7695953
5481313
1660259
3945156
440301
1669623
7579934
2780499
8057007
7746650
7554941
1417700
3221521
4641927
6911433
1222199
6335328
8512025
9303485
1794755
8618506
7167568
9930657
9561546
3345403
9622260
6060618
3663618
3709395
3009415
4328551
4699366
776064
4648495
9245109
7716277
1981052
6673843
4033772
6271334
4407797
9800672
9992408
7599908
3512551
6191891
6109102
7572319
9887604
5002168
2400197
4574968
8984720
6001551
4135928
9412044
9165757
10772661
8694570
8888041
4850655
2749032
9862692
7257540
7544877
6602749
5740730
243239
9755495
202410
2617663
6483137
311964
3881866
5321760
9648335
420011
1940284
1378930
10537820
6472884
5688536
8456343
7928377
3575943
3762707
7067959
8138222
8521261
2081848
8110075
3482555
6056882
8432576
8209589
120997
8064227
510609
10268116
4126829
9044578
3154729
1854536
5835982
5626024
9425216
9313738
1167051
187654
5177719
1330700
4708307
6754610
4593562
8388964
569639
7272587
3254635
10971163
9406565
4931487
9025246
10005710
3536318
1966254
1845273
10411726
555175
1049057
3944740
10286958
8820320
8481591
3854972
7634689
4385071
9018853
9459123
3659135
6264992
1156597
9630328
1565033
521671
6015502
1690078
546414
1705703
3105730
8188706
282403
721881
2161331
1391943
7315445
6791130
5400885
10263691
5327728
5282813
7768935
5659537
1735559
9964430
8108409
10998377
1966802
2271406
5001541
9402020
2496712
1868295
5197262
10709004
1748255
2175840
9351233
2534298
6231556
9892481
2592878
6264267
859647
1643911
1080127
1016531
1036071
8848489
7602762
8839839
8337466
7815799
10236954
10350076
389896
9911063
2147909
8508799
6884731
6133013
8946364
10166402
1882183
495269
5434010
10734596
3536650
2704718
4129571
2086024
3422492
9643811
1572689
5827817
3511019
225879
8009738
4686998
8951746
5415692
9239859
5306777
7841607
7310654
7633822
4238821
7311656
2164447
8425715
9054553
7395317
8443052
9116776
7852478
6861441
2166289
9704494
8345306
8940625
6975789
2473680
10649550
10501657
2614894
1284297
8241897
336000
10118858
3698153
10405951
6580226
5156637
7098265
830369
6085172
8665593
175562
10597180
1257372
8861590
6710709
2532869
4369037
8624118
10020709
7607256
5717489
5329710
6264078
252040
2434214
875833
4862668
10563679
2642530
7508857
5118577
4548452
2164273
9999329
9034164
9306046
7533194
2739765
5732195
4828301
5162192
7902871
8168336
9420189
2097859
7686019
8982280
6811727
9101527
9036100
4575814
4270804
135353
5574036
2155609
9006617
5288324
2947407
4776055
5738166
1430181
654689
6234349
2716201
5268652
8437749
4506859
5151280
8231426
7510613
4514804
7099272
7122087
2162970
697941
7953701
8615792
9111441
8266454
10615403
6652554
6796215
7586179
8160468
2044377
3717876
2948021
1050403
3978319
8009264
3990103
5343055
3504141
3624272
5702622
3643732
2994585
8578601
3359078
5539864
5137678
5430778
7766690
8347247
6362832
9278753
9986871
10584735
6435464
5181081
7243401
8754122
10351336
3100388
1977479
7689677
4434721
9858126
9389776
2797695
6117291
4222357
6151965
2802811
3274899
868310
1055866
3884610
8419393
4343987
8638643
4686298
7741235
723983
1883989
952141
3448426
9884614
9843304
645425
7930380
3073447
8408571
9961297
3611406
5676560
3813467
6359552
2006033
3840135
383986
2086201
9047478
3630122
6147420
1874878
1241144
10471779
10025080
4783040
6840758
6697273
7174687
326927
7700016
6401730
1884356
8756153
10087283
5777227
6256293
2948600
9600815
4031160
10416214
6180803
9511978
3722157
8227570
1866233
3858086
6180083
6802483
889693
3318329
4279048
1500455
9935552
6967663
10414463
10999519
7913538
1854927
3383577
2647503
8221906
9796463
8095083
7896886
6096412
1511645
6045387
1853850
1719157
1544372
10665441
6816496
1308573
6644258
300111
8600641
753960
2076079
7005200
521793
2871440
3547490
1150273
5014803
1800935
6588973
10384258
2661017
5822491
4196103
5685029
6411849
3626079
4148163
2697819
5412655
1623909
2613457
10057648
2605201
5123892
3805698
7563576
10066148
703647
7957928
13444
3292533
597528
293172
7186953
10436332
3240126
10645780
2578932
1880397
2786250
10664116
3156985
2118870
9670179
7236107
205529
9698129
9935651
2325211
7452144
4231997
1472496
2973388
7457654
5976749
4739506
3324605
7275569
9565347
9309168
7944199
883954
4377076
2715962
7771113
6508882
3745589
3068990
5105274
7029389
8340794
721108
197235
10710427
2245699
9844810
12299
388139
9718445
4201942
5349698
10478202
1130825
5608459
8893458
5088179
547793
850884
5454228
5461110
5915806
7906681
7042378
4874987
5036231
7139442
2876257
8268687
475257
3849267
5573895
3241105
255241
6313015
6405498
10590322
10739668
6170074
9377127
7125303
8365540
2188602
3631077
3615324
2753161
10649217
1151805
8249018
3376671
5315207
5083983
1045359
6880767
5442137
2370104
2434489
3732243
1749570
4751933
4027088
10666406
4908682
7252313
8739348
9080520
3287709
4896153
4357666
10390248
2438693
10003116
10929069
7716000
2534937
10507487
3186830
5452531
3513892
1764693
5818281
678407
4158229
4213614
637717
5240976
1523471
10843595
6124930
8812622
4060963
917741
9098412
1377232
1568736
4014455
2272873
4899077
6464462
4365102
310543
6771473
2260783
2512735
1450793
1965934
3001098
1543280
1464439
3339698
6315122
1966637
5286494
10308892
2946974
3233380
8925916
5864034
1894008
6370882
6705843
10490664
542298
5993363
8299304
7901561
5813268
8313121
4944131
10868470
7154107
750924
2398037
10954575
6183700
4282078
358413
3862609
351792
9696345
3359316
9657642
1482390
3267549
6282022
6301732
4114904
5881854
3834305
7963260
10958108
1461333
7651474
6491305
6638928
2282001
6538830
8727481
9381544
2694537
3677759
5280788
2349706
4788441
3536096
6746127
599350
8153620
1317579
10706255
531103
9746612
2453617
9951336
5399058
5243627
7763343
9333256
4020654
1002774
6574511
2253971
10064146
5215020
2246712
10598248
10907958
5149379
108139
5459484
1074214
5795815
1958256
10896772
1945596
9168153
1559353
6122830
8213015
9297446
3663705
10233890
9005929
4924678
2567997
1219172
4268843
6753598
8282178
4922759
763546
8978432
9776826
5432844
2165825
687971
10132444
9184913
4635629
3355509
6903228
5625499
7551211
1953288
6988470
38166
1924073
7107467
8409069
3990729
8485708
5114360
2768670
8765242
5260221
8498940
7315694
6252662
4439411
4331220
6601534
9693030
9342549
8469605
9520664
765135
1692516
2197481
8515119
6438141
3581990
7071303
10472238
588567
5675474
5105292
1788171
3332130
1846376
10207103
3323943
8091108
8300468
4660909
10910354
3823871
1915225
1334865
5320293
4734227
7953033
10437241
6507622
4887385
6187262
2505609
3783123
3590179
10640216
5124330
5895404
4396332
7683205
6633219
6625041
10065918
5811013
7943595
8214336
7598392
10782585
5852245
9674005
8749909
1133222
3697551
4784646
1231892
402499
7037387
2193286
7311515
7744899
5903649
10864403
5100763
10291754
2216824
385208
863464
6044045
10221088
9785141
10037249
9093500
1958608
71859
6890493
7145021
1262196
8170725
10572880
2291985
10085063
807302
7517099
9244883
10667852
4762832
4731144
7096875
1095448
7725072
18440
10577028
8195825
5423188
6262486
8980415
4949499
5815985
3971984
9893550
10433473
9895156
1885478
8333404
3497435
5447206
9461428
3208751
10208550
5668877
588855
5567587
7282141
9604797
10859931
8510149
4443854
10867594
7433591
5797000
7808269
8255588
1152891
1900392
3168026
9342927
8266519
9742916
8012478
10038711
6414578
10629923
1794085
2998655
10059786
6869981
2354397
579038
10488254
4540720
8391444
6568800
10459870
9324388
5886278
8104112
2713218
10728982
2269812
10809041
7659181
366686
9810443
2847858
7054343
10957928
1990679
715251
25191
8286871
3569762
5132892
4950509
8825373
136931
7506301
675197
889949
9078202
7862913
5206380
1986351
2570855
10954913
9621064
1451433
5756526
3116918
9263725
3939781
3274964
914064
1448640
8069647
6593952
8495882
6533734
6491829
7434910
5728076
4243400
3031867
4031606
3387099
7825337
10362747
8669419
2670415
4304501
3080685
6100579
4222959
10264909
3401076
3882393
1972503
10328199
6717394
4205574
7856864
10905098
1602355
7352748
3604108
8927125
1793893
1525185
2882025
904162
10332501
3345718
10418818
1639720
8282511
6064242
7201916
4926292
2319272
7485829
5698443
1117866
619039
696403
5905425
4500531
10162357
10113712
1668967
1446795
10224240
4259751
2220440
499805
4081369
8786810
1585791
4289133
10752215
9990734
6240
10255268
10775320
6324407
8433119
473298
3116839
8563636
10711825
637208
2190499
5482185
696663
5402259
8161192
5360770
10407152
7540714
1642064
7616204
2332178
1573973
2126506
9242034
5835194
766122
7740743
4975523
1936376
10304811
2430003
2907457
5463901
8702306
959576
8588024
8072106
948958
3250924
5231025
1654807
8546443
5544172
1949644
5713151
1063419
3746464
6180433
1916235
2787327
2601964
4812882
10835960
224641
8357471
633081
7096772
5534562
7251392
9965999
1775468
9461804
4483237
5867509
4145514
1959349
3474367
1080740
7268325
7737810
5084484
6214217
2912905
5417641
426561
3310646
2795611
621793
10352299
2234323
6606870
2118455
2118221
1082970
5687618
1043743
100028
465693
3458595
4531914
2342115
4115018
9679471
10257586
10409749
7605936
4246090
7311614
4258541
723196
5689255
2863930
2458094
3973260
10810061
8752652
3326338
2760644
10314194
9106341
3122463
4869373
10535831
5420023
5872502
280952
3241108
9571164
290700
2215839
9537180
5946104
5421145
8668651
4326490
6169054
2558466
7082475
6886870
9642565
4865817
7323431
4399810
3255813
10643278
6719884
3959946
9175957
923565
5784754
2934206
5489144
6647133
7994117
9178534
3192110
7191487
8232045
4242739
9122326
1913095
6957026
9354203
10095589
7827126
3221313
474610
273057
5908025
10343287
3146264
1984893
6770553
525761
7357630
460553
6015753
1082372
6217484
2298358
9494570
10941669
1183731
10643796
8476214
344219
4302066
6198882
1653333
3597693
4287443
6723790
566058
8348710
6455105
8945472
4815098
10614528
2502005
2523969
5448900
6305515
2487221
811905
6730375
2289270
8813660
7347602
8871850
2029123
1832766
607549
7947268
8065282
2491944
6839564
3965540
7775752
2355584
8446786
9206302
1825794
6111283
8477776
5617230
4506226
4155227
8484998
755035
7570115
8105352
1512312
2049441
6657591
9609899
5262532
1304565
7202041
6470210
5693814
3850113
4916010
10775521
2799626
6534294
1743158
9389122
7859604
10065611
421506
8191916
10336139
1601467
10532461
3056214
10732819
1420904
3206263
199292
6232661
9640153
3964474
9446197
8568119
1017437
1475627
7423624
6531633
4132753
919519
2003398
3783283
5701693
9167507
5399722
4115667
9529086
1277036
1974715
499314
642047
4616417
5788104
2526805
6302767
2654608
3421746
10564539
3712271
9243322
1826402
7964130
8913305
6800415
1371100
9217457
5887665
2389954
6129681
10731003
10358274
10188772
8954985
5715020
3862476
9295239
6310561
10608525
514517
8874767
10960121
558332
2303859
846323
3393838
10118591
7182345
2514270
288782
7899711
9831950
4873745
4222240
4823041
1153415
4935343
7670791
5501633
2233573
8238593
8425434
8422629
236418
10603407
9859963
4107827
6253795
10026871
4540309
10214564
5537267
9906613
3911176
242463
862419
5794752
6881107
5044009
2347943
9302953
10105334
10955357
10142975
1090895
6545170
5263416
6314412
5013299
4943419
2118116
697666
6311037
8489911
7041343
342824
5456063
1830377
8886054
1217415
5891527
5949371
196050
8678025
10428157
4215687
3736356
1464067
3088397
6392550
1995494
1319208
948319
6844338
2887760
7189266
8497302
7638125
8163930
5173981
5283605
9119006
1870269
5337838
9705707
6591727
9308826
5132899
2128605
4557105
6225297
1272351
10054191
6988757
9351587
136646
895531
9838055
10579053
5376439
7396824
7076096
9615604
1278751
684173
2210902
6644731
10920470
6410943
2558033
1417943
207163
6557594
9915675
3360841
495221
2623840
1983608
7061856
3056734
8677834
7677178
887604
7643620
9154191
5678178
10297270
9082001
7354683
1113684
7271507
9459153
1023735
4072719
1142741
622128
4279409
6264236
279460
1299642
10984705
1873120
233184
7919482
638068
10862244
7405107
4164038
5664962
7997870
1966017
3064168
9294177
3503506
2034437
9785607
9544409
4531074
8125696
2188376
9189671
5416617
2656731
6909591
8002979
6618403
1213611
9971198
8562407
8796641
10342885
47695
9568437
6057189
6413237
6337463
526398
7763803
2567590
499930
8147690
5461999
10756121
5366821
6981197
4543761
3427382
1368492
982957
8521674
7156990
5384578
3050290
6705397
7734584
4980048
3433764
7843128
3893402
6660171
2327746
5392798
1983186
2050897
1970899
1642636
10742791
6603484
1630912
7039345
2064333
4539551
5130120
8180416
1725715
8754843
6554973
545174
8985028
9938130
2594350
1502365
3031121
3685809
9374452
7014642
697383
805979
3920216
8996132
8675698
4124563
2389226
8220154
7402629
7755328
7962299
1132223
8141413
3216810
6216766
4588121
1954772
2232340
332193
1375041
2875000
3016584
2051425
9036295
725090
5710463
9865239
5643950
6639442
1742786
6854625
3183166
6472967
3945250
2434811
2840304
1789165
4260299
1733800
8611415
4235360
10456795
2513802
8477371
6709579
4065835
1862689
3908531
9498719
633306
1853559
37970
773219
8128561
2074450
9331983
3694749
5882623
2991276
3449134
6857215
4313260
3103304
8503415
545854
1926030
5281905
6090176
7294293
6642766
7448917
9383411
2617140
6529409
10223199
9132348
10470136
10636812
773584
2937311
8902708
5457467
8540245
10501834
8840677
3818548
7291843
7783854
9862068
7852566
6103465
10236391
3130294
2127670
1150570
3499883
5569670
9837617
10450763
2508432
2866456
2823630
6223705
4817280
5483595
9833417
10613483
3592724
4006555
5419880
5637242
6271224
9216684
7178655
3790831
10986005
5306014
6636618
153339
5014719
8154987
7466598
62341
2614660
8905160
5009222
3986911
7345751
4870056
10781289
10908663
9674368
4733224
6002322
2012175
5088308
5267730
9451388
915983
9850502
4137871
8885182
5647051
7424708
6291376
7865426
1182794
1253765
9541704
1005387
821051
9427228
7653
471264
5305856
283425
2883221
1164274
2288991
6905924
6695302
8636164
9823823
9125742
4348046
5410957
3611731
3757948
4692599
6007215
10172234
10079878
7848704
186836
9944770
2595480
5659143
1742521
3600998
10583638
3061084
8761392
8020150
9007092
9467989
1500489
7417327
5393272
5103361
3320220
3781525
5173514
3615661
8808075
691899
1999751
6751580
4966837
9192498
6504451
5064921
4232427
35763
7691616
6721165
4000672
2825097
6867450
9462998
1604824
1357924
7028122
9954514
9858556
6506644
8382989
8930911
4856989
9670848
2872276
877760
2878245
8546842
7743858
6449822
4607546
6516161
1046170
1370424
5891786
5697524
7701271
