3499300
3499765
3500545
3499115
3498519
3499220
3498871
3500248
3499225
3500541
3499924
3500955
3499806
3498750
3501550
3501381
3500012
3500410
3499952
3497919
3498027
3499473
3499099
3498793
3499381
3499788
3499576
3500866
3499019
3499131
3500498
3501191
3498906
3501552
3500563
3498322
3498249
3499289
3499077
3500939
3499020
3500032
3501014
3498654
3499720
3500497
3500252
3501010
3500490
3499775
3499968
3500148
3498718
3500633
3500848
3501174
3499852
3501854
3500858
3498613
3502252
3500519
3500682
3500470
3501358
3499665
3501075
3500033
3499237
3502483
3498333
3498485
3500176
3499654
3500813
3501102
3501041
3497863
3498533
3499485
3500451
3499909
3501578
3500911
3499214
3501329
3499716
3499266
3500603
3499572
3500680
3499200
3500891
3498830
3501534
3500388
3498737
3499662
3499867
3500363
3499079
3500322
3501445
3497109
3500000
3502374
3500418
3499743
3501404
3500859
3500722
3500228
3502422
3501457
3501195
3499483
3499953
3499134
3498414
3500547
3499932
3498848
3500415
3501730
3501292
3499051
3500973
3500318
3499285
3501386
3500485
3499422
3500737
3499740
3499969
3497823
3499917
3499328
3500090
3500794
3499224
3497967
3500619
3500203
3498155
3501696
3500941
3499712
3500533
3501612
3500250
3498915
3501634
3501423
3501093
3501393
3500459
3499693
3500669
3499095
3500611
3501008
3498556
3500719
3500620
3501563
3500602
3501229
3499813
3498431
3501079
3501190
3499637
3499204
3501339
3499787
3500634
3498335
3502185
3499113
3501295
3499882
3499293
3497724
3498944
3499648
3501187
3499488
3499853
3499298
3500371
3498203
3499149
3499897
3500112
3502230
3501537
3502840
3500086
3500160
3500884
3500001
3500872
3501177
3499002
3498886
3500583
3499590
3499076
3499108
3500800
3498865
3499109
3499453
3498526
3499755
3498101
3500838
3498080
3499682
3497862
3499671
3499555
3499830
3499033
3502203
3501166
3499185
3499993
3501108
3499715
3500677
3499448
3500035
3500453
3500317
3499913
3499371
3499837
3499164
3500323
3499725
3500229
3498557
3500426
3500024
3499401
3499127
3498840
3500094
3500647
3499884
3500593
3501222
3501279
3501529
3500298
3498741
3500952
3498899
3498724
3500610
3499389
3500288
3500675
3500479
3500172
3497053
3500969
3498196
3498924
3499677
3500092
3499181
3500516
3498675
3498999
3500487
3500950
3499567
3500340
3500311
3499513
3499166
3500118
3500240
3500880
3501291
3498336
3501038
3500546
3499935
3498410
3500753
3501643
3499750
3497905
3500642
3499098
3500579
3498662
3498516
3500028
3499838
3501347
3501297
3499792
3500122
3499638
3500187
3498776
3499663
3499678
3500704
3501194
3498025
3499286
3500554
3500320
3500268
3500370
3500819
3500653
3500727
3500809
3500324
3500344
3500349
3501686
3500040
3500235
3501654
3501900
3500018
3499324
3500526
3500869
3499432
3500376
3499731
3500881
3500782
3499946
3501968
3500690
3500204
3501290
3499826
3501354
3500757
3499493
3499416
3502018
3499411
3498655
3499318
3500766
3500069
3500337
3499193
3501522
3499594
3500595
3499764
3498910
3498711
3498014
3498064
3501384
3499812
3502130
3500380
3501965
3501218
3501144
3501331
3499878
3498619
3499573
3499029
3499530
3499223
3499655
3498956
3500482
3499339
3499726
3499987
3499602
3501021
3500097
3500215
3499896
3498207
3500304
3500178
3501240
3501054
3500186
3499870
3501029
3499454
3500551
3501977
3501044
3497567
3499908
3500282
3498704
3499360
3500784
3500142
3500662
3499294
3499921
3500185
3499919
3499386
3500278
3501278
3500181
3501071
3500862
3499239
3499412
3499482
3498438
3499603
3498918
3499961
3500592
3497325
3500776
3499898
3499905
3499524
3498011
3499123
3500623
3500549
3499490
3500022
3499469
3500816
3497985
3499096
3498192
3498415
3500387
3498785
3498275
3501298
3500138
3499335
3499978
3499621
3500630
3500177
3501991
3499093
3497585
3499875
3498432
3500224
3500100
3499043
3500509
3499774
3500373
3498617
3500383
3500685
3500319
3500787
3499835
3499203
3499017
3499207
3497866
3502038
3500531
3499735
3501157
3499217
3499442
3499751
3499552
3500616
3500528
3500085
3500111
3498315
3498392
3499664
3499405
3499063
3499509
3499146
3498406
3499797
3499585
3500568
3500332
3500144
3498972
3499476
3500007
3499290
3500173
3500432
3498786
3497858
3500146
3498727
3500113
3498801
3500923
3500501
3501050
3500656
3500474
3499697
3500853
3499705
3501123
3499279
3499842
3499262
3499525
3499802
3499911
3499872
3501220
3500417
3500676
3499811
3499475
3499672
3501841
3497915
3499014
3500898
3498426
3498163
3500014
3499527
3502271
3499607
3499701
3500141
3499770
3499804
3499868
3500326
3501477
3499023
3497843
3499892
3498321
3501828
3501546
3498730
3498598
3501422
3500330
3498835
3500274
3498907
3501391
3499989
3500258
3500222
3499159
3500710
3499384
3499651
3500867
3500847
3501495
3498893
3499284
3498902
3499965
3499803
3499274
3500183
3499629
3500391
3500079
3500313
3499006
3499008
3498492
3500613
3500064
3502002
3499347
3500017
3499305
3499170
3500713
3499781
3499387
3500801
3499375
3498344
3501387
3499894
3499222
3500567
3500738
3498900
3502488
3500174
3501248
3501702
3499086
3500811
3499685
3498502
3498779
3500834
3499940
3498366
3498834
3498290
3499497
3500260
3499441
3498997
3500732
3501271
3501110
3500273
3500760
3499957
3500747
3498958
3501162
3499379
3500986
3499926
3501597
3498513
3499766
3499709
3500469
3502033
3498278
3500081
3499986
3499153
3500905
3500358
3500289
3501142
3499971
3500673
3500346
3500644
3500569
3500535
3499783
3501112
3501007
3501058
3500056
3498878
3500473
3498897
3500525
3499708
3499436
3500206
3499985
3499895
3500553
3501510
3500061
3500272
3500897
3501733
3500614
3501722
3498113
3499844
3499687
3501111
3498606
3499211
3501064
3499198
3497790
3501085
3502715
3500922
3501206
3500361
3500163
3499738
3499139
3500442
3500558
3497323
3500693
3500396
3498888
3500810
3499910
3501533
3499255
3500150
3501493
3499055
3499444
3499533
3500893
3500968
3499009
3499354
3500059
3499145
3499975
3498800
3499336
3501502
3498584
3500335
3500170
3498846
3500772
3500506
3500940
3499620
3499396
3498608
3501273
3498566
3500510
3500518
3499695
3500511
3497296
3499817
3499048
3501593
3499057
3499599
3499404
3501414
3499353
3500264
3500216
3500350
3497607
3500609
3499752
3499032
3500573
3499991
3500993
3501693
3499267
3500652
3499281
3496705
3499992
3500465
3501104
3502187
3499757
3498722
3500411
3499608
3499080
3498877
3500698
3500471
3500016
3502094
3500226
3500532
3500409
3498798
3499208
3501346
3502426
3498971
3498602
3500198
3499980
3499824
3499393
3498842
3499833
3501175
3499613
3499085
3499598
3499282
3499578
3501719
3501808
3499458
3501245
3500267
3501431
3500309
3497987
3499064
3501429
3500238
3498296
3500856
3500733
3498176
3498469
3499676
3500751
3500119
3500147
3499871
3500249
3499866
3499604
3500557
3500536
3499902
3498814
3501134
3501193
3501489
3498995
3500227
3498047
3499832
3499982
3499990
3501300
3499636
3499746
3499429
3499609
3501602
3499793
3500863
3499719
3498197
3501911
3499831
3500594
3501086
3499447
3498443
3500008
3500870
3500823
3500946
3499089
3499443
3498638
3501140
3498790
3500542
3501031
3498720
3499152
3501680
3500002
3499129
3499791
3500438
3500666
3502085
3501894
3501427
3501076
3500534
3501247
3501829
3500618
3499252
3499161
3498215
3500201
3500910
3499291
3498821
3499302
3500013
3498448
3501392
3500864
3500729
3499138
3501244
3501599
3499015
3500678
3499472
3498942
3499955
3499457
3500234
3498657
3498460
3500205
3500263
3500463
3498812
3501737
3499619
3500467
3501052
3501335
3498804
3498493
3501338
3497643
3502128
3501661
3499191
3498239
3499773
3499694
3501288
3500625
3497887
3501822
3500300
3500348
3500851
3500817
3498627
3500665
3499424
3499437
3499118
3501074
3501699
3500908
3499471
3502055
3500648
3499786
3499278
3499937
3500232
3498407
3499633
3498261
3500191
3499348
3499420
3498857
3499212
3499963
3498940
3499794
3500237
3500651
3500564
3500039
3501500
3498496
3501870
3501319
3502181
3497814
3500437
3499038
3498760
3499415
3499704
3499395
3498913
3501215
3499213
3499756
3499718
3500806
3498975
3499795
3500845
3500637
3498705
3498581
3499828
3501862
3501020
3499030
3500261
3500691
3498494
3500369
3498466
3500394
3500668
3498623
3501505
3498766
3499012
3497933
3500857
3499656
3498889
3498856
3499836
3499451
3500247
3501269
3500157
3499580
3500878
3498612
3501873
3500679
3497621
3502977
3501336
3502858
3499810
3499551
3501465
3500054
3499983
3498765
3500659
3498480
3500901
3500106
3498186
3500048
3501610
3500083
3499084
3500979
3499686
3501441
3497614
3498358
3501609
3500184
3498605
3502251
3499307
3498442
3500071
3502549
3499456
3500095
3501801
3501061
3498933
3499154
3501747
3498058
3499584
3498380
3498926
3499684
3500654
3497882
3497537
3499700
3498885
3497261
3500276
3500392
3499390
3500455
3501105
3497783
3501167
3499653
3501838
3498381
3501059
3500774
3500736
3499800
3499706
3498903
3500360
3501048
3500627
3498832
3500414
3499724
3498561
3500295
3500070
3499536
3498467
3499925
3497580
3499575
3500926
3500270
3500030
3500378
3499713
3500078
3502084
3501507
3500965
3499331
3498144
3499126
3500650
3499230
3500296
3501289
3498504
3499374
3499332
3499238
3499642
3500812
3501577
3497523
3499683
3498658
3501182
3500219
3501221
3500338
3499581
3501407
3499104
3498190
3499227
3500797
3500537
3501355
3499553
3500225
3498901
3500561
3498102
3502040
3501819
3500175
3498845
3499941
3501228
3500015
3500945
3501315
3500406
3499547
3502077
3499303
3499529
3499041
3498610
3500045
3498697
3499308
3501397
3499400
3499692
3500478
3502293
3499670
3503224
3500715
3501114
3501033
3501435
3500128
3499624
3500050
3501628
3500275
3499391
3501270
3499541
3501216
3499511
3499373
3499243
3498483
3500658
3500180
3500140
3500930
3500913
3501198
3498762
3500590
3500924
3501914
3499626
3498233
3500063
3499421
3500788
3498787
3500927
3499253
3498850
3501779
3498990
3499058
3499768
3499426
3501151
3501009
3499970
3499168
3499479
3499467
3498904
3498399
3501158
3498998
3498450
3498441
3498211
3498048
3498844
3500515
3501099
3500581
3500791
3498921
3498139
3501133
3501569
3499864
3501362
3499241
3498980
3497929
3498522
3498719
3500283
3500445
3499538
3499315
3498568
3498554
3500452
3499107
3499962
3499923
3500954
3500171
3499358
3497821
3501827
3499261
3499234
3498653
3501308
3500368
3499205
3500976
3498078
3499097
3500297
3498966
3498326
3500483
3500342
3500703
3500895
3498146
3501103
3501944
3501482
3499165
3502377
3499763
3499244
3501285
3501490
3501164
3500127
3498242
3501959
3499100
3499714
3498579
3498831
3500381
3499696
3499537
3499634
3499977
3501375
3498540
3499361
3498193
3501570
3501153
3501341
3499270
3499843
3501781
3500574
3499611
3500822
3499268
3499463
3500139
3499445
3500286
3502179
3499920
3499418
3501287
3501716
3497026
3499197
3499499
3500082
3500321
3500681
3500600
3499462
3501286
3501589
3498852
3500661
3498700
3500783
3497264
3498500
3499177
3499666
3500312
3500359
3501782
3500441
3499106
3500242
3501964
3501013
3500084
3501466
3499645
3500271
3498823
3499512
3499874
3500724
3502778
3502034
3498973
3499370
3498961
3499428
3499190
3500916
3502158
3498747
3500655
3500166
3500353
3500351
3501154
3500578
3500743
3501060
3500236
3501282
3499944
3498839
3502451
3499887
3502649
3499094
3499189
3501226
3500088
3500726
3499668
3499579
3497913
3499532
3498235
3500213
3499860
3499679
3501106
3499297
3497700
3498816
3499762
3498699
3498464
3499546
3499778
3500998
3497713
3500192
3498875
3499398
3500961
3500218
3500624
3497359
3497754
3499739
3499069
3498909
3498736
3500190
3497759
3498715
3499583
3500143
3499652
3501275
3499275
3497808
3499635
3499688
3500805
3499521
3499587
3499257
3500759
3501344
3499717
3499915
3503510
3500402
3502555
3500785
3499556
3500393
3501217
3498628
3499201
3497407
3499368
3500331
3498369
3500591
3498887
3500735
3501367
3500565
3500189
3499103
3500132
3501238
3499018
3499934
3500306
3500865
3500773
3497829
3500480
3499711
3500748
3500936
3500193
3498649
3499232
3499491
3500512
3501067
3499834
3501152
3498282
3499163
3501449
3500068
3501551
3501078
3499329
3501555
3499446
3499930
3499283
3501043
3499320
3501527
3499606
3501723
3499996
3498960
3500404
3500424
3499321
3499929
3500099
3499249
3500588
3501528
3502510
3500384
3497281
3499340
3499410
3501301
3499468
3501963
3501774
3501459
3501434
3502588
3498451
3501309
3498763
3500612
3500671
3499486
3500781
3499885
3498690
3501523
3498461
3501345
3500765
3500725
3498477
3501039
3498343
3500786
3500977
3500860
3500626
3500605
3499593
3500046
3501276
3500900
3500550
3500742
3498841
3500957
3499449
3498930
3501119
3500305
3500347
3498860
3501989
3499661
3499515
3499600
3499822
3498226
3499592
3498395
3502043
3500660
3501478
3501045
3501729
3498549
3500818
3500902
3499612
3500484
3500281
3501072
3499771
3499805
3502235
3501122
3500027
3498454
3499246
3501242
3501673
3501464
3501150
3500826
3499839
3498864
3498680
3500768
3499972
3497440
3501080
3500522
3500386
3500362
3499066
3499025
3499914
3500496
3500495
3500195
3499233
3498036
3499355
3500221
3498809
3500019
3499039
3499829
3499880
3500208
3498723
3501156
3501632
3499288
3500153
3501118
3500107
3501120
3501212
3500958
3499005
3500921
3501171
3500635
3501028
3498260
3500639
3500003
3500707
3501611
3499850
3498091
3500861
3499784
3500124
3502169
3499995
3501186
3499922
3499557
3501954
3499748
3499369
3501070
3499510
3498201
3499848
3500667
3497623
3499245
3501066
3497613
3499082
3499734
3498424
3500447
3499539
3501004
3500539
3499366
3502864
3501453
3499807
3500876
3499959
3500530
3499021
3498512
3498112
3500879
3500217
3500104
3502088
3499090
3498236
3500598
3499000
3499596
3499073
3498457
3499301
3498824
3498618
3501083
3498247
3498707
3499901
3498935
3497813
3500161
3500379
3499092
3499641
3499167
3501179
3500435
3498245
3500796
3497932
3499680
3500109
3500949
3501770
3501481
3498095
3499312
3499325
3498645
3502508
3499560
3501227
3501651
3500049
3499494
3499376
3501492
3501077
3501296
3500835
3502116
3500601
3499857
3501571
3501866
3501098
3500436
3499753
3501049
3499862
3500804
3499186
3500044
3501025
3499399
3498792
3498740
3499808
3500134
3500356
3498693
3498717
3498142
3500951
3501565
3499144
3499568
3499242
3498836
3499176
3499338
3501293
3498781
3500808
3499383
3496951
3499943
3498890
3500047
3499881
3500073
3501786
3500925
3499916
3500067
3501735
3500996
3498524
3501352
3497762
3502591
3500120
3498157
3498391
3499295
3498544
3500778
3498452
3501856
3500745
3500262
3499588
3499427
3500259
3500741
3500837
3499438
3499350
3501460
3500089
3499886
3499117
3497857
3499707
3498042
3499845
3498640
3499528
3499933
3498992
3499452
3501860
3501084
3500223
3499520
3501003
3501910
3500688
3498749
3498818
3500932
3499044
3501090
3500303
3501749
3498937
3498982
3499721
3500136
3498755
3500108
3501919
3501676
3501350
3499945
3499856
3500096
3500871
3500443
3498650
3499906
3500520
3500803
3499741
3500966
3501674
3497197
3500749
3500130
3502231
3497427
3499702
3500555
3501333
3499595
3499271
3501647
3501205
3501624
3501237
3502168
3498708
3500207
3500413
3499625
3500053
3499616
3502339
3499215
3501979
3498202
3501867
3497845
3501689
3500210
3499938
3501211
3498459
3498805
3499423
3501233
3499313
3498517
3499210
3500943
3498688
3499760
3499333
3499385
3499879
3499571
3501776
3500744
3499459
3500942
3498625
3500907
3499767
3500770
3500343
3498660
3498920
3499947
3500629
3501002
3498964
3500448
3499660
3500960
3501868
3498746
3501575
3500500
3500034
3500062
3501717
3499489
3499769
3499617
3498983
3497487
3498917
3499623
3500468
3498108
3500152
3501501
3500720
3500780
3499627
3498931
3498922
3499174
3498843
3500316
3499615
3500211
3501109
3500041
3498866
3499889
3500125
3501970
3500915
3501705
3502202
3497631
3500450
3499010
3500621
3499890
3499119
3499367
3497950
3499931
3499534
3500457
3501274
3501214
3501185
3498474
3500075
3501442
3500928
3500632
3501539
3499265
3499433
3500585
3501137
3499236
3501199
3499591
3498811
3500761
3497904
3501424
3499240
3498505
3499570
3500422
3498951
3498509
3499087
3499899
3499417
3500159
3499158
3499876
3500560
3501421
3499667
3499956
3500906
3500499
3498115
3500641
3498318
3500026
3502267
3498873
3496305
3500243
3499548
3503154
3501426
3502270
3499316
3500244
3501325
3499535
3500004
3501518
3499435
3500488
3499357
3498205
3498194
3501357
3498686
3500802
3499120
3501389
3499772
3500287
3498384
3500440
3501312
3500606
3501092
3498168
3499142
3498732
3501957
3500352
3500010
3501272
3497944
3501642
3498927
3500164
3500066
3500513
3500072
3499517
3499036
3500202
3500638
3499904
3502209
3500077
3500145
3499179
3498962
3500840
3499046
3500883
3500466
3500114
3499470
3500756
3502061
3498774
3501454
3500182
3498164
3501034
3496925
3501189
3498430
3500917
3501065
3499372
3499235
3500975
3499632
3499091
3499477
3500664
3499114
3498131
3497847
3500934
3500429
3500334
3500705
3499646
3499184
3500989
3500419
3499133
3498374
3501324
3499582
3499730
3499022
3500575
3500604
3501485
3500527
3498849
3500020
3500833
3500057
3501513
3498593
3501197
3500552
3501535
3500699
3501886
3501905
3500477
3498548
3499071
3499954
3500427
3499647
3501398
3499622
3501728
3499254
3499162
3501984
3500009
3498963
3498094
3500841
3500970
3499287
3500412
3500408
3500365
3500230
3497740
3501536
3500110
3499031
3499157
3498328
3499460
3499659
3501145
3498664
3499060
3500672
3499562
3501294
3499484
3501772
3501130
3501657
3500953
3497665
3503011
3499052
3499531
3500538
3501148
3498799
3498949
3499110
3502360
3500507
3498558
3497977
3500241
3501916
3500503
3499640
3499873
3499341
3499737
3500493
3500279
3498703
3500524
3499988
3498743
3499001
3498582
3497756
3499785
3499597
3500194
3501176
3499823
3499406
3499382
3500991
3502068
3500763
3502653
3499754
3499070
3499825
3498542
3498773
3499188
3496672
3501924
3500622
3499247
3498609
3498006
3502307
3499865
3501488
3501173
3498324
3499408
3499644
3498777
3499280
3499966
3497493
3502329
3500103
3500116
3500919
3500963
3500420
3499569
3501208
3502972
3499028
3499160
3498059
3498045
3501638
3504038
3498327
3500308
3499728
3498994
3498862
3499789
3500771
3501040
3500151
3501172
3499450
3501758
3498810
3497996
3498876
3501683
3502016
3499508
3501088
3501783
3500364
3500374
3498838
3499322
3499466
3499559
3502577
3497166
3498538
3498691
3500887
3499628
3502195
3497954
3498791
3501202
3500254
3501918
3501209
3502044
3499251
3497983
3502241
3500608
3499088
3500292
3502284
3497952
3499565
3502253
3500401
3499349
3501613
3501000
3501906
3499744
3501736
3502852
3498159
3499545
3499936
3501498
3501232
3501703
3501543
3499388
3500695
3498218
3498571
3500587
3500982
3499809
3500850
3500129
3500162
3499918
3499173
3499248
3501129
3499218
3496998
3499554
3498891
3498530
3499601
3500514
3501863
3498648
3500023
3500197
3500631
3501255
3499299
3498950
3499863
3499314
3499419
3499674
3497657
3502010
3499498
3499939
3497990
3500617
3500832
3502117
3500328
3500131
3499849
3500076
3498506
3500815
3499818
3499729
3499650
3501913
3497572
3499392
3499566
3497730
3497865
3498421
3500548
3498550
3498955
3500431
3501415
3501738
3500336
3499891
3499264
3501701
3502041
3499182
3499960
3498312
3498753
3500154
3500011
3500842
3499675
3498120
3499178
3501277
3500472
3498345
3498342
3498154
3499192
3497797
3500755
3502797
3498600
3500425
3499187
3500580
3500885
3500475
3498592
3499199
3500253
3497788
3500494
3497917
3501022
3502780
3499219
3498757
3501504
3500005
3500904
3499999
3500167
3499377
3501993
3501982
3498896
3501978
3499125
3500458
3498881
3498912
3499296
3502887
3501361
3499951
3501321
3500828
3498778
3498616
3500831
3496958
3500372
3498128
3499877
3500843
3499928
3500795
3499026
3498537
3501256
3501036
3498826
3499689
3501487
3500188
3501636
3500839
3501650
3501622
3501224
3498217
3499040
3499487
3501303
3501448
3500200
3499311
3498742
3498661
3499501
3501898
3497767
3499250
3498905
3499550
3497131
3499172
3498574
3498874
3499351
3500830
3501588
3499948
3500315
3498487
3499543
3500158
3500962
3500403
3499111
3501652
3500355
3498780
3501691
3499344
3500449
3500434
3498002
3498427
3501554
3498187
3502142
3498151
3497653
3501623
3500135
3498726
3500058
3498965
3498752
3498692
3502166
3498503
3498397
3500430
3497450
3499464
3501428
3502463
3500491
3498761
3500717
3498349
3500980
3500987
3501520
3499723
3499196
3502206
3498978
3498683
3499269
3501316
3498221
3501902
3498967
3500367
3498534
3499888
3498633
3499273
3498254
3499226
3500156
3500080
3501210
3500572
3498000
3501780
3500385
3500199
3501718
3499124
3496320
3501596
3499345
3501971
3499722
3500889
3501793
3498768
3499949
3501126
3501266
3497201
3499346
3499798
3497578
3502109
3500758
3499658
3498169
3498710
3500886
3502292
3499514
3499563
3498103
3497926
3498470
3501125
3499736
3500395
3501943
3502799
3498412
3499974
3501663
3501268
3500060
3498183
3500269
3498991
3500700
3498829
3498033
3496683
3501930
3500265
3500489
3498300
3499272
3501364
3500937
3498577
3499846
3500663
3500929
3499758
3501413
3501127
3501281
3499519
3500964
3501517
3498911
3499440
3498307
3501830
3501131
3501764
3499821
3499820
3498435
3500329
3500702
3497294
3498148
3498948
3502437
3502321
3501815
3498597
3497898
3498475
3499669
3499359
3501920
3500255
3498733
3498993
3496712
3498323
3499414
3497840
3498065
3501149
3500646
3500985
3499259
3498959
3497997
3499439
3501547
3501942
3500684
3500307
3498914
3500231
3498919
3500948
3500586
3498828
3502200
3500239
3500582
3498547
3502655
3498279
3499840
3498528
3499151
3498105
3501091
3501304
3498214
3500505
3500517
3500165
3499558
3498587
3498497
3499492
3499137
3498738
3502595
3498040
3500314
3500333
3499523
3501439
3499903
3500571
3501116
3501168
3499777
3500836
3498182
3498678
3501188
3499495
3498806
3500978
3498076
3500439
3499263
3502069
3498531
3502497
3500462
3498052
3500559
3502331
3500649
3499827
3499431
3499430
3498855
3501486
3499799
3502078
3500694
3502791
3498339
3499699
3501096
3499690
3498716
3498314
3498756
3498439
3502795
3499317
3501646
3499140
3501147
3500021
3498463
3497912
3498405
3499059
3501320
3499502
3498416
3500674
3502472
3501810
3497725
3499589
3502450
3500299
3501418
3497969
3498074
3501653
3501572
3499074
3501053
3498158
3497982
3501579
3500712
3500345
3498589
3501669
3501253
3498916
3499455
3498225
3498576
3500995
3499016
3499698
3499037
3500615
3498701
3501200
3498465
3500599
3499950
3499364
3502050
3498728
3502383
3500416
3498383
3501219
3500043
3500894
3503100
3499649
3502114
3500257
3498559
3501351
3499128
3498372
3499507
3500909
3500912
3502952
3501318
3501725
3503525
3499380
3498473
3501138
3499413
3498968
3499326
3501713
3501792
3498795
3500562
3500087
3497951
3502054
3499062
3498872
3502677
3499883
3500706
3501006
3497963
3499049
3498771
3501630
3498136
3502167
3500285
3502025
3501679
3500752
3500133
3500454
3500280
3499221
3500115
3497689
3498269
3497465
3501204
3500121
3499397
3498954
3500486
3501046
3502344
3501932
3498794
3499337
3500093
3501763
3500492
3499761
3501017
3498895
3499854
3498853
3501420
3500764
3501143
3499964
3499121
3497512
3499814
3498368
3501562
3499474
3500460
3500789
3500920
3498672
3499434
3500074
3501073
3501160
3498564
3502526
3499027
3501675
3501468
3497216
3499319
3499855
3498316
3498772
3500168
3500006
3502108
3497928
3498663
3499147
3501261
3498138
3500935
3500792
3498769
3495973
3501317
3500687
3497333
3498884
3500038
3498636
3498694
3500718
3500400
3497390
3501922
3498639
3501802
3498689
3502389
3500570
3501139
3498515
3500709
3499061
3499733
3498819
3500540
3500875
3498647
3497773
3499402
3498124
3500697
3500971
3498952
3498476
3500357
3498297
3500397
3501115
3498946
3501094
3501714
3497120
3499605
3500844
3497824
3497690
3497508
3498063
3500065
3499564
3499639
3500692
3501637
3498179
3497972
3500214
3500209
3498514
3503787
3501159
3501447
3499790
3501363
3498453
3498409
3502079
3501403
3498837
3499409
3500325
3497566
3500716
3502143
3501665
3500051
3498359
3501566
3500890
3499776
3501697
3498265
3498789
3498642
3497801
3498651
3501587
3500696
3499912
3500037
3500091
3498280
3498320
3499105
3503072
3499631
3501784
3498319
3499900
3501225
3500481
3501765
3500855
3501057
3500731
3500389
3500251
3498527
3498508
3501051
3498425
3498364
3498361
3502474
3498941
3500196
3498670
3502428
3498652
3497364
3500544
3500918
3500762
3502400
3501032
3499847
3497324
3501263
3500377
3499505
3501677
3501835
3499657
3501745
3501408
3499122
3499869
3500126
3501037
3499747
3498174
3499072
3499378
3499425
3501012
3500730
3500721
3501132
3502260
3501161
3500354
3497617
3499067
3498520
3502516
3500098
3497751
3500944
3500105
3501062
3501430
3501759
3501419
3501816
3500101
3497380
3501095
3500399
3498468
3499403
3503324
3503123
3498938
3497961
3498444
3498702
3501553
3498298
3498258
3498879
3499796
3499292
3497008
3501068
3501400
3499461
3498204
3499078
3501600
3499362
3501117
3499053
3499407
3499081
3498029
3497082
3501283
3500405
3499942
3500366
3498293
3501163
3498825
3498679
3501710
3498882
3500849
3502337
3497991
3499003
3499068
3501858
3500790
3498553
3498988
3499075
3500246
3498379
3498674
3498140
3500799
3497786
3502410
3498301
3498067
3498149
3499206
3498028
3501603
3501731
3498271
3500746
3498712
3497962
3498767
3500212
3500508
3498945
3498695
3501785
3498687
3497452
3499610
3498981
3501516
3501618
3500596
3499976
3500740
3498868
3500597
3497719
3502048
3501839
3498560
3497871
3498411
3498116
3501684
3497956
3499343
3501069
3501399
3501113
3499394
3500983
3498677
3500708
3498847
3500814
3501390
3499135
3499630
3497721
3503309
3502157
3500277
3499500
3499643
3498401
3501348
3497806
3500327
3498111
3501840
3500302
3500994
3501966
3499216
3501592
3498659
3501789
3500683
3498996
3502141
3500529
3501337
3498802
3500117
3501853
3501541
3499577
3499927
3498198
3498386
3498599
3500521
3499065
3500628
3500029
3502076
3498977
3500750
3499323
3498484
3500566
3498953
3501409
3501340
3498507
3501463
3499310
3501019
3498928
3498357
3502099
3498925
3498813
3502219
3502957
3498223
3498656
3499673
3497714
3502756
3499801
3501648
3500444
3499815
3498681
3501616
3501458
3498622
3501848
3499691
3498934
3500052
3497268
3499327
3499132
3498073
3498248
3502752
3502501
3501511
3500734
3498783
3500290
3500421
3501446
3498291
3498714
3498347
3498440
3502316
3500892
3497876
3499506
3498462
3500036
3497716
3498611
3499011
3499352
3500767
3498739
3502325
3498539
3498932
3500938
3498382
3498601
3501889
3498815
3498350
3500670
3502026
3499851
3500390
3500577
3498883
3500461
3502447
3501912
3502310
3498053
3498851
3497160
3498863
3501567
3499759
3501121
3501798
3500433
3500821
3498482
3498070
3502960
3499973
3501251
3497942
3503008
3501373
3502860
3502408
3499732
3497612
3499136
3501056
3498498
3501608
3498748
3501377
3501412
3496713
3500589
3498854
3499047
3498908
3499861
3501532
3500123
3498044
3501368
3502140
3500769
3501349
3501097
3501975
3499727
3498385
3498808
3499749
3501813
3498984
