1701098
5374664
6051392
1682935
5923265
4942619
261546
6070182
6642972
1119996
4403910
5765296
3058667
2554134
2448591
4035274
1601574
4651954
2165459
4174205
3661822
3272037
475606
5003012
1776209
5918966
5241714
5028940
6627282
4773801
6692986
5206907
6696727
6106493
6268172
6737767
3802654
1008952
3372410
462218
5407377
482249
1645704
2548492
5192505
1760766
1900806
6456064
1547500
5757677
136012
371995
2915378
4390539
1178054
3900363
802939
4359901
474688
2535624
3880007
3247621
5894845
5348594
1581739
269964
1322768
5105719
4975609
211451
5279436
5304551
695822
847528
5589965
4738267
2866588
6978235
5201510
1663939
2300034
4664355
3325862
6096870
3706948
1021169
159025
6200025
3540493
305968
1310820
2438018
2678850
1913466
2360894
6605397
3262129
6669928
5561464
3281791
5200076
5998962
1087971
2857541
2161223
3995654
3609403
4149745
2949636
552030
1122732
472898
4445674
1342607
3926404
2873041
4031193
802318
234739
761185
6848156
5502142
1787931
1741701
5906582
3405964
4603821
4130659
4111328
899438
5030343
6160011
1752893
5525554
4903542
878197
1556252
5224446
1812764
6497523
6326609
3674344
4319514
5306255
6875015
714573
6818363
1600958
3028040
1453646
4040636
3523936
5061151
3981317
5450916
2899013
4494758
5472651
6471600
3806517
4388109
581138
6327618
6288334
189118
660050
3865176
5047601
3718845
6864293
65319
6791477
4264056
4722391
5670070
5946028
6933391
2327126
508513
1631962
3607483
45833
3093907
1667948
5654571
4775610
3340451
775223
5713145
2211593
1867193
1196836
5066267
3305939
4308913
5828352
2730343
4343151
6171311
5940797
455385
2897836
2194253
968204
2940096
3635980
75646
5309345
6829643
2895423
1287995
2156426
578802
2584813
5816359
858231
893202
4629912
2854677
1632109
5278711
1713382
4801699
4090101
1293372
2657256
2136712
4817127
6462193
408813
2574368
3498692
6995866
914308
6748920
5516538
3747470
2218159
4444988
5087259
5726568
4008729
4153879
3810672
6423129
4583441
2676754
1119112
774986
6540192
3759321
2590556
985357
5298110
1817111
6778694
6787119
5437923
4006383
1758305
5976287
3413728
6537551
982216
6994594
4401483
769099
3111399
3069380
337855
2088910
2350841
2736307
2356379
2708543
2448285
6731046
3686566
3945453
713073
2285985
793269
2079323
248230
1610339
6141056
5973623
4497051
2382180
3490112
1317828
5324966
738278
6138728
6876069
5894204
3896315
6936311
3350320
2043903
4366143
379312
152047
1833886
5297975
6377512
6536211
6945866
408741
5216659
5787219
1996226
6097752
589112
570639
5772935
6881516
5401796
2320193
3330375
1003532
1723820
2078534
4641813
5142537
464178
1306013
6718489
3775988
6276096
4688346
2936222
5598239
4614238
1404986
5456228
2979999
3518581
5100358
2476573
1421180
1266215
5201124
3119088
1758738
1899830
2369543
3788551
2161789
82101
6403259
515609
4657735
3448970
5829560
5025746
4690987
2916831
5289895
6543581
1654757
5835927
3885471
4613879
5265194
4089981
5036870
5392717
1828568
2153947
3177196
4128430
6053567
4307629
1997732
213437
3250420
2820509
5335847
5041131
5443652
4591795
6407522
6491448
6404468
3864912
4009261
3516401
127380
3153525
1957139
2979986
5071642
6830659
4250349
5535648
3979652
6020731
1289458
2309012
3871056
3820626
5948767
2318232
3215710
4401137
6112939
2011533
6657725
4670660
5333461
2935587
5372106
3962562
2306128
5735651
7349
2563748
3740699
2103463
2105274
2283072
567710
6090449
755191
5381793
41253
5493639
2496206
2677628
4172071
4617827
6315673
6502175
6639920
196359
262321
3129733
2809978
4796559
397546
4250005
4271202
696259
2889410
4903781
1742539
2943033
3979696
3572315
4074025
835677
4804509
4538522
4646867
3976455
4077578
3477181
5514243
820380
6413142
4606839
206179
4467270
5250916
481303
5480884
438128
4571371
909768
5009779
294051
2996583
3421775
3948427
1875811
2874287
1034489
4606518
3548709
1948870
4673172
3402222
4383047
1532662
5767273
2210605
1542247
1071027
4469919
3513008
559089
3366852
1945171
96974
3934008
6320259
4308304
1950098
5728348
1135860
4691663
3003861
2757499
4144355
3976881
2660830
4100683
2716957
4596671
4476778
461851
5929042
1773879
2456740
4713185
467987
2956912
4064798
4077305
1912856
2406408
5495029
1237999
6759451
4722686
5618363
1840898
3836293
6222835
5580746
2987102
2817839
154200
6415435
4481022
615996
1339462
1337942
5026096
444676
2602080
1731233
305366
71796
5547971
4505473
3492542
1388968
6155897
5122890
2161985
6175473
4324638
2643673
3831216
4214199
1509283
5727835
1886803
4237568
3093481
3480679
4379062
5166138
4545632
5641609
3261027
6607832
5659343
4211916
3720840
3065994
3533544
6308677
3412971
5916541
3117607
5020220
5747584
1812398
6973275
918467
3206015
4269714
5489800
4811264
844499
2690033
5152097
1626502
466859
3402786
3167799
4787781
1502572
6179841
3255678
4054247
5874705
257376
2882611
1795417
5128547
6543114
2996708
1925063
2334732
4099125
101925
2560949
4504436
3033407
1716978
4928727
613530
5081901
3960443
5724129
781520
5978876
5940298
238702
1591257
4956793
3328119
1075944
741285
1509318
1096432
189147
3718420
505871
2520630
6108496
1627038
6246788
6490497
2458864
2737353
5393711
684933
4409501
4160130
3252401
1256308
5843711
5859194
2010835
448672
4801272
4605949
1456896
6614180
612455
6157413
1935416
2839126
5462134
1248975
1186908
5853945
3343738
3200637
3830409
4549016
4873838
3611514
3466485
5650135
5599487
5971140
4322777
4307470
5677090
6135718
900717
2737775
1766218
5413353
2596802
378070
517332
3090851
1815777
1414487
3821596
1497653
5602994
4989231
6366795
4838558
5959224
4649659
136664
6487868
1658771
4582092
6580625
3006244
4412010
1091199
4959755
6274885
5899946
639781
1733223
5701282
2277541
3442519
6672999
494314
1135993
4606039
3656090
5472693
3635024
31159
6582547
5718329
5500057
2334644
6814513
4424664
3319702
1682917
2011498
530418
2869889
1334625
5584237
3737156
5697496
3340519
4863243
4036402
3910295
2919938
2526422
5291259
512845
6674615
6006859
3043804
665815
6503141
856300
3169913
4666763
3505128
633457
6286538
2721586
5510062
6164833
4653497
1661332
3550799
3791610
5046988
3025232
3023426
1303011
4078076
6758492
4098309
6824105
4264509
2423696
2348182
581662
5182465
2590573
3311939
1881213
5879109
3560473
3864105
2982242
4700031
5584045
2665317
2790011
460984
6256933
3395697
687818
685419
1325037
3920643
5228709
3317691
5469135
2227359
4400755
5281143
2347128
4711328
1851236
5815087
4864955
6940058
6854443
728767
3562870
4580497
5790502
1744961
435131
3138771
325427
4035303
2258287
3524873
5741262
2655352
1690460
6573924
3572877
3178891
982997
874396
4891059
5475605
1928503
2229988
3383586
5776035
4417505
1229119
5927583
2997824
634596
3013875
690168
2109190
5989742
3659630
4962651
4691915
3766481
929074
2756089
4391828
4577592
5973935
2650792
4299876
2744062
4950721
2765670
3749469
224437
3312209
1842141
5611102
831204
3987172
5795496
2504250
294990
1736419
5633813
2073835
4149937
6236205
4674057
4952568
3145678
557744
5354019
5139789
3097154
1123820
3927964
3670880
568329
2909114
5871934
3734126
3987173
6539631
5609449
4582305
4275755
4956504
4701517
71737
976254
4902892
2955400
1538834
5010574
5309004
5048212
126892
3721615
1560292
3998142
3367657
6421130
3826396
1460767
1041366
4983337
1575681
388526
1146860
1092746
6553445
3032830
4267438
4385231
6408208
990186
3544789
6131810
6997760
5902876
1960762
2569006
1662188
6428164
6556674
475596
3998061
4995320
6433078
6533146
3457882
3342322
622827
1671920
6920396
2097336
4656647
5690205
6284536
1669871
5487517
2112524
2943266
4330204
892306
3746879
903167
5312363
5901955
6159694
760963
5159545
117818
4792047
2085060
4589477
5126401
6394541
6931058
4223708
5698232
868214
1884376
5320160
5939500
5958166
965701
37211
571922
5834701
439230
326727
2542518
4576391
332451
173170
3418674
5416941
2512376
5068623
188369
6873208
514580
2555475
756292
2124531
523968
5041426
1383422
6128305
2342940
6424639
972440
6467509
702059
6910480
4979618
182960
5473694
1119869
3840225
2619421
6662296
4369853
251074
838738
6647059
1613747
1423359
6117993
790850
4890288
1432615
1152285
776251
3225591
4945886
5166991
6255880
195133
2913593
5419132
3780934
2206630
2828853
2869373
1959628
1879909
3810335
445332
2590765
4863117
4448891
2733568
3236707
4273967
209523
4900189
5243783
6074297
3169176
1941563
3673753
6815740
2733779
4799061
642465
3481274
2993731
2418063
2161105
1089384
5364708
1456968
6118894
4262039
4157579
1714966
3769492
3881325
286831
6065086
6053712
455116
6334312
6965978
1194722
1283697
2068350
3059126
4597085
1670875
2566426
4707430
3151004
596053
6712816
2880040
5239067
3483321
3644601
102564
5064650
4222615
2976584
3451165
986297
2056996
3938600
5328533
6757519
5492442
2561304
97470
1287532
2899009
5425639
3524872
6323199
3098444
5402817
3373303
3475956
1752116
3814044
1954513
589440
5686999
6137650
2798319
1449966
1143142
4750548
1531669
1718414
2313626
5303447
2542689
4108456
2088867
1044254
66767
3834568
5309539
537747
1993943
5228921
6214212
3649674
3980571
4575260
2032137
6832926
6351601
5325159
1376624
4123870
778814
2815515
1392833
2055029
5223203
6741639
6656189
1727913
6083455
3360513
121682
2213651
5533550
6388720
1554795
582137
4946892
429878
768231
1070711
5752825
6790774
1280067
1095768
6060901
910756
636339
5220067
2474268
6249012
5117920
3548939
2437076
6434070
2201192
4814469
3376838
4029309
2044101
6861730
3182567
3540438
2483951
119510
2554073
5607363
1935158
5975845
6146126
5702196
5108412
3610021
1629047
4608776
4948630
4161590
875382
3710367
2116458
1361935
6509879
1264523
6902959
1333213
2696925
2068764
2607028
4376676
1286350
5600628
5873888
2847941
424801
2252840
2791571
2224334
2441978
207511
1279009
6290763
1434743
4317045
6364422
3260388
2623553
613551
6476248
4527438
2815866
322004
3272868
688247
6535411
2259332
870730
6668859
6014722
4544726
356508
1760695
3554865
6956095
6586532
2021747
6732344
1703870
3032803
1365674
3322071
6341272
4638562
2161062
2992053
4352250
1792105
5213081
4091996
1993092
2648981
3000554
1448834
1975690
462696
1767861
5988036
4495316
6905963
1644691
6842981
3794027
1992822
2461
3125688
646569
1681271
698034
1424004
6778536
2662057
316773
4096394
6997434
1436534
4809693
3376150
2267119
4184443
4339261
5531261
339742
899484
396876
2350893
5346435
3216130
2119659
1204363
4188350
6825809
3819998
4690383
6098513
3968204
1336527
1160146
5237222
4313340
1319568
1653682
3400615
3814131
1445601
4767848
2026090
5213638
2866473
2290152
4886597
3263908
1569163
3438935
2823377
5605183
4748906
6479839
6299334
5924178
2878526
5934621
3841156
4296761
2346914
6535863
5602443
1693267
3479900
1693850
1007689
5247587
5543357
6142012
3328939
3028200
1554379
2720275
2257506
4643567
196420
2027109
6761493
4260269
4889943
2781422
4567520
998146
1683002
4964915
5721824
4485625
5026098
1236905
2745214
5397092
4843721
2402029
1581307
3543716
4467244
338643
6446901
301746
245783
5041432
5177273
5105160
6656426
4567251
5135397
4938569
4566811
6199415
991091
4591635
2698250
6088491
1350859
3542272
6622017
3486876
3673149
6484077
1274039
876041
4664800
1107928
825975
6382820
5889688
6704068
5945172
4026750
4072726
6716238
5445611
3684093
4106623
2629437
6359003
1734717
2093310
993644
972018
6971762
35573
181475
2442148
67182
3995686
6924620
6167058
3387110
1942810
4902742
6952788
6389817
2833030
636332
546718
3473736
4553394
2117356
5964286
3220794
1558940
3392973
5394701
4402776
2396730
361664
6833268
5002485
4233618
5300849
5760289
3696202
4357166
4349154
1474948
2779369
3867028
1263554
6074788
5093532
4623160
2398586
3722818
3200862
1001144
1442431
4986539
2137127
1796697
5327393
3432977
4154621
4680731
1485665
2632153
2358818
1059996
3420212
5683698
545274
1310373
4377883
4875544
1634262
5682718
964036
691625
3824659
3745
426487
4764823
1433514
1758429
3810171
3081379
843450
329789
776635
6291063
6715263
2645056
6824747
473126
764580
819381
5020072
4910748
884291
666256
2570822
6860618
2893277
6282223
1679301
5212825
160508
1681683
3277549
2820221
2414515
2690300
6916203
4780189
5328451
3238673
2992259
4561701
4261952
671071
2467
610646
5391026
1411976
1671559
362212
1347271
2491567
5905008
2106416
6524447
4409690
1638338
3414113
3524302
6955072
2312381
6575485
1773608
2159437
1896107
2087270
2768762
1731786
3762472
3520160
996075
3284771
6756307
1931219
101688
871109
999862
4051515
3481709
3988348
4779178
5438494
1248604
3414219
3935607
4464418
5662682
5611214
3432842
6420666
5573929
1017712
5542713
3294005
854192
6297051
2911043
3551201
344613
5989652
3283459
4128574
2384588
2335845
3613227
1516190
3955000
3699487
2109046
6936807
6317967
1925091
5085741
2225796
5377616
6333255
1174992
1575779
1197744
5677458
3887580
615134
1464548
6677840
6025889
4076476
3688443
992666
3694812
5685201
697465
1566280
3949010
3148436
4731138
2494083
1543779
5632839
1106420
5166868
6574656
1135049
534774
4035165
4787959
1698273
3710276
1888562
3278377
6473732
1104593
6264616
1644400
2266213
17759
3970013
1398118
5887771
1818792
6470480
3712268
6401549
777161
1846898
5938334
6762077
860699
4353476
5459890
5631337
4173772
605502
4794478
4369563
1155387
2882048
2279264
6600387
1722377
3676687
494880
4301083
4239443
392436
6405663
4464813
5663707
1118400
3811439
174659
138661
2770568
6745946
6075109
1892415
3821206
122066
1038483
6287494
1597408
3150841
5285948
5820232
2344836
2077560
6724181
3092597
5091043
3073593
3652107
6742458
4515798
503166
880841
64732
4818969
53289
392213
1218055
3948483
3629774
1208556
638553
957486
4903175
4442224
4368427
4562829
2494202
1472223
4953779
1832121
6071792
2554095
4039678
5614608
4138286
5282625
5550483
1994293
3002441
2003376
463303
3716679
4777585
1452600
2143332
5943100
4463706
2954182
292995
1688810
6113675
6553382
1162021
539737
4243936
2601669
3963498
1684134
6542357
1219020
5907771
5503
6861200
6379142
3482817
589030
5103313
5634898
5203342
203355
5207916
5863238
2250611
6017442
5871706
5998361
2987401
182926
5149297
819060
1453376
6034942
133927
3544713
2248497
1451775
3266519
6360122
4707333
3231349
4766570
4979202
5022397
1795752
2229220
4928926
1488495
6697807
1944291
3375830
2779258
1876530
849023
3893658
2782392
4256786
5458960
3148896
6570947
1014363
5305454
1311780
1318098
1905394
1756490
186281
780569
2185699
4930083
6005547
4471842
2336883
420847
3184667
797298
1349438
6885954
5277614
5478244
6287492
6489217
5926900
739352
335796
3773556
1399603
6990992
2557696
4117773
5987705
284987
4454433
1916142
5579945
3747875
3034307
1403355
4096558
5025328
168407
1192949
5715532
100704
1039435
1048128
4753295
4357342
4415564
5143213
1404254
920590
1693217
4612948
202928
6442517
3412307
6179070
3779574
1541885
1608258
2538457
4750277
5534877
1344836
5444800
6953744
1685563
5987758
4323822
1539918
5262478
413314
105853
680165
3452233
5829583
4413966
1334305
2079907
6210723
5202700
1226468
6388415
5450744
624525
760490
4705371
1592151
6255073
3505167
6110130
4679355
4439759
867430
4413061
861862
1011428
3790949
783257
3271109
4943867
6586153
503350
3968282
3396763
4182582
797420
1284469
6611797
4191944
1750175
4623518
2709626
919083
4975108
594032
6679418
598721
6580723
4898327
1408332
6988846
85129
2893289
916467
5835649
6501573
2633521
3529202
1739927
1010950
875267
5015306
6010759
745553
3414676
4251609
3202308
3154762
3912910
1223670
616712
2994578
5321587
1069213
4295325
36841
4601638
5727470
5820582
2520155
6568986
508594
3153832
6892935
1630200
2948338
3392945
3435548
4778551
6150965
4842733
6111278
3746518
543117
3214744
2356884
6813603
775432
1917849
3818468
1439933
282988
4938143
5412488
2060359
2909017
1519873
4821535
5132480
3385468
3135715
3703044
1570927
277394
3717065
5717702
3961595
6447503
4843474
3462784
5702223
6939361
6653444
3910776
1716660
2706244
6538478
2645435
6345577
3112599
882357
1931698
6077835
758320
266574
6910491
1292169
2267471
6887095
1503876
3044915
869897
5388202
2904055
5468918
5897815
791531
3048401
1421325
803368
2491399
2747314
5107521
6640055
1186890
342823
1399345
1326576
6324255
4681941
5838873
6918741
891905
1363977
3530789
4282446
5392082
5624080
5383205
308259
6114522
198602
1514163
4356847
5308831
720835
4082608
3845173
4328243
3589143
2927941
1361420
5909732
499359
3496513
2276219
6898160
6879090
5251606
6861637
685500
1416816
939351
217732
1969761
6198479
4958251
1737472
1354716
3611405
5094110
2871521
5559143
5836239
5450338
1460094
5428955
6344584
825803
2243694
1539185
33618
3729978
730514
3765780
3066237
2398987
574546
1620516
4415691
2988751
6811932
5917257
4829170
6845195
4024103
5760512
1094370
939140
2395708
805524
515558
962448
5901829
5724621
5789062
4038341
866385
2127579
5918287
1578543
700505
4671876
5112067
6215648
2664609
1872353
1471480
5302698
4072106
3528120
3856651
6157872
4690000
2717235
3030480
6436634
328062
1662595
5006351
3052825
1256877
5762989
143516
3508572
5689673
4429454
1072083
5881480
2571079
3617480
2645249
1877439
3281797
2927367
2685436
4247207
3007620
3975747
3839972
4110063
1708894
2756574
518133
5904858
1720641
5054240
5738686
5006551
6930916
1157093
3300380
5541651
3884539
1041839
6134551
333885
724556
6590784
5476104
797870
5114330
3043199
415868
4917950
5242763
4818808
3228448
2040805
2603013
4210693
4396497
5282315
2368374
2115389
5009506
6128938
6900031
434355
913052
6799688
1620543
4171641
2139191
5845400
6403889
140195
1803340
6193019
5490152
6912372
5052384
3322667
5137766
4712481
4442361
3133985
956264
6563356
6779262
4072138
3231020
154357
4062806
6702199
5843269
5657233
3191563
2963238
742971
2158054
4644656
362014
4494846
2665423
4158964
4288377
3265979
2272947
5334846
6150393
3086938
4489035
1064058
6414522
3862008
5350169
4324778
1829876
1575821
5786107
440091
5404924
5736430
4240791
1625468
777993
5182880
5884195
563404
5968249
522180
5550817
6494304
4212229
4979146
794787
2439244
1669075
4117602
4726630
6427801
6446406
5617546
4904820
3372928
3706017
4683916
983293
2457540
2678434
3618267
3625186
3570791
3895729
1381331
300260
3333752
3859786
6351087
3876459
5868263
4307676
1802916
878754
3060360
5980490
4488508
5922213
2580539
5053744
2520077
2310159
2265568
960465
5206770
16323
1603966
5486680
6586716
4222439
2333910
1084516
6257788
3900486
2230271
5089862
2514231
5901274
155366
3488670
5614796
4085673
2787152
5405164
2419477
1182402
2178336
6382466
6392380
2993663
128313
315255
1598932
2513124
5912275
5747267
486856
221856
5574765
565386
67557
5890913
2671441
794471
6991570
269827
5532725
5978748
6025345
5827340
543666
1742836
3934503
4336846
6227228
6338060
3609485
4547358
5451637
6425838
1817949
1444282
5420702
5940905
5625146
4886578
2664788
2951952
1836172
5306563
4041
1318388
4749683
2062893
5758920
6132959
6400530
56111
6443403
4311681
4019369
243305
1808301
6576396
2851837
813661
5608130
2902797
6970178
5254529
4868994
567363
2570552
701276
5347722
4319883
3442193
4389499
6136865
3310597
2725399
5160035
3251567
3352323
804805
4637793
2518511
2531365
4679048
6610946
6569537
1548112
2868951
4434139
6477713
2181276
1666412
1319090
2242050
836618
2321453
4097852
1662571
1710849
6442680
2186737
6645625
1301255
4035296
3410191
55247
4253203
2491865
5330906
6897971
1225256
6605505
6137087
1589632
6159262
5800390
4672082
2839316
4110910
2452051
5556485
4958106
2333852
6333331
2152045
697617
3686201
1478243
710197
5933278
4928415
2707039
5325225
5719917
6562283
3623484
140176
2241377
6487998
1696741
3665296
2434240
2197574
3095452
3209412
6445643
2107169
3448024
1001625
4301764
345568
5942448
3211961
5319384
3514854
2880215
1576853
2408841
4046092
863559
1196440
4994524
754310
6946775
5163792
932904
6322355
1129364
653599
731327
6084468
1990959
3197137
3412872
2332599
6348744
2212562
5320343
5659353
4258025
677628
6280738
550719
4151987
5470382
4418710
2866268
1532022
6260329
3105576
105710
4387768
857202
3095912
2810818
5756377
1312904
6802549
5053214
3399561
3140558
484510
5127363
2893939
3978974
6432029
4425100
2765539
1292560
3539601
4138580
5781012
6247465
1166113
3681846
2841619
2691869
6325471
780278
839061
909531
671366
4849314
6236441
4497535
5552793
5161250
6382357
2930291
6932423
2974784
1083268
1280695
467220
4827159
1074755
4156702
1308202
3159294
3933524
980153
760251
5256909
5719329
2436016
5938543
344830
3491199
6388591
1971201
6609918
2990773
3635445
5164231
4535839
1092485
2916577
1322133
1349094
4836839
6583496
6109389
4068168
4087205
354956
2435604
808703
2753615
5486668
327231
4823529
6724440
6502115
3063683
3521779
6547468
3600490
6717119
3124559
1256485
9970
3559460
4742728
1300719
206274
5710523
5322841
2689783
6782137
3989378
4643041
1158549
5001283
5966996
4185282
2223119
3102794
5538751
3053657
2739805
3634957
3030468
5725106
3959945
6733394
4773687
6155649
5911249
1694043
6516280
3567525
1972556
4960889
5664567
6680352
5571126
6974783
6860301
1482054
3498193
2261692
3471423
254307
4224680
511163
5308417
4210028
304331
4394898
867126
4758849
1231680
6636419
5651367
3241411
3923157
4060431
3165071
2305814
6612501
5551928
73231
15373
6420229
6636225
2070266
1024217
4962795
4437977
1097581
2278147
4885000
4131005
6885001
1793799
2207549
1463319
2697247
2680797
281234
2992973
4964938
106065
146201
1213413
3652830
3898047
5501846
5244142
4105397
66530
2102527
3529812
5240574
6136018
5291616
4254820
2058648
6205081
2684615
5248761
1064372
5173850
582382
1320302
1790604
629387
1378340
5199689
2687324
3445900
6666032
4785062
5046405
5064464
1512902
5132963
5224632
4283893
3864997
1278472
5218827
3605043
3115475
1542223
4364360
802811
4911423
3251763
1914226
5714536
6070830
865638
1064944
2134182
3066385
467039
6604320
4673861
1445536
5910724
1240674
3435327
1767260
6596939
3175446
2605239
2298110
4311941
4500317
3021422
6102920
1841354
2585843
6612786
5938074
4383955
3628223
5749113
303913
1742710
6070401
5263695
748112
2025537
5403042
2576980
6211316
6119026
3947650
4607849
2786451
5049370
4019286
4511251
1604705
439032
4301544
321578
6833374
2826527
6577354
4480235
6865040
4077399
6840778
6838864
3349220
2989029
4927673
1373136
4061595
530611
3804855
4262634
5081806
5855825
6346750
4153234
3902122
4980045
3700112
5411170
1971853
365918
4746760
5649342
3534416
6027960
995986
2458150
4632570
4008082
924581
952694
1308330
5686557
47702
6878009
1261783
856362
2026440
6827234
6084423
690068
5606467
2207538
6419108
6187609
2760743
6916324
3720553
5290686
3073494
4806656
1151755
5530304
2625912
558666
1806454
4862574
6605286
385287
463656
5084689
143378
4975783
1485430
1497160
6867691
3857826
4244035
173979
613232
3123036
4028431
6300609
5106167
6373855
6071302
3715149
5781663
2562764
2868988
5067295
1319794
4683003
5327267
5596088
2721812
4475366
2151979
5808286
102445
5029456
6813275
3462701
907345
4201582
1015705
2322672
6741647
2790656
1902877
3397718
5336692
1511722
1732578
3163854
4490723
3664988
2798482
4359138
5586835
550718
614869
4224000
3636504
5548608
2217576
1578213
5160389
2479053
6862110
346243
5552887
4926736
499624
1643715
3900677
317719
3569590
2080688
345302
4089786
6521210
2096001
2221366
1686192
2914745
1535089
5087606
694174
6968575
1081703
2149890
379754
1026690
4734794
5083674
4734790
5356006
996825
2849688
754362
3639816
5741650
5508696
1474400
2977980
2855403
705551
6976413
6321815
6570105
5990627
5228610
3679827
3921296
3717974
3235375
5041937
4245714
3877765
3350165
5316508
1657693
5117489
1894814
1223715
115839
6907627
1398920
3496612
3684831
3736894
6088653
6387364
5325430
205409
4619942
1232150
851441
713908
5293437
1180644
3364926
559748
2613110
5261597
4029480
2787682
897107
2134139
1115929
4545032
2077779
1960899
6403507
3417697
1028941
1471349
570262
1847999
126564
6637260
6945038
4209642
1514446
659309
1763517
6821709
2708336
3117557
5303755
6572895
1261076
155163
6079457
2923903
803314
3021055
1987840
874495
845063
1290852
3952005
6745697
1613089
1311498
11726
5114432
1940152
32200
6448938
6184526
1805881
4806207
3480704
5088603
2973198
290073
5130627
6124349
1831736
3414262
2879057
3743692
6622367
5324544
4000653
3506648
3025810
6267309
280003
52101
244944
1207110
1211447
2399753
2068317
1603535
1220075
5078763
2290013
3532320
5177423
6024167
3610650
2118641
4567860
5426342
3244410
6153236
5462857
6847616
2870906
3810432
1991655
2826479
1345342
2437837
340046
372916
6853594
1848254
5566531
1753122
1916620
5394863
2795977
6205537
4874946
187939
4103262
6462965
1514558
4267563
902531
5833007
4150693
4147938
4150654
2539274
6485758
4260809
3744885
5858772
5793564
6654549
1729982
5942688
1028437
726078
1304006
3712171
5426088
6747349
6029484
1464384
3857806
4773236
496701
3802411
2715140
6474573
1787643
2517316
1011996
100783
1520347
2064692
5705012
2284695
2344156
2665164
4953859
6348609
5936782
5088371
3119286
1933956
3258524
6426628
3083343
6670004
5469543
2824787
684877
6575207
3124372
560535
5090036
6426971
6117961
2742053
2006378
264324
6495151
2791870
4614933
2395612
6218618
5320285
6214322
3067076
6798500
4480143
4481483
6709310
4959270
1744066
2741743
5696135
2363751
1834020
1247016
775066
3960630
4736722
2771418
6533528
4158947
5971446
3869969
4055619
1491720
6004709
2518867
4065897
4646417
2855807
4919320
6642650
4574103
50559
4199147
4431166
6588700
5878252
5412466
4024906
3991471
2863970
5361877
1853948
6296898
1120276
5053745
686254
791349
461953
6697559
4099608
4947651
1627797
5261403
56614
3661002
3644797
3114943
3405551
5305909
1588625
4296602
3253133
735341
5722697
6702888
1513931
40532
4471274
4875691
1896250
2340302
3453622
6694000
2541868
2060778
3976156
3835997
5294780
4545910
3229408
972536
4613133
1696908
5227080
2403082
6001037
6855630
5671948
3453528
6108888
551101
5891205
2523739
4808780
2369003
5717809
5703775
4671967
6287197
5367402
5601986
3947874
5554280
3283089
6666275
3564100
5270029
5638019
1863479
5530431
6966422
494438
3019378
1987664
1416360
4505857
2050622
2890428
3117404
1751015
6512505
5590916
3261642
3287935
5644474
4657296
6605562
5289235
276892
1381846
2769345
6282596
5423693
2071036
3928220
1975138
6892333
3361925
4792207
191277
2002993
1807371
5181183
5606053
3826750
1027846
3332018
3691760
4549566
4365281
942611
6497465
3169784
6850148
5072844
6662900
3692066
4734157
1800910
1675806
1987013
4811110
3727147
6208021
700692
2897531
3506932
5960698
3980353
6551326
3527987
2716466
2826926
310761
4740481
4446493
1571335
4770152
4222553
1890245
1196376
6423807
4559681
4597808
6789945
1459013
5693317
2668952
3249953
4424370
6030717
6381798
2110338
529232
2371613
3270359
6800232
5223335
6528225
4911302
6183262
4812623
4765118
4559903
1407637
1211871
4249408
1147321
1261357
4509181
5441334
4641707
3504608
1368365
6767409
320068
6732453
369607
6682372
64214
1222203
6259119
2189206
6748492
3669713
3533472
5102538
1258287
4890290
1821547
2957699
2704530
3776056
5310287
3861580
3564028
5674736
3049492
3189010
4133296
3898651
3314759
5386676
6439102
4246871
3223831
1507505
2170114
5749046
1517301
1682270
2288213
778922
6948300
6277065
5215976
3164727
4002621
2731353
5931136
6215482
1237957
602149
1912766
5555403
4232235
369192
3774686
1983197
2071165
752310
4699289
1521741
435225
4938138
4720640
5454028
4607391
4651124
2455959
4404671
4953585
4224794
4784820
993008
1599056
509245
165561
2564555
2471176
6118092
4280636
2940202
6592069
5048465
425252
3950588
6911578
890677
726264
3090610
4462851
5341566
1610009
1409739
4534984
3758457
6386234
517731
4669969
4781242
5065278
62494
6209754
3341391
5984847
3968269
5916270
4347209
5082749
5226174
821984
2940896
1265198
6930189
5004263
4438971
2403299
4164881
3103149
1794095
1795891
5127018
6193766
6729980
2217677
2020936
842499
5355718
3049260
1168735
3840219
1668201
76809
593003
2321489
6045535
576264
5548569
5226284
3164504
6502931
5282181
3548669
327414
1144236
3960838
5164479
2564441
1080781
2440797
6255489
