6502241
6498920
6500392
6500044
6498392
6500554
6499625
6500595
6499421
6499882
6499463
6500314
6497746
6499163
6499660
6499657
6500316
6501704
6500898
6501262
6500289
6499815
6499765
6501748
6500418
6501240
6499605
6499353
6499204
6500954
6499075
6501345
6499593
6499492
6500612
6500197
6502042
6501575
6499408
6499916
6498968
6500938
6501794
6500055
6497680
6500501
6500148
6501664
6501772
6498376
6498737
6500063
6500585
6498245
6499357
6499399
6499861
6499699
6500584
6499198
6499145
6500321
6501864
6500675
6499346
6499321
6500139
6499234
6500214
6500110
6500255
6502809
6499195
6499737
6500816
6500698
6500249
6499342
6501084
6500437
6500479
6499169
6499253
6501046
6499607
6500185
6500609
6499528
6499684
6499534
6499500
6500556
6499756
6501032
6499659
6501216
6499661
6499274
6499918
6499083
6499968
6497963
6499068
6499970
6499547
6499310
6500165
6499598
6501145
6496697
6499669
6500020
6500848
6500653
6500340
6498187
6499948
6497936
6499275
6499897
6499141
6501088
6500489
6501750
6501196
6500777
6499874
6500920
6499572
6501866
6497678
6499921
6501405
6500238
6500692
6498560
6500460
6501159
6498444
6500262
6500154
6500138
6500328
6499590
6500764
6500598
6499360
6499843
6500373
6501268
6500568
6499437
6500876
6498434
6502246
6499769
6498814
6501636
6502507
6501519
6500684
6501307
6499288
6502035
6501487
6499105
6500184
6501275
6499168
6501020
6501267
6499505
6500015
6499578
6499078
6497978
6498308
6499320
6500082
6501693
6499873
6500198
6500806
6499768
6500471
6499631
6501457
6498761
6499795
6500952
6499352
6500116
6499052
6501788
6500472
6500505
6498778
6497760
6497751
6500504
6500444
6500533
6500673
6499443
6500754
6501039
6502454
6502216
6500562
6499303
6499427
6500520
6498723
6500132
6501067
6500576
6500237
6500272
6499425
6499991
6499375
6499842
6500265
6500268
6499797
6500256
6499535
6502062
6498440
6499014
6499319
6499641
6499865
6500426
6500108
6501683
6499239
6499533
6498521
6500218
6500008
6498636
6499775
6499455
6499191
6498914
6500957
6499480
6500077
6499978
6498873
6501050
6500051
6499012
6500946
6500183
6499751
6499434
6499420
6500117
6500679
6499704
6500211
6500681
6499097
6499060
6500131
6500768
6498786
6497741
6500130
6500620
6500173
6499322
6498813
6499522
6498545
6500680
6500034
6501167
6501555
6500502
6501331
6499452
6499712
6500351
6500213
6501613
6500557
6501021
6501146
6500909
6498247
6502027
6498577
6498648
6501106
6500654
6498971
6499670
6498590
6497916
6500755
6500939
6499002
6500599
6499185
6500096
6501584
6500126
6500537
6498907
6500391
6500368
6500541
6500966
6499150
6499564
6500393
6499595
6499159
6499793
6499511
6500973
6499061
6500508
6499771
6500914
6499411
6500079
6499055
6499039
6499919
6499024
6500085
6500066
6498874
6501926
6500466
6499859
6498451
6498436
6498441
6501470
6500798
6499725
6498285
6499937
6500648
6498983
6500978
6499803
6500050
6500434
6500105
6500251
6500580
6497897
6499184
6499706
6501117
6501014
6500873
6499172
6500676
6501070
6500423
6501161
6500012
6502268
6500342
6499763
6499444
6500232
6500367
6498994
6502195
6500622
6500144
6499852
6501375
6498821
6500980
6500025
6498423
6501356
6502667
6500309
6500376
6499734
6499697
6500988
6500631
6499757
6501644
6499324
6499959
6501017
6500019
6497960
6500776
6501344
6499557
6500246
6500090
6500136
6499705
6499036
6501379
6499316
6499504
6501305
6498855
6500443
6499049
6500250
6500563
6499587
6500095
6498259
6500257
6500531
6498158
6501428
6500454
6500027
6499782
6499512
6499977
6501114
6502374
6500325
6501204
6500424
6499813
6498889
6501200
6498255
6498302
6499334
6498934
6498919
6498041
6498197
6499800
6503005
6500519
6499936
6500642
6499295
6499336
6499857
6498575
6499502
6501488
6500835
6500548
6496991
6499348
6500331
6500529
6498927
6499568
6500377
6498603
6497909
6501768
6500254
6500934
6497954
6500421
6500038
6497955
6501770
6500728
6498023
6499114
6499555
6496759
6501391
6500094
6500713
6498288
6499683
6500040
6499477
6500266
6498513
6499953
6498714
6499468
6499447
6498007
6499205
6498956
6499755
6499464
6500076
6500475
6499393
6502260
6502113
6499819
6501095
6499778
6498580
6500838
6501706
6500605
6501030
6501661
6500191
6499949
6499025
6499008
6501382
6501424
6499542
6501566
6499462
6499789
6501238
6498136
6500061
6499188
6497779
6499228
6500168
6499484
6499381
6499881
6499486
6502304
6501225
6500455
6499440
6499929
6499695
6498232
6500177
6498353
6499178
6500457
6500431
6499478
6499746
6498501
6499730
6497845
6502112
6501982
6500608
6500327
6499682
6500273
6499255
6498498
6499990
6500341
6501051
6500343
6499329
6500762
6500239
6498940
6500708
6500352
6498691
6500815
6499069
6500886
6500084
6500487
6498745
6499231
6502662
6499655
6500687
6501426
6500337
6500303
6499907
6499933
6499858
6500049
6500733
6498606
6501673
6498088
6499779
6498870
6499174
6498673
6499524
6498077
6502231
6499057
6501432
6500748
6499920
6499776
6499501
6499045
6498516
6499344
6499151
6500384
6501550
6501580
6499579
6501627
6501431
6498270
6499701
6497989
6499065
6499901
6500979
6500696
6500083
6499121
6500644
6498595
6500381
6500928
6498827
6501237
6498863
6499816
6501623
6501972
6500208
6500836
6501549
6499106
6501634
6499693
6499824
6499894
6500843
6500636
6499409
6499597
6499692
6501994
6499687
6500229
6500590
6499087
6500127
6500759
6500567
6501719
6497513
6500436
6500260
6501288
6500528
6500194
6499923
6500462
6499454
6499402
6499944
6499000
6499496
6500751
6499314
6500669
6500551
6501472
6498694
6499993
6500088
6500948
6499020
6499743
6499956
6500123
6498847
6499868
6499996
6500145
6500667
6501160
6500783
6499283
6501434
6501007
6500543
6499644
6501144
6498791
6499814
6500774
6501740
6499474
6499337
6501829
6499076
6498414
6500409
6500560
6499304
6499627
6498057
6500459
6499171
6500766
6502274
6500935
6499823
6498944
6498265
6499574
6501260
6499147
6500526
6498738
6499279
6499700
6499450
6501913
6499615
6497831
6498869
6499270
6498726
6501669
6499821
6499584
6500233
6500602
6499898
6498402
6502711
6500749
6499908
6499054
6499373
6502121
6500646
6501206
6500744
6500747
6500701
6499955
6500566
6499152
6500491
6502066
6499885
6498663
6501482
6500118
6502417
6500769
6500493
6497754
6501529
6499241
6500521
6500820
6496972
6501220
6499713
6500167
6502734
6500210
6498400
6499965
6500270
6499812
6500304
6498790
6500621
6499629
6502908
6498890
6499294
6500002
6500277
6499340
6501818
6498503
6500261
6497114
6498428
6500565
6500396
6499880
6498629
6499617
6499446
6499872
6499289
6499589
6500101
6500408
6499291
6500345
6498351
6498950
6498674
6501157
6499560
6500305
6500427
6497775
6501236
6497594
6500655
6498091
6497868
6500026
6501516
6499890
6500955
6499805
6500017
6502388
6500530
6499369
6499368
6499941
6498878
6500916
6500650
6500813
6500910
6498902
6500318
6499856
6501218
6499240
6498747
6499969
6498715
6500107
6499058
6498996
6501248
6499526
6499383
6501597
6502261
6499345
6500510
6500395
6498807
6501261
6499200
6499640
6499844
6499675
6499567
6498038
6499680
6499722
6497991
6501429
6500453
6500929
6498690
6498231
6500313
6499883
6499249
6501087
6499630
6500156
6498779
6498656
6500803
6500688
6499740
6500151
6499781
6502405
6498138
6500121
6500657
6501441
6499517
6501617
6500403
6499562
6499216
6501126
6499273
6498913
6500573
6500945
6501628
6502073
6499072
6500500
6500150
6501479
6500558
6498982
6500206
6498912
6498647
6500056
6499943
6497742
6500300
6497786
6498268
6499107
6498608
6500133
6500515
6500411
6499639
6499544
6497800
6500269
6499609
6500481
6501231
6500637
6500102
6500840
6500583
6499229
6499237
6500221
6500425
6499116
6499113
6500613
6499196
6499006
6499067
6501417
6500771
6499244
6500358
6498639
6499798
6497438
6498965
6499117
6501437
6499726
6498450
6502190
6501596
6500465
6500032
6503584
6499017
6499820
6500152
6499400
6500295
6502237
6498095
6501436
6499588
6500215
6500283
6497904
6501807
6500339
6500353
6500897
6499603
6500933
6501394
6498399
6499785
6499439
6499040
6499219
6498760
6501842
6497387
6499520
6501134
6498479
6499566
6499422
6498551
6500607
6499445
6499685
6499876
6500830
6498893
6500570
6500378
6499909
6499153
6500817
6498567
6501369
6498514
6499459
6500335
6499788
6499166
6500569
6499732
6498909
6499886
6501729
6500279
6499678
6499026
6499047
6500464
6499004
6501937
6498230
6498910
6499961
6500760
6499176
6499513
6499370
6501571
6497788
6500606
6500787
6500574
6499749
6501442
6501282
6500217
6499473
6500018
6499199
6499403
6500106
6499938
6499414
6500187
6501091
6497852
6501004
6501601
6501096
6498717
6500527
6499416
6500149
6501079
6499290
6499986
6498684
6498634
6500344
6499351
6499034
6500514
6500081
6501041
6500190
6498861
6498294
6499614
6502008
6501970
6499720
6500685
6500447
6499772
6499372
6498326
6500593
6498364
6498069
6499280
6499744
6501133
6501904
6500972
6496949
6501827
6499888
6499230
6499252
6501207
6500579
6501217
6498568
6500540
6500417
6499132
6500067
6499407
6498518
6499715
6501708
6500831
6500998
6500308
6498961
6500758
6501808
6499673
6499612
6500693
6500623
6499764
6500516
6502207
6498465
6500359
6501521
6501254
6500664
6498644
6501843
6500296
6499238
6499080
6500703
6501579
6498569
6500089
6498627
6501739
6498850
6499215
6501894
6500659
6501064
6499877
6499460
6497922
6499950
6499903
6500236
6498438
6499792
6496536
6499410
6499979
6501844
6498679
6501304
6500207
6501082
6497958
6500477
6500627
6501259
6500248
6499415
6501815
6501214
6499110
6498797
6499783
6501448
6499563
6500719
6498998
6498676
6501016
6502608
6498848
6500228
6499975
6500324
6500867
6499458
6500014
6500594
6498327
6499973
6500415
6499398
6498615
6499585
6499866
6499733
6501229
6498957
6498892
6499807
6499999
6500643
6499602
6500571
6499142
6500509
6500402
6501435
6501551
6499626
6500885
6499392
6500474
6500319
6498612
6500092
6501418
6498685
6500912
6500891
6500172
6498809
6499653
6499540
6500400
6500863
6500553
6500379
6497952
6498098
6500057
6499430
6500614
6500468
6503073
6500868
6499041
6499071
6498519
6501423
6498922
6500943
6500030
6498735
6500115
6500592
6501461
6499298
6501034
6502933
6500388
6498882
6500826
6499794
6500361
6500120
6499766
6498395
6501980
6498263
6499264
6498597
6500785
6499233
6498101
6499724
6499559
6500363
6499620
6498773
6501110
6498315
6501964
6498305
6501905
6499167
6497745
6500016
6498380
6498803
6499197
6499628
6501890
6498908
6501003
6499707
6499250
6498628
6500715
6502131
6500615
6498787
6500662
6498703
6498765
6501681
6499397
6499046
6502252
6500901
6500535
6499330
6499672
6501524
6501556
6502064
6499180
6499254
6500937
6498375
6499875
6499570
6499930
6500292
6500619
6499391
6497791
6500721
6499994
6500726
6501381
6499594
6500513
6502204
6498093
6500810
6500037
6500374
6498728
6500582
6501035
6500159
6498995
6498802
6501462
6499728
6499112
6499497
6498393
6501108
6499847
6499525
6500638
6499218
6500812
6501605
6501598
6500890
6501380
6500091
6500405
6498467
6501153
6500697
6501227
6500575
6500064
6499476
6498840
6499246
6498561
6500275
6499413
6500179
6500062
6499490
6500767
6499088
6500371
6500714
6497981
6499302
6499658
6499935
6500718
6499089
6500853
6501129
6500450
6499495
6499767
6501897
6500722
6498963
6501366
6500048
6498895
6500921
6498472
6499384
6497972
6500523
6499362
6499285
6499417
6498132
6499832
6500024
6502327
6499516
6501769
6498397
6500259
6498135
6499887
6501099
6501564
6499363
6498109
6502054
6499899
6500174
6501919
6498770
6500160
6501098
6499005
6498817
6501278
6501202
6499957
6499654
6499214
6499449
6499642
6498000
6502004
6500100
6500028
6500169
6498959
6500422
6499729
6499093
6500894
6499671
6500298
6499438
6499509
6498111
6499652
6500448
6500991
6501072
6500043
6501963
6501449
6498743
6500705
6500442
6500626
6498681
6501212
6500176
6500936
6500428
6499186
6500485
6500860
6502170
6498563
6498631
6500900
6499532
6499637
6500839
6497812
6502126
6500577
6499833
6498708
6499606
6499586
6499610
6499305
6498801
6499543
6498683
6500240
6497111
6498667
6499527
6500226
6498672
6499350
6500542
6501168
6499619
6498704
6500661
6498416
6501989
6502322
6501612
6500804
6501414
6499311
6498337
6501178
6498945
6498858
6500414
6500874
6500927
6501497
6501258
6499714
6498576
6499263
6498334
6499203
6499309
6498939
6499033
6500969
6500435
6498976
6501256
6500663
6500171
6502218
6498668
6499902
6499467
6500330
6500908
6500546
6500456
6497767
6497965
6499616
6499550
6499466
6499904
6499202
6499009
6498020
6499424
6499790
6500756
6500005
6500725
6498427
6500097
6500666
6501915
6499405
6502339
6501272
6500354
6500512
6499761
6498979
6499300
6501109
6501069
6499456
6500235
6500267
6499753
6501339
6499635
6496845
6501591
6501292
6500299
6497990
6499266
6498810
6498169
6498435
6499846
6499811
6498618
6501033
6500828
6499521
6498090
6499070
6500761
6500276
6500245
6500702
6498948
6500297
6497914
6499523
6499021
6501264
6500033
6499259
6501678
6500674
6499835
6499849
6498528
6500113
6499315
6500404
6498578
6500134
6501502
6499355
6498602
6498733
6501031
6500470
6499332
6498094
6500042
6500956
6499709
6500397
6501005
6501235
6498460
6500366
6499860
6498149
6500031
6498607
6499328
6500532
6500801
6500665
6497642
6501271
6498213
6500634
6499947
6498903
6498693
6499638
6500182
6501170
6500824
6501341
6501420
6499663
6500561
6498806
6500329
6500651
6500814
6498360
6500919
6499841
6499485
6500310
6499018
6498838
6499748
6498768
6498192
6500645
6500244
6499666
6498117
6499664
6500068
6501548
6499471
6499624
6498955
6501392
6501132
6501443
6501266
6500682
6499125
6502894
6500433
6498697
6500072
6501965
6501027
6499739
6501625
6498836
6500473
6498530
6498314
6500735
6501074
6500857
6501385
6498244
6499549
6500362
6498990
6500281
6499708
6499727
6498678
6502001
6499892
6499084
6499905
6499910
6499679
6499689
6498828
6498825
6499599
6500990
6498839
6501137
6499327
6501640
6499059
6501364
6498837
6498581
6500369
6498974
6499716
6498309
6498875
6499984
6501047
6501092
6500223
6501022
6500559
6498833
6501230
6499623
6501315
6501319
6500196
6501992
6500432
6500022
6499487
6501799
6499855
6498249
6497208
6501044
6502392
6499853
6499371
6498781
6498330
6499379
6499862
6501249
6498987
6501439
6501378
6499974
6498981
6501370
6502819
6501682
6498705
6500902
6499681
6498660
6499583
6501326
6501782
6497949
6499457
6500111
6498680
6501192
6500078
6499581
6498978
6499156
6501183
6501924
6500410
6501466
6501243
6501306
6499271
6500347
6501491
6499932
6500146
6500009
6497945
6499988
6499272
6498732
6500723
6499211
6499048
6498558
6500166
6500291
6499611
6498042
6497494
6499091
6499299
6501057
6501935
6499170
6498762
6499576
6501499
6498237
6499851
6500625
6499934
6502038
6497581
6500212
6498275
6500071
6499122
6498497
6499995
6500871
6498523
6501063
6501614
6500834
6499548
6500879
6498664
6501547
6497980
6499561
6499293
6500699
6500753
6500639
6499227
6499432
6499836
6499262
6502345
6499278
6499656
6497724
6500222
6499313
6500997
6499412
6500446
6498106
6501689
6501113
6497829
6501665
6500883
6497165
6499580
6499479
6499989
6500320
6500746
6500302
6500888
6501711
6498404
6498776
6499963
6499318
6502132
6498370
6501102
6501651
6503109
6499086
6500905
6498742
6499891
6501539
6500209
6499482
6500596
6500841
6499028
6499428
6499946
6498754
6498865
6498611
6500413
6502984
6501477
6500041
6500497
6500629
6498871
6499461
6499809
6499686
6497703
6500065
6497933
6499879
6501633
6498682
6500155
6502570
6499333
6500730
6499401
6499247
6498591
6501792
6500686
6499951
6498937
6500808
6499023
6499817
6500829
6499092
6500125
6501018
6502193
6498625
6500794
6499928
6499925
6498316
6501203
6498823
6499691
6499777
6499806
6499871
6501916
6499791
6501469
6501182
6501518
6501179
6501459
6501854
6498845
6498727
6499810
6501019
6499601
6499850
6498500
6499335
6498764
6501116
6498340
6500539
6501821
6499784
6499864
6499531
6497867
6499193
6501090
6499971
6499774
6501604
6500483
6500046
6498709
6500234
6501247
6500356
6499063
6501105
6500694
6498439
6500589
6499698
6499104
6503188
6499906
6501296
6498264
6500480
6498522
6499741
6498931
6501984
6500752
6501293
6501921
6500398
6503672
6500385
6497422
6499924
6500045
6498477
6499051
6498495
6502979
6499374
6500157
6500641
6498800
6499284
6500099
6499514
6501166
6501384
6499223
6500137
6499530
6498120
6499134
6498696
6499884
6498534
6501650
6499773
6500438
6500141
6499926
6500941
6500842
6501896
6498159
6500495
6500736
6498338
6499507
6500047
6499869
6499719
6502805
6498958
6498303
6503145
6500899
6500013
6499359
6501351
6497828
6499431
6500851
6499981
6501991
6497632
6500970
6499837
6500227
6498202
6500660
6500864
6499406
6501141
6499217
6501198
6500201
6499164
6502148
6501680
6500311
6501023
6500202
6498047
6501239
6499388
6499962
6499103
6500982
6498361
6499966
6500720
6501393
6500306
6499181
6500323
6500739
6499954
6501362
6499282
6501490
6499143
6497938
6500784
6501888
6499690
6497107
6499356
6501174
6498152
6500907
6499648
6499758
6501920
6500338
6501560
6499668
6500968
6500923
6497696
6501716
6497948
6499124
6500915
6500188
6500507
6498499
6498750
6499297
6499100
6502067
6500963
6499451
6500870
6498201
6498415
6499094
6500348
6498928
6498867
6500390
6499481
6499731
6497550
6498410
6500399
6502166
6499489
6500959
6499618
6499286
6499703
6499144
6500075
6500199
6500119
6499647
6500800
6499650
6499802
6499378
6499265
6500931
6500225
6502143
6501833
6502465
6498524
6500977
6499208
6498325
6498003
6497866
6499394
6498744
6501042
6500671
6502539
6499770
6501323
6499829
6499220
6500985
6500640
6501694
6499643
6501121
6497874
6498788
6497720
6499493
6500668
6500892
6500940
6501060
6500315
6500792
6499665
6501065
6501263
6499848
6500724
6499867
6501585
6497481
6498593
6501251
6499967
6500098
6500482
6497902
6500203
6498566
6500917
6500591
6498793
6500847
6499044
6499031
6500128
6497218
6499366
6500365
6498997
6502284
6502581
6499696
6500670
6500053
6501771
6501066
6501295
6499826
6499676
6499019
6501819
6502342
6500467
6501301
6500958
6498046
6498758
6501406
6500439
6499818
6498300
6501209
6501471
6499912
6499010
6498952
6498369
6499365
6501284
6501309
6497552
6502088
6499759
6499674
6499510
6499261
6502419
6498116
6500911
6499747
6500253
6499645
6501173
6498582
6501898
6499192
6500401
6500772
6497993
6498475
6499177
6499007
6499592
6502162
6499952
6499380
6501334
6499573
6498373
6497479
6500192
6500336
6502085
6501599
6500827
6501765
6501968
6499506
6500786
6498724
6500490
6499367
6499754
6502083
6499436
6498352
6498763
6499491
6498313
6499236
6499053
6501352
6498278
6500581
6503467
6500779
6500430
6498936
6501672
6501622
6499539
6499519
6501791
6497946
6501314
6499913
6501054
6500175
6500258
6500332
6500220
6500035
6498671
6500059
6500717
6499613
6498243
6501112
6498552
6500274
6501397
6499662
6498942
6497731
6501297
6501226
6498808
6500823
6498490
6498186
6500743
6500449
6498301
6499382
6499750
6498999
6500162
6500951
6501162
6499804
6497206
6502354
6500242
6500796
6501500
6500866
6499760
6499073
6501478
6500881
6500007
6497977
6500967
6499043
6500793
6498925
6500357
6498332
6500458
6499022
6501219
6498574
6500104
6501626
6500087
6501569
6499488
6501912
6497345
6498233
6501062
6500825
6500630
6499845
6498318
6499268
6502412
6499688
6499987
6498146
6500006
6498433
6500854
6498556
6500004
6500524
6499940
6502503
6499120
6498068
6498646
6501283
6500845
6497492
6501663
6498692
6499472
6498365
6500122
6501244
6500989
6500522
6501176
6498665
6498897
6499736
6499339
6498953
6500406
6499900
6498881
6501947
6500010
6499982
6499636
6499118
6499030
6500799
6501416
6500301
6501127
6498100
6499306
6501068
6501679
6501735
6500547
6500797
6499738
6499964
6500000
6497573
6501360
6499133
6500855
6502052
6500135
6498972
6501180
6500476
6500778
6501152
6498216
6501118
6499095
6498947
6500926
6498852
6500865
6500492
6498650
6498654
6500052
6499780
6501870
6500143
6500727
6498189
6499945
6500740
6502436
6500386
6501246
6501404
6501255
6499569
6498242
6499433
6500852
6500370
6500600
6498240
6501800
6499442
6498741
6499130
6501467
6501101
6499387
6500334
6500770
6498485
6500461
6500656
6499139
6498443
6499553
6501883
6499895
6497971
6500993
6499296
6498403
6499825
6497498
6498430
6501195
6500312
6499796
6499752
6501974
6500924
6500195
6501517
6501232
6499538
6499582
6500549
6500124
6498991
6500889
6498805
6498829
6498282
6501618
6503171
6501738
6500355
6501632
6501407
6500875
6498078
6499634
6497819
6499001
6501660
6499914
6498013
6501720
6499980
6500544
6500604
6501061
6501190
6498637
6501504
6501450
6500775
6499090
6497624
6498549
6501093
6501700
6501029
6498730
6498775
6501540
6498864
6499997
6498254
6500538
6501075
6499027
6501181
6498407
6499064
6501165
6499762
6496822
6498888
6500974
6500451
6500706
6502395
6499499
6500205
6498505
6502154
6500765
6500375
6498193
6501630
6501528
6500960
6497212
6500364
6500023
6502768
6499469
6499364
6500142
6500280
6498481
6501343
6499917
6499786
6501346
6499207
6499102
6497749
6498468
6501643
6501440
6497452
6501993
6501509
6502257
6501130
6500060
6501480
6499896
6500294
6500710
6498898
6499483
6499158
6500140
6500780
6498886
6499269
6497983
6500996
6500029
6501411
6499137
6498517
6499165
6501325
6501616
6500983
6500181
6498718
6499889
6500278
6497636
6499182
6501543
6498228
6498941
6500503
6498601
6498736
6499448
6501514
6502541
6499404
6500147
6498649
6498977
6502091
6501851
6500488
6501690
6498771
6499066
6502251
6500944
6498188
6502295
6501201
6500499
6498529
6499183
6501317
6498409
6499745
6501320
6500716
6500290
6501559
6499742
6498281
6500284
6498511
6499537
6500536
6499828
6498796
6500632
6501841
6499441
6499498
6498630
6500913
6500412
6502177
6499801
6502578
6501561
6499341
6498224
6497084
6501447
6500635
6500597
6500647
6498687
6499189
6502457
6498722
6501730
6499032
6498883
6498463
6501349
6498148
6502645
6499123
6498992
6497392
6500572
6501831
6498208
6500742
6501759
6500200
6501722
6499213
6500333
6501806
6497756
6498842
6500628
6497665
6499960
6499927
6498044
6499922
6500478
6498494
6499162
6497464
6498783
6501562
6498622
6499386
6500976
6500652
6500587
6501927
6500307
6499127
6499260
6499257
6501715
6497759
6500731
6500416
6501052
6500326
6500241
6498876
6501083
6500737
6497317
6500789
6501938
6498933
6501285
6500624
6500086
6498932
6501498
6501609
6497887
6499013
6501542
6501189
6498363
6499551
6498820
6499221
6497964
6500700
6502046
6498816
6501009
6499258
6499347
6500781
6501527
6499552
6498811
6500856
6501412
6498780
6500930
6500103
6502020
6499985
6498449
6501036
6499331
6501985
6498900
6501895
6500880
6497192
6497901
6501983
6498849
6498856
6501848
6499126
6502331
6500603
6501745
6499131
6502161
6500069
6498896
6501671
6499621
6499173
6501000
6500036
6498988
6500440
6498599
6500949
6501955
6500285
6501657
6501697
6499119
6499536
6499998
6499529
6497924
6501684
6501001
6499622
6500732
6499827
6499395
6499308
6499677
6500070
6498185
6498960
6497357
6500893
6498347
6498447
6500992
6501076
6498546
6499494
6500112
6499878
6501754
6497406
6501845
6498366
6501136
6500382
6500073
6501568
6501169
6497925
6498789
6497659
6497610
6497536
6500821
6500859
6498250
6498905
6499307
6499575
6500695
6498474
6501059
6498119
6500441
6500704
6500518
6499541
6500683
6499694
6500964
6499870
6501822
6498006
6497747
6500878
6501825
6500231
6502350
6501834
6497873
6501465
6499429
6501656
6498377
6498140
6502000
6501520
6501885
6501053
6499718
6498877
6500161
6501228
6499632
6500618
6501784
6502445
6498356
6498445
6498804
6502602
6500494
6501766
6501199
6499646
6499385
6500360
6499245
6501224
6498372
6501125
6496943
6498638
6498812
6500525
6498782
6497652
6501422
6500862
6499633
6497697
6501512
6499834
6499831
6501503
6499267
6498815
6501492
6501171
6501902
6501523
6500809
6503695
6500805
6501875
6501880
6498748
6500180
6498929
6498509
6498406
6498419
6500216
6497908
6501163
6501867
6499037
6499161
6499389
6501123
6501783
6499667
6498296
6498482
6499326
6501695
6501589
6498387
6502301
6501761
6500372
6500745
6499154
6501637
6499958
6499377
6500153
6502093
6500163
6498350
6498194
6498857
6501120
6502978
6502368
6501148
6498772
6499338
6501811
6501002
6501401
6499976
6497520
6500282
6501781
6501049
6499787
6500750
6499042
6499418
6501357
6500178
6501476
6501015
6499503
6502174
6499343
6502044
6501949
6498049
6502568
6502391
6498975
6498739
6498456
6501489
6502542
6500498
6497727
6501025
6501279
6501484
6498079
6499565
6499099
6501802
6498398
6500286
6501595
6499839
6501653
6500224
6498830
6498632
6502806
6498659
6498241
6498273
6499911
6500219
6498220
6503024
6499248
6497359
6498712
6498287
6500995
6503169
6499140
6501324
6500773
6498651
6498662
6498196
6501322
6497318
6499194
6498915
6502479
6501969
6500496
6499292
6502285
6501879
6499149
6500189
6501081
6500021
6498784
6497961
6500822
6498614
6500869
6497803
6499508
6499396
6496946
6498921
6499711
6497653
6499358
6498480
6501080
6498160
6498341
6500129
6497691
6500896
6500588
6498251
6498396
6498048
6499649
6499179
6501855
6501430
6501990
6502277
6502144
6499893
6500617
6498720
6501377
6502007
6498846
6501545
6502104
6501338
6501686
6501071
6502068
6498320
6501756
6500884
6500080
6499419
6501011
6498653
6497809
6499915
6502028
6502991
6500170
6500001
6502040
6497785
6501776
6499138
6500517
6501348
6498488
6501187
6498258
6498540
6499721
6502463
6497826
6502185
6500506
6502079
6500484
6501832
6499157
6502016
6498564
6497071
6498617
6502032
6497883
6499128
6497503
6498918
6496843
6500986
6502189
6501780
6499081
6501451
6501586
6501911
6501128
6502262
6497807
6500601
6498689
6499062
6498891
6498635
6501077
6498198
6498707
6498227
6498066
6498774
6500420
6500709
6498621
6499074
6501837
6501361
6500054
6502138
6501944
6500109
6499016
6499558
6500322
6501760
6497851
6499600
6499939
6498103
6497822
6498165
6500861
6502265
6499426
6501654
6499175
6501592
6498769
6498483
6500293
6501273
6498280
6499515
6501008
6503304
6501635
6502037
6501903
6501269
6501960
6500039
6501028
6501751
6500349
6498431
6501790
6499011
6501312
6498710
6501048
6498062
6499146
6501277
6499571
6501676
6501100
6499972
6499983
6498866
6501372
6500611
6500729
6500011
6502271
6499222
6498588
6500264
6501795
6497327
6499942
6501177
6501055
6497561
6500904
6501988
6501645
6497690
6499591
6498734
6498686
6501191
6497847
6500616
6501024
6497944
6500918
6501979
6498834
6500942
6498297
6502012
6498822
6501577
6502326
6498040
6501012
6501303
6497448
6501565
6500790
6500230
6502434
6498951
6498973
6498025
6501158
6501056
6500469
6502178
6498535
6502320
6498355
6497861
6498292
6502279
6499187
6501850
6502233
6498819
6498134
6501253
6502573
6501940
6498759
6497810
6499281
6501302
6502282
6499201
6499354
6500252
6498711
6500872
6500947
6502497
6497725
6499453
6497942
6497733
6498058
6500552
6500263
6498533
6501172
6498598
6501510
6500712
6500074
6500429
6502196
6500763
6500925
6500882
6500288
6499212
6499710
6501094
6500445
6501329
6498884
6499226
6498336
6498906
6498219
6498832
6501193
6498624
6498548
6501473
6501241
6501670
6499361
6502728
6498587
6498329
6500678
6500394
6500999
6498613
6501149
6499210
6502376
6498935
6502164
6502422
6498453
6501390
6500887
6499465
6501873
6499235
6500158
6501779
6498610
6497824
6499596
6498831
6498386
6500932
6499242
6498180
6497537
6501996
6498946
6500452
6501486
6501717
6500247
6501506
6500672
6501318
6499604
6501086
6501383
6501340
6498413
6497880
6498261
6498767
6502017
6501138
6501860
6499931
6499077
6501175
6502141
6501089
6501205
6498700
6498716
6500689
6498550
6500802
6498536
6497970
6496869
6501725
6502361
6502082
6502638
6498740
6498943
6497655
6502045
6501900
6498055
6501040
6502816
6501058
6502238
6498643
6498446
6502421
6498422
6501513
6502735
6501150
6500846
6501367
6500534
6498917
6500658
6497639
6498486
6499225
6497917
6501210
6498344
6499323
6497425
6501321
6500965
6498471
6499475
6501801
6503299
6499723
6500350
6499702
6498980
6500962
6498798
6499840
6501399
6501501
6501743
6501889
6499277
6498164
6498542
6500858
6498239
6498226
6499830
6498675
6498954
6501642
6498383
6501871
6498930
6497962
6498391
6501332
6499256
6501611
6502898
6500193
6497821
6498236
6499038
6498594
6500895
6499115
6502197
6500903
6502377
6499085
6498426
6500383
6500734
6501999
6501298
6502069
6498626
6498053
6501085
6501400
6502025
6497835
6500711
6500850
6498290
6497739
6498458
6498089
6502513
6501143
6498457
6498171
6498962
6502446
6498572
6502084
6499243
6503376
6497820
6503409
6501853
6498209
6499190
6500578
6497386
6497427
6499096
6500058
6498343
6496492
6497353
6501954
6501139
6501530
6498725
6497647
6498989
6501188
6498470
6498437
6501463
6497549
6501252
6500984
6497633
6498115
6498051
6498609
6502171
6502384
6502191
6498699
6498719
6498502
6498319
6500691
6502661
6501122
6499822
6499111
6499301
6498970
6501208
6498408
6501817
6502745
6497700
6498331
6501576
6501245
6501570
6500981
6496513
6500564
6500555
6498879
6499577
6500114
6501610
6497626
6501558
6501814
6498792
6502674
6501142
6498645
6502398
6500707
6497888
6497518
6500849
6498304
6498307
6500791
6499224
6501111
6498860
6502410
6501335
6498342
6498899
6500545
6502059
6500987
6498035
6501737
6497349
6501155
6498229
6499136
6498176
6499276
6501038
6500844
6498541
6498491
6498452
6497323
6501667
6501313
6499546
6499056
6499108
6500610
6500950
6499155
6498579
6498986
6500243
6497146
6501037
6498859
6501419
6500586
6499518
6502614
6500511
6500807
6500346
6501648
6502005
6499129
6502047
6501433
6500486
6501742
6497988
6500795
6500677
6496981
6500971
6500837
6501581
6500649
6500164
6501798
6500877
6501703
6498596
6498938
6498657
6498751
6501537
6501010
6499992
6498182
6497856
6500690
6498904
6499554
6502508
6498418
6497975
6498183
6499101
6498484
6501387
6501257
6499608
6498489
6498924
6501945
6501631
6498137
6498083
6502142
6498844
6498118
6502119
6501286
6500093
6501602
6496831
6498065
6501583
6500833
6500906
6502468
6499863
6498256
6499325
6497905
6498527
6501468
6497660
6499349
6498585
6501929
6501223
6500550
6500811
6498142
6498420
6502070
6498592
6498701
6501045
6502474
6498394
6501398
6498473
6498589
6498853
6498358
6501115
6501787
6497920
6501809
6502135
6502511
6498110
6501097
6501389
6498401
6501727
6501659
6501934
6497783
6501342
6498496
6498862
6497361
6498310
6497423
6501593
6498074
6501857
6497863
6498476
6498872
6502270
6498033
6500463
6498461
6500387
6501333
6498794
6499470
6501373
6498464
6498555
6498266
6501658
6499209
6502147
6501311
6501828
6498868
6499035
6500994
6498619
6499376
6502325
6498777
6501104
6501327
6502227
6499717
6498462
6498130
6498257
6499287
6498002
6497478
6498359
6501455
6501454
6498854
6501638
6502075
6500961
6498559
6499312
6501151
6498600
6501495
6497556
6498652
6498706
6498753
6500204
6502302
6498014
6498993
6498154
6498345
6498926
6501147
6498967
6501757
6498539
6497232
6503587
6502225
6497400
6498826
6501975
6499109
6497935
6500407
6501608
6501194
6501849
6501953
6497405
6502236
6497889
6501774
6496916
6501861
6502244
6498841
6497782
6501707
6502577
6500782
6502512
6502946
6498916
6502297
6497640
6498640
6501907
6501939
6498390
6501281
6499799
6501731
6502146
6498984
6501587
6498269
6501572
6502134
6501590
6499079
6499854
6502063
6501409
6503078
6498215
6502380
6502355
6497619
6498155
6502165
6497968
6498017
6498583
6501350
6497686
6499251
6498824
6498669
6501103
6499148
6498731
6501884
6501402
6497257
6502431
6501233
6499390
6501820
6501308
6497601
6497543
6501675
6502316
6501914
6500271
6502996
6503215
6501688
6497995
6498030
6498145
6497048
6496998
6502698
6501107
6498107
6501852
6497795
6502341
6498901
6498156
6497548
6498785
6497313
6502637
6498843
6501525
6497657
6502935
6498125
6501749
6497763
6501687
6497483
6498211
6502307
6501197
6498005
6497853
6497590
6498478
6501154
6502665
6498573
6501330
6500003
6500633
6500317
6500287
6498749
6498124
6501299
6498746
6498510
6498405
6498306
6498795
6497404
6498339
6498531
6501458
6501408
6497882
6497595
6500186
6497021
6501026
6497827
6498949
6498799
6497912
6501713
6498174
6497641
6503069
6497413
6497352
6498299
6498985
6497666
6500832
6497730
6498212
6500922
6497096
6498642
6498658
6501043
6497832
6501886
6501006
6498688
6497967
6498620
6501140
6501823
6498543
6499135
6497377
6501413
6497947
6499545
6498571
6501131
6498655
6502437
6498508
6501728
6502259
6498221
6497792
6497575
6498371
6501647
6501337
6502022
6497892
6501961
6502234
6498333
6501316
6501481
6501746
6498544
6496776
6502812
6498284
6502026
6499838
6499735
6503942
6502359
6497456
6496629
6498885
6501354
6501427
6501649
6500788
6501699
6502451
6498368
6498317
6502597
6497825
6501621
6497711
6502155
6498203
6501887
6502089
6502086
6497684
6498034
6498354
6501567
6502245
6498526
6497358
6498911
6501186
6496947
6502527
6497374
6497559
6497638
6501619
6497844
6497628
6502548
6497757
6501544
6497209
6501211
6498507
6498835
6498894
6502118
6502128
6501723
6501826
6498291
6501078
6499808
6500975
6502201
6498702
6502547
6498289
6501652
6499029
6497862
6497934
6498374
6503042
6501368
6501710
