5483559
5489696
5512655
5492566
5478560
5504304
5511857
5485823
5498476
5505216
5508860
5495002
5490919
5497936
5516761
5495419
5505688
5506079
5503275
5505785
5520200
5490269
5497945
5500601
5513447
5508332
5512234
5507985
5503166
5482546
5502758
5499949
5506157
5482191
5486561
5505018
5495637
5493639
5508346
5520780
5499216
5503036
5491901
5468295
5511153
5502671
5512901
5505386
5493660
5505167
5509939
5511552
5520036
5511349
5494149
5514011
5502765
5502072
5486257
5499836
5515991
5507941
5503849
5495724
5507443
5508873
5507944
5514005
5506503
5500940
5494535
5510686
5524449
5520650
5490572
5503750
5526215
5509093
5510634
5506151
5507699
5490439
5492025
5514125
5485867
5499802
5511637
5496644
5484043
5499843
5509020
5503602
5497668
5504166
5491008
5491576
5513988
5489391
5488249
5498564
5494472
5507966
5482418
5506518
5480786
5483212
5494617
5504996
5495588
5508117
5482014
5510173
5505194
5500669
5513283
5496935
5501282
5499134
5522839
5510059
5500845
5499428
5492388
5492029
5527360
5518091
5508564
5493062
5490559
5501725
5487894
5514409
5527574
5490558
5500921
5500367
5487143
5477154
5500452
5486056
5501223
5504348
5498192
5502636
5497671
5506724
5497003
5508194
5488904
5480914
5508973
5493393
5511103
5479201
5502458
5511531
5491172
5513434
5487057
5504069
5501313
5482888
5506598
5488438
5499240
5481820
5485669
5489592
5504022
5494152
5471045
5523512
5491153
5487398
5488124
5504327
5490195
5501233
5501230
5510967
5500169
5486008
5483139
5504398
5495841
5505038
5487106
5487037
5498653
5483293
5485093
5496971
5498661
5493533
5501955
5495666
5502050
5487515
5505469
5515496
5502816
5500490
5511412
5526192
5497739
5492083
5496957
5503463
5500258
5499864
5517983
5483990
5509668
5483376
5487741
5508034
5490718
5479334
5512575
5501305
5478038
5499933
5503899
5499077
5500874
5512328
5511081
5492589
5495226
5512327
5513689
5504167
5498773
5491291
5510040
5499610
5489198
5482834
5489603
5518807
5504646
5496520
5493148
5505671
5502328
5485962
5502660
5490157
5504466
5501166
5481020
5514808
5491617
5471040
5506790
5508868
5525880
5503487
5497806
5511011
5497781
5494497
5497000
5519444
5505830
5500937
5490713
5484965
5513015
5490507
5490293
5491707
5501045
5494728
5495973
5489425
5486999
5514288
5507679
5484206
5490259
5502564
5508137
5494651
5514160
5499050
5500950
5498973
5499804
5506314
5500363
5500256
5501197
5501581
5486657
5522862
5497217
5514638
5517270
5511743
5482147
5503500
5504321
5499015
5507808
5485795
5530886
5517561
5496061
5476253
5491765
5513557
5498685
5508143
5513444
5504297
5502492
5505177
5510931
5491541
5491167
5482449
5511807
5522423
5486781
5503305
5511198
5505034
5514404
5497708
5485422
5500750
5493068
5497021
5521035
5509576
5499781
5506407
5494235
5497335
5495907
5518946
5502219
5503958
5512561
5508576
5491783
5506557
5493372
5500500
5502813
5510292
5503172
5513545
5499322
5479641
5485574
5504208
5498155
5500884
5497208
5489295
5516027
5499090
5524230
5493630
5493878
5520642
5493352
5513570
5522146
5503181
5503507
5505170
5497307
5498892
5490865
5499609
5495815
5491877
5506094
5510082
5486485
5485163
5505098
5490643
5503088
5494589
5507134
5490773
5488929
5478295
5505233
5492499
5497145
5500171
5503121
5502544
5497878
5513541
5520433
5493481
5522354
5507457
5500433
5490338
5500695
5500562
5508483
5503041
5504308
5486738
5518038
5491767
5510895
5498005
5487443
5493940
5509684
5480962
5489633
5490334
5503905
5495859
5476157
5513226
5503575
5510010
5506455
5506940
5493284
5510639
5507544
5501899
5488348
5496810
5496400
5495072
5498890
5487296
5485815
5502778
5493897
5489401
5484789
5493685
5518875
5484268
5502489
5503198
5507977
5507710
5502128
5495886
5495316
5499559
5496043
5509743
5517825
5526739
5484882
5487752
5500464
5495982
5501201
5488725
5520245
5499771
5511190
5491493
5497763
5536376
5505631
5492640
5477214
5501961
5495235
5499572
5524674
5495939
5497987
5485046
5490918
5511563
5520112
5491078
5485060
5499239
5493306
5504293
5495330
5493009
5479037
5490887
5510488
5508656
5489582
5495141
5481652
5498693
5512646
5484567
5509370
5509135
5505028
5495474
5491357
5515209
5492625
5495033
5501120
5488628
5480259
5495559
5490130
5488791
5509546
5483669
5479734
5497165
5508418
5510719
5488296
5508992
5487975
5515278
5477068
5493618
5510574
5497692
5499230
5514372
5503406
5505968
5503821
5497981
5498393
5512390
5496138
5503896
5496145
5493222
5490116
5525884
5506568
5493349
5500572
5488435
5510045
5493673
5523417
5493211
5500747
5482631
5496829
5519908
5501274
5501535
5519656
5501650
5504770
5496213
5483811
5506278
5487585
5517794
5500131
5514640
5496543
5499478
5501243
5522199
5494611
5488839
5491630
5466559
5486146
5492320
5497541
5516310
5503872
5513223
5485257
5502214
5483344
5523718
5511045
5494301
5496638
5490315
5518845
5492540
5504407
5487529
5530518
5493953
5516150
5492501
5504059
5503792
5496317
5503975
5534173
5494265
5514159
5516711
5512014
5506715
5498250
5522854
5495910
5519626
5504869
5519867
5500382
5491648
5504919
5496079
5508046
5505715
5491458
5489249
5499122
5500656
5499527
5504364
5496467
5499897
5495702
5486307
5486548
5502268
5507194
5490645
5492545
5489820
5506691
5488796
5511928
5480550
5498992
5500283
5489495
5489980
5504089
5490584
5508718
5513815
5489502
5516831
5498832
5509138
5493753
5511080
5523875
5478708
5508520
5497530
5492541
5473237
5493190
5517497
5511551
5484277
5492186
5503820
5516196
5512801
5503119
5499043
5494436
5505624
5508884
5489151
5508148
5484631
5505664
5498644
5503388
5498945
5503762
5497596
5488441
5511608
5493610
5493497
5495084
5497235
5489750
5504776
5487544
5491966
5491056
5486123
5506388
5494054
5495238
5500610
5488843
5508416
5508251
5501174
5498861
5496049
5495816
5504845
5496205
5490147
5491226
5501055
5526273
5519306
5503599
5498474
5488138
5486678
5497716
5503333
5501456
5502942
5489208
5507733
5511277
5503021
5511284
5508613
5498622
5492172
5504434
5503069
5494069
5497040
5518531
5486120
5493250
5509035
5503217
5511426
5528678
5493229
5515847
5524452
5511736
5508271
5506767
5515898
5502302
5512735
5505750
5496798
5498876
5506328
5509044
5490658
5495786
5497058
5492599
5501494
5509014
5499305
5492992
5504487
5493959
5477935
5508039
5516066
5502569
5500472
5491067
5502879
5511592
5514020
5526868
5517478
5490292
5489895
5491326
5523518
5490693
5501020
5502111
5486325
5487422
5492815
5489914
5507070
5499039
5502698
5503228
5506060
5487734
5499414
5509693
5496283
5504945
5507969
5515978
5499679
5493657
5502802
5487005
5484773
5507385
5489070
5471036
5497253
5513759
5487387
5498605
5501663
5497349
5503595
5497610
5504091
5515674
5519562
5492384
5501534
5496615
5502589
5506732
5508379
5482710
5492321
5498095
5509677
5487764
5501428
5518375
5496676
5511782
5515309
5501986
5496787
5509795
5520656
5481398
5493268
5484807
5505439
5503704
5492788
5495244
5512638
5488239
5497238
5502210
5504362
5499294
5498081
5488601
5516011
5499154
5504719
5491082
5503115
5501642
5477693
5504032
5496883
5491424
5511453
5499099
5495640
5496540
5482509
5501626
5487781
5480940
5497753
5500850
5513157
5502524
5510486
5511066
5509306
5486467
5491301
5508584
5496272
5505759
5493047
5506629
5495519
5510563
5485966
5502055
5495267
5506716
5479052
5509650
5495662
5487625
5471649
5479774
5472843
5513137
5494317
5504489
5516561
5514608
5494649
5477868
5480565
5508569
5506443
5508258
5512247
5502669
5488394
5496210
5507107
5473551
5478587
5496201
5507716
5512293
5496541
5500964
5517249
5505363
5496571
5508885
5498306
5505514
5484228
5518316
5521543
5523333
5507025
5498252
5494155
5496752
5515447
5491143
5504707
5501189
5500821
5497151
5494894
5510029
5481286
5500631
5486847
5500815
5504020
5517847
5518813
5478839
5494533
5500424
5506756
5510650
5499034
5488534
5499983
5514793
5494566
5500967
5490321
5494740
5507991
5493325
5497175
5501610
5512630
5509706
5506330
5493700
5506257
5504528
5501043
5482012
5497157
5501526
5500054
5496663
5498965
5510228
5500672
5497170
5514132
5499406
5521968
5476273
5484375
5503551
5511988
5506921
5485201
5514726
5519201
5513851
5494552
5501219
5468578
5488105
5495068
5494695
5496394
5512402
5513576
5479796
5491240
5498520
5487645
5497080
5511522
5510886
5494262
5483686
5499898
5501668
5496393
5488752
5498657
5512156
5493846
5500491
5513667
5508187
5506480
5488855
5496876
5499694
5511793
5488822
5505402
5488947
5494427
5500962
5494077
5506047
5499556
5513122
5509697
5507685
5503581
5507421
5507261
5491429
5489785
5495853
5506765
5510737
5488315
5513397
5475009
5493178
5492755
5498403
5499451
5508839
5491823
5519560
5486552
5484462
5506441
5502785
5515709
5491753
5493282
5494825
5518675
5488002
5484188
5496212
5494097
5489147
5489813
5523163
5499922
5519358
5506889
5511839
5518254
5508073
5498004
5494542
5498495
5501139
5510044
5488782
5511226
5498099
5513253
5501301
5483641
5502175
5507653
5523092
5474198
5521145
5510952
5514813
5503862
5507981
5503384
5490527
5504266
5500317
5501991
5504170
5508249
5499129
5504193
5501727
5497696
5502336
5499620
5488013
5491113
5493200
5498595
5503160
5496696
5502907
5511281
5499734
5503496
5493368
5496813
5529095
5513078
5501887
5500301
5504441
5508622
5511291
5502848
5501054
5495674
5502721
5500518
5507408
5515228
5509028
5508307
5526859
5498571
5501324
5486936
5513712
5491148
5499132
5502088
5510157
5480135
5488074
5507289
5492624
5507681
5493748
5514499
5495346
5508902
5475314
5488401
5500155
5502617
5490932
5486223
5500966
5491857
5485027
5498975
5514668
5488967
5492881
5507177
5497475
5503753
5492787
5493388
5512078
5496046
5494959
5499328
5495808
5493916
5508638
5483924
5515747
5508615
5509727
5515880
5507796
5496383
5496045
5497751
5520541
5502782
5522888
5490380
5496405
5503517
5490107
5505887
5496037
5506770
5534615
5501762
5497278
5499208
5483601
5500559
5490458
5530498
5508198
5510297
5506645
5504546
5512482
5500751
5508236
5505813
5506976
5499859
5516141
5509258
5496487
5512539
5506515
5511575
5500581
5497690
5515335
5515318
5500670
5487304
5507892
5506076
5492393
5505590
5502383
5506207
5512648
5483147
5491518
5496670
5512799
5516441
5503558
5518699
5502400
5495139
5499690
5506448
5508689
5511685
5483583
5488343
5494114
5487518
5485450
5509752
5497036
5494064
5501085
5503967
5489162
5504882
5495276
5492489
5488800
5496457
5513465
5484873
5499124
5493243
5497295
5487319
5501805
5514048
5508009
5480347
5493500
5488365
5503927
5503957
5508917
5516866
5498907
5498722
5508694
5505937
5507414
5499984
5488225
5486904
5467024
5517673
5480151
5486336
5486216
5506517
5494323
5492329
5489924
5513629
5505766
5475503
5499788
5494759
5517002
5524526
5482775
5488969
5487257
5507856
5504885
5501804
5514954
5489524
5492161
5493173
5505153
5495835
5502868
5503626
5517540
5487623
5510399
5485400
5501640
5494514
5519456
5519913
5495688
5480790
5500868
5503877
5480263
5498964
5497879
5503209
5487405
5495992
5489510
5496442
5502875
5501714
5489123
5505119
5497078
5484628
5498363
5489366
5489944
5513688
5478163
5478026
5495069
5506286
5492722
5491673
5498750
5505819
5482895
5513150
5509291
5516601
5503808
5501141
5513764
5511043
5514767
5494853
5503847
5492193
5489406
5481207
5503183
5495970
5501095
5487252
5507583
5505666
5504085
5508396
5512643
5496749
5500410
5493520
5512112
5465291
5498689
5503492
5504131
5487621
5502207
5504642
5501903
5503323
5473321
5511178
5497403
5492559
5485513
5500412
5494979
5511797
5496586
5508560
5506497
5497493
5503423
5510123
5498451
5498082
5509079
5511558
5485827
5510589
5506735
5509430
5510657
5502176
5508116
5507686
5505059
5521123
5500881
5515808
5481795
5544046
5505049
5492828
5497435
5498232
5502188
5503019
5493617
5494498
5507638
5502257
5508391
5515893
5497916
5511824
5498395
5510671
5506190
5510279
5485282
5499912
5508141
5488479
5508327
5490354
5511723
5510524
5502203
5500813
5499313
5498147
5510043
5502789
5502562
5500664
5475532
5488912
5504584
5495826
5512928
5492310
5486856
5493382
5499889
5490232
5514155
5489908
5511509
5480635
5496449
5494923
5506466
5488064
5521116
5495825
5494883
5497782
5500740
5488549
5490927
5513690
5496595
5484518
5499535
5499254
5485063
5508830
5495731
5485258
5498634
5479943
5493931
5483701
5498881
5509909
5501114
5490992
5517423
5497767
5507899
5500359
5510998
5519808
5511912
5489727
5493567
5483199
5511135
5486173
5509472
5509413
5473535
5489989
5490349
5495349
5506263
5516772
5498505
5518058
5501027
5485543
5513030
5508723
5479564
5497504
5498373
5518192
5502249
5505455
5515327
5501285
5503106
5489257
5500092
5518390
5483877
5485681
5518294
5475133
5500153
5507038
5505294
5506782
5494311
5499032
5491972
5501468
5513290
5503379
5491970
5490317
5505101
5501065
5505247
5512251
5502267
5507573
5512335
5511652
5509394
5483955
5523411
5487073
5505037
5516941
5483398
5506209
5497197
5502830
5492328
5486534
5495690
5518338
5476534
5495230
5506241
5500746
5493471
5487010
5509658
5492847
5515952
5504720
5494209
5510185
5494882
5508213
5521611
5499981
5506872
5482432
5482001
5488234
5500310
5499343
5501267
5506621
5497694
5505816
5496637
5485375
5491401
5498104
5505622
5502881
5486005
5490215
5501399
5496680
5493077
5509976
5478480
5480388
5509889
5491825
5494991
5511340
5499631
5503864
5487862
5492665
5501556
5500050
5510857
5512464
5497829
5492898
5500567
5504229
5500309
5525698
5488846
5485800
5499379
5479277
5492084
5504110
5466229
5528759
5502429
5496807
5507971
5504975
5505224
5491808
5498720
5487418
5505706
5508348
5499346
5492643
5489284
5481159
5504625
5478517
5484437
5498181
5492425
5490289
5495622
5505245
5492223
5490747
5510126
5503043
5500178
5494731
5484196
5504070
5512348
5489084
5493854
5511335
5503260
5511780
5504700
5493467
5498903
5505078
5501193
5479708
5486714
5495092
5516143
5506338
5510269
5508912
5493491
5499389
5495151
5502886
5507852
5495059
5517837
5486270
5496534
5513879
5519688
5499872
5493947
5499268
5493109
5496719
5489339
5506114
5509825
5513567
5489909
5500700
5503970
5504264
5494388
5497188
5506202
5495265
5488656
5497846
5491961
5494871
5499067
5494732
5479423
5512388
5482858
5505508
5490612
5509228
5528438
5465773
5502205
5506473
5508352
5495585
5495240
5484565
5487896
5500135
5486427
5518541
5487083
5496503
5491051
5493629
5512320
5486503
5504553
5506996
5505712
5488474
5478483
5510206
5521633
5505201
5505054
5514384
5492887
5486032
5506483
5500504
5486364
5514666
5512634
5492523
5497062
5481407
5510271
5517376
5510997
5497777
5492675
5484342
5510404
5497536
5506771
5509406
5508455
5491257
5488600
5491514
5484336
5511259
5500582
5488463
5495774
5487660
5502870
5509786
5501314
5482300
5493847
5494875
5504722
5505770
5501088
5529331
5491448
5487525
5507903
5528042
5497922
5496223
5499848
5498688
5515476
5475524
5500783
5517398
5507081
5490430
5510387
5490197
5504015
5486195
5494422
5484175
5483229
5508969
5493624
5518834
5503342
5494972
5493717
5505772
5499267
5494375
5484593
5492944
5490926
5505779
5501286
5505168
5497780
5508724
5498776
5491336
5500119
5499416
5504977
5488344
5509789
5523200
5488607
5505993
5489599
5504668
5509337
5497296
5477648
5500459
5470463
5517759
5501070
5514089
5479411
5497313
5476335
5518755
5496546
5518203
5500717
5499901
5507514
5512682
5500111
5494006
5507103
5510502
5506141
5493969
5481896
5488633
5498382
5485704
5503939
5494050
5502054
5485820
5491253
5482247
5493466
5479071
5485816
5496389
5500854
5506891
5496726
5511517
5518478
5525039
5490503
5503472
5499729
5484732
5512396
5507893
5511489
5505639
5510739
5496781
5507885
5492757
5506819
5520159
5507618
5517260
5493155
5496653
5486954
5515787
5509192
5504836
5502106
5486295
5498424
5490429
5507059
5504903
5505672
5498928
5516735
5514098
5519834
5487603
5488702
5484907
5484548
5481357
5521786
5489214
5504798
5512541
5489344
5494417
5510373
5488849
5496412
5505520
5465074
5498542
5498537
5487426
5499591
5501692
5507009
5503242
5489700
5518553
5515016
5511515
5477604
5497898
5508938
5487120
5511814
5500001
5499303
5502001
5484707
5500089
5498856
5499402
5505093
5503871
5497856
5493532
5522225
5497498
5501188
5507804
5516312
5506842
5504800
5510214
5484896
5504506
5503317
5505513
5483455
5516022
5491916
5503212
5483022
5499693
5500997
5492072
5493504
5497841
5495804
5493563
5500719
5490688
5499265
5467654
5479271
5500616
5497803
5495919
5500020
5490465
5506532
5502181
5491908
5497863
5504425
5478167
5489074
5510391
5507116
5476952
5515113
5506196
5497906
5490004
5497865
5492984
5481248
5506589
5508787
5494541
5514421
5497452
5513112
5500435
5516053
5523898
5501916
5492674
5505255
5502711
5510751
5497701
5506875
5493713
5510695
5507394
5511965
5498891
5503381
5508948
5490477
5484429
5495794
5497941
5493946
5504319
5478201
5505307
5505211
5511038
5495632
5470147
5488693
5519369
5486616
5508506
5505745
5512573
5504155
5507406
5495881
5500093
5495542
5516716
5509609
5480415
5511673
5521732
5483402
5495918
5520476
5503926
5506236
5496446
5501688
5500041
5484670
5502583
5515665
5499823
5488652
5498265
5505483
5507933
5505083
5493361
5507599
5484580
5492498
5492645
5514780
5510321
5499049
5492835
5496623
5501442
5490564
5500479
5489742
5520270
5505982
5498025
5492573
5511523
5508232
5503407
5493682
5517050
5511581
5497818
5511628
5489752
5514447
5521393
5482732
5507820
5488437
5494775
5515477
5498176
5506710
5481687
5520994
5494821
5516239
5489153
5505162
5510374
5488851
5498371
5494326
5507211
5488650
5492494
5519511
5496169
5501763
5490416
5496050
5494810
5488330
5507460
5498682
5518924
5493942
5501886
5494575
5514556
5519204
5499506
5502740
5499601
5495145
5503482
5516963
5502190
5501040
5489865
5484064
5484153
5517969
5494133
5512919
5500335
5498063
5513831
5507095
5510500
5499020
5491468
5498459
5499469
5465645
5521613
5499831
5495425
5497345
5482649
5489887
5492601
5490285
5495906
5489297
5481271
5499985
5512249
5506059
5476118
5499597
5495460
5507086
5501109
5487766
5506019
5500409
5502333
5492880
5483640
5505506
5494159
5488029
5516309
5528239
5511758
5477884
5495469
5505296
5495868
5502014
5489621
5507326
5490042
5510638
5499420
5501951
5498955
5496732
5505293
5494722
5483027
5513961
5499234
5505790
5492663
5507275
5509039
5513558
5503093
5479042
5501194
5512033
5493134
5493058
5517043
5493026
5494242
5512513
5527071
5502918
5526705
5492037
5492042
5499377
5506383
5503271
5477525
5508870
5503404
5491434
5498255
5492238
5490620
5485963
5500935
5504165
5503977
5489858
5499755
5491719
5511271
5498798
5497171
5511909
5491183
5501528
5510580
5515122
5496228
5508322
5508482
5497515
5499226
5501337
5495838
5505120
5520026
5524148
5523388
5517578
5515970
5495817
5480763
5495512
5494336
5490725
5481332
5496745
5488958
5499490
5500389
5517767
5491837
5505736
5494958
5489620
5502915
5501911
5500953
5514060
5504595
5508343
5496656
5495465
5510710
5486117
5502649
5513374
5507082
5497689
5502762
5489630
5494270
5497088
5496473
5518662
5491769
5517807
5527675
5491343
5507775
5516445
5487698
5497503
5506271
5502659
5511078
5492396
5497102
5527160
5504596
5492496
5486874
5508760
5510636
5502520
5471907
5498153
5508481
5497397
5501690
5511809
5500928
5504786
5492753
5494463
5473516
5495315
5494523
5513755
5495159
5509389
5478606
5505550
5487469
5503215
5488329
5518379
5496975
5521175
5497043
5484619
5500980
5496165
5492340
5489336
5483851
5488452
5504604
5505136
5498136
5479394
5504031
5485698
5489738
5512991
5492909
5493094
5506395
5500148
5507252
5499677
5498655
5484931
5505843
5514673
5487852
5518887
5495424
5505228
5478725
5508349
5516288
5499128
5488202
5487919
5507581
5486861
5513351
5495156
5503922
5519334
5509289
5515994
5500489
5491898
5496985
5472741
5505611
5502519
5486381
5504933
5496102
5483174
5506305
5525028
5501522
5508804
5510941
5493142
5506191
5492620
5504122
5491861
5505351
5484900
5482618
5513813
5492613
5497416
5481706
5487274
5509139
5490801
5496064
5504895
5515059
5497996
5495457
5492240
5482422
5493311
5482460
5502068
5492149
5499939
5466536
5498771
5499255
5505145
5502481
5516517
5486047
5533128
5492632
5514500
5502727
5481809
5504112
5524044
5504894
5502347
5492842
5472381
5520884
5490040
5504479
5504881
5511005
5502911
5490687
5512680
5490371
5483488
5514776
5499661
5503365
5511768
5512985
5497997
5526775
5492308
5482755
5473170
5521083
5509282
5505694
5498581
5502749
5495540
5486573
5494881
5487031
5520708
5485593
5509256
5511872
5486883
5485922
5491391
5498880
5494632
5522113
5511480
5494385
5500629
5503033
5489108
5501990
5504139
5490917
5504183
5495477
5500698
5517409
5500978
5499688
5487872
5506582
5494244
5491378
5480067
5507347
5503876
5482178
5502140
5510526
5507173
5517846
5514133
5490575
5504322
5503330
5512016
5503843
5498231
5486440
5490922
5498377
5510581
5503445
5524031
5513035
5500766
5509778
5506910
5511126
5503083
5510455
5501703
5501921
5494167
5494028
5501076
5489792
5487813
5516127
5515381
5505270
5511241
5490092
5497843
5483547
5498557
5494969
5507423
5511432
5507280
5496330
5511111
5509984
5496949
5496349
5485226
5515457
5504351
5509510
5515356
5510750
5490336
5494858
5505930
5516898
5479260
5495254
5499391
5499397
5493478
5495036
5509130
5484387
5512132
5501069
5490227
5522257
5473881
5495572
5501821
5500742
5495869
5517832
5511821
5510086
5499118
5503261
5482344
5497204
5501415
5498985
5504600
5505876
5491283
5506559
5509884
5502362
5518516
5492548
5486773
5516388
5482307
5507623
5490874
5495527
5493438
5493430
5505354
5503418
5497095
5505432
5488242
5485576
5503206
5510702
5509539
5507033
5516311
5521966
5503144
5494790
5497156
5488779
5501883
5521176
5497127
5499562
5502213
5492057
5495911
5508324
5497735
5498218
5510964
5476473
5515301
5491124
5516519
5504535
5507210
5511701
5502633
5504942
5506264
5477194
5496448
5498439
5509987
5481515
5493008
5482470
5504651
5495298
5488265
5483181
5496097
5489901
5505493
5494652
5516079
5494921
5518224
5494026
5503449
5498420
5498600
5497006
5498036
5515950
5524189
5515693
5505500
5510322
5512906
5492704
5501811
5498302
5501164
5487848
5492049
5510677
5500926
5505764
5509051
5503203
5497984
5483445
5501078
5496888
5506337
5497704
5501089
5522590
5504959
5511363
5513965
5488734
5505769
5497927
5516001
5501608
5496331
5478401
5504404
5515941
5503898
5502823
5478893
5494450
5510095
5497758
5502432
5488375
5491736
5502269
5491315
5502608
5496484
5505668
5487234
5475752
5507477
5503694
5502177
5502725
5507957
5515462
5503386
5505331
5496258
5494117
5500804
5484696
5497218
5486028
5512339
5495169
5489342
5501871
5503428
5507383
5529164
5485529
5487424
5499086
5491713
5503589
5505150
5504795
5518327
5504636
5488314
5507284
5497391
5511423
5511025
5518848
5499200
5493490
5508016
5501477
5505462
5498948
5496278
5502455
5517135
5498418
5504422
5489114
5499145
5502457
5487834
5497769
5509090
5482601
5533388
5494670
5486908
5481960
5498639
5516414
5496683
5489516
5506714
5491355
5503522
5496839
5498899
5510395
5490698
5499882
5485511
5509526
5489073
5499757
5477261
5511834
5488378
5505928
5500141
5516329
5492434
5508363
5493809
5504538
5517874
5488892
5511250
5521392
5515391
5476013
5483649
5483600
5506195
5491037
5493043
5494805
5515686
5478025
5518591
5508941
5499709
5498878
5496701
5504696
5497161
5493045
5489304
5507439
5480522
5490087
5496137
5502427
5484117
5487522
5485894
5488324
5507732
5507947
5477620
5513142
5489681
5497104
5488665
5495014
5480482
5505949
5488906
5518814
5489902
5480726
5507811
5508792
5507165
5492179
5505249
5494099
5497275
5512677
5501118
5496708
5497876
5478309
5497490
5508053
5499320
5496233
5509595
5514295
5494939
5502796
5498383
5510350
5513238
5515904
5498672
5505279
5507416
5478741
5515560
5496862
5496761
5516836
5492939
5532447
5519176
5478859
5487607
5487745
5493185
5490494
5491645
5501469
5504388
5488001
5497249
5493357
5501849
5510658
5496437
5488592
5507591
5494036
5482033
5490866
5500373
5504485
5513098
5507788
5503201
5493145
5501034
5483441
5514304
5498093
5488961
5489551
5507677
5493699
5510190
5475734
5506056
5505567
5479145
5495207
5502349
5497775
5494981
5486764
5509008
5500882
5506281
5508068
5497792
5497801
5510970
5503610
5482984
5494813
5487445
5490530
5491402
5503082
5504669
5506780
5511796
5500045
5504491
5505391
5497029
5503158
5501615
5492430
5491876
5508774
5486763
5500428
5502932
5522280
5493277
5510172
5483100
5495963
5499438
5489377
5502523
5492711
5503493
5485786
5484078
5510842
5507456
5509416
5503458
5478747
5493909
5508864
5493848
5482217
5477245
5498740
5500177
5507918
5488193
5505963
5502233
5521189
5487305
5482532
5493102
5497729
5476440
5509159
5497007
5501751
5517171
5502153
5478424
5516764
5522326
5488730
5511679
5497819
5506034
5502538
5500037
5501566
5508997
5485064
5537083
5497589
5501915
5518394
5503503
5513548
5483301
5493705
5495368
5495915
5488192
5514405
5496765
5497437
5499178
5522947
5507574
5500527
5516672
5506500
5520934
5487739
5494801
5488222
5517469
5480132
5520101
5485644
5504502
5493508
5495380
5497320
5485329
5498390
5506402
5511416
5493655
5513181
5489137
5490053
5502513
5491843
5513578
5498680
5488176
5491259
5501741
5498160
5496421
5483114
5496480
5528803
5489580
5498468
5504498
5498649
5507362
5519613
5496601
5503395
5492580
5498286
5482780
5485679
5517031
5508595
5499111
5492272
5488505
5486351
5506736
5483709
5500830
5496640
5475779
5505645
5498048
5517943
5509694
5490683
5511427
5490952
5498064
5490818
5493883
5494272
5496336
5493674
5483006
5512312
5501670
5498337
5501429
5492303
5492890
5490685
5496853
5489841
5493336
5491348
5490797
5518413
5478838
5501478
5525781
5499071
5494859
5495494
5507331
5508135
5497412
5489245
5500986
5520695
5512909
5512813
5494357
5504452
5480016
5491932
5496087
5503269
5513059
5505445
5510575
5496808
5491762
5500609
5510315
5493568
5504659
5483624
5505142
5520404
5485560
5486165
5503063
5507579
5507060
5481617
5498038
5506873
5512853
5505660
5490784
5506899
5511584
5504716
5510058
5492491
5495478
5513322
5507040
5486619
5495930
5490190
5495210
5500697
5516149
5498463
5476891
5485995
5494940
5505740
5481940
5501938
5499796
5499669
5512598
5494079
5484505
5485410
5505346
5508979
5509847
5500095
5500284
5476759
5500390
5519296
5516343
5515384
5515508
5496203
5495923
5503394
5524206
5494040
5520243
5490980
5518803
5496983
5495188
5507327
5497497
5507524
5489228
5494379
5500225
5505708
5505654
5495283
5497737
5502806
5503801
5491882
5496567
5508531
5489382
5488372
5510030
5490284
5486682
5487153
5491558
5499213
5500899
5501483
5496671
5501351
5494398
5498988
5525500
5478963
5507999
5501487
5472258
5517003
5500712
5521290
5484340
5483607
5512611
5494684
5495767
5497473
5514465
5490248
5488785
5503318
5492369
5505103
5501630
5502410
5504393
5485764
5479348
5480351
5502896
5513814
5486108
5497112
5510241
5519356
5504784
5502970
5517698
5506814
5518092
5493298
5516273
5499990
5495414
5512907
5525619
5516905
5507055
5509512
5501737
5489087
5495737
5496178
5494355
5498553
5503840
5494019
5498328
5493010
5479397
5505521
5519094
5475373
5484136
5498652
5506043
5516444
5505684
5488835
5501932
5501190
5507652
5492089
5517372
5503307
5482831
5505314
5531203
5486217
5499028
5528540
5494425
5490281
5498056
5514301
5490543
5503839
5497833
5490975
5501288
5507089
5517101
5497732
5492696
5492067
5485835
5515696
5479322
5498588
5495822
5491624
5508264
5502167
5492148
5519166
5504272
5488990
5490141
5498497
5487411
5512221
5490499
5486252
5502374
5505013
5487485
5515997
5509275
5513316
5521939
5499976
5500451
5486885
5492353
5500400
5485197
5509448
5485313
5496863
5495520
5498279
5514332
5522268
5491469
5493580
5486732
5503930
5510083
5502488
5503240
5499895
5503474
5505782
5497516
5489357
5497496
5487339
5503225
5503400
5503974
5489220
5491400
5506961
5506116
5498898
5516644
5516552
5501934
5494619
5501158
5485368
5511255
5505623
5493482
5495600
5502991
5504508
5506677
5487567
5495467
5487401
5506216
5501644
5503156
5491649
5490561
5510372
5504366
5498168
5501295
5507997
5497331
5486576
5503440
5491702
5481726
5481014
5502130
5496363
5497227
5517882
5492533
5509318
5488585
5509975
5484971
5504779
5504132
5530904
5523549
5504216
5509665
5522436
5493283
5499366
5500293
5517662
5506908
5495577
5495987
5514995
5517152
5511975
5506676
5494085
5518891
5493875
5515418
5483767
5490796
5493046
5509569
5510799
5511550
5493750
5517771
5508743
5494224
5516314
5500529
5510158
5505872
5505969
5485853
5488696
5525112
5506855
5493247
5496314
5496977
5485641
5508317
5502530
5487527
5500666
5482647
5494849
5487375
5495592
5509607
5500860
5494931
5503426
5493448
5491612
5499511
5493549
5487052
5505695
5499622
5492993
5490540
5523689
5486355
5471829
5498579
5493367
5507195
5506136
5492220
5502409
5485565
5519614
5498558
5478539
5507462
5506549
5497346
5493235
5484671
5477650
5491566
5508661
5489155
5499257
5494174
5491191
5492073
5491565
5501896
5510784
5492464
5494596
5506173
5498902
5479842
5504394
5494528
5508500
5502769
5502607
5494237
5492511
5486111
5489273
5488635
5506371
5505966
5496327
5481137
5484550
5498775
5498187
5508463
5508737
5499185
5502414
5498613
5504673
5503536
5495295
5496806
5495496
5510602
5502441
5491695
5505682
5504389
5518617
5503253
5502462
5517637
5511670
5508409
5496337
5493351
5501995
5501436
5510965
5496609
5487809
5503188
5489994
5503068
5485548
5497414
5488108
5489533
5476624
5492060
5484772
5488562
5506916
5491177
5489434
5512194
5511181
5517242
5507824
5508759
5484289
5484003
5494893
5480846
5507784
5503823
5481196
5499883
5503246
5499684
5527027
5514746
5493091
5502303
5510925
5497702
5496559
5506981
5489183
5513729
5478718
5519086
5506409
5487036
5513476
5504689
5490181
5504481
5511939
5482875
5512554
5499934
5489081
5490771
5497457
5517310
5516116
5498535
5511075
5490546
5473300
5501814
5497460
5500253
5491007
5498802
5502313
5506607
5494093
5509796
5500675
5511400
5510838
5481810
5512208
5483557
5487109
5510023
5487608
5520129
5505284
5495348
5493426
5483907
5496491
5506544
5508175
5503755
5515466
5496717
5510162
5495429
5516559
5514554
5496993
5497441
5515504
5485049
5505379
5495053
5514841
5509252
5486078
5492277
5485121
5516543
5492819
5512011
5503030
5525158
5493948
5500916
5485656
5503001
5482572
5488659
5504269
5488551
5495191
5474304
5484051
5497139
5508267
5512747
5478105
5483225
5500794
5501372
5503450
5513511
5494745
5491192
5501786
5512899
5493667
5495994
5478744
5479921
5522416
5499850
5499986
5506377
5499892
5499273
5500383
5525615
5522727
5515832
5502208
5513821
5481177
5498351
5482383
5505574
5522795
5502973
5495744
5485755
5496173
5497100
5491046
5496659
5494905
5518001
5519034
5503945
5501636
5519311
5492554
5489845
5514756
5483684
5504766
5509827
5489464
5505027
5507967
5496890
5510691
5482128
5511204
5491739
5504294
5508176
5494101
5486183
5483785
5495629
5499987
5512809
5495583
5500307
5507461
5516277
5514828
5500939
5505051
5484069
5505396
5502168
5486378
5482413
5523694
5481492
5489595
5509707
5490680
5496219
5496096
5508037
5490081
5491705
5515527
5507145
5504259
5496835
5485053
5506660
5518515
5500933
5504007
5482378
5505204
5492318
5487902
5510491
5523662
5524194
5482169
5504912
5508882
5489554
5517658
5512932
5510337
5487307
5502810
5522269
5487964
5504820
5477908
5510663
5496197
5494038
5505312
5511962
5499387
5517296
5499680
5503940
5494997
5512355
5513495
5507621
5513362
5497309
5490226
5505303
5498087
5491395
5511553
5488228
5478117
5498320
5499707
5503241
5504290
5508227
5504730
5489175
5477424
5487169
5494679
5483537
5505416
5511613
5504439
5511636
5513726
5481244
5485220
5498645
5494758
5489548
5500290
5507279
5506010
5483424
5502478
5503475
5498485
5509048
5507206
5506972
5507098
5505399
5496035
5502039
5506666
5528026
5505364
5493498
5514107
5469705
5520046
5498842
5500738
5514757
5494902
5517103
5515151
5514987
5481908
5506523
5496146
5508965
5495093
5500960
5495012
5498303
5491909
5509104
5501563
5507943
5491563
5494511
5517652
5500761
5506302
5509465
5508027
5478565
5486131
5503910
5486025
5480359
5475495
5510674
5518190
5497071
5491261
5502563
5497428
5501987
5501430
5494147
5496764
5497073
5514962
5507432
5497802
5512334
5498169
5491286
5481222
5479354
5478495
5501685
5487051
5491730
5496999
5497914
5494833
5496065
5490120
5470893
5506760
5502841
5491220
5477395
5514676
5513369
5509049
5509931
5501440
5501296
5508752
5491482
5510252
5483672
5511107
5490054
5511440
5486927
5496348
5495166
5483297
5509262
5511367
5482651
5498573
5507259
5487397
5501810
5503770
5492004
5484700
5499197
5507471
5501613
5526921
5497129
5480941
5505182
5499252
5495719
5500985
5527993
5516358
5492558
5519284
5510192
5490119
5512621
5493055
5499139
5508813
5507117
5508200
5491230
5500550
5498003
5489796
5529765
5521279
5499347
5506939
5506375
5518434
5502550
5465232
5518810
5526854
5482049
5506779
5500949
5486841
5487464
5495671
5484622
5501825
5502753
5517830
5496837
5523870
5511754
5505870
5492228
5504057
5504560
5501868
5489721
5495509
5504495
5496694
5506011
5495388
5511356
5498034
5495776
5507191
5502757
5482824
5500349
5515728
5509017
5511016
5502874
5492503
5513049
5530304
5498047
5519285
5506211
5517380
5504831
5493922
5494468
5489077
5506024
5495255
5512915
5481041
5510219
5504816
5499861
5515184
5500102
5487931
5495415
5499919
5485065
5499110
5514515
5489276
5508593
5483472
5500718
5490953
5506793
5509272
5510498
5506509
5489444
5490650
5520280
5518335
5491833
5514789
5495573
5516868
5497084
5505397
5508921
5501170
5486340
5512004
5469568
5507366
5518672
5501590
5506576
5525795
5504377
5512157
5510819
5514339
5491126
5494291
5504497
5500208
5497143
5477906
5514097
5502705
5507721
5512376
5503953
5492401
5511664
5497445
5499692
5495085
5505856
5496799
5508428
5492027
5512903
5492144
5492678
5508101
5517964
5494358
5497123
5513320
5490649
5495501
5494953
5488719
5516889
5496902
5494933
5504383
5486508
5496282
5512761
5507854
5479382
5520563
5501604
5484438
5502319
5506595
5480212
5510551
5510356
5521464
5490884
5493721
5512422
5501856
5496072
5502434
5506206
5502004
5500402
5488808
5495470
5502285
5503870
5495367
5487329
5471926
5516187
5491019
5514038
5503577
5502820
5499355
5497858
5492466
5485736
5501092
5497321
5523977
5497400
5504847
5496633
5511323
5521065
5531790
5507603
5515799
5485219
5481677
5484352
5498240
5491980
5502534
5508978
5495832
5484225
5484058
5506289
5509826
5496063
5491922
5494211
5496230
5496431
5504030
5500802
5491572
5506822
5493144
5519896
5479398
5494886
5489322
5508994
5514451
5502605
5519673
5508279
5494655
5506340
5491288
5508557
5518007
5508138
5485181
5514940
5491225
5513856
5491554
5496891
5505760
5504530
5511096
5476757
5506918
5494193
5494703
5502368
5518739
5485042
5501000
5488302
5507690
5484185
5490222
5498552
5491377
5496376
5493133
5516256
5502356
5495266
5489614
5496705
5478701
5494547
5518938
5482718
5513918
5496616
5518027
5509572
5495165
5488190
5484472
5503827
5496340
5500136
5511446
5484890
5488952
5514993
5503680
5512508
5501984
5491435
5499627
5497211
5501290
5499982
5500262
5492818
5498462
5497910
5501537
5513244
5500901
5484124
5494998
5503441
5523213
5498922
5509504
5482698
5504819
5535581
5516052
5495378
5498921
5503692
5501059
5491894
5512236
5499779
5513280
5492893
5495763
5508499
5505616
5511702
5506907
5497797
5492801
5521789
5483831
5492536
5497647
5490367
5502694
5511847
5498129
5493309
5491318
5499701
5497990
5503055
5512926
5498028
5513922
5494476
5491418
5483763
5494639
5490755
5497508
5507475
5483598
5510590
5486595
5526194
5490859
5488557
5509936
5497409
5491675
5500159
5478598
5506460
5494848
5499418
5506169
5495866
5506962
5507008
5497037
5501854
5487800
5515076
5493281
5505741
5495297
5486011
5511014
5485157
5492484
5494027
5496625
5504384
5505586
5497554
5486689
5513896
5483509
5502592
5498000
5509178
5506083
5495922
5503902
5516102
5506550
5514724
5518818
5495143
5493904
5516470
5503251
5497634
5477913
5494973
5501808
5510299
5499016
5503452
5514436
5499279
5503133
5521997
5501311
5499564
5505869
5513484
5476186
5513133
5503319
5483904
5503932
5494616
5509848
5502373
5478485
5525882
5493962
5493517
5496821
5516113
5481911
5486754
5493924
5506445
5486607
5495246
5514955
5511561
5492297
5508156
5499532
5497174
5488335
5509533
5489899
5501403
5510761
5495569
5492301
5501760
5471533
5516837
5499885
5494330
5499846
5490493
5508551
5505309
5510971
5488994
5511102
5499452
5498416
5496986
5484690
5489831
5486212
5489716
5477763
5493914
5513762
5502231
5482373
5511956
5493436
5510605
5503053
5494826
5512281
5488842
5510318
5486383
5525211
5527950
5494588
5506018
5502348
5491451
5496872
5490487
5512190
5491954
5482640
5494556
5501616
5488988
5495899
5522833
5489289
5505897
5496204
5506993
5500408
5501258
5501568
5507970
5507288
5489497
5480235
5501844
5488420
5493867
5489219
5512723
5512046
5498213
5500532
5505762
5488232
5496093
5473230
5509142
5499419
5498987
5498072
5494536
5496964
5507670
5508223
5520564
5504631
5492804
5515583
5487101
5509314
5505609
5499461
5510325
5503528
5515861
5511454
5492229
5485895
5510640
5512428
5476407
5482664
5494419
5483555
5509719
5478061
5495624
5500088
5490486
5501678
5493671
5501948
5498808
5487306
5477428
5497601
5493275
5498565
5497382
5504991
5501824
5501316
5490442
5522253
5495278
5499009
5505936
5490262
5504355
5502456
5489493
5514992
5513211
5508951
5489851
5495427
5514902
5488934
5515357
5497825
5478050
5481289
5505085
5504585
5493714
5506003
5493364
5510111
5511313
5508358
5492526
5523349
5490172
5495625
5510453
5522260
5487505
5511508
5492844
5505883
5499540
5491732
5507740
5517073
5517158
5486200
5510615
5517834
5499022
5509365
5503080
5495248
5498828
5506923
5513194
5507269
5504199
5511578
5506642
5508041
5519933
5513903
5491910
5494852
5487355
5504838
5500661
5509968
5509598
5503168
5507370
5501732
5493887
5488433
5502287
5504449
5480234
5490699
5481115
5515376
5477128
5489294
5498901
5502685
5497306
5480511
5498896
5474348
5510644
5506533
5506408
5505219
5498790
5504036
5504580
5504592
5510147
5483373
5493885
5528988
5518088
5521373
5493037
5509636
5488196
5508179
5500288
5494421
5499126
5486612
5493719
5494189
5506301
5496875
5484642
5488056
5493675
5487810
5473860
5495275
5512642
5522710
5483534
5486588
5501505
5486130
5515595
5507954
5496291
5478777
5496422
5509780
5511730
5514996
5504915
5514164
5491959
5507204
5512305
5473480
5479068
5482768
5507222
5496191
5490813
5510283
5487050
5499800
5476622
5491786
5503153
5491688
5516212
5496432
5500592
5495558
5492688
5490861
5513674
5501713
5499881
5485663
5476614
5524989
5478719
5516726
5493396
5512117
5493292
5507014
5499687
5493462
5508602
5523759
5511721
5486939
5494753
5488732
5487656
5492592
5506177
5480011
5511342
5480536
5487017
5486897
5514791
5511485
5513486
5507541
5500176
5487148
5520845
5499297
5492452
5499156
5494031
5516906
5497543
5493589
5504469
5489526
5507229
5517374
5507348
5477932
5480596
5495455
5486392
5493594
5500626
5486701
5495799
5512455
5499436
5499813
5512983
5500246
5511380
5471021
5493961
5492740
5508325
5515803
5498831
5501401
5486608
5499302
5462654
5494247
5490045
5501252
5493579
5493387
5499405
5510632
5501859
5508226
5510980
5505181
5500823
5516174
5485957
5499460
5495197
5492413
5525134
5500055
5501416
5506352
5487815
5519748
5482197
5514237
5486733
5516938
5512161
5502295
5493812
5473930
5485824
5502716
5507576
5473289
5503519
5510062
5491864
5498284
5497268
5491915
5504386
5505152
5482826
5506426
5507051
5508257
5479362
5501152
5515479
5505277
5509273
5469208
5498299
5513081
5498883
5500623
5485055
5499304
5506013
5508079
5514174
5495743
5504096
5486525
5493712
5489237
5506482
5501327
5504145
5491437
5507476
5515040
5500838
5522033
5517967
5510314
5496104
5514127
5526082
5501602
5490724
5498295
5497002
5504189
5505053
5499160
5513075
5519203
5492322
5500543
5510730
5480692
5491150
5515586
5486121
5499744
5492339
5516687
5485921
5504914
5508914
5502307
5477248
5512198
5496419
5498054
5495370
5489227
5493386
5494964
5499554
5501839
5489099
5516580
5498162
5510788
5479376
5491835
5488966
5500808
5516026
5480551
5499344
5501611
5494223
5496727
5482967
5511256
5491239
5503838
5509621
5512142
5499670
5504662
5500399
5506681
5501302
5507691
5497921
5496729
5517573
5515534
5491432
5502250
5507240
5479860
5500115
5503669
5509419
5487586
5517686
5498501
5497365
5496519
5499390
5491489
5498834
5509197
5508340
5496128
5504451
5493477
5480569
5495411
5492123
5495858
5509854
5506461
5532098
5502283
5505768
5508761
5506711
5507739
5515912
5488933
5489501
5500686
5500387
5497799
5512623
5482393
5489040
5505812
5497263
5511756
5500879
5500067
5514124
5488168
5526402
5484391
5519145
5510410
5474007
5502898
5504988
5521439
5520172
5509386
5491492
5510958
5512768
5496041
5473382
5512749
5502454
5489150
5496818
5518283
5492026
5482743
5478813
5508157
5498502
5510440
5513453
5496423
5508123
5490098
5490761
5484760
5499797
5505822
5500440
5498577
5509590
5495456
5511884
5505068
5486238
5502500
5503322
5486228
5476681
5481175
5514182
5500480
5499525
5514380
5506603
5488415
5495935
5497425
5479100
5498525
5500419
5498509
5514135
5487554
5498199
5497254
5512951
5487933
5497944
5483614
5494248
5494830
5496452
5495768
5503848
5505361
5512764
5491764
5478314
5496921
5507351
5509755
5485004
5497749
5524075
5491237
5488888
5489050
5514881
5526812
5493546
5480265
5507682
5487403
5495307
5475706
5491332
5500739
5501585
5503615
5506631
5486993
5519339
5488444
5487254
5517176
5502923
5496738
5477382
5490012
5492003
5485455
5513240
5516666
5495071
5518290
5506107
5511801
5481003
5508906
5510745
5498695
5495713
5501523
5511233
5498929
5496304
5502980
5495883
5510866
5495989
5492895
5505223
5497471
5491164
5493741
5512774
5512597
5507683
5508097
5497272
5504588
5493552
5499174
5502222
5493359
5508283
5496290
5497532
5502882
5495311
5487281
5482148
5491535
5477951
5509877
5503276
5492479
5477451
5489118
5496453
5502161
5511610
5501733
5485051
5503736
5510679
5491095
5488722
5476717
5505434
5484054
5488704
5512502
5495778
5512729
5490915
5493076
5488183
5497615
5513090
5502612
5510675
5503784
5487139
5478824
5513750
5504654
5509577
5493732
5508716
5509558
5490504
5490165
5502381
5492218
5487300
5492651
5481599
5496828
5503738
5499324
5481693
5494182
5508929
5502215
5498381
5494936
5506653
5506374
5499842
5488928
5502900
5509616
5510376
5475822
5489817
5506839
5494560
5496122
5511536
5503073
5484538
5494086
5521300
5503965
5482369
5496646
5501336
5497480
5512018
5523710
5512937
5485757
5496639
5499108
5513607
5497274
5496710
5480237
5484119
5509162
5496776
5504102
5519714
5502483
5506801
5504178
5527541
5481006
5490278
5500204
5504954
5504190
5503785
5491557
5495998
5497261
5501208
5503433
5495386
5484817
5502674
5500478
5496094
5506168
5469444
5500334
5499932
5509225
5474259
5493536
5498797
5495362
5500827
5514375
5509674
5521421
5489133
5505907
5502822
5499722
5505367
5516463
5489413
5498185
5511543
5514459
5512233
5499935
5486031
5495031
5508617
5490754
5493503
5505987
5493509
5512275
5518250
5523467
5491892
5458729
5512633
5497677
5498053
5513267
5501694
5488398
5516734
5501113
5477626
5492854
5503835
5498684
5496594
5494836
5501419
5474455
5509220
5514865
5506242
5483318
5479430
5502575
5492986
5515288
5508586
5505374
5523035
5506579
5472386
5501928
5493586
5505526
5501245
5501135
5501920
5469506
5504743
5510760
5501455
5512572
5493415
5500350
5490931
5504195
5512705
5488615
5490469
5510471
5527009
5509449
5511867
5496333
5494413
5525869
5501427
5495771
5514607
5498014
5502102
5499166
5495337
5494162
5487655
5497867
5501132
5490355
5496265
5496030
5498943
5489807
5499503
5497353
5500787
5501260
5503789
5496403
5503052
5477401
5486148
5499358
5503996
5495870
5515167
5507871
5496511
5508899
5499845
5499966
5532859
5507543
5492142
5501465
5518949
5496036
5500731
5485126
5495797
5495393
5506327
5486582
5497020
5505994
5505437
5490857
5501488
5514206
5495729
5497606
5491334
5497451
5499479
5508502
5505953
5499821
5510800
5469045
5509534
5516206
5494626
5483359
5507340
5496132
5485198
5525066
5509123
5503706
5488096
5505478
5495812
5513353
5519397
5494074
5496905
5498950
5502103
5489317
5495748
5500515
5486986
5508534
5505359
5510608
5506152
5502329
5507709
5481927
5513222
5507643
5496499
5506643
5485582
5493356
5482310
5498234
5507849
5500944
5490109
5469739
5495309
5498277
5505091
5505252
5497433
5503690
5505721
5488527
5523616
5493862
5526275
5511455
5520034
5494168
5492153
5483400
5492404
5484198
5487494
5503116
5503866
5497755
5507124
5487366
5488404
5500870
5490627
5495218
5510741
5516472
5520529
5505540
5487269
5504233
5492820
5492028
5506865
5505126
5491636
5503499
5517905
5489646
5495947
5496380
5495704
5505325
5489346
5501204
5486585
5517284
5506991
5490385
5511681
5516879
5496338
5509124
5508691
5484972
5500139
5499411
5514718
5495273
5497796
5513673
5496114
5502293
5496429
5515143
5500254
5509065
5516301
5501941
5519007
5501265
5501761
5506995
5496793
5500269
5487277
5486113
5477074
5496098
5478207
5501246
5490186
5505242
5481659
5491367
5495416
5503826
5498514
5498737
5503768
5497861
5503636
5496479
5514930
5475194
5503435
5502027
5524503
5501087
5506154
5486621
5518006
5502053
5499445
5518177
5499678
5527277
5524350
5535962
5507298
5483231
5509535
5483875
5499638
5500894
5510366
5518726
5494391
5493164
5486759
5501785
5496495
5478086
5478594
5499035
5500846
5512583
5504997
5511649
5494356
5503649
5511225
5476689
5498521
5514950
5486185
5507501
5492889
5513757
5492981
5500117
5524331
5500313
5493648
5491574
5510449
5519173
5511113
5508426
5486435
5487836
5507334
5494111
5504967
5496825
5515109
5496418
5514170
5499900
5515435
5499773
5492852
5501149
5491638
5489907
5506326
5507376
5496019
5481129
5507352
5506638
5498729
5490834
5475021
5491027
5510541
5496308
5511501
5498401
5481849
5513069
5490149
5500493
5487331
5495680
5481635
5505110
5496552
5503180
5490209
5490663
5487156
5508169
5479433
5502887
5508000
5497212
5490279
5504949
5506781
5500244
5494996
5495473
5508337
5495398
5500780
5502916
5507586
5495385
5506659
5505082
5495148
5501966
5499972
5512651
5489405
5493489
5510909
5475243
5500594
5500768
5506303
5507770
5510203
5508901
5506755
5502511
5502468
5475813
5493608
5493120
5482715
5482489
5520869
5515216
5511883
5515932
5498633
5498367
5505269
5507172
5498020
5502966
5497889
5500896
5480422
5505533
5500790
5489839
5493749
5526063
5503311
5519817
5496463
5500488
5491152
5489302
5505323
5508158
5480506
5506425
5496082
5512172
5514546
5497930
5491461
5497567
5513838
5497459
5513855
5474362
5494854
5492134
5483273
5467788
5502288
5486973
5500235
5495274
5501432
5515039
5518064
5508103
5475626
5508961
5493708
5486518
5506673
5492183
5509613
5495040
5503250
5497289
5507085
5518923
5492257
5495212
5500902
5508986
5503327
5505420
5493161
5499923
5514199
5483078
5524534
5479282
5486662
5484452
5494842
5482728
5507263
5494011
5519477
5515214
5502194
5520027
5506187
5498844
5498811
5484768
5527032
5491422
5491449
5498206
5509881
5506353
5501409
5498785
5472106
5501117
5489412
5506751
5488254
5497534
5532811
5497013
5497395
5491182
5483866
5529506
5483702
5508538
5487343
5487371
5526809
5513966
5506192
5494130
5504787
5499337
5516403
5479180
5499548
5504426
5498519
5512544
5498893
5488284
5486685
5526517
5505693
5495589
5519633
5509018
5512662
5501605
5484231
5487177
5504899
5503846
5504717
5490845
5513378
5502135
5511051
5503469
5503778
5514842
5486778
5491224
5499204
5514435
5486785
5484495
5486795
5479718
5505007
5490585
5502145
5504958
5532993
5487121
5499061
5486363
5507754
5502449
5503698
5480127
5496433
5498208
5496746
5520620
5491884
5509393
5495580
5501444
5499808
5494686
5504775
5508875
5480390
5495204
5488882
5501368
5482452
5500553
5495149
5502539
5510291
5498346
5515692
5498197
5498239
5500709
5497523
5483734
5506604
5482938
5485356
5488403
5512966
5504121
5498304
5492918
5501950
5517253
5509713
5486360
5499894
5518153
5507096
5517086
5531368
5489731
5498676
5517892
5506800
5490960
5492147
5484950
5513373
5496700
5484485
5500835
5514362
5488422
5498171
5503565
5501635
5474884
5501012
5501873
5488571
5501683
5501434
5503588
5489986
5514629
5498996
5506944
5494847
5489816
5490202
5511950
5480507
5495880
5502622
5536844
5501922
5487961
5495086
5483573
5491279
5486708
5508651
5495971
5514936
5499676
5487728
5508321
5504496
5502947
5500418
5496767
5488868
5508182
5498625
5513123
5488149
5498204
5490692
5485804
5498934
5482231
5478468
5499202
5510515
5495097
5519760
5488645
5504045
5501900
5503170
5487913
5508835
5506311
5496978
5481955
5507993
5491672
5488945
5505898
5502482
5516400
5494675
5516237
5503594
5507886
5510816
5498180
5500492
5513797
5493804
5496048
5505909
5512715
5509689
5504618
5476876
5502729
5510717
5497401
5501041
5499962
5498799
5496699
5483457
5500048
5495328
5490690
5483817
5490361
5508621
5497800
5504001
5494319
5511289
5493064
5501543
5483482
5502549
5502547
5521837
5493913
5494183
5494603
5493581
5493305
5491479
5490192
5516520
5505419
5501917
5490016
5485348
5496084
5506064
5527938
5497155
5494451
5486959
5489880
5497756
5474434
5493810
5513259
5505087
5509340
5503079
5486150
5487847
5496451
5501062
5489379
5523995
5493585
5502192
5501999
5500331
5514349
5506225
5486865
5512301
5501867
5513032
5494927
5498051
5484382
5481552
5506254
5513921
5502742
5499634
5509530
5492778
5503508
5504749
5481790
5498062
5506415
5493416
5477353
5486863
5491045
5503190
5508038
5498198
5504037
5516132
5485207
5487820
5519832
5496510
5495934
5508493
5497664
5480966
5519693
5483658
5516680
5496657
5498905
5494407
5508218
5489021
5490936
5495553
5487330
5487454
5511142
5507494
5493297
5501550
5498758
5507225
5500776
5499333
5493951
5501206
5498984
5508033
5499710
5508031
5489919
5518354
5495111
5501620
5490854
5488860
5508525
5503038
5508980
5492334
5501093
5500259
5503730
5512360
5507552
5508894
5495844
5493823
5532090
5501199
5504966
5505271
5478649
5483567
5512195
5488927
5499421
5504464
5500946
5503274
5509357
5502852
5508991
5482592
5516380
5514425
5502888
5503299
5491093
5490526
5498471
5493769
5498438
5514419
5498066
5510877
5489337
5493407
5502169
5516712
5505380
5502461
5498572
5505767
5495257
5498186
5518627
5493093
5478995
5486994
5496141
5498146
5512467
5503582
5518128
5499760
5504855
5501499
5515549
5481831
5518329
5507021
5516064
5505117
5506219
5494579
5500614
5498673
5487550
5497986
5497225
5498139
5499024
5514814
5511820
5499089
5504275
5505016
5517836
5518362
5478799
5506208
5513024
5495405
5507139
5496643
5491924
5473329
5504108
5490467
5492865
5496339
5489197
5484129
5504073
5503009
5496494
5505962
5488482
5505376
5505713
5491268
5508060
5493150
5504353
5491573
5495986
5485577
5510207
5505810
5504227
5500036
5512116
5492958
5496691
5495268
5505192
5514417
5508888
5508029
5517368
5482237
5502378
5500958
5515810
5490373
5485880
5503216
5504473
5502566
5486167
5501363
5499768
5497096
5509016
5499809
5494648
5471648
5508265
5507104
5495000
5508952
5487072
5510652
5522509
5498705
5473565
5484348
5498694
5501195
5486715
5507530
5498089
5491709
5502390
5515525
5495030
5486288
5500834
5510865
5490570
5516291
5519785
5495860
5496441
5503786
5498603
5514045
5512742
5509580
5504147
5499483
5504698
5503628
5503360
5472128
5486837
5511042
5502663
5500540
5509320
5510209
5496865
5492694
5509401
5490589
5495325
5511162
5497339
5498173
5492930
5486442
5503284
5504186
5486968
5485742
5488647
5506347
5503077
5503884
5482785
5480789
5489299
5503543
5495161
5496496
5493626
5493587
5505517
5485167
5487142
5517421
5490324
5504971
5512310
5498908
5484244
5508823
5516294
5501511
5517514
5497537
5519529
5524693
5500791
5496106
5495754
5505471
5490607
5481558
5483329
5502123
5506369
5507313
5495672
5514620
5487112
5481719
5506100
5482391
5508110
5482866
5486012
5509077
5512403
5473831
5506947
5488107
5496009
5490803
5489250
5503524
5497301
5509955
5526297
5501878
5495691
5520187
5495170
5490102
5507337
5509269
5505959
5505756
5503035
5508610
5498753
5511334
5504614
5504142
5539446
5490210
5512456
5504205
5503149
5487692
5489787
5493486
5485028
5512005
5499025
5511243
5493242
5497991
5491537
5504228
5499258
5485327
5512274
5487897
5508128
5510880
5505829
5485405
5539948
5488869
5517006
5509787
5494124
5487069
5484026
5492814
5493457
5504358
5498972
5510561
5501270
5500748
5510920
5511499
5503287
5501102
5525841
5513875
5521256
5489054
5487217
5494008
5501196
5510051
5494583
5496187
5506025
5503854
5491918
5497699
5509392
5488416
5512981
5489093
5505394
5491587
5501976
5502777
5492902
5476642
5515066
5487360
5489903
5502952
5508125
5503025
5502411
5495977
5482362
5492934
5505025
5512609
5482207
5494982
5484666
5511034
5477209
5507866
5502325
5523021
5507319
5517085
5505322
5483235
5503421
5489718
5524670
5513505
5489421
5517998
5513779
5497223
5528271
5508796
5492509
5503895
5513443
5490622
5475315
5502697
5515404
5496506
5500580
5514148
5485901
5505827
5502028
5509779
5486855
5503544
5501275
5494614
5516398
5501108
5498340
5491763
5485572
5480017
5492103
5500224
5519493
5506519
5519999
5516069
5526091
5519713
5507111
5488243
5482610
5499647
5494631
5481627
5488269
5509960
5498971
5516729
5507317
5512472
5498334
5483723
5492127
5488807
5483290
5517312
5503560
5519368
5492050
5511118
5515962
5515650
5496970
5500591
5492853
5538396
5495392
5497065
5487941
5480254
5488475
5507777
5503682
5492520
5513628
5513229
5487925
5499045
5495077
5520311
5502005
5488566
5496630
5497237
5510457
5489047
5507292
5497226
5482429
5526020
5494483
5511586
5515553
5483091
5494443
5513859
5495335
5501918
5513872
5483146
5497666
5514578
5492629
5504099
5503693
5500430
5487326
5501912
5492991
5502677
5502891
5516474
5519247
5492475
5501693
5499007
5518942
5495133
5496155
5495975
5505801
5500388
5501259
5511026
5493781
5514787
5504372
5503058
5485973
5496243
5502959
5498031
5511787
5503746
5523232
5501863
5507186
5509983
5486268
5496715
5512578
5511710
5485105
5498510
5476528
5496171
5498117
5506812
5506349
5511116
5502184
5502077
5498526
5492883
5521815
5500806
5521407
5505874
5472485
5512027
5499587
5515818
5507024
5508770
5494785
5493619
5489392
5486342
5503806
5504672
5490839
5484827
5504262
5497380
5493686
5493745
5506332
5517194
5509982
5493830
5501815
5502919
5482722
5503695
5492516
5515223
5514394
5511173
5491098
5504245
5484592
5515226
5514860
5509947
5467615
5492152
5479009
5492512
5503414
5513843
5514951
5494906
5494557
5504009
5491962
5486564
5492542
5486245
5510689
5498547
5500358
5500990
5508419
5514474
5499672
5467047
5486922
5491382
5508301
5502299
5492309
5492348
5500598
5509834
5511566
5503814
5493560
5492497
5494091
5480353
5496257
5479409
5507616
5503709
5479875
5479841
5479165
5500186
5500593
5489836
5498326
5482911
5514908
5512829
5503392
5495699
5481259
5508863
5500338
5505426
5489171
5495779
5514755
5495387
5498596
5496882
5505501
5523365
5499854
5501756
5503399
5511786
5493428
5499514
5489850
5507863
5487094
5497443
5486683
5485398
5488940
5488103
5513085
5530929
5498022
5488264
5488485
5486669
5503638
5503022
5500326
5502752
5514639
5479174
5509920
5484708
5494919
5498714
5492514
5515845
5495003
5519687
5494738
5513271
5485318
5494608
5502119
5488756
5507821
5479450
5491771
5471047
5492394
5500782
5509426
5508990
5515630
5488338
5471732
5504435
5502670
5503010
5498810
5488280
5500972
5511262
5486814
5502599
5497926
5515917
5490739
5482914
5495345
5504521
5536669
5496687
5501309
5495101
5506446
5490044
5525920
5514695
5481042
5498866
5500297
5496775
5470939
5488054
5507793
5506149
5499053
5493097
5519733
5499117
5493807
5494765
5500707
5479770
5489492
5502920
5473255
5479673
5505988
5500938
5499392
5494070
5506081
5490049
5492840
5510676
5497176
5485917
5510094
5503205
5515440
5510919
5522245
5470935
5509298
5494061
5478828
5493777
5509980
5504962
5522148
5497136
5509216
5488256
5513588
5508259
5509629
5518097
5517660
5507295
5506766
5497424
5515724
5504645
5488608
5494201
5486545
5498122
5510048
5507817
5483724
5506159
5519014
5488282
5494568
5480936
5508678
5492287
5504135
5486896
5498309
5506356
5499360
5483496
5479405
5512917
5495601
5509030
5525349
5486451
5500031
5491017
5508022
5496301
5467033
5493276
5495249
5492417
5508412
5500094
5504863
5512254
5508467
5484976
5488025
5512061
5503028
5505551
5493424
5519893
5512179
5488713
5486649
5489013
5510467
5504799
5500133
5485494
5502791
5481376
5475870
5511326
5502406
5500369
5496900
5497396
5503715
5502173
5506125
5511845
5502933
5500122
5509606
5512336
5496464
5487350
5496598
5496218
5492593
5512185
5513172
5512846
5493559
5485979
5483925
5497695
5489472
5486019
5489674
5507031
5494827
5525756
5510635
5516659
5497201
5509264
5511030
5517839
5507602
5504565
5517579
5482954
5508548
5505447
5511576
5496962
5490148
5478737
5494954
5487228
5494154
5495775
5485141
5506199
5501764
5507794
5485504
5497122
5482290
5508928
5505410
5501574
5503646
5525725
5515668
5491277
5501037
5508204
5497142
5500704
5492572
5496236
5507891
5488951
5495921
5494275
5494798
5501628
5520605
5504111
5485094
5504976
5496071
5509638
5512197
5513221
5497903
5494469
5495521
5509714
5492316
5490959
5509300
5499743
5512637
5506389
5511124
5493445
5519708
5496379
5498951
5503853
5502581
5518417
5499063
5506514
5489109
5494156
5490652
5492095
5499777
5504981
5490660
5491611
5508623
5470392
5489968
5507527
5490464
5487587
5512949
5512506
5500982
5489508
5495576
5493329
5504424
5488580
5486455
5513099
5497905
5526436
5498851
5503562
5506556
5514104
5507272
5486303
5493223
5510891
5484877
5511138
5505352
5494007
5511687
5524101
5496562
5487261
5492851
5523231
5496867
5503687
5492742
5514441
5492631
5488484
5511199
5484152
5504887
5511565
5489855
5510765
5510421
5479510
5516481
5488301
5500201
5515334
5479526
5502664
5509092
5506267
5498940
5498836
5484237
5483436
5501970
5486535
5502034
5488828
5512753
5491747
5516370
5486597
5511361
5502609
5487007
5490243
5488106
5473086
5486010
5532685
5490076
5490160
5502043
5499505
5490230
5519011
5516409
5483217
5486565
5485887
5504908
5500052
5504345
5487172
5506069
5510425
5510887
5502996
5483749
5505954
5483195
5479873
5498702
5511297
5491615
5489470
5498235
5503179
5529695
5492495
5499285
5496915
5499069
5517961
5477324
5494613
5490550
5513377
5502241
5508734
5493798
5504760
5485427
5477372
5494434
5501759
5514051
5508376
5486189
5494984
5499635
5484439
5474887
5498221
5506670
5507800
5511155
5489834
5496101
5514933
5495057
5520953
5494372
5504889
5468427
5516909
5484935
5503358
5497722
5490337
5507550
5498069
5492439
5488268
5511093
5497505
5481401
5504251
5496279
5494305
5502555
5489758
5492521
5508583
5495863
5505467
5510543
5510420
5486049
5510767
5513617
5508494
5494828
5493086
5503841
5499942
5513931
5499434
5491068
5491013
5501949
5488612
5481374
5500196
5478194
5491863
5480352
5503741
5487478
5511530
5513633
5499245
5503370
5477551
5501497
5509098
5520948
5505951
5505747
5505947
5497035
5507519
5498345
5513654
5485103
5502116
5491319
5487755
5509185
5469577
5486133
5505632
5482129
5491284
5507622
5512444
5498602
5484400
5497376
5491694
5496754
5500607
5502971
5515176
5496925
5496642
5484160
5504533
5492370
5495658
5477647
5500999
5506669
5510577
5495952
5488716
5485454
5517930
5506119
5512346
5499301
5517193
5488414
5499318
5511234
5487914
5498202
5505905
5480774
5510012
5510803
5509992
5521077
5492030
5500190
5491836
5486858
5505199
5487757
5501816
5502591
5520957
5495039
5478940
5497707
5507265
5507113
5512128
5500121
5517087
5497334
5527909
5514602
5495369
5516376
5500230
5492973
5501758
5496747
5508879
5496956
5516393
5509573
5486840
5491720
5488620
5499727
5488709
5496709
5487108
5496425
5498050
5499430
5514525
5499875
5485761
5490895
5497538
5502318
5495259
5506164
5493683
5484946
5478607
5478775
5495336
5515115
5491994
5493739
5490560
5494232
5507198
5520531
5500012
5522346
5521251
5505649
5505355
5474866
5502320
5518107
5488954
5497250
5497621
5497814
5489291
5499683
5511876
5492031
5488084
5507372
5521775
5514551
5490071
5484082
5514358
5504768
5513860
5484460
5512212
5508378
5520891
5500227
5516188
5471125
5507233
5492691
5502828
5499860
5513148
5495828
5501833
5508582
5508900
5491457
5486073
5502774
5496816
5501533
5487011
5498358
5512392
5503336
5492713
5483634
5496976
5501086
5501745
5492644
5493465
5475579
5506895
5484645
5479039
5500974
5487105
5501862
5497641
5495082
5481238
5511870
5510389
5504125
5516990
5513460
5481749
5473714
5509353
5514184
5491948
5522543
5513208
5489097
5500522
5502635
5484523
5490943
5511414
5508074
5513923
5506428
5504118
5502297
5504630
5514854
5500375
5501039
5516412
5490447
5490039
5476468
5525787
5501687
5497836
5503795
5503192
5503962
5489292
5516944
5504284
5500160
5505239
5507637
5516740
5504075
5494800
5509232
5514766
5520085
5492786
5486946
5505241
5497810
5497461
5502229
5501872
5488848
5497048
5489542
5510243
5496475
5476657
5500613
5484742
5502030
5507850
5509551
5488128
5487486
5493672
5499237
5493524
5485420
5499974
5497128
5478681
5492341
5498778
5509630
5481665
5479768
5515467
5503267
5498838
5499189
5503286
5491735
5488740
5494000
5497872
5497860
5513684
5490921
5490763
5504606
5489032
5511082
5492080
5517210
5473584
5501378
5502191
5507598
5512708
5494017
5503337
5493933
5500217
5482508
5492994
5484813
5511185
5509547
5488400
5485379
5480602
5485639
5504000
5506854
5493239
5495452
5505369
5510303
5508314
5481011
5503200
5490104
5492917
5498154
5505532
5500035
5508028
5502212
5495839
5509870
5513107
5520730
5503175
5502274
5476889
5514042
5492961
5513051
5509438
5484432
5513471
5491445
5497522
5508944
5518289
5499017
5517122
5494794
5486263
5505243
5502784
5511479
5467670
5505100
5515671
5493272
5499394
5490840
5505871
5487856
5500548
5486444
5493797
5489860
5510560
5510606
5494239
5493254
5522665
5480866
5495172
5490785
5502768
5513114
5484055
5498669
5491738
5489200
5487584
5487905
5507884
5510223
5502436
5502914
5497826
5494661
5501099
5518654
5483893
5491865
5486757
5503535
5511109
5500068
5508471
5503712
5497847
5498119
5517509
5494324
5504361
5505957
5484257
5506531
5483887
5499828
5505482
5522871
5485284
5488739
5507312
5517654
5509157
5500612
5505986
5516946
5502304
5496411
5509335
5508490
5492879
5487091
5498754
5519612
5490325
5503101
5512606
5495007
5499105
5500125
5493844
5471820
5509929
5504640
5501470
5487436
5498833
5491685
5502395
5478310
5503223
5503894
5488744
5497738
5508918
5501586
5486246
5493139
5488701
5481583
5516804
5518015
5487614
5507332
5523372
5524385
5524353
5488430
5499127
5490241
5506836
5493740
5492414
5503986
5492707
5504283
5485002
5509442
5491484
5505148
5510213
5514497
5506768
5483502
5512600
5494689
5506597
5474906
5505014
5515347
5513009
5505960
5488553
5490105
5502021
5504448
5498548
5511303
5484684
5509717
5517388
5498085
5487501
5501770
5494712
5502026
5518861
5487990
5492291
5511921
5511626
5504369
5518710
5488830
5491394
5487935
5483999
5506123
5496140
5475764
5477530
5501728
5474919
5500732
5504941
5480115
5484354
5493925
5482433
5500272
5515451
5510801
5505339
5482347
5498368
5530011
5513395
5487115
5476293
5484614
5488469
5510413
5501452
5510892
5479151
5514692
5501614
5504421
5487881
5489530
5489465
5491974
5515530
5506605
5499474
5519081
5492447
5501658
5504234
5479857
5503495
5482937
5509226
5497178
5483769
5479208
5490632
5491889
5498583
5490401
5494304
5494227
5498144
5492615
5505549
5504657
5515835
5482388
5507044
5493541
5512020
5477807
5474245
5505865
5501588
5485822
5510156
5497314
5499295
5518440
5505424
5510446
5510775
5494718
5489096
5501177
5499782
5491030
5523297
5496525
5508565
5500597
5515292
5490332
5508238
5482622
5498704
5511122
5495781
5493605
5500887
5479303
5509005
5486661
5493759
5494885
5483141
5499636
5484659
5504409
5490418
5494250
5513664
5489058
5516815
5505716
5511376
5505036
5493269
5507185
5501843
5471122
5476392
5492543
5492779
5499121
5515910
5517988
5486800
5483939
5507779
5511410
5533131
5510408
5487416
5485952
5498310
5481203
5484001
5485090
5508504
5503935
5500356
5483673
5509023
5511137
5491850
5506562
5502756
5501362
5485499
5469412
5494789
5496602
5494053
5512298
5487796
5493204
5494529
5497205
5500722
5508665
5502345
5507897
5487541
5499500
5501490
5487158
5505888
5519797
5490095
5477733
5492822
5501163
5501162
5499401
5502940
5493787
5503915
5507013
5478268
5510666
5498341
5510955
5499857
5515396
5492549
5497813
5524545
5488417
5490703
5484875
5486971
5492419
5493722
5471981
5502582
5484526
5506953
5508947
5490580
5479761
5500362
5490309
5499088
5495410
5511261
5504732
5510472
5511059
5482037
5512712
5522605
5487969
5507731
5484643
5489833
5487410
5492728
5488509
5505657
5497419
5502894
5502142
5519837
5501256
5505422
5481755
5479368
5483625
5468959
5512670
5508286
5486623
5508877
5508682
5483548
5487506
5496216
5499642
5496111
5496634
5522515
5502090
5509949
5506310
5493698
5508619
5475716
5507938
5499075
5503788
5508298
5498924
5485707
5517280
5523768
5511645
5492951
5485579
5497686
5514094
5490519
5507857
5498804
5506252
5476304
5515706
5531124
5480889
5472251
5500240
5511972
5481668
5495550
5495760
5486915
5497180
5498853
5515133
5502046
5484489
5482845
5499507
5512877
5508216
5481072
5502949
5506038
5487725
5492989
5506380
5499907
5492673
5510146
5497848
5498330
5494658
5511460
5483909
5490438
5488989
5508818
5498461
5515599
5508090
5524550
5519359
5503359
5488682
5494809
5484781
5495448
5511208
5514759
5498523
5497584
5512153
5501520
5486253
5483286
5486799
5521835
5487235
5487793
5504764
5492532
5519737
5499492
5498220
5502766
5506749
5489826
5496967
5510818
5512373
5505246
5513916
5506451
5506989
5479618
5495154
5511399
5504401
5517129
5503074
5501165
5479622
5489912
5510085
5498486
5499449
5504113
5502540
5508393
5505408
5510794
5495554
5489645
5499725
5514407
5496624
5495847
5513036
5490639
5495801
5514558
5489776
5492289
5509433
5492368
5512146
5501799
5482468
5504569
5519650
5504207
5514468
5530590
5495483
5496898
5501864
5512925
5515355
5515207
5503797
5508045
5499193
5486367
5498763
5517114
5513012
5512976
5501893
5515663
5480880
5493410
5488188
5540529
5491642
5504003
5510054
5505160
5503403
5489717
5500112
5507304
5487540
5504455
5511926
5512941
5514395
5525144
5500947
5507415
5487710
5506846
5497681
5496903
5502101
5525182
5492171
5505771
5502927
5503351
5484892
5507749
5495878
5499662
5512268
5499546
5492253
5505753
5502425
5495458
5481948
5500103
5503845
5479655
5506412
5510144
5515367
5508775
5499277
5499282
5501529
5484563
5497199
5500315
5482279
5512571
5498612
5505115
5487025
5500781
5503612
5487874
5504681
5515127
5489913
5499880
5499580
5494119
5519324
5489955
5500354
5482530
5492390
5508659
5494353
5500611
5496059
5514472
5484799
5504445
5484604
5498923
5496961
5495753
5505008
5504610
5482797
5503013
5509653
5483031
5503227
5492048
5501234
5491998
5495728
5487407
5500276
5510905
5496690
5478596
5487535
5502656
5506109
5500391
5499780
5496797
5521983
5509871
5515281
5502093
5514450
5482832
5483856
5510236
5519822
5502038
5487521
5502814
5519701
5496105
5494846
5486835
5491547
5512127
5511040
5490423
5516124
5519658
5518319
5483481
5500484
5503763
5491038
5491281
5502637
5504663
5482072
5496527
5496592
5506762
5514488
5500814
5507171
5504064
5504375
5513749
5494558
5520232
5493783
5518683
5495083
5485567
5496854
5486658
5490270
5493930
5509676
5502863
5494062
5488173
5495096
5499667
5509011
5510786
5504456
5521597
5506983
5468138
5509101
5526109
5513944
5520691
5501823
5484697
5507164
5481186
5505189
5517177
5498730
5506747
5508281
5510069
5520389
5502228
5494522
5499550
5488374
5495016
5491065
5517855
5520427
5482050
5506022
5490117
5523716
5509696
5497131
5520491
5519856
5496894
5480183
5490506
5504641
5494214
5485796
5526816
5513671
5510177
5491436
5496874
5524155
5498473
5502486
5493627
5506997
5502957
5506042
5485813
5525394
5500506
5496518
5507147
5488477
5505560
5504812
5507367
5493574
5514804
5511503
5481718
5510912
5514001
5520917
5484356
5497684
5499384
5491453
5490017
5476886
5508261
5498786
5489566
5486506
5482273
5508064
5500767
5502819
5509720
5483339
5498743
5483560
5505808
5512326
5502110
5485061
5493468
5482520
5500179
5512358
5504335
5512720
5513128
5487402
5497582
5486118
5503102
5500140
5487346
5495803
5517853
5503516
5499183
5505329
5490154
5497785
5496697
5493406
5501388
5502340
5504984
5492825
5510825
5472701
5499925
5487787
5490155
5486330
5504117
5502256
5497703
5496620
5504428
5505678
5519377
5505902
5531798
5497317
5516631
5485709
5496530
5490348
5500788
5501947
5507160
5505783
5501263
5481975
5499502
5493881
5508892
5481894
5508373
5491941
5481098
5513606
5500211
5508509
5516809
5529659
5512822
5500863
5515677
5507141
5500198
5516038
5499395
5510377
5478128
5481890
5505652
5492907
5475841
5516488
5497583
5495329
5499806
5513909
5502700
5496129
5499057
5477298
5501769
5505444
5502013
5476738
5483069
5502235
5495524
5515708
5501178
5478609
5498481
5504432
5507039
5483084
5501929
5517225
5489300
5494108
5486979
5496172
5509734
5506255
5510703
5522058
5498158
5519802
5512072
5504767
5514764
5477305
5497055
5506938
5506155
5490910
5480105
5486879
5509953
5508789
5518215
5489247
5489144
5479089
5496288
5502472
5498245
5482196
5491029
5488024
5500040
5498511
5499595
5501817
5515548
5507166
5509505
5504854
5498499
5489659
5498504
5516199
5492115
5492302
5498392
5506786
5504755
5487065
5491431
5496840
5477469
5508680
5483513
5501492
5491731
5491296
5494917
5489550
5516996
5509874
5480998
5496880
5497283
5497812
5502074
5508390
5514350
5497570
5509125
5506029
5491564
5506527
5511260
5501897
5513616
5507356
5496477
5495206
5481417
5501828
5494963
5512100
5495189
5486274
5485792
5501544
5489871
5488983
5516936
5476901
5495759
5483772
5482983
5503162
5494623
5513421
5490048
5506179
5518299
5495034
5484075
5490394
5508273
5501360
5511120
5524583
5500723
5474201
5495675
5511411
5492806
5513890
5492979
5498385
5507636
5497370
5492737
5498432
5491389
5481256
5505572
5512841
5508295
5499896
5483676
5514109
5508849
5501347
5471794
5496736
5477218
5519513
5504699
5484409
5507181
5489778
5489557
5531711
5502521
5495991
5495976
5501906
5505912
5491321
5473201
5492260
5506400
5490851
5513777
5494977
5507822
5518159
5520573
5500628
5487002
5517630
5507349
5498916
5504240
5481327
5511630
5513608
5506956
5510301
5517845
5489835
5502908
5494132
5498895
5508272
5501306
5512241
5498193
5497259
5499150
5517026
5474835
5478987
5480477
5495571
5485417
5496052
5494590
5493733
5516084
5469345
5504411
5504334
5506994
5503776
5496127
5494993
5511915
5522214
5506984
5506046
5479931
5496858
5464385
5502542
5485856
5512784
5492468
5501448
5505738
5495837
5496135
5504453
5494186
5490145
5507061
5483835
5491715
5488591
5502405
5510239
5517335
5504011
5498580
5500973
5507364
5500886
5505044
5507932
5481507
5493771
5503017
5497069
5498687
5492136
5500735
5517913
5488768
5503037
5505555
5493301
5510276
5500361
5499441
5488021
5504446
5506880
5497159
5501672
5495199
5513011
5487548
5508389
5491012
5494207
5500336
5495824
5516856
5501084
5502091
5514866
5508308
5501210
5487159
5512771
5499272
5495937
5510443
5492837
5482880
5500898
5493642
5495584
5487229
5491025
5505700
5481694
5506672
5507380
5493575
5484202
5497569
5508637
5486191
5505675
5522129
5507480
5491975
5480439
5514046
5510139
5492252
5494125
5502833
5517201
5477385
5510835
5485749
5495476
5497679
5507156
5494095
5496919
5518454
5516860
5504864
5492162
5507131
5493177
5495486
5502872
5501380
5504550
5506909
5495661
5483713
5501695
5484898
5475723
5492968
5503220
5486787
5516788
5519962
5511360
5478668
5497053
5483566
5499619
5491097
5480476
5495696
5498731
5500970
5495373
5491689
5508445
5493834
5501992
5492869
5506339
5505143
5508432
5508805
5489556
5534663
5473562
5472412
5496001
5520161
5511951
5507407
5502793
5512645
5483057
5496881
5510936
5499526
5495009
5508545
5485818
5498261
5498578
5494403
5487967
5511191
5503127
5492461
5504024
5490929
5509217
5481458
5501983
5505215
5512362
5505283
5502408
5512378
5503607
5512803
5516633
5483871
5502832
5500906
5507155
5493939
5501433
5479603
5490299
5483435
5478670
5514317
5500807
5489500
5498030
5493488
5472174
5477872
5499306
5489937
5496342
5506725
5514778
5503542
5503660
5500647
5492850
5489664
5509865
5487061
5486329
5479512
5502955
5492980
5509745
5506344
5494487
5522957
5491733
5516605
5496459
5518347
5501789
5493668
5506740
5474215
5505867
5491470
5478978
5499094
5504946
5517804
5502655
5504092
5504162
5487354
5514454
5499965
5512012
5507687
5501641
5495357
5489148
5495379
5500713
5514361
5492833
5503016
5497386
5525265
5517621
5504210
5508862
5491759
5504406
5511878
5522456
5518652
5501619
5495630
5483978
5513924
5498871
5508573
5481241
5498759
5494585
5502037
5506235
5489624
5526799
5490566
5507485
5504330
5481888
5505939
5488408
5489869
5499930
5498815
5502444
5485551
5502485
5499834
5502606
5507782
5496792
5511597
5518339
5499097
5499491
5491583
5491579
5490495
5502817
5493147
5497697
5485184
5503868
5512817
5518363
5500090
5509167
5516170
5502641
5483017
5489509
5490765
5497271
5509166
5485382
5509531
5507781
5515300
5504447
5508275
5500161
5492812
5483563
5518815
5497148
5482897
5498635
5497915
5516699
5498246
5520002
5498270
5466876
5495384
5479934
5503248
5480718
5513370
5496524
5506915
5480080
5503635
5509277
5497940
5479823
5508229
5504902
5490791
5511855
5510317
5502398
5490870
5487801
5520629
5502496
5526922
5474690
5486258
5486114
5497652
5497468
5493384
5515603
5492527
5501323
5527814
5503161
5508339
5509149
5505161
5501005
5495777
5503081
5498308
5492023
5486804
5474026
5507167
5511946
5518682
5482141
5512330
5508326
5500690
5497670
5505571
5499362
5494025
5497207
5507324
5487386
5495894
5510846
5503831
5505144
5500865
5499874
5493902
5488387
5498349
5520146
5492156
5480819
5508330
5508609
5494437
5492555
5510558
5509119
5477794
5502543
5515087
5521741
5492715
5503099
5509457
5504289
5526265
5492550
5518424
5503936
5508189
5501284
5499359
5530096
5498944
5520639
5501418
5490170
5514986
5500595
5486168
5493110
5490205
5502522
5491181
5508415
5490417
5496170
5485404
5494856
5496382
5501237
5521899
5507106
5497116
5511168
5478234
5493512
5495720
5509703
5482466
5503982
5495073
5516186
5507264
5496504
5495481
5497849
5499726
5488501
5507545
5506285
5510313
5505798
5497355
5510547
5497343
5481678
5515868
5507844
5500481
5517034
5517897
5483997
5516293
5501646
5485797
5506587
5494873
5502627
5516013
5502098
5511052
5474872
5491352
5504815
5499508
5489012
5483786
5492290
5513845
5502238
5527021
5477823
5494763
5507466
5508162
5491302
5519886
5497539
5486824
5487396
5499584
5479798
5504123
5491986
5507914
5510766
5493853
5516784
5490346
5491903
5507572
5511215
5493226
5516947
5516976
5501935
5499824
5488304
5502010
5506147
5488046
5503104
5513500
5483915
5512459
5502603
5492529
5502590
5514617
5507397
5489496
5488217
5498751
5508252
5496566
5494870
5495054
5502754
5497344
5519240
5490986
5507995
5509487
5506249
5495698
5483111
5509700
5505048
5509145
5504570
5492361
5493840
5492411
5495708
5505556
5513630
5483467
5498632
5506826
5500398
5501495
5486692
5501098
5507956
5508755
5495949
5498732
5496032
5510583
5503371
5513591
5486092
5500487
5493167
5494951
5506525
5482061
5493264
5503132
5499977
5498008
5506512
5507004
5487659
5519112
5476043
5493153
5481009
5509191
5513068
5489494
5492708
5497639
5492398
5489627
5504484
5508907
5502798
5487203
5517950
5510423
5494980
5503825
5506973
5505460
5499199
5515049
5508054
5519365
5483884
5507790
5510345
5503477
5520261
5484677
5507003
5481743
5491659
5495633
5500082
5500841
5485248
5506106
5518698
5481004
5486337
5520976
5491459
5487423
5492021
5481080
5496334
5489995
5502943
5489484
5502361
5472529
5504558
5510361
5516983
5528527
5487721
5498365
5488857
5496991
5486181
5511897
5502661
5498311
5495304
5502658
5496489
5502856
5482861
5515444
5500285
5500189
5483917
5496909
5503758
5501652
5485074
5481375
5500708
5493975
5507509
5495443
5500457
5501675
5500737
5510145
5511518
5490554
5489474
5480107
5504083
5493163
5491026
5503377
5511791
5482367
5511418
5501996
5515644
5512698
5504196
5506639
5511317
5508608
5526216
5511200
5494841
5507007
5505620
5502826
5491053
5518893
5495611
5508092
5498827
5487758
5507428
5484998
5504302
5489066
5475581
5519833
5487750
5516873
5498127
5504336
5488569
5485067
5515968
5504559
5504543
5489774
5507958
5502183
5513986
5507848
5496031
5481937
5497089
5508939
5509821
5503229
5484830
5532503
5494987
5486832
5503015
5509322
5491760
5496034
5507507
5508579
5516500
5495697
5496147
5498156
5511514
5502572
5515495
5489948
5510684
5499545
5510534
5506163
5504773
5527650
5503178
5515434
5499095
5514400
5487968
5499657
5488356
5480728
5493373
5508318
5477033
5493299
5491829
5500652
5506957
5480304
5498293
5522235
5499044
5488926
5502990
5490674
5491983
5498650
5508154
5538289
5485402
5487630
5495131
5488529
5484555
5506381
5499905
5510566
5485486
5490876
5504292
5480743
5501553
5525951
5496251
5503314
5522805
5496217
5487908
5491869
5483122
5500305
5484796
5475963
5504666
5518199
5498529
5492762
5492273
5490023
5488439
5481962
5509489
5512087
5486572
5518797
5483660
5507894
5497603
5501797
5479402
5467036
5500913
5508909
5492965
5503193
5515715
5503816
5512523
5509926
5482249
5501498
5502812
5502124
5511000
5487667
5492500
5512140
5502597
5493129
5513981
5483582
5487640
5498419
5496273
5498594
5514340
5482098
5498121
5489939
5496572
5496470
5510917
5512271
5509589
5498423
5507493
5486859
5477639
5486801
5488015
5513531
5508976
5500438
5491992
5505965
5517450
5492215
5503235
5503135
5504095
5497599
5502221
5518482
5481944
5506063
5507214
5515892
5519747
5487236
5513126
5504329
5499829
5490982
5495019
5494571
5512149
5483107
5496929
5499244
5487444
5502675
5482131
5513744
5494023
5498264
5490505
5490945
5477058
5530811
5492872
5499783
5494299
