1488553
7204824
7732925
10946446
3005530
2819246
4979998
169709
9322599
2683849
7427300
3134672
1257995
5414455
5359742
6865620
1648718
6671353
1579785
8643174
9515281
1920469
1115425
10622855
2840062
10793286
9775011
6546212
8525282
10783428
1426576
8737950
366213
6496638
1126490
2845605
2322394
4904107
8366865
8587896
3794241
2999501
6068751
8233885
3038066
7314927
10769031
7461493
9269260
9433565
2455991
3051772
1501027
8865281
5012361
1193164
7672206
4090892
6591921
9922266
4374718
4317564
10153547
9526581
2522517
10306460
3975013
5371841
4623477
6384642
3474409
1260805
3982063
1457471
3245707
9055784
8410057
5983289
3330997
1217966
9909930
5668658
1664047
9063015
4530357
970871
40581
3485135
4356434
9712502
340203
3426364
8147470
600824
4288210
5858651
3251278
5116591
2769864
6439743
5345648
6127115
1650032
3896519
7343562
1506508
9411631
4718874
1056462
7301882
1058879
482823
6413900
167720
6664620
6075844
10863535
5289030
4115399
6385284
542978
2263852
5786629
7936442
1010272
8873735
10901991
2348423
6838684
2554346
2826915
8604885
9490103
1953793
1780563
8829323
1859658
467
4516404
9721220
1453782
3224156
3955900
4081611
479892
9426094
3897571
984231
9745140
8822954
9399337
8472376
2089858
2648297
10247910
1355779
3853956
4921913
10156218
4593980
6084173
647861
4501930
3676858
1393232
5195788
5408629
10326023
9005840
5659313
2292888
8899631
6396673
9036683
5830757
8939546
5272566
6139980
4717409
9691502
9388264
10445266
10875404
9823160
1431784
2179538
6398257
5196815
3819831
6465391
7105447
6012563
5794392
6729076
1250075
8885806
8598358
4084189
4206882
9384368
2811310
5648104
592990
164766
5950948
10863373
3039278
6112763
7327695
1540726
8800371
9537499
4502827
5001184
6359413
10569268
7575031
1318741
10988099
4830954
10792328
8750921
5976665
9312969
94604
10780112
4131544
8552756
5409438
8114792
8225156
1907167
4229051
181216
7219136
1086412
582778
9864346
1326596
2039772
8582719
500439
6420399
1306577
8912835
3697124
4614893
7107078
3804446
1945208
112836
434175
3207862
235285
10901653
6618836
6814631
9211918
5036505
7760337
1260289
1983870
1273159
3605355
9062997
3916991
691636
1338072
6617976
9378780
7860836
9104960
5492788
9090324
4903134
7249109
2238634
6159282
5250583
6964647
986177
10190717
4254868
4390810
8305108
2195895
3561401
5817503
1899250
6155582
4130059
6786318
7623360
6762105
5870424
5397529
1245211
6628938
2789464
9647750
5533604
260501
6208011
3940295
2147401
4306837
1309110
1048523
6105905
4386687
8143191
1970508
2597272
1200053
6161055
9209581
1451967
9918235
3229964
9122903
10830669
1648023
6355388
79475
9352600
5210320
3401612
2283967
40222
6692741
3776393
1549812
5665341
9741511
4329155
4204670
8467313
2690314
10028405
10711443
10307845
5752241
8759799
9273251
4829412
6008733
2150818
7465416
709586
1677114
7139341
10595133
10254551
6055379
10282049
8879179
4667367
4348517
8820870
1676952
8048313
6587176
1151019
1441548
8097699
53137
3842858
1115746
8397770
4511908
4463130
1028454
384454
5380460
10169269
5406507
6095716
9584291
8101143
7861747
1971701
3896631
4177779
10689338
7547705
9848733
8426871
5900039
4689627
6740371
10452951
8875974
5513392
10290278
3869001
7918072
63730
9860600
9136556
9606619
1459109
5449072
7560438
1751323
10811556
6814378
9238052
800198
6303309
9805800
9927749
2313808
7145067
8524483
1462301
3395406
2421786
7599555
1264574
7213722
6176778
10643085
5025653
67030
6599548
7066098
4007566
3862379
9514334
9958302
1004744
2008542
4279202
6287610
7550203
3198954
10565103
10107631
5449490
9935327
7562130
3287310
2797202
5973116
4818971
8649816
1447663
10639086
4577798
1382336
181617
10561952
9281367
10593340
26236
1566016
9569320
4145398
2725368
8102588
7316233
6208459
3699710
8101716
2256919
1393307
5536103
656628
3200216
815708
2930755
1957148
6932147
4835717
7102235
8411913
5057955
6120472
1600358
1492893
1481748
4379092
5676099
8648845
7554355
8519229
2294631
5546265
5621162
32860
1881238
2098255
3292815
4731965
2141853
4311134
150736
5662257
4550804
2687676
7135542
798608
10003228
2850633
3543969
1416915
5478646
8856407
1949203
8882192
8850375
8285203
5454711
4002245
8876162
4181439
10809607
2821126
6046869
5321701
9370042
9428890
6871921
3252377
4430988
9223605
6027856
5521529
1250117
10279379
3204338
1550224
6538302
10755866
8922533
10533785
655221
6585714
1521005
8892826
2180866
6609948
6371330
413588
3665108
4636523
4856821
840168
6879050
2126615
3055557
10397463
2160479
4838281
10551382
3877412
2339573
1946946
6559138
5669222
534300
9157387
3635169
5015674
4012005
6022457
3416626
7001610
9021359
506803
8047314
355801
3400904
1609131
4556551
10223831
10998326
1996772
9603736
1915431
8733189
5220307
8378578
6720903
9748926
8689498
3972280
5930612
2251533
3907655
3141396
7360499
9096541
6709141
9145017
245880
10118831
7711750
1696590
6311916
8414756
7003111
6624203
6432155
975748
4728976
1358783
5921693
5905847
2988072
1846087
1497457
7502092
2761017
10660977
9483066
1726645
8386359
3024933
8425885
6696851
3063171
2503829
5682446
10755377
7651218
5458969
9541679
3079531
2283402
1176184
6729779
5068174
2099295
4987832
9645369
4021448
4959010
4747735
7473951
7984935
5765443
5609744
6735698
10252272
8820213
2894294
5760439
2167541
3775488
8876201
6056337
8455766
2480968
4576485
6174238
3559831
2700120
1062374
6286947
6623213
5413208
5667182
9057407
7666397
10577761
8955518
9516799
3885683
5178208
2605038
633593
1303625
241571
1724496
6950589
6634863
1278999
9128344
10727678
295241
1521461
9296216
5846322
2754285
9292546
6988564
9029637
1342616
3067052
9508435
4479634
1175361
3305916
3042774
10623563
624270
3368131
8639856
8953958
7953980
7547232
8060638
8209276
483639
8517102
8940966
9547197
9988801
3848286
9573313
3728416
2465783
1097446
8835647
591323
3929566
2414027
7717155
8345074
1571919
8988836
5600517
7322082
3625325
3880756
5302202
9686952
10637144
839351
1814344
6969600
3496876
9239355
3485848
10384447
1152067
3778510
5400554
4789546
10499171
4909915
5746253
2232913
7501206
1592816
5985255
2275053
3676750
9771969
5127373
435996
8191412
4873419
478731
5667187
9118688
176909
9580788
6554439
6865645
8022086
2373114
9247625
3632095
7189847
4896649
5615470
1448636
105037
4217932
10828101
8970023
9036108
4705978
6412203
10080414
2484608
5637465
4422487
3958574
5811005
9558878
81851
8961778
8904469
5135301
1467733
4181644
8797356
2986255
1708313
9161175
4756474
7380082
7090179
7222474
7377617
8374725
2601658
4040724
10033113
9305456
418572
5887045
1553701
2986183
3779965
5052798
1851950
10618836
1338776
7210821
6971797
3968878
1009191
3862785
8270851
6131110
10668030
8771912
1244225
10607119
4839494
5893497
9476616
496873
8428727
5546379
10153350
6388994
1930012
5421933
10786661
1080898
1173875
5900438
10760659
10567746
2455313
4410878
3783128
3714829
4816377
8669635
10799158
3096397
5076054
3142676
6167879
2274255
3917564
9040282
1630290
7273139
2059840
6959423
7911885
10143125
5713098
1985
1148250
7530564
5198742
3860883
6611154
4816831
4882921
8648430
4710062
10270792
642457
1961255
655025
6583363
4839406
2377229
5676756
10878568
2894243
10922653
1119053
6035203
1935597
9207138
7673287
3443663
6291209
6620822
4979698
401857
6923570
5123973
6454516
8597653
441997
651491
10134496
4824665
10511516
364278
7993330
8540654
6326882
7640919
4096990
1976579
10612844
8354183
2310089
6847073
9024199
4195323
2415278
1467558
3857772
10594095
9879052
4580565
4084455
7805204
6767582
6846994
3060308
5024199
1497010
3896901
2350290
5270803
4932472
9418033
3217467
9821038
8857986
2973664
3826845
1456149
9198623
8340015
1716984
9654588
2010803
8406563
4596345
859109
7510937
6198828
6408479
1830416
3252738
3725020
7082562
8159229
9056785
4110800
4955277
10178738
1119818
10855163
8429915
7648969
6610351
9661296
6714291
8220627
3441234
4458238
2849443
4291275
9130217
2932931
2276271
7364171
375048
8035041
7117997
9265990
1471328
10791495
1670691
7035109
10320905
4677905
1773490
8771967
7336088
10558716
7187330
2545945
10948604
3360149
5064430
3139220
9597230
7861289
6842048
2517283
840910
7437032
7632946
6616605
982851
8674463
1835718
10406349
9310476
9147799
7918153
3244941
2728929
3241729
7804609
1744636
3616321
214080
9396206
6723619
937344
518248
8786510
9376810
7310429
618317
3066781
6423728
3978118
7274328
9171903
7940000
2995327
4772223
8794953
4500609
3606700
6431127
4676246
2541026
1924626
495968
8685119
6874696
4952916
10970603
4250079
176088
3153675
8056644
2943987
4593191
2003704
7101381
5723368
5674623
4661195
2213193
1225932
10816088
4700713
7424538
3175090
2305475
9970557
8583609
6591983
8142653
3916055
2222395
10413217
10383105
427701
6498576
4751883
2602583
5618966
10350248
9143275
7019866
1183113
587479
4185132
4072496
7683293
9386513
5610436
10057029
10206208
9306723
3493302
10180398
7835861
5145960
2839974
5559377
524128
10974436
5366168
4075993
8002908
3798977
3587800
9970210
306014
1777376
10737984
572216
8554552
6442816
2673062
2774815
10679748
9207781
8915431
8078039
5538697
7139058
775973
4919720
5404003
3758428
3018862
3749113
8025434
3787644
7382190
7993903
2000081
770564
2902081
4259782
9249818
6879392
8883548
4657361
5988934
766652
5775182
3097325
9804486
3125946
4159538
6266169
1674186
6873786
7885016
862705
241573
7147659
3505384
5012296
10695979
9664298
6942562
8626569
10070528
198519
9178815
40166
7316201
5220474
2127988
252334
10443000
4305845
8798611
752450
7152808
6231160
3794742
3727241
4513385
4353773
4684036
1626191
3453538
1785897
6998731
5756392
655717
1608485
4417521
9802186
8453916
6185969
400973
5809995
6922840
3816110
8747822
4288042
8115343
99064
8347995
2423851
10705508
7676280
10906610
3015414
6509958
1003357
9783716
7259910
730944
2513408
2605547
3147898
10305878
8112266
6026346
2924684
9073328
8918397
8438703
6668068
8969254
10411061
9969388
8488975
8170635
4883015
3360740
10840878
1714853
9809377
9428003
10902250
9503310
6730432
7841262
8817952
3469625
10592543
8532423
3227012
6003207
8728270
10141637
6182080
2910509
7676911
3116959
3443147
4509636
10300019
5648604
4462707
4914765
6392973
10558242
1286969
9321008
7474150
4900766
3064341
6260062
7776092
6667547
938216
8765094
6293048
1788774
3403621
9039406
6158531
1489428
597612
10455470
9757862
5761217
892283
9619080
4684248
7244297
10132064
9309779
8319740
10321960
10347161
5924131
8794584
9757951
5071026
2012028
7227998
5977676
5617356
9672508
1184066
7620264
6283984
3411542
9685824
861969
4325140
10524610
6566520
3433666
6221360
2729882
6562744
8614872
4125108
5720700
9553410
4534940
4736441
4872450
702620
9786764
1067926
9446729
10911964
10490473
5393765
9836075
10931693
9323851
1102451
10121978
7123
7283218
9065680
3031383
10552760
9771908
10136648
6896907
2013435
2690106
3840376
9439791
2166568
138722
10857576
9241429
4381458
611132
1944108
3347635
2504036
3021248
7068164
4830159
8168851
10910192
3162468
4356380
4574645
7685868
5290632
4534193
4893546
6027070
4996508
4588305
9291308
8226686
572509
10655797
2947592
10907251
9220789
8962021
3788083
1383616
4778948
99024
5912599
6266282
957039
855402
1857956
10394131
7195978
1380859
7688698
5499788
2155156
950072
1212668
663738
10622636
1226739
379695
27022
6930070
2513296
3386276
9156833
6145376
9347023
9868307
1945239
5551116
5697756
4292186
2931950
8893095
6473742
6936425
4650843
8847272
7875005
546191
986748
621247
4611245
6549868
5965496
7681755
9320199
1895581
9488398
8909407
7905459
5565919
1396802
5261473
707674
10283760
8349905
4820420
8053798
7634109
2888470
8126835
5532423
1657306
3869316
5086219
3634617
7236207
1342475
10109470
966596
10449806
3336760
7247715
4901850
8789488
3334872
1332520
9898946
10706636
7547793
5361157
6854028
571625
4979488
6883958
10000683
8970534
4979702
4688228
2790222
2195290
1613132
7482975
10923308
6405768
2572485
5305978
10675308
2193375
9866316
3736135
3488721
6076159
768392
5746924
393341
6658509
4379495
1765567
722245
571878
9420463
10756427
8944853
9371220
1681625
7497603
9822925
9199469
2187998
6636964
9814296
6995159
4173195
5304105
9195959
5530255
4657355
6522393
2923775
1324746
1322938
7140381
9355312
3651197
1210630
10443005
2923436
6135190
9220443
3267037
9906931
8643040
3368666
3168279
5019563
87961
7818419
9342629
9715232
10300674
3646632
2472461
3527348
2907318
8102169
2852841
8243825
1930034
10475044
7932575
4317906
9807881
2632882
9459102
6300095
8886273
4015014
7455782
10876136
10837742
4804940
2280337
5336041
8390076
8425983
3567794
3164944
1859136
4776006
4681491
1850532
4964688
466353
6090932
5448227
7761070
2745743
7653424
8036704
10579086
10318219
284238
113531
3715619
4120584
10909383
7240096
3616113
10528142
2112869
5642236
2537684
5599813
9734600
3030533
4036259
5565447
4675516
10088002
693485
8457094
2734945
8261561
3105674
10869031
3666590
9124315
8179519
9627978
1937005
9572193
5087464
4906527
2419513
9716923
6299764
9467977
2962680
5398778
8468051
9701561
2434372
4209242
5444555
4728578
4005226
2093686
2871863
10805512
9327852
6463629
8226337
9160307
6849358
8201408
7317404
154126
3864775
1152886
2460180
1663354
6404762
814552
6458050
4320989
739332
1453824
9124117
9714524
4617797
8883406
5857505
1832433
10050939
965552
6664300
6366251
10156536
7740037
4895615
5447961
8128986
1633440
342617
8444648
3185456
5014345
6988744
2103741
8840692
5055581
2591818
5214934
8323820
287753
1659431
3595849
1289353
6331476
1425921
10390868
8245797
4671682
2800408
7648790
411662
3088487
10728912
1251704
159802
1318044
6097945
8878393
1124615
3560108
10095884
9098856
9143098
10799442
977033
1647495
8645306
6583818
3663015
3070432
6540156
6050449
8371756
4068981
3023217
2078893
419672
2711343
5180393
4439938
9997765
3576990
2010369
8542575
7014597
5404788
10481515
7549791
1631402
5069773
2495517
5443680
8115714
2170428
8587239
2384632
3275434
5660153
2335524
753684
5806911
9269558
5979340
8600987
5006516
8702056
947017
1108106
5450609
632025
3670816
10088838
772450
1201936
6318957
5430320
6429721
3151483
8317922
3944139
3224332
8353639
10285047
819146
10313192
5500019
7274774
5270765
558840
5422870
10026236
1744840
3006715
10227459
6287671
4122069
2861857
6387174
10612813
10337460
1628796
680508
9844
834922
2887611
3785215
8022955
4171817
1716798
8320786
901527
8485842
8052740
1451981
3161801
9027041
7908127
7264988
10564427
6089562
3481173
5274185
3772331
5805067
1043286
10699629
191787
10889622
8037359
2147296
1104028
515665
6843664
2283913
6442852
7420163
6783631
9677183
5892809
4070623
748750
6483759
10240687
8142831
270175
6472069
854923
3482204
9416683
5815697
7587864
10018668
7539436
9607577
4898442
9757465
4877675
6896479
6404713
7904333
7563280
2440005
9118969
3565947
9252624
1416105
6914664
8158745
48489
4803521
3976552
8040054
2978405
1807294
4197104
4754108
479079
5784656
5078027
10025635
6832443
8229268
190232
3436090
4574210
842967
9388079
7912747
4895264
5559340
1757156
2898038
4595551
7822345
6460705
8213802
5078431
2218281
231868
6167107
2912106
4987274
2018962
2744359
3131805
3881522
10849833
1744297
3304496
9718360
6643480
10527732
1517432
9071750
6691253
5229342
8395363
10282911
4901763
6340575
4434486
1207878
3299249
5303606
296241
6516206
9291067
8258093
3254006
6586963
5587518
5461093
3786978
8033931
4953479
5122634
492067
7493508
1300236
577161
2149150
7132374
6034024
8557387
1022156
10330285
1237689
9243368
1339868
9861845
4632875
2731289
2795781
3613783
10798967
140938
4742367
9692799
5376538
10593654
7340941
7808526
2643978
7816165
10640673
8962661
4700123
7028629
9112800
4583334
3869892
5946575
8988674
944747
7986174
3997696
8525169
8559716
976436
6257525
10075188
7704175
6970536
8556965
9721773
1788889
10973847
8126487
422936
3990719
1883788
572804
7330299
7282939
608119
7520347
169612
2947104
9214826
2213583
6793988
9365579
1080442
6342932
6587270
7089870
3514
2223058
10843672
428309
10002185
3830029
8508866
8997639
10435646
824474
10224278
4002866
6403636
3226901
5967549
5914541
4535539
7800007
495759
3146739
10762210
9096845
4632921
5696781
5907876
1347826
8259481
9783696
8828974
3413101
2495263
10073323
5863870
2508621
1330173
9266089
8428548
4904146
8552194
4622711
9132433
4984316
1627033
8911060
7239865
10659873
6727070
5851142
1203173
1636449
3228804
10427718
2927380
1430991
4941345
10759090
8943130
2819750
5537954
308454
8946427
6607742
4708964
253542
5781545
5986060
2434804
9547049
1909162
6031821
10385338
5921260
7426773
7077589
3656568
8363877
8944072
1422522
10421192
7608461
9759730
8876160
2852089
8855033
5057591
4432933
8107788
1475658
5787451
6109392
8322900
8359538
7115541
2235800
4135530
6654014
1991918
1464980
419918
10950829
3286494
1066276
9077000
1076430
1111618
7214728
5233790
2501472
3316589
5023109
6598823
759774
3439896
4828869
5500402
5653529
6155100
8321106
3981416
4347518
6558529
1224580
2930653
9247989
8893236
9275059
5454136
10458562
2855981
6173817
3234974
5370850
2166934
8113165
6012606
6699058
9060474
597716
3918059
1874862
7185820
10072866
5331031
3458961
6969831
10817512
6851448
10544911
3733404
7612224
4837400
799654
3099847
10761363
1730142
6387849
2178185
8554915
8578489
7439869
6953388
7572979
2023249
9135678
1183748
2083465
8162894
8543039
9757562
5187044
7036091
1095265
1794533
10026439
5688986
6806515
430548
10936480
10544080
6755353
8378562
10935679
6051044
4472079
6644276
4174508
4263488
7059207
6013030
7150069
10276214
1432073
5552248
2908764
4670138
5293824
1126801
2684969
2193078
2562638
9668065
1728805
4543559
9536999
1616442
8869492
4943595
3764487
10087974
1254134
10820693
9519654
87571
3905265
278075
4851614
2040333
4884
5495682
6382041
8186739
7735778
9241142
6617975
5283353
4898872
7709574
5389787
1471545
4530157
8394339
5678469
2609980
1734987
10893471
7124519
2894752
5160298
8756342
8470638
6316261
9394039
6955587
3400607
8155518
5352232
1419276
1571968
3126242
10273644
5863115
1351763
8131439
1883646
6389478
2162905
10933010
10075367
8897424
5274485
9615377
4501370
7933955
2850640
8466929
2346023
9502793
3402008
10435109
1508751
3900193
7991404
10124095
8152899
1860847
351945
6078298
5343667
272342
8980969
8884301
7717696
4393101
6899387
8659694
8784223
2933542
9943154
4145347
9665641
5483242
7163642
1233142
7574124
4063017
10378947
2456670
10841836
10120129
8672076
4932358
9640903
2769184
2444575
8790919
7013475
4995775
7860744
6961419
5069158
9384055
4027904
2985012
6277064
7501256
4566576
10782440
4706074
3802704
10502732
5353387
9986047
3245551
7749010
7354018
6939532
8506117
1284388
2097830
9059385
663514
10684449
1246707
6777734
413343
10968441
6476096
10896464
5634681
10774193
7093525
5348823
3065559
4079941
8064844
8607950
3224114
118677
8819484
2823877
6192220
4375273
1675717
8316199
5506895
423644
5428060
8047108
8328890
5814012
988251
4283201
8395019
4617509
3340913
7035643
6679697
5910937
9054637
1214937
3873207
5088363
4624086
4515761
7318039
10620291
322589
4524146
3495232
8148014
6180375
10155054
7405010
8464164
771636
5305882
142431
8487510
4399449
10264775
5445130
4223855
7337490
7194755
1485636
1338433
5628784
7097939
135908
2099481
5345587
8015242
9842628
2250676
7577243
1691484
5972654
5589296
6110498
6859628
9699611
6942860
8027338
7228958
9889797
7590202
9151683
10484007
4232100
1735174
7298258
6384919
6070808
934384
10400880
6325172
10261058
1838936
7172776
7581788
3699071
8259864
8504572
2064375
2499305
5086151
9128872
3983198
3996305
4821708
7196647
10926405
437192
5471675
9842712
5355562
6207740
6085788
9038735
2444829
5403794
2363590
6344605
7911596
3027629
8353541
1077380
8913362
9140993
7479588
1589738
2872323
7574924
3447653
5190956
2895200
2715618
6126911
7677115
6115433
4906255
9397768
9231843
1901206
9510520
583055
4938201
5398111
5468510
4396824
656336
6459498
9913831
4335896
7207340
6750777
4836579
7938776
9846725
1630248
1146644
10524241
2674946
2433629
10404408
2176443
1824957
8474584
2197507
1775773
10136081
3092775
2649805
10892704
5305682
9979754
1218523
1237087
10833337
6308828
5590252
3275066
2780363
3052954
10826535
8985729
6572400
8671343
5859117
282934
9553201
10348651
10162135
7516375
9356526
3058706
9045919
3375240
5900424
1889335
6127501
1077945
592168
8430057
4219665
6650772
5950338
7382259
10921696
3356345
9407313
4347206
5117951
5795315
8689654
435046
186449
4720022
9280106
1208842
5012396
7392378
293994
138241
8363029
3266009
5533483
7044502
1506180
8764608
8306381
4387848
4878769
6897129
1206091
5232930
7385480
3546802
10468445
2192558
2008795
2076446
1917400
632425
5095655
3879791
5346681
3420714
5126340
9746870
663744
7101871
7575694
774009
2845334
1733623
10192524
2486981
3032409
2248659
3300782
4219484
5889235
10059972
5251724
3020894
10000093
9983408
8009661
7955668
9411300
3628637
5064629
9310298
8986328
3564832
10478239
1247377
5617154
3251530
2003685
10337046
4686227
9440109
2322199
10226364
3958811
1367256
1853952
5814992
1275448
4172151
4645992
529993
7292662
1553745
7389538
3711803
2546719
10690977
10523815
7080239
6064344
9839478
4045914
5943605
5947090
6389118
6642757
7547289
9047362
3450855
298247
4089409
5919608
838820
9709670
10452503
3773374
4859311
5439898
65303
4666946
9040181
294444
7779357
1036019
6534978
10514454
1247309
7935184
243290
10069626
6442526
6558700
6424609
2366921
9616518
9123706
1829117
1471529
6321495
5296249
6781790
8603532
3315490
9502369
4854286
8614168
1687273
8144736
7203383
2178537
5457930
10197972
8279129
6430156
7467297
5646818
3527761
2686829
207986
683576
5086949
5387645
2466746
8185406
3692819
10842235
5892674
4165306
10894768
744484
5427061
1814552
9070159
8885226
4238865
973181
8069669
9438085
6151028
3241157
10206787
6007851
3169119
2300256
2114224
3869436
7230136
10102806
6271280
2738854
7505432
9375287
4164461
9568510
5319837
9897995
8167183
5343142
10957349
5840709
3081214
5240231
3160231
5190680
7623335
4553278
4569534
8646666
4343725
7047406
5963903
5132235
4175800
3023259
2083682
8467923
2513761
7953713
9417811
10924017
3986642
4975953
2730675
6816483
5779142
77770
5333984
9549102
6985059
7327933
6958433
9789560
9926905
4493684
6865179
1916961
9144247
10848620
9244617
4250503
8187975
4618085
3365801
4818137
5834504
6571577
4426770
4366491
9372511
7023552
5999665
464633
4855317
6077616
5269032
7425867
10281341
1911256
2403284
492183
6556736
9134741
9990872
9320453
3273714
1272907
4897105
8437276
10038796
4702205
1851195
8492202
852695
10221050
5336612
3205431
5947566
9137649
5559614
4613646
8239599
7150397
5924844
10682029
1838603
4194821
8874723
4774425
4032231
1975179
8541788
5087607
1865657
5876685
3937069
6125553
3269763
6888260
10616869
5911779
9708210
1914744
491040
6152421
619534
761804
1572693
2235901
10927395
7283509
10561953
8182715
5659458
4987649
10105336
3170880
9102948
2139327
5857463
4632969
7249640
3140076
10765099
7897440
3716947
8980718
2059105
1294140
8522984
6005093
7828353
8253650
9854816
7706546
10506690
2967472
5183484
1506604
1674965
5283859
9334213
872814
2828263
8135323
10362059
3214546
1056545
6496959
10024599
6301175
10070299
965108
7189055
8246614
10797449
2811490
7595094
8626800
381576
4891236
10331070
6624820
4593077
8216778
2652299
2276999
8602869
2294177
9109057
3809558
7366010
7623888
873874
8244503
3157122
10796119
10947774
8161924
7567416
966621
10856497
5846824
8836588
6430522
3713601
385488
3302419
5000578
5615385
9946665
9215214
6623758
991926
7166674
4917598
2838599
4563425
6393750
6361639
2739224
3727674
6267253
10319566
9579553
4733194
19645
8284196
3002160
10136060
10873795
7116399
7265136
7690129
8536352
1023030
781182
388454
3029631
2335014
8062986
823617
8728392
8303523
4691374
398179
9678941
1166774
4792676
4951270
9291011
2474809
8713560
8405595
8923998
6579011
2436053
1449548
7756475
1487288
10310964
1815504
4479152
6759868
9252741
2981490
10225314
8730431
1145753
3500162
2058401
5875830
3171567
7705538
5527746
1185314
247213
2391793
4414455
567168
9617423
5221666
9507144
7761180
2978530
6571141
5107608
5115378
1486307
7555238
6022401
9313498
6639758
3741982
4231712
3939471
1273115
8030538
10102850
8662113
5918525
748713
6896977
3308363
6393573
984940
5444326
8191538
7385457
4919950
3612250
10593926
2289560
1769250
810518
6000057
2361309
1715735
8607750
4808335
4421562
7481610
3697881
6052179
10144417
7286006
600752
4833335
7640910
6899260
5767443
7721280
3519970
6480464
6372153
10526504
5100783
8839854
8217039
3514775
4487689
2538374
8777771
8159722
7560536
1287289
6336680
7510858
2707882
1087989
5910825
1135596
105364
1592208
2020971
5519001
7658359
5302987
4429931
1900923
4786671
9004551
8161041
3919485
3718435
703235
7584367
3579310
3199176
567898
6175469
10927500
8579951
827984
235219
8702391
6987765
10268442
6312572
4644497
6764004
58036
9745850
224585
7938361
7938263
386824
9968128
925290
6129982
273185
8512264
1829486
8171509
5291872
6308954
9134677
10140936
424149
7218359
8165035
2609975
8236923
6206981
7465167
4298074
8492479
4939139
7272592
4356042
4381513
7203315
5400733
9388673
4945202
3730710
4843711
2536866
247778
640183
585459
10396340
7635206
1951606
10887196
5635725
9670597
1573991
8141208
10310790
3442318
9821024
8979825
9540464
2923227
6239894
9129350
8980904
6713419
7474970
9544811
5041428
10364886
1958222
10626895
9723732
7823001
10931095
10279640
10854580
7892301
5500828
8854125
2968127
9902846
5612153
6188388
10347792
10566349
9233549
9118441
503639
365862
9101295
7702781
1052164
5997607
8033778
348538
2182770
2680955
9327508
10750740
2956403
10345023
4337495
7522271
10382986
8662817
4577842
3529309
6792432
154277
10894584
3950113
3861036
4933306
4928564
1677613
10191970
10900980
6929123
337621
10072634
5735872
5251586
3687187
877189
684477
6953463
4169094
3229211
5757027
2929121
8420181
10914902
6460360
10350961
7825254
6973300
9881738
10421348
3660673
9892359
9113200
1521803
1434182
3898271
1243370
7958508
1874521
9815676
6177662
7577190
1848080
842264
9291615
9910284
4616564
258887
9446482
8153422
3344615
7253241
1005846
5323852
6198676
5888127
6745601
6578148
9526568
10990306
7291376
8339256
1398272
8722312
5998777
3560525
779476
6073928
10265288
6918646
956466
10646522
1463885
176600
8798284
3464029
1012101
3645127
9070396
2645649
5295347
8727753
9465656
6486600
6578097
4058794
85499
9287967
1626046
7299543
4825195
8194610
428956
9283468
10295237
6821776
556133
8736971
1049297
5052034
8375169
3404125
10930495
2356195
2030643
1477603
759586
6947458
10694999
792688
3514815
1132240
2587685
6919560
6368601
2514392
5954044
9019011
6373710
7264119
4832239
2042696
5207500
194063
1526576
3502817
1566992
10838175
6510949
6962224
5912654
3205297
4652571
3381831
9552278
3032517
9394685
5816721
8110290
666941
9480959
4727930
6923438
5907683
637263
1690749
5764466
7258015
2644342
1637101
8622670
4147591
5713195
9743520
3099561
6369405
2528782
6591598
4097863
9379452
1267155
2138453
7878974
3916913
8428667
10384462
5897178
6572173
10342488
1631741
10129659
8332479
8329510
1253651
6030740
3143899
6579378
9430434
6896383
5410140
5465649
9623471
608532
978356
1644355
7941489
10009955
7688911
4111816
10171121
10252879
9400826
3757946
8420219
9132353
6940782
9838673
221415
9721657
7878818
5643439
2965426
9762523
868036
983745
6626707
6601148
7303978
8767514
6145131
7086041
466702
5077300
441383
9836634
8495107
4486194
904435
1203350
2183697
8001038
10404645
2850106
1803252
10745117
8429667
8020847
10465346
9271430
9842523
6038120
5414259
4900428
8232290
3557118
10892727
8740053
2005224
7370921
4118240
8155818
6174632
3951235
6569468
7194662
2867978
8356197
8615563
2304764
2456001
633475
316289
1702271
10235487
812170
10563868
287164
2292648
3211616
4038974
9169396
9942318
10994118
7077246
7829547
5642392
1474737
2502925
6568131
2308650
2120503
10993164
678028
8885356
3168745
1526753
970619
8620956
9747601
6243551
7914641
1003864
10358185
3209375
6629503
6659380
5483577
461522
944422
5766202
1358073
4418707
7810066
8860202
8425096
9728074
359927
7120915
2393285
1011596
5404643
1526154
987887
8958866
4870685
7592026
3470876
4768892
10042149
4992941
7809606
8378743
1970305
7189766
3664720
1562815
6566542
7245652
9904117
1758330
9133063
6120110
10370024
8471271
9880082
6167064
7449673
8701905
1395252
10911872
7971489
2668450
8377850
6086138
5527243
6442984
2777055
9934383
2742507
1421219
1458471
5904530
960651
3779499
10122156
6980212
2216041
263772
6148313
73611
6871650
6696179
8252388
5129893
6879468
5918264
7377344
1716206
3496655
1127100
9064051
9030876
10951899
1529086
311554
8149367
2354363
6110270
210127
891785
4433360
7373533
6189751
2073118
2300827
8556909
10297347
4262492
3168257
10590849
4127501
1650865
9683898
6428036
4379192
6445264
4792944
4190102
9934261
1346825
10081135
4421486
752869
9689802
9859812
8410171
9383392
9711741
3572352
8683123
8749006
265231
8345479
9700021
2874616
7320808
10886020
3998729
5181918
1919993
5365374
6766478
6860496
7243068
7566057
10936484
8918304
1220552
6101815
6933490
6334721
6131748
1713882
10359093
4005570
1782337
27283
8709691
1828906
9856852
6484562
7758985
2558991
2564642
5527507
5711130
10020589
9065902
6403689
264014
3214408
10564903
3849175
10482317
419325
5427062
1459121
4456714
1027799
1946361
7545383
4794233
8312163
2648687
2170985
4514881
9680282
1135767
9680594
2989262
5922440
7475453
30555
7251334
4117696
9893650
9249171
9033259
903955
3064305
6457613
168719
2851897
2725329
9801698
3915284
2743913
7515817
3935280
7012747
3130354
6639483
9096163
8064827
5985124
6301587
1106019
8020997
4649789
2879112
7771289
9326676
7816859
6292100
7989057
3578823
3114196
9180792
4124051
1558761
9901115
8430473
7955658
10437826
7358142
9278323
2833035
5357320
8668933
4008359
2842640
6730061
1263153
8121531
7536435
5285742
9507798
8070097
8003240
3716753
3315326
7936745
6946129
8251014
4628895
630042
10413339
8990873
4655859
6662973
10515939
4362378
1370336
4189618
9017811
9828011
6133237
9117485
9498286
9464506
6691355
8909043
1258086
10122022
5403698
2477711
9092913
7474677
9103308
4777295
8308229
2521453
2565870
154513
9422016
4333976
6798243
8732353
10390505
6300989
10046091
6985032
8712872
7840762
7703935
8569100
5350629
2442475
9704431
1648903
466378
1050251
6331292
6495723
9082676
55193
5039898
3641680
542420
7020163
7668502
8360393
5488439
5596836
8684274
2598173
7774610
9039620
255982
1840560
4085798
794221
119552
3844435
4292769
9849467
10258179
9201668
6435850
7162075
7442894
8285983
7415555
3849330
3411114
3611836
3332231
9175467
2350081
3415483
5844735
697699
1628354
3839019
132013
3133341
7935625
8012753
2067747
1393188
6011906
3433744
7277613
10377117
1940890
6031587
274370
7515115
7548523
9615442
9726103
4461764
2238089
5008184
5016590
647228
5320061
1343718
8441162
1833507
5792574
7209806
1548050
7179771
988878
6482943
6897516
6358418
2616127
3138825
9596638
1481456
6560185
8848830
5521780
3978585
3782636
7289793
9356783
540840
9379910
7975583
2054925
3172677
9682141
8126163
3682127
947964
4824985
4543993
10382869
8674096
89113
2651342
2168828
6270338
2250849
9335998
3244965
2402405
4963893
8291307
6076191
8003197
5766796
4606343
9179845
866369
3903949
7278780
5729362
9456224
7218788
7859358
3245382
1468503
4741298
4817150
4789176
6078784
798960
4873959
1984606
4928006
7918870
4977705
6901854
7326646
10660900
9986811
9583105
4338230
2270120
6104883
6595722
8866183
10544551
1252891
5006955
4822145
9058817
2633944
6086066
9299279
10100659
9472324
3510985
10109418
1619354
6300228
8928450
6403455
1739670
7839276
7231124
7633997
10215289
2656507
8258877
9214469
9915233
5045975
4086072
4706721
4303006
7533239
2298474
8053269
10977746
5166347
6772544
8015447
9180194
4139214
10559245
8735899
10762825
744641
10562784
5431823
860766
4983083
8598806
5626569
7693822
10501252
3323876
5403988
5247575
10773874
1590415
9332771
3450746
4674500
1243104
2982967
8314108
8537650
4454157
4095752
1720709
172183
7198740
170238
7846633
2437920
2220880
1348564
10492689
1687924
3197107
1153233
8551180
10139992
10566825
635694
2816647
3436011
5251631
7177217
5734806
1285102
7861711
4149790
4715692
950998
2393181
3825313
3261510
5780261
8688829
2415223
5261622
4371003
10739656
7663132
8878356
8401373
8917145
3592526
1135976
10360849
7586855
7863380
10444167
8591310
1875558
7835590
5435934
5470546
1512060
406288
5318998
4322394
1394545
8662655
6411948
801370
2242331
2642407
844285
9620585
3088933
3726238
3173542
10464519
10355767
4003744
7642919
10275802
9898659
1481111
7555870
5292417
5862471
4225235
7087240
718311
9026807
375021
5933040
862123
454225
2067225
7928874
8660869
695239
2603770
5630391
4852183
7084600
4485442
995694
101429
2406002
7138614
5111387
10463060
7004586
4471662
6563320
824045
3694355
9166821
7248502
7393881
1543880
1839432
7750850
10757944
621173
4611112
9848113
4226870
1815163
2007976
2032658
155639
3909008
4927602
1097646
4452158
6011072
9566774
7230759
1204579
2076217
3942060
852362
1313592
212104
9388166
7181351
10941941
1553998
3992141
1384730
3291068
197420
9645848
10912641
8926104
3682993
10642467
2962283
555914
165925
3731234
10630458
8377516
2081271
5421998
2838263
5229833
1559138
1160011
1598083
8036842
5811935
6257020
7048314
10863859
3717448
2795020
7896588
4020581
8400894
1648041
1910878
9991616
4023726
747892
5112534
1777801
10224570
1608272
9458451
5954468
7917655
10350753
10175297
6876543
1470984
7602110
4947336
9537119
2963788
4786077
9443742
10408382
5751061
8200047
10253156
8074228
9761076
5834230
5083096
1105668
9286705
4718753
4295998
5290087
9958857
5537851
9300588
4818786
8994153
10706192
2714305
8608166
10704537
4210035
1707277
5433032
5902855
10915516
2110923
3017006
640634
6380682
6592496
3749222
6933487
1249362
10912689
9650684
3168296
303923
7729159
6303717
7552248
6115662
4933052
3725260
3087237
6060245
9211132
10759563
3162687
7513919
4148193
9784442
216297
5829403
1225993
8632110
6120668
2896063
4889878
2581407
4242519
3437833
2095389
2572188
551043
1621445
300859
3931689
3078675
2603020
6935302
6466763
4108366
254747
1548932
8651544
3610580
630367
855471
7181068
1080666
6107784
8457155
1278410
3269755
5562057
9701840
5945073
9149637
1659853
325858
8281069
10151206
10539921
7092714
3672762
9640848
3641940
3467124
2021657
3209883
5845166
5970046
7786733
6570825
6121629
9049130
2333891
1544457
5311697
3944640
1894323
8297691
628063
6002812
9302491
10461745
4196653
2711564
6196737
6558826
4509480
10730130
6126948
10789575
10456305
1293882
2058301
1309556
3501
1753404
6075761
10069372
1165795
4468642
10172652
7548268
3972015
826636
2462765
2341525
7821547
333334
2794088
7473245
4569389
2603376
4599961
989703
10970957
113535
2513943
982000
2332528
2130185
10987660
9851399
6887657
4295382
3524831
1025481
10589455
9855718
9765091
2283368
3816736
2926887
3563942
9288138
8444186
10585622
1183033
2609525
4586680
5850268
2908092
9669134
3625505
8785822
3575833
10171474
2137766
4823446
7090695
825302
4883716
7627193
9370509
7160743
7678699
6497817
1611801
6321882
3098957
9082526
7564792
4032412
9392875
8450371
3197045
8969800
7347117
10775383
8093268
3967628
3270075
1249981
3885671
2760273
6994886
8077174
2236593
10788509
2196523
9017360
2952520
3802973
3621806
6431651
3595105
3694954
10494645
3908339
9143337
7618729
9967173
9420054
6421307
8039039
3426427
682464
5211287
1071803
6725905
4568143
2491942
2445702
10474584
10810292
9359663
8062622
454132
5423216
9834651
3555017
4544100
10577413
3032619
8601159
1297658
5641317
10665571
10767142
9754562
5385604
6055993
9213773
656600
1884639
2290412
5344446
6562679
3010396
922360
9548614
8636307
2893511
10297681
6284557
2698500
416197
2658404
2373124
2600266
1534814
8784670
4271790
4160864
8730914
3293959
9232796
1437966
3164998
7105694
9371615
2864462
683280
7523511
7128366
5520403
4100496
851918
5567882
1769609
644651
2007393
1743693
8367876
9617838
5146720
8481813
10131114
967693
8618475
9737871
388939
6618473
3757509
3752744
934981
2529157
6071490
6130021
4300789
5000801
6623439
629933
8856100
7025634
2029165
7924479
4502198
63004
811270
9105709
9345370
877240
2918413
5267833
1065816
10664922
6854928
3939216
1097744
1095862
9689998
2822793
3521371
10366990
9340945
10332283
7951582
1129420
3605984
2172629
1733353
5120696
7480634
1787751
9645763
8294402
4111712
7416624
2262149
9052455
6099691
9539343
10812423
10406976
919016
9460725
9019768
6829438
1208416
10413077
9583647
3755517
9223699
130305
7410464
2921326
918038
6419829
3577164
10703967
4668395
10574291
10920694
3574555
10796473
3556917
6621122
2203270
2313455
10192843
415435
7716879
4060764
6333553
7672525
7226806
1807007
6986591
7401115
9755798
9423575
7566539
2464526
107040
8398132
6446916
10912210
405530
2240369
6647787
4728415
6779748
1304738
10347297
2825580
1605730
2092177
6450873
10656391
9358221
7823503
9998926
6196526
10694151
9245579
3640284
1218139
1462069
9478429
6222445
2905669
4584757
8302440
8635074
6937992
7367559
4689012
9031915
7673719
91300
9094177
9198119
9146018
5696152
1650944
4773777
6735741
10868308
6760668
2832630
7093385
7644797
1722577
7170836
2049926
7957166
2769501
9226908
1604445
7750833
10792677
3330419
10543117
8167588
4060055
5312825
6390602
330020
10755005
5745294
8213964
8371392
3172539
1676959
1906018
7455450
4323941
5322647
9063718
7552490
7118602
9578250
3041817
3444986
7525084
10549574
3181348
4450013
5790460
10093289
2226207
6463601
1515505
4880876
4188966
8933216
10061170
5485181
2551323
671865
6635450
587815
9148725
10071101
2604335
3238130
8653054
4919297
5436530
9695416
1723933
9983158
3094192
5726368
6056630
2084757
692382
1212347
10119609
525155
579889
5346397
471551
10646221
5686204
6326986
9566381
9798635
515409
9649548
2608798
9413144
9457211
6736494
965273
9067357
2311903
10666429
7475297
10793139
10639226
8789125
7697004
2435492
2533963
5729116
9853176
4350068
9672754
8057010
3228004
96108
4589350
5865607
7855496
7744455
2275586
6742093
6118101
8367497
6688407
1166824
7543088
7458996
1331488
6352543
8308458
3079081
9869323
10569635
8646599
31028
166088
9886718
3134307
7310257
840642
7563082
5571882
4707775
4057999
9292297
777924
7601393
2915396
3544815
4314724
2441451
6329158
10042770
4515483
10375350
3709054
866365
1710860
6482244
7899797
1513473
840978
5305095
8940764
5987357
7915718
877904
314049
5771732
943279
3912149
9905079
3094770
9613596
4644431
981824
7311966
6050945
9592690
6994661
1637990
1583179
10251830
7671184
4569876
10669878
9090199
8678550
3552093
9776916
9313171
3957605
4512510
202920
5028875
10832953
8878598
5275183
6233205
7628137
4110825
2913071
7049100
2518077
4127066
7280818
2279311
2382475
10837345
8279727
4911983
3131863
6325288
2826260
10455157
1506645
6632677
1316400
1567945
3088589
9615553
2374270
6808713
7441364
4683479
2399656
160675
7865663
9012447
1235804
167090
8469205
1918155
7831485
6417890
8540352
1019865
4954164
1602025
8357490
1985253
451982
3618524
9401620
6226462
4022735
3513796
7165822
4090902
5758687
7933107
6713674
9338019
1536773
2119514
5832965
1414075
9048540
6413911
5010639
114733
7991993
3005493
933301
3063802
7026425
3018602
9647860
9249043
7282369
5719386
1186563
1657871
4972414
9007668
6910969
6224766
4359627
10399967
4705540
2888335
675987
1945659
806241
6850902
8460861
7702238
5351344
1641476
5283286
7366024
9120724
1962475
3005646
3040325
2100893
6530850
9117766
6202507
1159912
8826704
5010932
10720083
5860596
9996269
2322635
2262784
2167569
3021589
8690978
4888368
7022858
5698541
5729834
2660120
5799932
4929179
3991889
2562305
4865931
10616879
6184304
9954929
34172
6291014
10106757
9318537
9622463
10163361
3400944
4305255
2509854
4403030
6581370
6211287
6325226
5496451
5491063
9499108
3349022
10004334
167049
489721
1858259
7859070
10242606
788221
3186246
1268777
9356440
6220917
1760554
3031126
3028889
9109189
506509
10039230
7972290
3864838
10955709
3156693
6029421
10074659
5842519
2660761
6171726
2538447
7751737
2303938
3676019
761127
1854653
4257491
1592345
5860691
662095
1559223
5414241
3218676
1970807
3714789
1953323
1576652
503861
1142998
9700978
9572165
5864982
8778229
1466206
6873416
10575438
8166607
626645
2008526
5149163
1626267
6475849
5799272
4065830
8633615
937844
6714310
10709960
7321427
9809697
3200423
1106441
339022
2909713
89691
7895496
6567210
7430970
2382760
5555847
10567498
10996725
1449105
8179032
10319449
5350940
8391019
889575
8989212
3711440
8138347
7993414
9672059
1973356
5047201
2137697
2753597
5970784
9684360
6026689
7571945
2925092
574801
2309803
1154345
8770799
1742224
62174
9785816
4389002
9020086
6838869
1526245
1736705
7686291
2975137
4203672
6635074
2850178
9692805
5444851
5439714
7093374
3196354
1861269
5617470
1171785
5894902
6996655
3712813
9215961
10176958
5536135
2901616
3350733
8074769
8342254
4923645
7602054
3761904
3277329
4936080
2917466
4712396
7812446
6604102
7500579
45245
1302932
4839665
6372768
2180918
2718906
5433814
1194156
4608339
10159493
8167178
2279828
7201402
5290562
5755113
1951833
3147455
10187321
5429156
1066636
1428567
132251
7872277
8316141
9093791
6747711
10017756
3608591
14464
5386011
9706166
10234666
4068465
717528
9136753
1228948
4708471
4326362
9601686
4287491
6237057
4010944
8083979
7991035
10710410
5518041
10672192
9879125
6744956
1068695
1201520
3947365
8772527
2627152
1706310
4264457
9007040
3781467
7243787
9467860
1567763
2550023
7225467
7272082
1092795
825170
10672453
6058459
2999397
4275138
6614069
10159840
4194502
10538327
9759101
927090
3750148
3876765
1836820
5784707
996428
26412
302965
2626956
1687968
1654533
4533667
10574980
1709139
4889053
577299
3885741
5682364
9904656
827868
8834552
1867142
7434706
10585297
9557186
10656763
6741519
8328209
3526345
6805341
4794112
253944
7070193
2341308
9722090
2060444
7113600
6596500
3718542
10088948
4818416
522053
9184465
10303662
5075786
3722160
9218286
3710552
1624373
2018343
10740994
4884663
3638780
7042329
2242202
5071321
3514111
741044
5748291
4538513
5065762
2267349
7181359
81148
8662644
7483303
9316847
7901893
3306271
4531266
4642853
10591807
5593944
4742305
553239
879831
4462359
4100109
3849689
8932423
10754358
4795801
6739735
2061327
2920937
405105
8262387
8865802
534718
6918007
10777095
3942225
6633051
5772684
6178442
3296860
3127288
7445424
6574256
4938982
5134252
4744953
1158915
316218
1228746
10336859
8533777
6957580
1906122
863601
9792625
6103770
3071341
4805932
10746299
4156495
6824956
3168248
6502086
508181
4613779
4024642
1971370
9538751
285702
10686456
3372151
473194
2008918
5615101
8224968
3628309
8955786
2597879
41727
2329547
1774026
6041975
220735
5198172
4985911
5990658
6444387
10582784
2846764
10609879
5122645
5769106
4253954
10727283
7420484
159915
2565177
1034289
6875143
8693119
10814494
6821561
3169573
580692
2169414
7258368
1678715
9773027
10838921
1268075
10199796
7952255
5989102
2312919
6379955
1863545
5407342
9553316
91181
2188044
7726653
996956
845562
1139531
5518908
2471193
3447177
10082377
104964
4761091
2691711
8051994
944455
7337995
9525340
5288516
8061999
10964689
2201660
5229698
3879842
6769500
3851450
4541509
6983960
1131928
7103453
8912430
2785099
8205782
3463221
7439504
2627408
817888
362246
1036707
8560080
8329227
7709847
7236927
3123778
10129162
3338159
7882868
2206281
9836007
3910844
8271185
7940564
8020572
6515337
9819041
7115055
4732543
6481426
7137912
7088297
7188929
4338194
6694848
9937645
3090706
3557225
1595096
8281259
8832660
234126
7071693
6722451
190712
2449237
6367709
6070366
92183
5873369
8967939
8335537
9163507
3466474
4455563
5091886
2669980
7290742
2186990
1117186
7801685
9800429
9786996
5919307
636113
4905997
1646182
7805907
2176850
6260924
4368702
8459940
6219789
4506152
5028870
7458353
8890892
216911
1290182
1391582
6475747
3426257
4627524
6129086
1890636
2153827
5158418
4206623
2831352
550298
10210149
5660278
6006573
6762062
3145142
487597
403537
940874
2857899
4497243
4260683
8016524
10509239
4433275
1375201
547114
9366490
9278235
10139190
8815291
7471036
8701147
8387547
1878798
7582561
3725543
6183639
2850954
4227565
4334419
5078454
10782268
6466733
6454938
6227576
8012067
10405583
7355586
5824393
3565443
8995138
6829187
8392657
10217724
7888005
10528730
8027939
5015485
5519678
7095042
4256226
2655093
3737809
7411774
8104310
10935019
10423188
10161564
9877724
5614035
5793703
981975
6929664
4219067
1238821
3615153
3353101
485749
9182550
2126924
6392741
4583424
6896462
7192732
8561463
2679930
6696758
8392067
10116067
2337544
4688173
3974059
10205678
8155975
7288608
5778996
4317941
1662008
7880854
6547505
1039139
9685069
1388801
810522
9737909
7292290
1611909
4864998
5991701
