6501236
6499735
6500853
6499486
6499142
6499288
6500654
6499952
6499800
6500412
6500280
6499069
6499427
6498118
6499752
6499592
6501032
6497959
6500916
6499615
6499698
6499164
6499204
6499565
6500554
6500310
6500920
6500252
6500711
6499883
6499964
6503230
6499544
6500000
6499990
6500457
6500691
6499985
6499859
6499833
6500292
6500387
6502507
6502043
6499874
6499187
6500612
6500604
6499224
6499997
6499429
6500831
6500028
6498698
6500308
6501688
6500246
6500860
6501474
6500944
6498767
6499485
6501350
6501918
6501176
6499585
6498535
6499070
6501126
6498534
6500039
6500806
6501613
6499280
6499019
6500228
6500262
6499141
6499736
6500913
6499560
6500747
6499083
6499321
6500786
6501149
6499080
6501601
6501235
6498804
6499888
6500261
6500727
6497905
6499596
6499816
6501015
6500488
6499673
6500500
6499378
6498419
6501589
6500902
6502053
6499836
6501108
6498808
6501499
6500649
6499822
6499189
6498334
6500137
6500716
6499006
6500284
6499030
6500295
6499950
6499430
6500467
6499881
6499839
6496901
6500571
6499416
6497921
6500316
6500794
6499626
6500469
6497968
6501420
6500964
6498591
6501404
6501982
6500787
6497639
6501464
6501743
6500601
6498967
6500826
6500713
6498486
6500216
6500325
6499743
6499473
6500344
6500250
6499691
6499962
6500108
6499369
6501548
6499944
6501277
6499050
6500907
6499101
6500712
6500725
6499591
6500119
6499993
6499188
6500379
6499994
6499537
6499654
6500229
6499924
6499702
6500626
6501296
6500364
6503247
6499345
6499931
6498758
6500196
6499239
6501182
6499983
6499214
6499010
6499891
6501327
6498853
6499714
6500596
6500217
6498788
6499987
6500988
6500463
6500461
6500348
6501958
6500029
6500953
6501907
6499991
6500534
6499896
6500014
6499143
6500018
6500204
6500490
6501959
6501084
6499381
6499441
6500504
6499412
6499160
6500093
6501385
6498405
6500289
6500629
6499500
6499460
6499017
6498145
6501105
6499552
6500084
6499845
6499920
6502462
6498354
6499562
6498613
6500403
6501255
6499724
6499487
6500200
6498952
6497936
6500189
6501166
6497419
6501183
6499926
6499623
6498448
6499287
6501085
6500013
6499907
6499530
6502603
6499617
6499653
6502935
6499970
6499261
6498984
6500118
6500281
6498653
6500620
6498543
6500775
6500917
6500414
6499652
6501158
6500397
6500010
6499998
6497989
6499860
6497460
6501584
6500507
6499685
6500419
6501356
6499737
6499582
6499647
6499787
6498651
6499773
6500623
6498759
6499739
6499453
6499413
6499573
6500194
6499721
6500064
6500286
6499796
6500050
6500808
6500411
6499365
6500166
6499216
6499371
6498532
6501416
6501915
6500783
6499454
6500854
6500065
6499020
6500303
6499285
6498346
6498561
6500290
6498478
6499563
6500393
6500420
6499087
6498806
6499208
6500997
6499438
6501049
6500384
6499751
6498560
6500161
6499887
6500140
6500221
6499386
6497847
6500185
6499590
6499723
6501068
6499009
6500005
6499817
6499354
6500788
6499857
6498460
6498792
6500273
6501696
6501500
6500111
6499905
6498074
6500573
6499870
6500465
6502868
6498809
6500130
6500653
6501396
6499518
6499811
6498963
6499159
6499440
6500191
6498650
6501094
6499220
6500931
6498784
6501505
6499449
6500238
6499722
6500297
6499725
6499781
6498622
6500038
6498338
6498453
6500260
6500732
6500745
6500817
6500525
6500294
6500165
6499757
6500138
6500762
6499655
6498155
6500383
6500705
6498136
6501682
6501948
6498671
6497890
6500524
6499873
6501298
6499973
6500359
6500670
6501605
6499738
6500748
6499696
6499294
6499633
6499385
6500865
6498307
6498637
6499447
6498332
6499665
6498497
6500432
6500898
6501067
6500668
6498602
6498687
6500416
6498606
6500753
6500752
6499716
6500077
6500418
6497977
6499546
6500317
6499646
6499203
6501070
6498498
6500790
6500810
6500506
6498790
6500478
6500475
6499379
6498347
6499074
6501198
6497391
6500068
6500072
6499328
6502683
6497736
6499631
6498254
6499750
6500287
6500497
6500209
6499192
6497276
6499915
6499629
6501641
6500734
6501144
6501181
6501325
6500868
6499342
6500526
6500771
6502318
6498641
6499091
6499472
6500583
6499810
6499375
6499620
6498050
6499442
6500415
6498739
6501254
6501250
6499084
6499975
6499406
6499674
6500202
6499052
6499638
6501752
6501542
6499496
6500816
6500460
6499946
6499749
6499217
6501119
6500733
6498467
6500439
6500761
6498796
6501162
6499237
6499100
6501152
6500277
6499814
6498998
6500114
6499871
6500377
6500702
6500212
6499215
6502191
6499584
6498491
6499400
6499756
6500530
6501536
6500646
6498798
6498669
6498743
6500203
6498986
6501382
6500846
6499452
6500276
6500153
6500100
6501199
6500087
6499469
6498511
6498614
6498229
6499490
6499561
6498961
6498829
6499692
6499384
6499826
6499525
6500815
6499445
6499601
6501021
6500206
6497764
6500060
6500572
6501629
6500971
6498997
6500557
6500300
6499467
6498191
6499842
6499299
6498683
6500190
6502094
6501141
6499974
6500857
6501961
6502090
6498431
6500635
6499377
6500622
6498815
6499135
6499123
6499557
6500033
6502103
6499158
6499619
6501785
6499658
6499209
6500430
6501174
6499606
6499501
6499414
6499517
6501292
6502165
6500577
6499744
6500694
6500887
6499618
6500349
6499917
6501453
6500908
6498421
6499866
6499644
6499588
6499843
6501303
6498860
6500434
6501388
6500404
6498218
6499963
6498066
6500950
6500578
6499353
6498864
6499877
6500085
6501091
6501109
6499116
6499999
6500522
6500095
6499848
6500838
6500565
6499936
6501037
6501595
6497853
6499671
6500054
6502684
6501592
6499949
6500086
6499731
6499524
6499325
6498462
6500812
6500296
6500655
6499152
6499455
6500106
6500083
6500214
6498931
6499267
6500144
6499995
6501759
6498888
6500410
6498856
6500510
6500665
6499503
6501423
6500141
6498578
6500350
6500392
6499015
6501147
6499780
6498996
6501442
6500135
6499034
6499462
6500338
6501228
6501289
6498617
6498685
6499850
6499549
6500008
6499417
6499951
6497495
6497211
6499358
6499853
6500933
6497969
6499812
6501274
6499872
6499508
6499011
6498951
6499067
6499456
6499804
6498199
6500600
6499195
6499892
6497949
6499099
6498754
6501756
6503259
6501210
6501590
6500470
6500677
6501868
6500259
6499777
6499172
6500569
6500895
6500791
6500394
6499630
6499846
6498678
6497352
6500963
6499491
6500888
6500163
6499260
6501125
6499446
6498322
6501072
6500032
6499053
6500448
6499942
6498079
6501001
6500441
6500658
6501520
6501980
6499396
6499085
6500158
6498970
6501082
6501081
6500255
6500279
6500924
6502454
6500312
6497713
6497745
6498954
6499388
6499783
6501460
6497694
6499602
6499201
6500859
6499957
6498715
6501293
6500225
6498761
6501092
6499577
6498989
6498957
6498117
6500115
6500664
6498359
6499399
6500508
6499405
6498900
6501924
6498943
6501801
6499001
6501038
6499741
6498826
6499829
6498331
6499958
6499529
6498021
6500824
6501212
6498447
6501488
6498480
6500905
6499923
6499409
6499965
6503003
6498020
6500454
6502062
6502299
6497258
6498742
6500188
6499038
6498814
6499809
6499268
6501025
6500550
6502097
6499274
6501666
6499243
6501384
6499432
6499311
6500936
6500215
6498812
6499992
6499026
6499911
6498552
6499977
6499904
6501402
6500002
6500218
6500540
6500675
6499662
6499251
6499840
6499657
6500671
6497852
6502399
6499314
6500910
6500717
6500198
6500091
6499522
6500046
6501672
6499057
6501284
6500247
6500145
6499733
6500492
6501258
6500871
6500178
6501209
6497732
6502446
6498934
6498166
6499175
6499300
6499961
6500117
6499310
6498694
6498884
6501103
6499520
6500061
6501012
6499697
6500880
6499889
6500423
6501266
6500479
6500735
6499107
6499431
6501281
6500625
6500175
6500692
6499339
6500097
6499519
6500241
6501638
6500445
6499690
6499821
6500321
6498819
6499760
6499051
6499424
6498822
6499136
6497387
6498084
6499876
6500930
6499046
6500098
6501371
6499234
6500180
6498424
6500874
6500688
6500254
6499443
6500021
6500723
6498983
6499700
6500889
6500164
6500187
6500107
6500315
6499841
6500706
6500081
6500552
6501839
6502628
6500977
6500680
6502863
6500699
6500669
6499532
6502480
6499707
6500094
6500683
6500268
6498143
6500756
6500357
6500542
6499457
6498734
6500603
6498517
6500172
6500980
6499304
6498780
6500841
6498493
6499863
6500700
6500501
6501651
6496296
6501355
6501606
6500101
6499498
6498654
6501461
6498046
6498594
6499808
6499838
6498443
6501335
6499296
6500940
6499392
6500960
6501376
6501415
6499326
6498544
6501736
6499191
6500494
6498628
6499033
6499828
6498285
6499982
6500947
6499210
6500657
6500807
6501787
6500136
6499849
6498893
6497163
6500183
6500326
6501465
6499906
6499748
6498908
6498916
6500270
6499600
6501188
6500914
6499768
6499031
6498700
6500230
6499879
6501366
6500468
6499643
6498912
6498097
6498416
6500036
6500208
6500896
6500320
6500674
6499182
6499478
6499366
6500232
6499775
6497631
6499649
6500662
6500353
6499297
6499332
6499410
6498728
6501099
6500235
6500582
6498299
6499450
6499580
6500426
6501962
6498738
6499597
6501852
6499589
6498867
6500869
6499433
6500440
6498562
6500019
6499820
6500170
6498832
6497556
6500813
6500496
6499013
6498596
6501341
6499815
6501257
6498575
6500928
6502079
6498215
6500366
6500892
6500966
6497996
6501305
6500580
6499262
6500301
6501173
6499266
6499742
6501439
6499969
6500113
6500789
6498907
6499423
6502176
6499477
6500719
6499641
6500606
6500802
6500231
6498433
6501781
6501427
6501815
6498325
6501218
6499806
6501909
6499157
6500945
6498794
6499104
6500022
6501609
6499984
6499779
6500613
6498548
6500720
6499847
6500904
6500459
6497790
6499291
6499105
6498799
6501472
6501019
6499720
6501263
6500912
6497378
6498454
6499448
6500994
6501351
6499875
6498520
6500685
6498550
6500040
6500481
6498706
6499852
6500495
6499232
6501301
6500894
6499686
6500726
6500676
6498052
6500258
6500987
6501066
6499337
6502084
6501043
6499953
6500862
6499110
6499022
6496958
6500134
6500754
6500938
6500765
6499507
6498396
6501575
6500356
6499103
6501414
6499667
6500681
6500444
6499943
6500330
6500728
6499355
6500757
6498597
6501527
6500267
6502643
6499732
6500703
6498119
6499235
6500477
6499373
6499313
6499956
6499523
6499861
6500126
6499932
6498816
6500588
6499395
6501450
6501039
6500636
6500487
6498850
6500437
6498111
6499959
6500638
6501570
6499595
6500979
6500291
6500556
6499102
6502078
6499117
6501060
6499169
6500724
6500074
6501231
6499244
6501399
6500133
6501697
6499566
6499289
6502363
6500464
6498342
6498711
6499538
6500954
6500821
6499494
6499124
6500602
6500096
6499666
6498903
6501268
6500921
6499554
6500051
6500351
6499016
6498625
6498533
6500451
6500667
6499844
6499886
6501078
6499317
6500027
6498026
6498768
6500011
6500485
6498847
6499753
6500961
6499372
6501778
6500148
6499709
6498990
6500154
6500595
6501295
6500472
6499895
6499043
6500362
6499979
6499695
6499913
6501045
6503700
6501253
6501320
6499912
6500968
6500045
6501721
6499922
6499793
6499636
6500076
6499766
6500737
6500776
6500839
6499343
6500919
6498389
6500730
6501005
6501703
6501353
6498693
6501867
6501307
6499082
6500337
6501510
6499996
6500825
6499858
6498776
6498316
6499059
6500990
6499715
6500673
6496548
6501215
6500428
6500929
6498933
6499499
6500644
6498660
6499357
6499632
6499254
6499676
6502641
6499284
6500549
6499229
6500371
6501824
6500529
6499759
6497840
6499334
6501895
6499625
6498770
6498861
6500547
6499307
6499213
6500263
6502311
6500532
6499394
6500822
6498929
6500731
6501279
6499283
6500714
6501262
6500840
6500975
6498204
6499049
6501387
6498002
6499277
6498953
6501332
6500650
6501695
6499290
6499855
6499402
6501171
6499130
6502110
6499611
6499902
6499929
6502307
6498036
6499894
6500866
6499471
6500883
6501124
6500502
6502180
6500129
6500184
6498298
6500103
6498726
6499755
6498129
6500057
6502125
6500334
6499703
6498394
6500333
6499094
6500222
6499351
6498657
6499569
6499763
6499534
6498852
6499682
6500867
6498472
6502232
6500922
6498843
6499898
6500031
6502137
6501154
6501229
6500631
6497826
6500433
6498457
6498947
6498360
6499919
6499541
6498940
6499785
6501219
6499717
6499404
6501201
6498132
6498518
6498941
6498773
6499903
6498623
6500449
6498370
6498924
6499301
6499908
6501363
6498858
6501849
6501285
6499183
6500025
6502305
6498854
6498380
6499627
6498897
6500275
6500849
6498866
6499890
6500456
6498148
6499330
6498712
6498969
6499706
6499774
6499126
6498350
6499258
6502664
6499511
6499935
6499831
6501549
6500648
6500548
6500249
6500355
6498296
6499989
6500396
6500237
6502200
6498777
6498655
6501813
6499323
6497993
6500149
6500698
6499568
6498235
6499197
6500251
6497976
6500639
6500476
6499207
6500329
6500897
6501378
6500042
6500435
6500630
6500099
6501587
6499776
6501419
6499014
6500466
6499318
6498801
6498670
6500704
6499610
6499771
6499792
6500934
6499509
6497721
6501211
6499621
6499382
6500942
6499495
6498611
6500365
6500527
6499121
6498927
6500105
6499933
6500998
6499062
6498221
6500614
6499259
6500176
6498930
6498089
6500142
6499542
6500640
6498746
6499797
6500102
6499154
6499651
6500624
6498718
6499726
6499740
6501000
6500514
6498932
6502445
6500618
6500354
6497304
6498410
6499854
6500780
6498775
6498722
6501687
6498918
6499434
6497303
6498214
6498162
6500949
6499679
6499807
6499044
6498781
6500538
6498558
6498922
6501922
6499978
6499668
6501111
6502046
6499426
6501127
6499256
6499730
6498321
6498639
6499322
6498348
6499986
6501417
6498966
6499348
6498721
6498835
6499151
6500553
6498415
6499825
6500847
6500973
6497642
6500885
6501441
6500536
6498504
6501422
6500450
6499834
6499439
6499362
6501186
6499789
6499227
6499551
6499465
6499305
6500773
6498219
6501264
6499608
6501545
6501288
6499092
6499138
6501773
6499980
6499286
6500611
6499930
6499539
6499271
6498474
6497903
6499475
6500499
6498072
6499527
6499971
6498679
6501792
6500531
6499514
6501440
6499308
6500909
6501130
6496797
6501247
6499927
6499680
6498710
6502015
6499945
6499415
6500876
6498833
6501899
6499856
6499276
6501089
6501076
6499292
6501763
6502140
6499065
6501359
6501495
6501581
6499008
6499966
6500024
6499002
6497637
6500647
6499531
6500656
6501482
6497446
6500352
6500152
6499832
6500593
6497951
6500302
6500827
6497195
6499747
6501717
6499132
6498863
6500941
6498898
6499909
6498939
6499489
6500201
6502835
6500682
6501315
6498559
6498745
6498563
6499710
6498855
6501644
6500763
6499293
6498586
6501334
6500240
6499607
6500073
6499536
6500197
6501260
6501136
6498542
6501006
6500742
6501516
6498152
6502830
6499493
6500729
6499120
6498194
6500311
6498988
6501916
6502584
6499476
6500075
6498587
6499275
6497882
6498465
6497872
6501485
6498626
6499884
6500615
6498355
6500390
6501913
6500981
6499954
6500599
6501026
6500089
6499178
6499081
6503707
6498275
6502038
6501132
6498444
6500617
6499681
6500797
6501014
6500082
6499661
6501514
6502619
6499516
6501578
6501837
6499047
6500323
6501194
6499864
6500746
6498991
6500659
6501761
6500370
6500679
6496722
6498879
6498882
6500181
6499470
6501323
6501401
6501373
6502494
6500663
6498407
6498689
6501052
6499056
6499072
6499914
6500157
6500666
6498976
6499186
6500591
6500360
6499705
6500976
6498771
6501522
6498508
6500116
6499659
6499669
6501016
6499278
6500722
6500820
6499393
6498523
6500758
6500884
6499131
6501561
6499347
6500544
6498979
6500923
6500146
6500633
6501504
6500533
6498125
6498326
6498803
6500489
6497918
6498164
6499553
6498077
6500539
6500080
6499947
6501233
6498959
6501169
6498719
6499071
6498630
6501230
6500347
6501237
6496998
6498161
6498291
6499324
6500750
6500900
6499346
6499270
6500242
6499968
6499799
6501567
6500195
6501193
6501360
6501432
6500035
6500687
6500041
6502723
6501908
6499148
6499746
6498659
6501466
6500811
6498748
6500342
6500697
6500901
6501405
6500389
6500447
6502803
6498574
6501128
6498428
6500150
6499255
6500823
6499407
6497994
6499437
6501929
6497776
6499526
6498846
6499683
6501491
6499955
6501853
6499670
6498317
6500363
6500832
6499688
6499306
6500331
6497545
6500570
6499303
6498337
6500452
6501626
6500223
6499054
6500561
6498977
6501799
6498378
6497049
6498234
6499119
6498827
6499468
6499150
6499901
6500264
6501532
6500491
6499380
6498797
6501807
6497762
6502288
6499086
6500458
6498604
6497874
6500480
6500213
6502002
6502765
6500017
6499109
6499302
6500248
6501041
6498487
6500391
6498023
6498813
6501784
6496807
6498971
6499719
6500319
6497957
6501524
6498981
6498877
6500637
6499639
6498151
6501706
6499253
6498540
6500778
6500741
6501729
6501205
6500766
6498158
6500253
6500104
6500768
6499248
6499708
6499076
6501270
6499122
6499198
6501227
6501168
6498762
6501480
6500777
6499218
6499609
6498787
6498892
6498825
6499694
6499036
6500819
6499548
6501090
6498913
6500373
6501923
6499937
6499181
6500408
6498621
6498778
6500957
6502952
6501568
6500651
6500652
6499976
6500409
6501394
6497313
6497978
6501709
6499897
6499163
6502153
6500306
6500751
6497743
6501769
6499712
6499055
6498840
6498127
6500417
6500610
6500592
6497845
6500774
6499513
6501448
6501291
6502001
6501107
6502333
6500070
6498417
6498583
6501008
6498736
6500926
6500211
6501304
6499576
6501679
6501850
6498080
6498978
6499663
6499193
6501533
6497432
6500015
6500575
6498889
6500327
6499805
6499003
6499090
6500782
6500803
6500143
6499734
6499918
6498238
6498175
6500405
6501031
6500850
6499761
6500332
6501406
6500020
6503073
6499492
6499899
6498304
6498286
6501577
6502013
6499211
6499039
6499745
6500156
6498554
6497589
6501177
6499133
6501083
6499885
6498391
6501272
6499795
6498529
6500199
6499555
6500088
6500486
6499599
6501164
6501637
6501380
6498910
6498701
6499111
6497180
6502127
6498437
6501239
6500608
6498915
6501886
6499112
6500701
6498836
6497991
6501018
6501411
6500341
6499174
6499540
6498198
6498615
6499869
6498752
6501017
6501782
6500769
6499222
6498599
6499029
6501648
6499578
6500621
6500955
6499642
6502520
6499411
6500380
6500009
6500566
6501203
6500523
6501434
6499221
6500092
6501157
6498631
6501271
6496840
6500047
6497261
6499459
6498526
6500372
6500535
6500586
6500269
6498894
6499543
6499279
6498905
6502139
6501088
6501676
6498387
6499004
6498807
6497310
6502242
6499941
6501412
6498035
6500422
6500271
6499340
6500483
6499699
6501009
6501065
6501297
6499146
6498928
6501073
6501377
6498753
6498665
6499528
6498646
6500139
6500307
6501251
6501013
6502645
6498674
6501512
6498168
6500995
6501467
6501252
6501431
6501302
6498899
6497667
6500558
6501391
6498985
6498920
6499336
6500567
6500513
6501022
6502133
6499166
6499329
6499129
6497090
6500959
6500120
6499701
6500159
6500982
6500740
6499801
6500736
6501160
6497738
6500585
6501614
6500167
6497423
6501862
6499190
6500131
6501526
6499061
6500446
6501583
6498891
6499247
6501809
6497562
6502661
6501361
6499778
6498949
6500484
6498950
6499613
6502301
6499206
6501686
6498974
6499488
6502114
6501306
6502477
6500368
6501185
6501662
6498565
6500127
6500173
6501204
6497230
6498116
6500684
6500063
6498274
6501630
6500985
6501529
6499650
6498624
6498435
6499567
6499545
6499893
6501620
6499880
6500282
6498167
6501086
6499389
6500743
6499088
6499018
6500798
6501007
6499063
6500034
6498618
6501456
6499972
6500109
6500598
6501685
6499550
6500744
6500962
6500285
6498557
6500219
6501535
6498147
6502233
6498895
6500881
6498661
6498751
6501426
6501220
6501690
6500589
6500844
6500236
6500339
6500770
6501243
6500799
6501362
6500243
6498373
6499075
6500071
6498600
6500781
6498260
6498263
6499533
6499713
6499867
6501766
6499137
6499512
6501517
6500067
6500619
6499704
6500986
6499012
6497803
6501339
6499173
6500562
6502102
6501075
6500266
6497816
6500903
6500709
6498735
6498909
6499711
6500877
6497865
6498257
6500951
6499242
6498300
6501822
6501501
6498964
6498668
6499556
6501863
6497817
6501003
6500493
6500833
6498923
6500124
6499024
6500382
6499921
6500147
6500427
6500453
6500834
6497772
6502181
6501290
6499794
6497604
6498921
6499458
6499315
6500210
6498395
6498335
6498760
6501033
6500059
6500804
6501489
6501087
6499865
6498663
6502056
6500686
6500616
6497771
6500079
6501035
6499265
6500381
6500518
6501115
6499786
6501100
6502241
6499802
6499571
6502680
6498054
6499823
6500123
6499027
6498911
6500641
6501206
6501241
6498092
6500122
6501114
6497980
6500037
6502052
6498371
6498982
6498083
6498859
6500293
6497559
6499225
6499079
6498169
6499230
6500707
6499960
6498528
6500386
6501187
6498159
6498649
6498634
6501814
6501369
6501569
6500322
6500244
6499614
6501657
6499502
6499383
6498720
6499421
6500972
6498445
6500257
6499464
6500265
6501054
6499851
6501178
6500053
6498764
6501122
6499813
6498880
6501329
6498817
6500784
6500932
6500395
6500406
6500224
6503046
6500918
6500764
6499422
6499338
6498664
6498802
6500052
6499928
6501184
6500482
6500436
6499228
6499482
6498452
6499007
6501636
6500006
6499420
6501064
6499390
6502010
6498917
6501483
6498598
6501214
6496915
6498703
6498603
6498244
6500579
6498388
6497329
6498308
6501896
6500335
6499684
6500003
6499764
6499835
6500044
6499327
6499398
6499350
6499837
6500026
6499521
6501034
6499484
6501855
6501754
6501348
6498536
6499497
6502251
6499515
6498280
6498955
6501333
6499114
6500607
6501163
6501911
6500398
6501179
6500974
6501674
6501665
6499127
6499925
6500121
6500078
6499624
6498091
6498085
6502202
6499093
6500155
6499363
6501429
6501719
6499238
6499298
6501121
6499147
6500528
6500642
6498303
6500559
6499073
6499483
6497435
6496999
6502309
6499032
6498368
6499788
6499948
6498422
6499408
6501684
6500879
6498150
6500943
6499272
6498206
6499367
6498217
6500385
6499391
6498033
6499765
6499938
6498774
6499245
6498436
6497558
6498570
6500546
6499758
6499564
6497755
6500695
6499064
6497770
6501390
6500991
6499878
6501093
6499605
6498356
6500278
6500996
6497627
6501730
6502086
6497807
6500207
6498834
6499782
6500852
6501244
6500760
6499664
6500125
6500402
6498569
6501275
6502211
6499356
6501028
6500429
6502266
6501104
6500828
6501131
6500367
6499077
6499790
6499803
6499882
6500304
6499418
6502253
6499089
6500274
6498960
6501381
6500399
6499754
6500299
6500048
6500605
6496924
6499506
6499830
6501074
6500112
6497370
6498040
6501508
6501890
6500989
6500314
6499095
6498043
6497407
6500407
6501216
6499547
6498220
6500182
6499231
6498994
6500835
6500809
6501036
6502009
6502503
6501430
6502276
6500151
6501175
6499868
6502214
6498088
6503203
6497971
6501143
6502169
6498680
6501403
6499037
6500893
6499134
6498589
6500509
6497953
6500471
6499603
6500965
6497932
6498885
6500162
6499335
6501444
6498365
6502320
6501020
6501142
6499179
6501278
6499798
6499021
6499612
6498987
6501937
6501975
6501192
6497867
6498278
6499940
6499635
6501744
6499693
6497879
6500168
6501077
6502554
6500171
6502066
6501040
6501864
6497839
6499320
6498502
6498935
6501314
6498256
6502360
6498845
6498644
6500043
6498823
6499762
6502184
6498842
6502036
6501044
6501428
6500272
6501259
6498716
6500738
6498839
6500227
6498051
6500927
6500324
6500836
6501146
6502190
6501884
6497935
6497355
6500388
6497944
6497538
6500864
6498397
6498318
6498489
6501098
6501934
6498579
6497459
6499772
6500245
6502280
6500660
6502453
6500800
6500056
6500739
6501337
6500689
6500438
6498553
6499675
6500474
6500710
6499025
6500845
6498612
6497330
6498266
6501436
6498383
6499344
6498937
6499194
6500340
6499656
6501673
6498172
6498965
6498226
6499900
6498473
6501282
6498248
6500049
6501656
6498841
6498362
6500328
6499461
6501180
6498820
6498343
6499634
6499505
6500581
6499319
6498862
6500345
6501170
6498243
6499246
6498727
6501159
6499687
6501197
6498821
6501336
6498507
6500632
6497610
6498372
6500563
6502048
6499066
6499587
6501248
6500999
6501027
6498281
6501165
6498449
6498724
6503630
6498902
6498995
6498239
6501876
6500498
6500516
6500690
6498313
6502104
6502092
6498404
6500842
6497600
6499252
6498872
6500062
6500375
6499862
6499474
6499570
6502116
6499640
6498305
6498374
6498284
6498729
6498870
6500590
6500400
6498938
6499376
6502182
6497943
6500288
6501133
6498470
6502037
6500872
6499481
6501280
6500298
6502283
6499161
6499115
6500305
6502852
6499403
6499233
6501120
6499678
6499106
6500830
6498875
6500132
6499594
6498636
6497485
6498123
6500313
6498643
6501234
6498805
6500967
6500515
6500645
6499660
6500814
6499364
6499145
6501328
6501534
6498081
6501096
6498224
6500890
6502003
6501707
6497611
6501726
6498837
6497593
6498585
6502107
6500779
6497780
6498757
6498252
6501990
6499729
6500110
6497603
6500993
6498696
6501029
6498293
6500001
6497775
6501117
6500505
6499045
6502034
6498446
6500512
6498011
6498714
6499097
6501269
6501196
6501477
6501024
6501563
6500948
6501446
6499048
6498492
6500891
6498607
6498349
6498800
6502590
6499023
6499769
6500055
6498672
6502131
6500361
6499770
6501658
6500343
6501294
6501579
6498769
6499205
6501616
6497472
6501172
6502126
6499153
6499155
6500192
6501392
6499042
6499005
6501694
6497578
6501319
6499263
6501667
6499559
6500473
6498581
6501002
6501475
6499435
6498886
6502249
6500443
6500239
6497821
6501710
6497342
6501368
6501346
6500597
6498287
6501877
6501313
6502865
6501478
6498484
6500413
6498705
6499184
6499727
6501603
6499628
6499165
6500886
6502759
6499139
6501139
6501023
6497806
6501217
6501800
6498135
6499767
6500226
6500628
6500462
6498848
6498545
6498896
6499988
6499677
6500519
6497168
6501226
6496349
6498107
6500374
6501871
6497293
6501224
6502725
6499387
6500818
6499240
6500318
6499028
6500442
6499199
6499281
6498785
6501571
6499791
6500336
6498366
6502751
6501612
6502144
6500511
6500958
6501148
6502210
6501061
6500574
6497425
6499419
6498766
6499241
6500759
6498881
6500401
6502160
6502259
6497824
6497842
6502023
6500851
6499583
6501330
6498028
6499728
6498914
6499604
6499784
6498749
6501642
6498067
6497729
6501591
6499401
6501357
6500875
6497672
6498441
6501615
6500870
6498531
6497763
6498782
6498772
6498849
6500004
6501256
6498945
6500069
6501418
6502955
6499910
6499113
6498005
6502228
6498174
6502047
6497499
6499185
6500906
6502099
6502156
6500205
6497455
6498609
6497897
6498521
6500576
6501714
6500521
6500160
6497660
6497966
6501112
6501286
6501222
6497648
6497291
6502700
6498262
6501080
6499331
6501135
6500555
6501048
6498831
6499078
6498075
6500007
6498425
6501808
6498202
6498205
6498962
6501151
6499249
6499504
6499981
6502039
6502338
6498501
6497950
6501755
6501789
6500856
6501875
6498190
6500537
6498017
6498170
6496913
6502061
6498411
6499202
6498494
6498458
6502132
6501699
6501770
6497727
6501150
6502255
6500174
6501056
6501202
6499827
6497849
6501051
6497599
6501757
6500793
6498358
6501806
6499108
6498401
6501116
6500179
6498620
6498306
6501617
6498294
6499226
6501621
6497850
6497892
6497462
6502117
6501608
6499125
6502014
6500693
6498946
6498276
6501487
6502377
6499967
6501383
6498323
6498582
6501095
6501724
6498400
6501878
6498061
6501954
6497747
6498319
6500772
6497205
6502611
6499359
6499312
6498500
6498890
6499480
6501134
6500843
6501161
6500792
6502199
6501933
6501004
6500256
6502058
6500376
6501129
6498717
6502136
6498101
6502292
6498179
6501618
6499361
6502354
6497096
6501345
6500855
6501701
6500424
6500861
6501921
6501509
6498456
6501374
6498737
6502395
6499223
6496361
6497753
6499718
6502075
6498645
6500627
6498633
6500925
6498942
6500193
6498648
6499176
6501349
6498857
6499444
6500863
6498149
6499558
6499579
6497815
6498007
6502532
6498200
6500795
6498763
6499575
6501232
6497813
6498795
6499672
6501047
6498006
6503038
6497948
6501902
6498682
6501678
6501750
6499572
6498479
6501299
6500545
6498232
6498311
6499360
6497746
6501727
6498925
6499463
6500937
6501544
6497927
6498640
6500634
6501223
6496971
6501409
6500785
6501758
6498566
6500796
6500878
6501310
6502277
6497366
6501010
6497587
6501454
6498675
6498222
6501796
6502623
6498906
6498038
6501343
6499040
6498153
6502057
6499436
6498022
6501395
6497829
6501451
6498267
6497510
6501712
6498919
6500718
6497623
6501340
6501245
6501610
6500220
6501322
6500030
6502164
6502461
6500858
6498481
6502687
6501118
6500873
6502083
6502143
6497144
6501503
6497860
6502388
6498251
6501058
6496954
6503430
6501661
6496752
6502203
6500234
6501734
6501338
6498702
6499368
6501308
6498430
6498357
6498642
6500503
6499177
6498876
6497491
6497725
6497547
6499170
6498658
6501447
6498188
6498227
6498279
6501309
6501898
6501435
6497744
6496469
6501062
6502704
6498469
6498361
6500992
6501221
6498476
6498242
6498377
6497670
6499648
6498572
6500882
6497359
6502298
6502221
6501261
6501213
6500643
6498627
6497480
6497858
6497962
6498723
6501941
6500952
6499058
6501481
6496860
6501832
6497569
6501919
6498468
6497881
6497750
6498503
6499333
6498973
6497099
6500594
6501050
6501063
6501550
6502230
6501386
6500584
6497106
6501528
6500543
6502419
6501594
6498309
6499257
6498522
6501817
6501857
6497778
6501974
6500309
6498632
6499622
6501531
6501949
6500283
6501283
6501364
6499397
6501238
6500560
6501498
6501321
6500431
6498564
6498423
6498375
6498045
6498249
6502270
6501704
6498292
6497496
6498093
6497975
6497390
6498398
6499269
6503081
6502134
6501795
6498958
6497341
6499535
6498515
6498272
6497350
6499096
6498247
6501458
6501102
6501055
6502910
6498463
6502244
6502197
6498567
6500066
6498555
6501069
6501827
6500186
6498713
6497970
6501207
6502717
6500346
6498975
6497560
6498364
6497899
6499645
6500755
6502175
6498838
6500899
6501365
6497669
6499149
6498731
6502844
6500715
6498868
6503168
6500358
6499309
6501518
6499425
6497919
6498506
6502422
6502439
6501771
6498413
6499574
6499637
6498519
6500829
6498490
6500425
6500378
6500551
6499934
6497511
6500541
6501053
6498013
6499349
6502020
6501819
6497843
6502479
6498592
6499939
6498686
6502055
6498992
6501821
6501660
6498130
6501470
6499140
6501011
6503195
6501484
6502656
6498192
6501748
6502263
6498692
6501788
6501425
6502613
6503014
6498999
6498708
6497595
6497281
6501747
6498122
6498878
6498009
6501421
6498141
6498595
6497863
6498269
6501718
6502634
6501138
6501622
6498012
6501145
6500016
6498121
6501936
6498259
6503068
6500609
6502080
6499156
6501225
6497820
6499167
6498524
6497689
6502869
6501462
6498697
6501097
6498120
6499374
6501737
6498980
6497634
6501195
6497748
6498450
6498851
6498312
6498073
6501816
6502095
6499593
6501776
6502219
6497873
6501762
6500023
6501354
6498516
6499598
6499196
6497783
6498789
6501604
6502151
6496809
6497893
6501588
6500090
6500233
6502297
6498171
6502217
6501786
6498144
6498000
6500983
6502609
6500520
6501046
6498495
6498810
6498904
6497461
6499162
6500517
6503039
6500058
6501691
6501914
6501931
6499171
6501190
6501113
6498440
6502306
6501848
6498732
6498556
6501273
6498704
6501546
6498652
6502235
6498264
6502042
6498551
6501897
6501861
6499212
6498605
6497983
6500805
6502551
6499916
6499128
6500935
6499428
6498352
6502063
6497795
6498610
6500939
6500984
6498681
6497649
6497901
6502128
6498461
6500455
6502692
6502810
6499273
6501123
6501903
6501600
6501742
6498541
6498384
6501866
6497535
6502440
6501515
6501775
6497650
6502069
6498062
6501645
6502231
6500678
6502754
6502159
6498455
6497372
6497916
6502370
6500568
6501991
6501639
6501585
6502823
6498539
6498210
6497686
6498429
6498182
6501557
6500978
6497933
6501556
6502310
6497812
6502606
6501675
6498110
6497398
6499118
6498029
6501847
6498376
6497876
6501985
6501513
6498779
6502871
6497934
6498471
6498968
6498944
6497451
6501599
6501970
6500564
6502485
6498314
6502460
6501836
6500911
6499819
6498662
6499689
6500587
6497582
6498315
6498546
6501137
6498288
6501722
6501872
6502004
6502706
6501200
6498667
6500721
6501624
6500970
6502018
6501841
6497221
6497264
6501358
6498297
6502947
6501537
6502123
6498212
6501342
6502376
6502185
6501983
6501760
6497222
6497476
6501347
6497869
6498811
6498496
6499586
6498695
6498048
6500012
6498783
6498818
6499824
6501713
6502205
6498828
6502045
6502282
6501153
6500672
6502541
6502801
6502348
6501530
6497601
6497551
6497216
6501812
6496618
6498865
6501711
6502359
6501797
6502383
6498786
6499180
6501316
6501945
6501156
6497340
6501883
6503044
6501538
6502074
6497883
6501167
6502367
6498207
6497025
6499818
6502096
6498233
6501562
6501407
6500177
6502000
6501433
6499060
6498390
6503052
6502715
6501969
6497804
6501539
6498339
6502019
6498514
6498015
6501558
6502625
6501572
6497456
6498018
6497164
6498451
6497052
6500837
6499451
6498505
6498310
6501906
6499316
6497238
6498369
6501664
6500801
6502941
6502284
6501741
6502878
6502328
6498059
6498426
6501943
6498744
6498530
6498060
6497287
6501829
6501331
6502196
6502285
6502632
6502444
6497737
6501653
6503092
6498270
6499264
6501438
6498189
6498993
6498608
6501155
6499168
6497271
6502081
6498512
6499352
6501818
6501042
6497299
6498240
6497644
6503583
6501437
6498588
6497988
6498765
6498549
6502129
6502021
6501659
6501318
6498956
6501892
6502245
6497386
6501992
6501564
6502981
6501851
6501700
6501680
6501764
6498420
6501984
6498926
6498185
6497715
6501586
6502100
6501925
6497963
6498208
6498844
6498638
6499144
6502189
6502177
6497987
6501950
6498475
6498273
6502880
6498344
6502820
6501652
6498201
6497368
6498186
6501635
6499616
6497473
6498402
6503649
6498573
6501804
6502213
6499341
6501870
6501473
6501689
6501566
6502826
