5499935
5500424
5498714
5500381
5499500
5499859
5499985
5502245
5500293
5500363
5500487
5500916
5499296
5497722
5501826
5500493
5500868
5500330
5498348
5498784
5500774
5498445
5498361
5500183
5500628
5499596
5501161
5501995
5499260
5498250
5501111
5500606
5499314
5499019
5499954
5500713
5499645
5501430
5500087
5499906
5500635
5500268
5498863
5501424
5501442
5500730
5500233
5500206
5499626
5500239
5499601
5499939
5500413
5500839
5500938
5498187
5501244
5500446
5501387
5500229
5499746
5500051
5498370
5498810
5499477
5499388
5499809
5500232
5498959
5501528
5499234
5500914
5499304
5499385
5498839
5500967
5499188
5498771
5499590
5498817
5500310
5501187
5500073
5500076
5500132
5501297
5500490
5500973
5498436
5499003
5500017
5499208
5500675
5500315
5500801
5500191
5500767
5501519
5500738
5498300
5499607
5499756
5500314
5500523
5500689
5500917
5499313
5500350
5500150
5499603
5499927
5500755
5499924
5499014
5500647
5499238
5499996
5499911
5500447
5500894
5499148
5501670
5500164
5500302
5500535
5497745
5500843
5499750
5499852
5500041
5499981
5499115
5498617
5499149
5499303
5498697
5499378
5498066
5500057
5499252
5499257
5500845
5500072
5499851
5500856
5500663
5500242
5499960
5501055
5500697
5499700
5500395
5500517
5498553
5499900
5500152
5498865
5500178
5500600
5499364
5500458
5500272
5500943
5500911
5501549
5500079
5501939
5499219
5501115
5498360
5501667
5500621
5498871
5499117
5500202
5499810
5498507
5498859
5500287
5499128
5500690
5498640
5498101
5499518
5498907
5500370
5499930
5500063
5499112
5499843
5498061
5500754
5499331
5497979
5499418
5502175
5499277
5498955
5500619
5499754
5502606
5497550
5501629
5499624
5498693
5499632
5499105
5500196
5498430
5499665
5501395
5498918
5499445
5498941
5499433
5501706
5499803
5499854
5500573
5499395
5499024
5500871
5499345
5500735
5498590
5500557
5500390
5502156
5498160
5498934
5498698
5499159
5499543
5499876
5500292
5501988
5498944
5500326
5499235
5499356
5501819
5500081
5498336
5500421
5500988
5500526
5501045
5498766
5499276
5498157
5499658
5500790
5498832
5499558
5498730
5499566
5500878
5499986
5499317
5501360
5498761
5500088
5500039
5499666
5500134
5500896
5499042
5499239
5499168
5500673
5501861
5499058
5500009
5499723
5500763
5499886
5500681
5498290
5499646
5500453
5499893
5499536
5500343
5498686
5500295
5499795
5499647
5499399
5500971
5499615
5500921
5498913
5500322
5499587
5500571
5500304
5499475
5499897
5499145
5500029
5499096
5498946
5498900
5500348
5498296
5501543
5500253
5500945
5501741
5499797
5500013
5499922
5499074
5499551
5499642
5500127
5500618
5500123
5497177
5498301
5501685
5499140
5501548
5501144
5498667
5497868
5500162
5500737
5501192
5501071
5499361
5502007
5500788
5499525
5499114
5500255
5499681
5500364
5499608
5499864
5498672
5498433
5497203
5500077
5497504
5501189
5500331
5500648
5498310
5499497
5500257
5499591
5500623
5501362
5499253
5501319
5500901
5499133
5499783
5500140
5500282
5499153
5499183
5500373
5499021
5498775
5501382
5499576
5499063
5498439
5499199
5499384
5498844
5498487
5501112
5500770
5499673
5498786
5500342
5500149
5499036
5499826
5499705
5501751
5500841
5499717
5501166
5500008
5498087
5500783
5501087
5498847
5498935
5498962
5499991
5500324
5501164
5500968
5497954
5497265
5501031
5499890
5499530
5499430
5500197
5501439
5500892
5500362
5500831
5501935
5499299
5499410
5499452
5501088
5499617
5501765
5501169
5500445
5499776
5500864
5499760
5501306
5500575
5499994
5502307
5499860
5497915
5500240
5501858
5499328
5497376
5499917
5500427
5500160
5499220
5500299
5501404
5497957
5500756
5498461
5500984
5499483
5499175
5499190
5501686
5499515
5500651
5501510
5499549
5499599
5499695
5500559
5499034
5499254
5500246
5500366
5501627
5501273
5501120
5499085
5500429
5499370
5500005
5498603
5498587
5500222
5501124
5500389
5500393
5500757
5501340
5500810
5500351
5498230
5501610
5499932
5501137
5501119
5499414
5500947
5498522
5499067
5499951
5499523
5500086
5498657
5499861
5497725
5498915
5497436
5500298
5500764
5498953
5500620
5500460
5499343
5500394
5499302
5499455
5498891
5500574
5499743
5502538
5498805
5498967
5499885
5501293
5499338
5501905
5501780
5498921
5499382
5500932
5499442
5501441
5501102
5501688
5500733
5500106
5498532
5498511
5500499
5501106
5501452
5497644
5500346
5500156
5498785
5499880
5500963
5498568
5497299
5500590
5500698
5499781
5500181
5499703
5500002
5498144
5498677
5500732
5500822
5502148
5498449
5499689
5501240
5500353
5499938
5501096
5499401
5498094
5499802
5499151
5501143
5499293
5500717
5501564
5499837
5500323
5500804
5500867
5499882
5501757
5500851
5499227
5502533
5500474
5499263
5499836
5501242
5500223
5501151
5500580
5500999
5498428
5498841
5501148
5500812
5498261
5500586
5501642
5500957
5498895
5501069
5499870
5500954
5500036
5499983
5500562
5501280
5499729
5500495
5499369
5498191
5500616
5498496
5499912
5499461
5499891
5499205
5501140
5500187
5499325
5500482
5502154
5501178
5497626
5500561
5500070
5500238
5499942
5499961
5500977
5500288
5499339
5501539
5499907
5499963
5499327
5498203
5498223
5499233
5500826
5498985
5499493
5499755
5500987
5499489
5499908
5498774
5500000
5498541
5500661
5500119
5499609
5499786
5501253
5498802
5501168
5499725
5499990
5501523
5500334
5499510
5499816
5500899
5501881
5499763
5500136
5499631
5499040
5498355
5501950
5498429
5500100
5499533
5501279
5500093
5499173
5501837
5499031
5502002
5498015
5500146
5501721
5499322
5499921
5501511
5499773
5499883
5499916
5501818
5498881
5498956
5499844
5498942
5498798
5497910
5501444
5500942
5498288
5501043
5501165
5501337
5501127
5499506
5501185
5501155
5499387
5499839
5500800
5498132
5499733
5500300
5501991
5500711
5501336
5499540
5501258
5499494
5499636
5498715
5499283
5498830
5499224
5501351
5499550
5499835
5500045
5499863
5501163
5498645
5499267
5500341
5498582
5498688
5499443
5501041
5498383
5499520
5499940
5500417
5501224
5499583
5500736
5500092
5500837
5498931
5498852
5499268
5500939
5500042
5499332
5500423
5499297
5500553
5500981
5498396
5499867
5500786
5499281
5500910
5500545
5499727
5500503
5500470
5499380
5500080
5500817
5501048
5500414
5499758
5498483
5500591
5499358
5500752
5500778
5499344
5499643
5499925
5497482
5499799
5500750
5498351
5499216
5501126
5502230
5500377
5500228
5499187
5499742
5497978
5499398
5499721
5499751
5500306
5499041
5500311
5498534
5501498
5499373
5499156
5500662
5499759
5498353
5499141
5500124
5501753
5500678
5500912
5500825
5500861
5500581
5498932
5499790
5500103
5499933
5498850
5501810
5500256
5498960
5501172
5499079
5501272
5500006
5500316
5499873
5500321
5501582
5500280
5500227
5500708
5499734
5500277
5500747
5498371
5499877
5498993
5500053
5498274
5499618
5499564
5499779
5499491
5500139
5500569
5501698
5500829
5500165
5500432
5501494
5499349
5499295
5500061
5499110
5501571
5499245
5499256
5499169
5500387
5501131
5501569
5500151
5500167
5498579
5502142
5499871
5501098
5500706
5498982
5499095
5498427
5499441
5501525
5500476
5500556
5499815
5501758
5500347
5498961
5500130
5501229
5499602
5501008
5499766
5497789
5498903
5501266
5499692
5500457
5501728
5500173
5499038
5499546
5498381
5499163
5500875
5500983
5500814
5500583
5498772
5501329
5500547
5500489
5500712
5500108
5500107
5497697
5499548
5499340
5498858
5498460
5500010
5499273
5500885
5498998
5500412
5499899
5500464
5499437
5500844
5498951
5501012
5501970
5499698
5501292
5501367
5499286
5499057
5499490
5499971
5501276
5497918
5498724
5500401
5500930
5500718
5499594
5500501
5500410
5500480
5499637
5499712
5499784
5500563
5498597
5501817
5498670
5500273
5499649
5500463
5499694
5500746
5500290
5498628
5500055
5499326
5499473
5499701
5498247
5497961
5497751
5498857
5500203
5502735
5497615
5498128
5502502
5499412
5499066
5500622
5498652
5500481
5498545
5499827
5498765
5498293
5501032
5502274
5499360
5498919
5500907
5502126
5497822
5499009
5498861
5499926
5499065
5498150
5499635
5498147
5500937
5500631
5499329
5500078
5501218
5500740
5498877
5500408
5499726
5500247
5500589
5499453
5498712
5498341
5498969
5500163
5498071
5502010
5500336
5500857
5497598
5500676
5499316
5499745
5498909
5499529
5500325
5499605
5499431
5499888
5497553
5500500
5499025
5501415
5498709
5499123
5499574
5500928
5499484
5499508
5498158
5501075
5499223
5500058
5500582
5501385
5498742
5502179
5500426
5498829
5498920
5499172
5499688
5499672
5498636
5500644
5500965
5499747
5499737
5500198
5501447
5499419
5499704
5500751
5498719
5497666
5501574
5500683
5499379
5499029
5499180
5499709
5499842
5498097
5499217
5500109
5501307
5499053
5499829
5501591
5499202
5501018
5499460
5500641
5501338
5500225
5498497
5498887
5499424
5500085
5499660
5499832
5500909
5499376
5498869
5499284
5500936
5500637
5497476
5501393
5501831
5500862
5501038
5502091
5497765
5498820
5500587
5500033
5499582
5499904
5497623
5499993
5500905
5499828
5501197
5501612
5501323
5502275
5499707
5501659
5500854
5502721
5499788
5499547
5500030
5498408
5499150
5500886
5501214
5498690
5499905
5500974
5501234
5500286
5499391
5500454
5500245
5500748
5499687
5499495
5500518
5500048
5498267
5498849
5501856
5500335
5500982
5499575
5497690
5498816
5497864
5499228
5501271
5498264
5498800
5498245
5500112
5500566
5500980
5498417
5500654
5499366
5499061
5502700
5500827
5501327
5500679
5501883
5499584
5498665
5499519
5501879
5498890
5496491
5498782
5500923
5501109
5500900
5498375
5497775
5499588
5499528
5500283
5500214
5499568
5500576
5501369
5497948
5499121
5500807
5497821
5500177
5500701
5500961
5501600
5500090
5500126
5502785
5498718
5501193
5498725
5501024
5500609
5498607
5499062
5499323
5502167
5499782
5501403
5501649
5500194
5500459
5501967
5500835
5497137
5501454
5500352
5498030
5499735
5497798
5499456
5500144
5499620
5500793
5499051
5499702
5498655
5500700
5498638
5501792
5499616
5500664
5502092
5500116
5499858
5500808
5501392
5500872
5499487
5501736
5498732
5499406
5500680
5498557
5500372
5499825
5500267
5500168
5498910
5500380
5499064
5500303
5499767
5500089
5501860
5499350
5500212
5500444
5499787
5499481
5499226
5501421
5499039
5501201
5500848
5501342
5498749
5501145
5498022
5501675
5498999
5500301
5498412
5498629
5500141
5501188
5498258
5499351
5499909
5499178
5500863
5501113
5501532
5499465
5502547
5500655
5498835
5500007
5500585
5499425
5499641
5498271
5500995
5500258
5498796
5498911
5499579
5500189
5499719
5500105
5498760
5497249
5501136
5498559
5498837
5500919
5500693
5499242
5497990
5499651
5499513
5499554
5502367
5501290
5500860
5500625
5499185
5499738
5499856
5499294
5499739
5498811
5500369
5498787
5498107
5502628
5501348
5497136
5498542
5497737
5500101
5501200
5498827
5500729
5501295
5500632
5499230
5500125
5499416
5499225
5499683
5500913
5499250
5498346
5499913
5502159
5499724
5501930
5498547
5501235
5498529
5501506
5499562
5500154
5501419
5500579
5499570
5498518
5500209
5501587
5499101
5501696
5501437
5500236
5500074
5498423
5499697
5498577
5499901
5500785
5498767
5499796
5502498
5501788
5500200
5498992
5498795
5500686
5500155
5499974
5500876
5500749
5500281
5499997
5498521
5501820
5501357
5499929
5500259
5499291
5499995
5499819
5499817
5500275
5500135
5499457
5500520
5500488
5499948
5498088
5501540
5501228
5498299
5501076
5498666
5498028
5501869
5500567
5499600
5499392
5499278
5498254
5501237
5499071
5501239
5499762
5498792
5500205
5500596
5501714
5501708
5500038
5500254
5498268
5499236
5500182
5498927
5499765
5499855
5500131
5500935
5499958
5500509
5498884
5498550
5501081
5499333
5501516
5500278
5500391
5499845
5499833
5500021
5499162
5499962
5498995
5501361
5499479
5500792
5499560
5498450
5498620
5501289
5500129
5498938
5501090
5500403
5499050
5498729
5499656
5498572
5500949
5499229
5498462
5501456
5502150
5499920
5501451
5500376
5501553
5499822
5500597
5501423
5499610
5500805
5499212
5499143
5500359
5501628
5500944
5500888
5500941
5501894
5500639
5499485
5498650
5500104
5500471
5498828
5499648
5499563
5499241
5497212
5499686
5500161
5498525
5499152
5499770
5499111
5500309
5498399
5500948
5500646
5500279
5501555
5500166
5499812
5501333
5500338
5502353
5499288
5500320
5500174
5499137
5502000
5500742
5501023
5500652
5500374
5500777
5501616
5499923
5499353
5500884
5500821
5501584
5497797
5498393
5499184
5499176
5501853
5498776
5500201
5499946
5498240
5501198
5499134
5499088
5502114
5501391
5499959
5501636
5501747
5500213
5499769
5500219
5501488
5501925
5499259
5498454
5500955
5500510
5499690
5498970
5501709
5498220
5500818
5499427
5499629
5501123
5500931
5501947
5501480
5501669
5501486
5499444
5500263
5501099
5501386
5500121
5500542
5499221
5498868
5501019
5498026
5499192
5502085
5501468
5498651
5498081
5501117
5500462
5499191
5499711
5502287
5500744
5498656
5499978
5499289
5500211
5500668
5500741
5500385
5500317
5498159
5500113
5500806
5499661
5499838
5500025
5499874
5500098
5500204
5498671
5499736
5498936
5501173
5497547
5500990
5499043
5500869
5500011
5500978
5500117
5498565
5502204
5498218
5500594
5500719
5498048
5501803
5500269
5500422
5499417
5499577
5499980
5500519
5500367
5499420
5499699
5498759
5498989
5499805
5498797
5500951
5498581
5499432
5500524
5500514
5500040
5500473
5499390
5501033
5500496
5500627
5499119
5499496
5499748
5499731
5500409
5500549
5500879
5498206
5499640
5499627
5501352
5499449
5501602
5499611
5498981
5500145
5501671
5497985
5500082
5499072
5498156
5497848
5500218
5500570
5498768
5497617
5497935
5499678
5500836
5499569
5501590
5501299
5499247
5499318
5502684
5502048
5498554
5502095
5498591
5498585
5498318
5500758
5498952
5501955
5498880
5501179
5502032
5499879
5498870
5499898
5499676
5498598
5498912
5498845
5499914
5498262
5498120
5499186
5500694
5501267
5500284
5498095
5500420
5498986
5500291
5502428
5501551
5499266
5501068
5501723
5498064
5499592
5499865
5500122
5501691
5501695
5499775
5500062
5500483
5498695
5498168
5500172
5501877
5500402
5498519
5501107
5499170
5501004
5500179
5499129
5501476
5500220
5500494
5498146
5499312
5498974
5501344
5502407
5500796
5500847
5501697
5499804
5499144
5499086
5498564
5498008
5499532
5499999
5499807
5500895
5499604
5501291
5500386
5500430
5500543
5497904
5497677
5499730
5499104
5500383
5499189
5498600
5498823
5500665
5500964
5499157
5500565
5501805
5499082
5500327
5499454
5498586
5500512
5500466
5502098
5499976
5501799
5498352
5501277
5500811
5497322
5499714
5500934
5500642
5498720
5498010
5501786
5499342
5499394
5500431
5500769
5501880
5501122
5501596
5499526
5499853
5499396
5499301
5497403
5500525
5499371
5498707
5498050
5499078
5501661
5499752
5499167
5498422
5501373
5499052
5498225
5501082
5499372
5499020
5502022
5500185
5500989
5499179
5497984
5501509
5497618
5500685
5500874
5502036
5498661
5500723
5499713
5500659
5501259
5499215
5499214
5501103
5499309
5500538
5500065
5499324
5501028
5499722
5499621
5500521
5498502
5498624
5500607
5498896
5500435
5501320
5501542
5500797
5500118
5500032
5499367
5501064
5499895
5497445
5499311
5500400
5500692
5501042
5501422
5499193
5500260
5498165
5501937
5500035
5498659
5500880
5499753
5501309
5498243
5498003
5501845
5498950
5497785
5499866
5498474
5498543
5500226
5498988
5500598
5499910
5502359
5502474
5498814
5499677
5499771
5501167
5498848
5498856
5500188
5498244
5501231
5499830
5499181
5500761
5498929
5499158
5498213
5501129
5498555
5498546
5498886
5498741
5501378
5500018
5500802
5499896
5499964
5500186
5500224
5499405
5499458
5500091
5500305
5500599
5502312
5499655
5500528
5500584
5501132
5498472
5499881
5499030
5502329
5498753
5498699
5497837
5498893
5500439
5500215
5499606
5499046
5497486
5501170
5498965
5499198
5499634
5501648
5501634
5500781
5501199
5498664
5500882
5500360
5502186
5498968
5500915
5501056
5500438
5498906
5499049
5501091
5498055
5502238
5498253
5501059
5498788
5499652
5499638
5500991
5499459
5499972
5501207
5498878
5498065
5498976
5499663
5499538
5502593
5499572
5501022
5500451
5499059
5502051
5498842
5500695
5498822
5499446
5498465
5499166
5500782
5500568
5501353
5500234
5500716
5499831
5501217
5500614
5501050
5500405
5499764
5500993
5497238
5499448
5499287
5499060
5499818
5499269
5499246
5499027
5500602
5501497
5498315
5499354
5498040
5501159
5499565
5501077
5498386
5499848
5499915
5500672
5500866
5500285
5500175
5501029
5498188
5501495
5499502
5498722
5500264
5500714
5501270
5499777
5498875
5499462
5499887
5498110
5499279
5500776
5501133
5498684
5499010
5502343
5500114
5501057
5499573
5499598
5500660
5499486
5503228
5500356
5499492
5498808
5502408
5497542
5499789
5500840
5498706
5498392
5500699
5497925
5499740
5498605
5501326
5501232
5499947
5501374
5500636
5499671
5497771
5499988
5500684
5499204
5500235
5497811
5500289
5500143
5499956
5501066
5498770
5498914
5499466
5499498
5499271
5502388
5499516
5501100
5500832
5499028
5501128
5499625
5499377
5499426
5498479
5501116
5501563
5498739
5499628
5500097
5500014
5501645
5497651
5500849
5500927
5497857
5501639
5500340
5499824
5500384
5498435
5502016
5501044
5501795
5498021
5501849
5500670
5498752
5500046
5501262
5498790
5501931
5499428
5497916
5498975
5501183
5500171
5500969
5499973
5500813
5501108
5498395
5500674
5500640
5498619
5498418
5498473
5501538
5497842
5499820
5497743
5499240
5497004
5496624
5500096
5497971
5498537
5498027
5500102
5500633
5501097
5501558
5501358
5497683
5500649
5499504
5500960
5499232
5500231
5500318
5500497
5500250
5498807
5500828
5500994
5500722
5501533
5498996
5499509
5498533
5501605
5500349
5499872
5499243
5499307
5500603
5500772
5502707
5499679
5500780
5500491
5499937
5499357
5499545
5499936
5498031
5498700
5497397
5500455
5500554
5500208
5499098
5499138
5497581
5499950
5500891
5501764
5500546
5500456
5500138
5499537
5499814
5501078
5498402
5497787
5499741
5499127
5500924
5501906
5501343
5500920
5498983
5497589
5501725
5500243
5499434
5498234
5498987
5501175
5498954
5498990
5501586
5501265
5501425
5500477
5500997
5500120
5503083
5500626
5500450
5498924
5497994
5499463
5500066
5499768
5502321
5500852
5500550
5498680
5499407
5499056
5498701
5499850
5501084
5499878
5498279
5499952
5500365
5500031
5500448
5501314
5502074
5498457
5498289
5499945
5498819
5499083
5500605
5499415
5500043
5501977
5499292
5499355
5498284
5500418
5501784
5498350
5500397
5500004
5500094
5500195
5501330
5501897
5498246
5498391
5502351
5501740
5500111
5498446
5499146
5498286
5502203
5501079
5500419
5497826
5500833
5497442
5498343
5499785
5502545
5500677
5499780
5499619
5499213
5500544
5499680
5500068
5499470
5501690
5499691
5501684
5498601
5499654
5500940
5499270
5501482
5500147
5500472
5501227
5499521
5501104
5499421
5498751
5499514
5497941
5498612
5501339
5501592
5498161
5501884
5500795
5501206
5499018
5498305
5502110
5497408
5501521
5499359
5499934
5500768
5500297
5500492
5502355
5500975
5498463
5502848
5499440
5500703
5500902
5501365
5499341
5501448
5500210
5499251
5501957
5501470
5500428
5498626
5502223
5501252
5500657
5500133
5499749
5500541
5500933
5499330
5500361
5501396
5499644
5501047
5499087
5502088
5499531
5501194
5497543
5499585
5501125
5501226
5501836
5499778
5498660
5501635
5500265
5499535
5500715
5499791
5500645
5500148
5498363
5498833
5499552
5501105
5498840
5499116
5502649
5500485
5499033
5499393
5500329
5499015
5500555
5501372
5500241
5499265
5497885
5497669
5500248
5500075
5499841
5499255
5501051
5499903
5501317
5500858
5498679
5502117
5501603
5498592
5499164
5501301
5499774
5500479
5501445
5499352
5498777
5501370
5501471
5498229
5496643
5500507
5499534
5500527
5500034
5498723
5499667
5499622
5499998
5501274
5500274
5501715
5501379
5501472
5497879
5499400
5501086
5501248
5498964
5499244
5500925
5501288
5499334
5500762
5500044
5500688
5499075
5498552
5501940
5500478
5499503
5501536
5499055
5500513
5500159
5499272
5500615
5499011
5500296
5498608
5502415
5501283
5497595
5500532
5498815
5499261
5500667
5500966
5502132
5499397
5502636
5500506
5499821
5498342
5500850
5500612
5502037
5497982
5498242
5499335
5500887
5498131
5502302
5499195
5500252
5500230
5501960
5501428
5499728
5498501
5500705
5499068
5501517
5499511
5500332
5499949
5501508
5501562
5500724
5500436
5500834
5498818
5500216
5501954
5500433
5499966
5499142
5501184
5501651
5497540
5498092
5502453
5502017
5498009
5499846
5498400
5497986
5498523
5499806
5501146
5498882
5501559
5500779
5502325
5498843
5502013
5502202
5502470
5498756
5501171
5500653
5501945
5499849
5500859
5498639
5499862
5498567
5501315
5498190
5499633
5502745
5500199
5499650
5500918
5500838
5501876
5500629
5502200
5502102
5499792
5499943
5498799
5501321
5500415
5498862
5500704
5499595
5500467
5499875
5501681
5498308
5500656
5499047
5498984
5498717
5500169
5498167
5500067
5498362
5498662
5499118
5501923
5501377
5502431
5501325
5499798
5499512
5500721
5503902
5500522
5498711
5500207
5500019
5500552
5501313
5498049
5499657
5498939
5498611
5501712
5502225
5501311
5500328
5499581
5498163
5500047
5499884
5500016
5499715
5499499
5498219
5498622
5501052
5498029
5499967
5498630
5499237
5502031
5499794
5501626
5499017
5500443
5501310
5498344
5498538
5499685
5500819
5500437
5499045
5502370
5500540
5501180
5501926
5499593
5501405
5501389
5499404
5498744
5499368
5501813
5497455
5499561
5501983
5499001
5498239
5500084
5500530
5500952
5498089
5498957
5501368
5500731
5499662
5501017
5498514
5501847
5501030
5500333
5497906
5499306
5500765
5501083
5500411
5501067
5501541
5501936
5499264
5500375
5498609
5502249
5499589
5499468
5501886
5499023
5500560
5498117
5502045
5500355
5499955
5500897
5499684
5499612
5500877
5498334
5500052
5499160
5500671
5501063
5500193
5503158
5499488
5501261
5498705
5500855
5501243
5499716
5502046
5502517
5498099
5500475
5501606
5502060
5501647
5501763
5502149
5499165
5500956
5499122
5497514
5499386
5499422
5499450
5500958
5501944
5499869
5500461
5501249
5498583
5498398
5501514
5498406
5498178
5499262
5501089
5501622
5501341
5501924
5500271
5502327
5499222
5501269
5501607
5501527
5498898
5500830
5499968
5497774
5498317
5500398
5501824
5499315
5498174
5499808
5498306
5502361
5501094
5500842
5498380
5498826
5501874
5501268
5498726
5498401
5501888
5497733
5499630
5501156
5498278
5500696
5497767
5499203
5501660
5499578
5500608
5498470
5498222
5501153
5498997
5497261
5498237
5500441
5498748
5498006
5498477
5501233
5498972
5500440
5501966
5500926
5501335
5500502
5502372
5499965
5501400
5502739
5500739
5501987
5502571
5497884
5498885
5499696
5498616
5500357
5498613
5500889
5499472
5501152
5498466
5499106
5500898
5498098
5498478
5500727
5498238
5500577
5499206
5500137
5497794
5498535
5499362
5498114
5499336
5501713
5498716
5500294
5501002
5502563
5499383
5498873
5498757
5500558
5497890
5498908
5500666
5501016
5498256
5498195
5501554
5501552
5501264
5501644
5499131
5499987
5497886
5498209
5498172
5500511
5499194
5499282
5500572
5498214
5500015
5498637
5500613
5501814
5498294
5500354
5499894
5498566
5499124
5499081
5499022
5498943
5502207
5499035
5500743
5498575
5500022
5501993
5498379
5500406
5502209
5498872
5498860
5501989
5496879
5500539
5500425
5501416
5499902
5499005
5498382
5499524
5500873
5499501
5499586
5497995
5497956
5500787
5500753
5498973
5500773
5499249
5496580
5497974
5502151
5498958
5499136
5500908
5498708
5500610
5499308
5500184
5499320
5499801
5498102
5499069
5500881
5497962
5498481
5499542
5499557
5500069
5496936
5501025
5498136
5502447
5499037
5500903
5501401
5498789
5500313
5499823
5498103
5501705
5499555
5497989
5500050
5502128
5499103
5500358
5500407
5501251
5499097
5498691
5498145
5499093
5499847
5499918
5500399
5500319
5499761
5500217
5498728
5499989
5500531
5500054
5501579
5501304
5501458
5501474
5497698
5500617
5498384
5498035
5500533
5497290
5501431
5499522
5499209
5497501
5499423
5498480
5499207
5498506
5502441
5498153
5502675
5501414
5501118
5498498
5499668
5498442
5501364
5498764
5500784
5502291
5497866
5498879
5498834
5502093
5498589
5502041
5498086
5498994
5498138
5500953
5498033
5501181
5501783
5499732
5498676
5499919
5498482
5498821
5500345
5499381
5501236
5501182
5500261
5500192
5501141
5499931
5499248
5499429
5501643
5501093
5500791
5499708
5499567
5500745
5498292
5501597
5501060
5498325
5501830
5502559
5501565
5501015
5497823
5501459
5498804
5499218
5499365
5499718
5498277
5498495
5498851
5500853
5496990
5501420
5498295
5500794
5500976
5500307
5501072
5498642
5501674
5497531
5499319
5498892
5501601
5498854
5499197
5501677
5501756
5497761
5498571
5498888
5497849
5498265
5498192
5501191
5499541
5500799
5500946
5501673
5501754
5499970
5501034
5498794
5499664
5497932
5499811
5502978
5498736
5498469
5501210
5501005
5499957
5501457
5502391
5499048
5498779
5498654
5500392
5499539
5498678
5501035
5502378
5497325
5499348
5498169
5500059
5500468
5500378
5500465
5501001
5498349
5500001
5499447
5501073
5498365
5499597
5499300
5500237
5500498
5497548
5497779
5500972
5500687
5501545
5498551
5498134
5501473
5497802
5499710
5498180
5501054
5498615
5501449
5499107
5501158
5500658
5501556
5498044
5501285
5499669
5501174
5498527
5497256
5501092
5498899
5501256
5501065
5501731
5501981
5497999
5499834
5501014
5499544
5500337
5498390
5501531
5502124
5500028
5501578
5500505
5499073
5496947
5500534
5498372
5498332
5498280
5498625
5499084
5500870
5500020
5497381
5502140
5501700
5499580
5499200
5498241
5500083
5500516
5497327
5496995
5498196
5499559
5501130
5497897
5501204
5500190
5498812
5498411
5500071
5499435
5501484
5498447
5499800
5499346
5497748
5501462
5498635
5499639
5502193
5498803
5498754
5499100
5502173
5499076
5499556
5501347
5502226
5501918
5500266
5500588
5498077
5499793
5500344
5497946
5498075
5500060
5502364
5497799
5501640
5500368
5499113
5498692
5502027
5500023
5501328
5500650
5501101
5498721
5498947
5501007
5498755
5498991
5500371
5500099
5499092
5502411
5501406
5499004
5499363
5497570
5497896
5499012
5501223
5503367
5498762
5501505
5498641
5498451
5497805
5498335
5500725
5499174
5501205
5497590
5501134
5500404
5497032
5497860
5500049
5501680
5498813
5500691
5499892
5500244
5501466
5499469
5499077
5499108
5497045
5501513
5499285
5500809
5501149
5501202
5502171
5501743
5498746
5499944
5502524
5500846
5498032
5498517
5498173
5501762
5496678
5499439
5502504
5498122
5499984
5498735
5501773
5497747
5500734
5501263
5497996
5498647
5499000
5501547
5501503
5496366
5501722
5501037
5500634
5498793
5499527
5501286
5501074
5499975
5500308
5500682
5503895
5498673
5498509
5500142
5502713
5498658
5501138
5500728
5501604
5497942
5501595
5498468
5498491
5502266
5501302
5502383
5498047
5501080
5499693
5498266
5497303
5497416
5501300
5499744
5499120
5497977
5498687
5501366
5501021
5501507
5500158
5501638
5498610
5502229
5502864
5498011
5498432
5500024
5501046
5498536
5500504
5502062
5499135
5497926
5499682
5502049
5502177
5497383
5502646
5499840
5498623
5497908
5501407
5501866
5501157
5499505
5499280
5498876
5500026
5500469
5500442
5502042
5501275
5497888
5501434
5503268
5498309
5498740
5501010
5502520
5501238
5498339
5500128
5497087
5501426
5498063
5502293
5500760
5501062
5502133
5502271
5497654
5497965
5498387
5502023
5498091
5498675
5498056
5500669
5497289
5497684
5498963
5501308
5499941
5502201
5501802
5501150
5499480
5498316
5500180
5498378
5502129
5500798
5498809
5498694
5500262
5500508
5501800
5499044
5501478
5501520
5499109
5500176
5502615
5498682
5501593
5497788
5501738
5498978
5499147
5501139
5500551
5498979
5498602
5498217
5502658
5502463
5497901
5501550
5498971
5499482
5497829
5501885
5499155
5497230
5498215
5498314
5498002
5501281
5499070
5499403
5500775
5501110
5501147
5499478
5498045
5502241
5500339
5499613
5500906
5501512
5501142
5501911
5499008
5498928
5501334
5498347
5498940
5502296
5501895
5497419
5498211
5501000
5502086
5502452
5499089
5498836
5500249
5499436
5496969
5501907
5501701
5497833
5501245
5500056
5501794
5497735
5502232
5501997
5498374
5499091
5499258
5501844
5499375
5498143
5497365
5499670
5501222
5499290
5497562
5499674
5500601
5500823
5500012
5498204
5501409
5498123
5501613
5499132
5497284
5501303
5498397
5498068
5501257
5501664
5500003
5498653
5501427
5499274
5497955
5498926
5501608
5500095
5501759
5497663
5498594
5501493
5503236
5497559
5502624
5499161
5501399
5501529
5497966
5499007
5497431
5501657
5500759
5503322
5500578
5501658
5496605
5497534
5499231
5498248
5501769
5499979
5500904
5500998
5499614
5498633
5501524
5500604
5500766
5498333
5497738
5500276
5499553
5501515
5497308
5500449
5497634
5501294
5497828
5502072
5500789
5500388
5496904
5498825
5500221
5501398
5501666
5498249
5497861
5502486
5503347
5497659
5498945
5499757
5498407
5497870
5498897
5499868
5502087
5498781
5498281
5498197
5499928
5500115
5497976
5498438
5498512
5500996
5498631
5498431
5501718
5501390
5499054
5497854
5501739
5497997
5498703
5501219
5502236
5503415
5498109
5501891
5499402
5499126
5497323
5501114
5502546
5498499
5498313
5501623
5502505
5501710
5498320
5501246
5498059
5502020
5502976
5502066
5498212
5502334
5501843
5498853
5499675
5501922
5501388
5503016
5498824
5498855
5503221
5498356
5498226
5499623
5499507
5498949
5501039
5497963
5499094
5498455
5500037
5501982
5502136
5502774
5500537
5502465
5502623
5500110
5500382
5498933
5500486
5502633
5497917
5498453
5500893
5501775
5500726
5497960
5498105
5501724
5498902
5501689
5501781
5499337
5501846
5503439
5501220
5501791
5498420
5498080
5501654
5500396
5501475
5502699
5498922
5497564
5501851
5502748
5497852
5501825
5499210
5498338
5499857
5501742
5498273
5501893
5498221
5498548
5499982
5498409
5499467
5497371
5501061
5501560
5502080
5501822
5501889
5501020
5497463
5501332
5496998
5499411
5501429
5500815
5501009
5502306
5499275
5498485
5498780
5501221
5498354
5501859
5499310
5498937
5502182
5501413
5498520
5498539
5498580
5501121
5498584
5499032
5497211
5500638
5498674
5501811
5500702
5502495
5499139
5497640
5502218
5497601
5501716
5499347
5501996
5501036
5498394
5501460
5501832
5503031
5501615
5497891
5502552
5502309
5498894
5502244
5498618
5498205
5499571
5503078
5501914
5502137
5500709
5501058
5498923
5498917
5497584
5501850
5497873
5501504
5501572
5502043
5497776
5501196
5502330
5498614
5497838
5499706
5501230
5501177
5498669
5499464
5498904
5502106
5498980
5498252
5498504
5499196
5502519
5499413
5499298
5500986
5502009
5498528
5497952
5501807
5499517
5498492
5498925
5501816
5501588
5501053
5498544
5501095
5498510
5498194
5501522
5499408
5501598
5500865
5501787
5501575
5498327
5501835
5501576
5496993
5501027
5501350
5501624
5498018
5497911
5501162
5499772
5501465
5501490
5497565
5499889
5496795
5498096
5499451
5499720
5498345
5501013
5497898
5498208
5501599
5499211
5502052
5498846
5500707
5501305
5501620
5497940
5500027
5501412
5497401
5497172
5498783
5496455
5497267
5497970
5501492
5498419
5497945
5501544
5502690
5499409
5497841
5501804
5501793
5497168
5500922
5501487
5497742
5498452
5502155
5501481
5501455
5502542
5501862
5502075
5498704
5500710
5498977
5501637
5499476
5501190
5501537
5498516
5498627
5501346
5502578
5501446
5499438
5499002
5499471
5502918
5498689
5501247
5502339
5498596
5500153
5499659
5497701
5501778
5501530
5502185
5498164
5503027
5497500
5497973
5498515
5500312
5502039
5500564
5500536
5496415
5501443
5501609
5497731
5502876
5497638
5498202
5499374
5502485
5497755
5497707
5501730
5498540
5502678
5497165
5500820
5497734
5497672
5500515
5501070
5499026
5497600
5501707
5501581
5500251
5497650
5498574
5502401
5502856
