7499044
7501200
7500915
7500708
7500893
7500797
7500948
7500498
7499653
7499691
7500385
7500348
7499398
7500074
7500169
7499404
7499517
7500555
7501969
7500455
7499320
7500812
7498887
7499269
7500065
7498702
7499573
7499719
7501140
7500625
7500073
7498425
7498900
7500231
7499227
7499564
7500121
7497654
7498534
7498932
7500127
7499602
7501397
7499679
7500774
7498934
7501168
7499942
7499924
7500359
7501101
7501224
7501318
7500478
7500198
7498253
7500142
7498487
7499070
7499046
7498961
7498917
7499551
7501065
7499486
7497681
7500754
7500069
7502186
7500968
7499405
7499463
7499921
7500131
7501688
7499589
7499711
7502107
7500150
7500859
7499687
7502090
7499174
7500126
7498912
7499429
7499820
7499999
7498127
7500039
7498948
7498529
7498821
7499112
7500745
7499977
7500490
7499974
7498843
7500749
7500223
7499737
7500721
7499939
7500389
7501462
7500907
7499965
7501410
7498745
7500635
7501422
7499851
7499789
7500999
7500105
7499138
7499135
7500284
7498697
7499771
7500505
7498973
7499567
7501234
7499677
7499961
7500840
7498671
7499718
7500124
7498365
7500930
7500507
7499873
7501044
7500216
7499076
7499348
7499725
7500671
7499839
7500082
7500350
7500500
7500096
7500133
7500240
7502220
7499579
7498526
7497107
7500263
7500153
7501460
7501319
7498552
7499119
7500426
7499612
7499695
7498166
7499803
7499500
7499650
7500054
7499962
7499920
7499396
7499733
7500688
7499917
7499720
7501672
7499947
7500160
7498337
7499536
7499023
7499876
7498716
7498764
7500400
7500249
7500799
7500247
7499206
7500785
7501196
7500167
7498704
7499951
7499946
7499419
7500600
7500057
7500067
7500527
7500008
7500050
7501622
7500746
7500877
7501870
7497460
7500190
7499163
7499787
7500814
7498583
7501485
7499466
7499934
7500185
7500110
7498931
7499558
7500321
7500487
7501187
7499303
7498802
7498463
7498040
7498881
7499778
7497884
7500419
7500644
7499415
7500450
7501055
7499249
7498610
7499342
7499247
7500692
7501431
7499504
7499648
7501128
7499068
7500024
7500100
7500388
7501629
7502004
7501615
7499052
7498975
7500720
7502444
7500000
7500421
7498914
7498013
7501217
7499515
7499446
7498491
7500045
7498958
7501686
7499901
7499171
7499223
7499129
7500691
7498782
7501231
7499592
7498394
7498099
7501788
7500415
7500695
7499869
7499875
7500111
7499918
7501418
7498294
7499329
7500268
7500209
7500650
7498305
7500740
7500093
7500195
7499591
7500675
7500537
7500535
7501061
7498746
7501122
7499226
7500215
7501524
7500789
7500872
7499638
7500318
7498343
7500116
7501267
7497965
7499392
7498701
7500081
7501033
7499148
7499976
7501500
7498644
7499684
7500252
7500769
7500298
7501041
7499024
7499705
7500923
7498822
7500610
7500181
7500177
7499543
7498685
7500593
7499786
7501574
7498547
7498386
7499674
7499132
7500511
7497836
7501127
7500285
7499278
7499776
7500412
7501352
7499833
7498423
7500485
7498351
7501276
7501095
7499683
7500802
7500267
7498613
7498902
7500614
7498911
7499021
7498586
7500861
7500704
7500371
7498070
7500471
7499566
7499586
7499844
7500392
7499726
7499364
7500519
7502421
7499802
7499253
7498333
7499952
7500114
7499389
7499701
7500982
7499954
7500324
7499002
7500818
7500837
7501378
7500066
7499791
7501331
7500963
7500433
7501170
7500343
7500865
7501005
7500217
7499682
7499847
7499598
7499365
7498836
7499541
7500151
7499688
7501301
7498959
7500420
7500513
7499804
7499987
7499765
7501408
7499095
7500956
7500690
7500109
7502361
7500365
7499580
7500021
7499195
7501550
7499652
7500894
7498828
7499256
7500204
7499162
7500885
7498261
7500457
7498637
7499016
7499477
7498530
7499407
7498750
7497941
7501148
7498158
7500360
7499288
7499228
7499055
7501381
7497361
7499741
7498296
7500468
7500391
7500030
7500372
7501079
7499656
7500618
7501074
7501370
7498603
7498960
7498636
7500305
7498523
7498689
7499491
7501083
7500044
7499168
7499287
7500062
7499895
7500242
7499750
7501508
7498651
7498786
7500387
7500661
7499632
7500529
7500449
7500991
7500896
7498842
7499745
7500123
7500347
7500716
7499066
7499177
7499885
7499795
7499989
7501736
7501878
7499979
7499483
7499354
7500463
7498490
7499834
7501612
7500598
7500279
7499953
7498242
7501578
7500879
7500248
7499614
7500569
7500174
7501954
7499268
7499841
7501387
7500638
7500660
7500292
7500474
7501052
7501029
7500003
7499113
7501561
7501346
7499767
7501094
7499494
7499062
7499197
7501012
7501225
7499384
7500901
7502010
7499390
7500447
7498708
7498935
7500572
7498809
7499535
7497881
7500063
7500897
7498213
7497715
7500187
7498533
7501589
7498041
7500594
7498411
7500959
7500659
7501497
7500197
7497950
7497609
7498230
7499098
7500516
7499727
7500581
7499721
7500616
7499468
7498718
7500734
7499572
7499689
7499930
7500592
7500171
7499893
7499642
7501663
7500712
7502696
7498643
7500791
7499353
7499222
7500188
7501915
7496722
7501333
7498381
7498781
7500772
7499825
7500570
7499449
7501278
7502062
7498675
7499332
7499915
7500615
7502609
7500554
7501745
7499694
7499908
7500778
7498553
7500422
7499685
7500395
7501628
7500377
7499047
7500443
7499380
7498655
7498783
7499996
7499607
7498944
7500834
7501376
7499188
7498575
7498833
7497636
7499542
7501308
7500337
7498785
7499707
7498890
7500949
7499597
7502041
7500218
7500103
7502071
7499982
7500514
7499075
7498799
7500964
7498971
7499929
7499331
7501343
7500995
7500666
7500038
7500288
7499735
7499623
7502134
7499310
7498406
7500219
7500424
7498652
7499074
7500467
7499410
7501056
7499035
7501030
7498104
7499712
7499997
7498846
7499907
7499358
7499212
7499868
7499200
7501011
7500225
7500669
7500912
7498630
7502087
7499625
7499503
7499349
7501435
7500364
7500857
7498045
7501691
7499761
7499854
7499360
7499445
7502199
7500987
7499986
7498895
7501584
7499831
7500553
7499079
7499969
7498113
7500154
7501250
7501798
7498446
7497694
7500235
7499250
7499862
7499779
7499611
7499233
7500954
7499326
7498864
7500270
7499159
7500952
7498754
7500320
7499123
7499502
7501211
7501320
7499886
7501509
7499853
7501358
7500162
7500731
7498278
7500250
7501392
7501510
7499846
7500870
7500056
7498507
7499585
7497729
7501014
7499091
7498334
7499800
7499604
7498758
7499966
7499522
7500243
7500023
7501054
7497880
7498402
7500239
7498927
7499507
7499823
7500579
7497273
7500565
7500768
7499637
7497674
7501547
7498248
7502064
7501025
7498787
7499593
7499772
7501306
7499570
7498981
7501559
7499036
7499816
7500120
7498869
7499297
7497984
7500313
7499182
7498589
7499634
7500532
7501483
7499937
7499845
7499882
7499925
7501174
7500155
7502482
7499453
7500229
7499230
7499242
7501516
7498763
7498771
7499350
7500697
7499078
7499794
7499557
7498731
7501093
7500430
7500946
7499427
7499657
7498543
7499622
7497621
7502336
7500340
7500172
7501662
7500091
7499824
7502072
7498772
7498838
7501849
7497524
7500369
7499703
7501413
7499417
7500604
7500738
7500294
7502092
7497546
7499715
7500234
7498385
7499537
7501368
7498377
7501724
7499203
7499133
7501406
7498891
7501107
7500425
7499207
7499822
7499742
7499308
7500619
7498988
7499042
7499792
7498937
7499659
7501062
7499528
7501885
7498910
7500465
7498093
7499509
7498078
7499394
7499307
7500398
7499888
7499523
7500135
7499385
7499178
7500176
7499192
7500245
7499506
7500683
7499110
7499766
7498617
7499295
7500981
7500916
7499754
7499321
7501546
7499933
7502668
7500502
7500862
7498591
7499863
7501099
7500161
7499382
7501978
7501809
7501206
7500191
7498286
7498942
7498476
7500186
7501165
7500580
7498528
7501763
7498590
7500672
7500459
7498735
7498167
7499284
7499328
7501985
7500251
7499327
7501182
7500007
7501322
7498892
7502266
7498925
7498759
7501198
7499821
7500018
7498569
7497948
7499059
7500168
7499941
7499243
7498913
7499914
7500139
7501270
7500871
7501941
7501269
7500071
7500969
7498827
7499672
7500265
7500157
7498678
7498281
7500043
7500147
7500510
7498670
7500714
7500031
7498941
7498395
7500264
7500582
7497789
7501150
7497943
7500289
7500596
7501627
7500699
7498889
7501372
7500107
7501098
7501118
7499910
7501310
7501999
7499619
7499702
7499843
7500344
7500259
7501816
7498007
7499333
7500273
7501045
7499489
7500724
7500118
7499413
7500585
7498427
7500493
7498311
7499386
7501295
7500221
7499008
7500633
7500617
7499184
7498789
7499923
7500822
7502138
7500693
7499480
7500445
7500767
7500384
7501643
7500858
7499189
7499928
7497695
7500866
7500144
7499743
7498899
7502410
7500055
7500744
7501323
7500211
7501085
7498538
7498376
7500094
7501283
7502585
7501256
7500383
7499246
7499145
7499797
7499818
7499568
7500159
7501511
7499255
7502178
7500075
7498933
7498929
7499330
7500290
7501242
7499408
7501577
7498825
7499274
7499455
7500431
7500779
7501026
7498054
7499033
7500886
7499578
7500469
7498968
7499911
7500182
7498788
7500429
7499828
7500328
7500006
7500880
7497640
7499141
7500663
7500193
7501407
7499563
7499063
7501440
7501257
7499775
7500233
7499399
7501216
7501417
7501146
7501131
7499210
7501111
7501133
7500892
7500476
7498943
7499871
7499878
7499469
7503245
7502240
7501694
7500271
7498539
7499782
7499693
7499395
7500939
7498264
7498873
7499970
7500349
7500752
7500611
7500115
7501799
7498711
7499859
7499422
7501027
7499475
7499957
7498775
7499443
7501212
7501766
7499676
7499152
7500072
7499511
7499723
7498986
7498658
7498755
7500843
7498723
7501071
7499213
7497739
7500335
7499980
7500504
7497319
7501175
7501263
7501110
7497817
7499499
7499436
7499324
7498814
7501214
7498456
7498257
7501892
7499630
7499582
7499160
7500494
7498668
7501646
7501219
7501311
7500495
7498837
7498694
7499030
7498185
7500839
7500548
7501582
7500436
7501244
7499960
7500011
7500037
7500828
7498588
7499181
7499678
7499420
7499270
7500479
7501036
7501904
7501337
7499671
7499205
7499191
7501517
7499658
7498687
7499660
7500407
7499539
7501013
7500960
7499916
7502404
7498938
7499341
7497892
7499214
7501711
7499661
7496921
7499248
7501382
7498285
7500477
7501723
7500104
7500997
7498602
7499438
7501081
7501303
7498329
7499363
7501342
7498102
7500027
7500381
7499704
7499434
7497277
7500117
7498894
7499731
7499861
7501458
7499273
7499909
7499083
7500953
7500710
7500257
7499669
7500846
7498807
7500312
7500739
7499744
7498274
7500820
7500682
7499421
7499393
7500362
7501124
7498216
7501229
7499756
7498893
7500766
7498615
7498906
7501563
7499369
7500559
7498289
7499894
7500137
7499414
7500725
7502028
7497539
7500971
7500410
7500801
7498616
7500370
7501028
7499590
7501454
7500130
7499644
7499973
7498951
7499276
7498645
7499870
7499058
7500416
7501453
7500775
7498732
7499865
7499922
7500427
7501846
7497334
7501245
7499454
7498372
7500701
7499948
7501909
7500564
7500965
7501564
7499629
7500652
7502817
7501585
7498998
7500985
7498649
7501649
7501388
7501271
7500295
7498905
7500887
7500783
7498805
7499381
7501605
7498600
7497945
7501314
7501470
7501807
7499732
7499240
7500406
7499424
7499852
7501839
7501579
7500236
7498879
7501866
7498936
7501693
7499805
7500713
7500856
7499051
7499179
7502408
7500012
7498997
7499663
7500341
7501058
7500608
7501924
7499261
7499968
7500108
7498510
7498471
7501384
7498310
7500577
7499338
7498232
7499234
7499668
7500711
7500742
7499748
7499757
7499017
7500681
7500164
7499264
7501921
7501132
7499628
7499186
7501535
7501097
7497995
7497983
7499022
7500323
7499216
7498972
7500101
7498326
7501112
7500980
7499375
7500508
7501326
7500125
7498682
7501120
7499388
7499609
7499485
7498514
7499464
7499835
7498068
7501184
7499265
7498018
7499128
7500623
7500979
7502405
7499891
7500486
7499641
7499809
7501360
7501230
7500899
7500643
7498151
7500804
7500175
7498546
7499827
7501350
7500607
7500002
7501194
7500276
7501374
7499029
7499170
7499001
7500183
7499600
7499716
7500694
7498872
7501457
7498353
7499378
7497758
7498773
7499884
7498639
7501449
7497242
7499588
7500423
7500765
7498982
7501775
7500301
7498437
7499935
7499231
7500179
7501490
7499550
7501764
7502802
7500333
7499603
7500213
7501057
7499293
7500089
7501247
7499513
7500246
7498214
7500994
7498985
7498608
7496887
7501696
7499416
7498868
7498918
7501179
7500730
7499714
7501180
7498283
7501375
7500992
7501192
7501626
7500026
7500986
7497568
7499426
7499675
7498994
7499740
7499640
7500526
7500214
7501482
7500448
7499283
7501817
7501152
7500852
7500717
7500605
7501316
7499992
7501197
7500676
7498770
7502337
7499054
7501330
7499525
7499902
7498966
7501644
7500967
7500405
7498477
7500782
7501504
7500189
7500750
7498348
7499130
7498142
7499370
7500943
7500208
7499374
7500827
7500687
7499605
7501777
7498696
7500925
7499467
7499428
7498793
7501021
7499819
7499994
7499519
7498168
7497644
7501171
7501507
7498852
7498778
7501521
7500698
7500078
7499670
7499034
7499169
7499829
7500528
7499026
7499137
7498413
7499780
7499555
7500196
7498841
7500244
7501209
7500867
7501090
7501046
7499312
7500506
7500940
7499837
7500989
7499435
7498204
7501938
7500975
7499838
7499425
7500163
7501328
7501836
7498856
7499121
7499099
7500315
7499470
7500411
7498945
7499673
7500319
7500544
7498254
7501486
7500530
7497963
7499151
7500439
7500414
7501324
7500733
7498908
7499790
7501292
7499292
7499764
7500606
7500336
7498693
7499260
7499906
7501047
7499796
7500020
7500540
7502016
7500346
7500310
7501273
7500035
7500363
7499111
7498405
7500667
7502411
7500962
7499759
7499037
7499409
7502210
7500432
7501017
7501268
7499498
7498820
7500709
7499355
7499998
7499993
7497570
7498522
7497285
7499218
7501221
7500715
7499610
7498766
7500241
7498688
7500807
7498481
7498633
7498314
7500122
7498171
7498956
7498415
7498599
7499722
7500297
7500909
7500375
7499096
7499832
7501594
7497919
7499116
7500753
7497952
7500595
7500517
7500805
7499880
7497895
7498276
7502117
7498570
7498299
7500759
7500927
7500079
7499401
7501185
7502581
7501825
7500456
7502044
7499383
7498260
7499781
7500327
7500938
7499520
7500232
7499599
7499897
7499232
7501651
7499368
7501704
7499647
7500141
7500088
7498051
7501299
7499496
7498714
7500084
7498641
7500090
7497783
7500351
7499898
7499140
7500560
7498623
7497208
7499277
7499533
7499635
7500588
7500760
7499432
7497399
7498475
7498631
7499984
7500136
7499529
7499760
7499150
7498709
7500546
7499357
7500192
7499193
7500266
7501004
7500642
7500522
7500539
7499495
7498484
7499478
7498672
7500931
7500497
7498302
7501614
7501290
7498200
7501155
7500041
7501010
7499646
7499730
7501894
7500689
7501793
7499769
7499082
7500434
7500919
7501086
7499316
7499919
7500004
7500401
7497452
7501255
7500201
7498431
7498422
7500048
7500326
7501918
7498876
7500355
7498954
7500653
7498163
7499010
7501335
7499439
7500017
7498258
7501237
7500790
7500823
7499560
7500776
7499698
7501754
7498706
7497835
7499728
7500741
7500833
7500068
7499864
7499481
7499866
7500013
7500891
7498700
7500237
7499690
7499347
7501400
7500409
7499061
7500052
7499516
7499753
7498761
7498451
7498559
7501398
7498233
7499053
7501498
7498870
7501671
7498683
7500589
7500829
7500402
7499627
7501149
7501178
7500036
7502093
7500293
7500483
7500296
7500524
7498592
7498320
7498461
7498710
7500950
7501477
7499856
7502366
7499631
7500732
7501277
7501813
7502057
7501970
7500283
7498909
7500518
7502486
7501091
7501475
7500220
7500578
7499465
7498621
7501289
7501464
7499549
7500345
7498810
7498357
7499814
7502309
7498979
7501396
7501977
7501113
7500942
7498765
7501307
7499309
7501568
7498806
7499085
7500095
7500173
7498699
7499808
7499272
7501404
7501040
7500058
7501210
7500563
7499889
7501380
7501695
7500230
7497938
7500047
7502398
7499667
7500723
7499826
7498251
7499751
7500087
7497925
7501143
7501576
7498540
7501554
7497977
7499020
7501031
7498642
7499431
7499131
7500461
7500641
7498656
7499180
7500322
7499271
7499613
7501811
7498444
7499014
7499450
7500751
7498742
7500571
7499931
7500282
7501313
7498551
7500702
7499983
7501952
7499285
7500875
7497502
7499697
7498562
7500238
7500656
7499905
7500128
7498155
7498256
7500860
7498738
7498356
7498193
7501162
7499146
7499665
7500838
7499418
7500254
7500418
7500501
7501473
7498634
7500821
7499950
7499433
7501291
7499964
7499493
7501389
7500761
7501610
7500399
7500756
7500556
7502288
7499015
7498794
7499306
7501544
7501006
7501461
7501600
7502084
7501078
7501762
7498924
7498191
7498496
7499717
7499681
7500913
7498874
7501134
7498992
7500591
7499301
7498225
7499945
7500935
7498103
7501123
7497182
7497872
7499257
7499487
7498301
7498691
7501015
7501222
7500573
7499899
7501163
7499855
7498207
7500561
7500119
7500631
7499943
7501855
7500876
7500083
7499587
7499221
7499758
7500146
7500170
7500895
7501365
7500475
7499552
7499700
7499379
7497665
7499447
7499267
7498387
7498524
7501076
7501474
7500612
7499459
7501907
7501117
7498150
7501199
7499305
7501530
7497685
7501920
7500019
7498245
7501814
7502539
7498582
7500025
7500543
7500613
7499913
7499472
7500649
7501073
7500567
7500926
7500609
7498561
7498596
7499799
7498017
7501000
7500200
7501647
7499451
7501698
7500748
7499936
7499225
7499280
7500811
7502068
7498626
7498517
7498428
7498677
7499482
7500261
7499512
7501937
7500515
7500626
7498197
7499995
7500881
7500291
7502496
7500542
7499149
7500042
7500005
7498953
7500202
7499892
7499664
7499749
7500053
7498147
7501288
7498769
7498220
7498904
7498373
7499639
7501286
7500795
7498939
7501744
7498568
7500453
7499575
7500417
7499959
7501414
7499540
7501439
7502316
7497597
7500206
7499183
7498980
7499057
7499476
7500670
7498896
7499411
7500464
7498660
7500178
7501064
7498719
7497263
7498628
7498120
7500330
7499018
7501557
7500308
7499460
7498187
7499391
7500533
7501075
7498087
7498266
7498009
7500143
7499289
7499377
7500140
7499879
7498970
7499461
7499526
7498344
7500496
7501261
7497912
7500489
7499471
7501824
7501534
7500299
7500338
7499770
7498871
7498818
7501129
7499139
7500228
7500729
7502034
7497672
7498983
7500636
7499975
7500165
7498976
7499692
7499626
7501238
7501115
7500599
7497407
7499344
7499440
7499229
7501953
7499361
7497255
7500677
7499978
7498898
7499615
7500842
7500134
7500696
7499881
7497981
7499547
7499636
7499729
7500210
7497927
7503229
7500034
7499086
7499777
7502811
7500758
7499955
7500549
7498991
7497141
7500358
7500366
7501720
7496925
7501059
7500307
7500458
7499545
7499340
7499643
7501491
7499298
7498779
7501223
7501356
7501506
7500061
7499031
7498597
7501193
7500329
7498170
7497890
7498767
7501880
7497602
7500033
7501106
7500590
7501425
7500442
7501204
7498236
7498817
7498574
7501955
7499842
7500770
7499072
7501590
7501597
7500534
7500331
7500379
7499090
7500374
7502227
7498923
7499430
7499680
7499836
7501936
7499108
7499452
7499100
7498298
7498679
7500258
7500648
7500408
7500737
7502827
7500010
7501423
7500303
7497477
7500281
7501514
7497190
7501740
7499251
7501864
7500032
7497738
7500538
7497762
7503323
7499325
7498995
7500568
7501926
7501797
7500077
7501243
7500440
7500977
7500102
7499444
7498974
7499343
7499190
7498520
7499087
7502367
7499244
7498897
7499175
7499562
7498371
7502005
7501572
7501367
7498531
7500853
7499840
7500911
7500207
7501523
7497968
7502096
7499040
7498511
7501207
7498019
7499238
7501993
7499173
7498184
7500435
7500558
7501239
7498094
7498747
7499286
7500396
7502301
7501084
7501455
7498331
7501080
7500106
7499501
7499850
7501949
7499752
7500586
7499172
7501119
7500898
7501009
7500722
7500481
7498440
7499530
7500824
7499067
7498464
7499387
7499532
7498861
7499944
7499317
7500309
7500735
7502750
7501443
7497374
7500386
7500378
7501369
7500470
7499245
7497201
7499618
7498727
7501362
7501254
7499266
7501405
7500255
7499356
7497845
7501668
7497985
7500998
7498878
7500917
7499699
7501588
7501066
7499849
7500651
7501236
7499569
7500706
7499488
7499027
7501802
7500703
7500080
7499032
7499105
7501020
7499793
7499621
7500970
7497852
7500819
7501533
7501896
7500637
7498349
7499577
7500404
7498555
7499334
7498824
7500764
7500629
7501069
7501151
7497625
7501274
7500974
7500158
7500278
7500503
7501053
7499290
7502236
7501739
7499806
7498315
7498240
7500156
7499258
7498352
7499050
7500787
7499736
7499176
7497413
7500566
7498883
7497801
7498048
7501104
7501722
7498947
7501139
7498399
7498156
7499313
7502517
7498222
7500051
7500212
7500199
7498565
7498105
7500454
7501348
7501625
7499710
7502067
7500575
7499798
7503309
7502045
7499724
7500262
7498919
7501635
7503200
7500138
7501309
7498796
7498955
7499005
7499000
7497887
7499339
7500792
7500634
7501032
7501519
7499514
7498854
7502338
7500882
7501114
7499217
7500855
7498949
7501611
7501596
7502183
7501800
7501420
7500049
7500794
7500373
7502274
7499275
7498336
7499025
7499318
7498016
7501680
7499991
7500678
7499154
7501176
7502014
7501438
7501492
7500662
7500869
7499291
7499904
7498857
7501655
7498916
7498542
7498928
7499337
7501297
7500275
7500874
7499300
7499830
7499009
7500755
7500777
7499890
7499860
7501357
7499518
7499867
7500784
7498532
7501708
7501002
7500781
7499012
7498666
7498664
7500850
7498436
7501329
7499620
7501393
7500624
7497792
7498605
7502152
7501336
7498866
7498967
7501172
7499423
7502077
7499565
7498618
7500830
7499198
7498845
7500562
7501542
7501183
7499662
7499073
7499492
7498673
7499304
7499601
7498609
7498676
7498831
7500148
7500451
7502290
7498115
7498715
7501531
7498323
7499649
7497485
7500352
7500888
7498963
7500132
7501933
7497594
7498063
7501699
7500728
7500817
7497686
7499081
7501780
7501177
7498435
7500983
7500492
7498784
7502498
7501248
7498686
7500545
7499351
7498091
7500958
7500686
7500541
7500743
7501437
7500306
7501527
7499651
7501468
7497017
7501355
7501929
7500813
7501433
7498157
7500380
7501958
7499746
7498839
7498485
7499985
7501942
7500621
7502235
7501281
7498882
7497714
7502459
7498926
7500028
7496954
7498969
7500092
7500551
7500367
7501353
7499967
7500810
7501782
7498426
7501157
7500547
7500354
7497990
7500957
7499788
7498472
7499282
7502767
7501260
7499315
7499768
7500990
7500951
7500736
7498594
7499654
7500521
7498965
7501503
7502063
7501008
7499371
7500602
7501142
7501925
7499004
7501409
7500466
7501077
7500680
7499043
7499311
7501617
7501538
7499372
7498345
7501666
7500437
7500905
7499554
7497271
7498004
7498576
7498885
7500928
7501258
7497590
7497864
7498650
7499938
7498065
7499990
7499323
7500070
7499553
7498131
7502180
7497928
7500316
7497908
7499633
7503192
7498159
7500918
7499199
7501070
7499239
7498834
7501640
7502300
7497382
7501228
7501251
7501641
7499080
7498124
7499109
7502254
7499932
7497031
7500482
7499708
7499215
7498848
7500509
7501548
7501964
7501660
7499548
7499574
7498984
7500793
7501377
7497298
7500353
7502552
7498978
7501712
7502100
7501038
7498089
7498467
7499165
7502154
7498865
7499556
7499194
7499102
7500902
7498368
7498081
7499373
7499346
7497972
7497767
7500113
7501235
7499584
7501549
7496616
7499118
7500394
7498903
7501126
7500908
7500499
7500796
7500064
7499279
7500603
7500152
7500304
7500376
7501540
7500520
7498855
7499093
7499686
7499559
7498499
7501386
7502468
7501034
7497689
7499801
7501189
7498920
7502886
7498859
7500552
7499949
7501725
7500910
7502725
7498625
7502281
7501571
7500932
7501515
7499237
7501298
7498116
7498713
7499815
7498957
7501051
7502149
7500883
7501280
7500719
7500707
7498221
7497600
7500015
7499505
7499738
7499376
7500884
7499606
7498244
7500674
7501518
7500747
7501758
7500961
7499877
7498922
7500166
7499003
7501186
7498640
7501391
7497316
7500955
7501164
7500854
7500889
7500224
7499538
7500184
7501580
7499201
7499755
7498506
7500831
7498844
7501770
7501828
7498309
7499299
7499810
7499666
7499402
7501195
7498601
7497850
7499655
7499104
7500523
7502730
7502019
7500311
7498695
7500864
7502228
7499302
7498421
7498566
7499281
7501304
7501338
7498646
7498339
7501875
7498536
7498186
7502803
7501067
7501493
7497994
7498516
7497966
7498473
7497904
7501842
7500076
7501738
7497583
7502060
7500921
7497944
7499187
7497623
7501241
7500085
7500525
7502089
7499448
7501975
7498849
7499927
7497722
7498262
7497993
7499971
7503202
7501848
7501401
7501001
7499811
7498074
7499263
7500332
7499403
7501616
7501634
7500841
7501876
7502104
7498826
7501532
7499531
7501983
7499084
7502129
7501426
7497830
7500287
7497782
7500488
7498803
7500632
7500014
7498619
7499220
7498263
7500800
7501650
7499038
7500788
7500086
7502277
7499462
7500798
7497949
7497970
7499013
7500099
7498108
7497389
7500583
7499734
7498361
7497612
7498057
7499988
7498950
7498407
7500914
7499442
7499319
7499479
7498946
7502315
7500300
7500825
7498993
7501430
7500046
7498447
7500673
7498962
7502282
7499060
7501042
7501016
7499056
7503001
7498109
7501806
7501181
7500452
7499848
7498832
7498577
7500934
7501465
7502306
7499345
7500863
7501973
7501266
7501715
7498273
7497859
7498661
7497807
7498548
7499739
7501897
7499473
7501173
7499185
7500628
7497579
7501249
7499045
7500727
7497021
7498459
7497214
7498119
7499359
7498527
7497510
7499762
7497935
7498397
7501593
7501713
7499546
7498391
7501345
7499812
7500314
7498227
7501024
7501284
7499608
7501683
7498194
7498989
7499335
7498512
7500393
7498741
7498744
7501446
7500658
7499896
7500576
7497421
7498508
7499120
7501102
7500803
7501665
7499294
7498792
7501632
7500016
7501843
7500413
7498346
7500446
7498322
7501659
7501513
7501528
7498284
7499144
7502812
7502340
7500390
7498915
7499785
7499236
7499774
7501620
7499773
7498114
7500428
7498445
7499196
7499142
7498730
7500342
7498203
7501819
7501906
7501415
7498663
7500022
7497731
7499510
7499783
7501750
7499412
7501526
7499101
7502234
7499594
7501341
7501652
7497711
7501135
7502806
7497223
7501752
7501166
7502644
7500194
7498234
7500646
7501469
7502360
7501637
7498179
7498847
7503161
7502286
7498729
7498815
7498578
7499616
7502075
7501889
7500059
7500403
7500205
7500900
7498106
7501903
7498355
7498503
7497957
7501264
7500357
7501821
7502108
7499981
7501232
7497869
7499065
7499107
7497761
7498457
7498572
7501935
7498088
7499094
7500536
7502946
7501882
7500438
7502373
7498545
7498347
7498505
7501158
7499583
7502329
7499147
7501385
7501160
7499484
7501428
7501631
7501037
7501279
7501613
7498420
7502115
7498359
7497269
7501315
7501633
7498498
7500903
7501598
7502065
7498031
7498267
7502389
7501227
7499336
7499581
7499437
7497991
7500149
7497376
7500700
7498712
7499972
7500286
7496976
7498469
7499912
7499490
7498850
7498133
7498571
7502719
7501463
7500601
7502445
7501363
7500550
7501536
7502700
7501716
7502364
7500920
7501100
7499153
7500966
7499872
7502541
7501347
7499713
7498901
7499813
7501968
7501116
7498370
7501105
7500657
7502469
7500040
7500484
7500849
7498509
7498791
7498999
7498816
7498223
7497803
7502297
7501108
7500868
7499156
7502874
7501441
7498226
7499763
7499136
7499457
7501773
7500947
7497986
7500851
7498160
7501048
7500444
7499397
7501856
7499126
7501379
7499241
7501947
7498614
7500382
7498172
7501349
7501595
7499362
7499900
7500988
7499784
7501144
7501653
7498558
7498698
7501035
7501677
7501169
7501965
7500097
7500627
7499576
7498342
7501096
7500780
7498424
7499088
7498585
7501567
7497275
7502223
7502202
7499157
7501558
7499406
7497461
7497071
7497589
7499709
7498748
7501749
7497666
7498500
7500620
7501753
7501553
7500655
7501103
7499508
7500630
7498145
7500180
7499158
7501575
7500847
7502502
7502414
7499624
7502079
7499124
7500685
7497586
7496768
7502343
7501088
7501676
7499039
7498862
7498378
7502612
7501727
7501779
7501599
7499807
7501060
7501190
7500356
7500222
7500260
7498740
7501689
7498205
7500973
7500945
7502076
7498798
7498990
7500808
7500972
7500334
7502420
7496801
7500906
7500480
7501159
7498647
7498804
7500936
7497132
7501136
7501684
7502474
7501895
7501996
7501339
7498319
7500098
7502310
7500835
7500622
7500647
7501741
7498379
7497573
7501262
7498363
7498123
7501701
7497575
7498606
7498690
7498888
7497773
7501735
7501087
7498752
7498044
7498138
7501471
7498129
7501451
7499561
7497626
7501706
7501851
7497521
7499224
7497906
7502166
7499007
7499857
7501785
7500060
7502923
7501573
7499524
7502008
7499322
7501545
7497721
7500836
7498269
7501141
7501853
7502435
7498295
7501884
7502698
7501434
7499071
7501416
7498549
7501340
7500718
7502771
7501018
7498749
7500890
7501240
7499747
7501919
7498126
7501125
7498674
7502744
7499134
7501982
7501399
7502000
7501963
7501776
7498417
7500280
7498271
7498863
7497411
7498584
7501022
7499940
7499103
7501586
7502054
7499211
7497922
7501726
7498332
7497862
7500832
7498768
7501109
7501253
7498055
7502960
7501366
7500009
7500001
7502197
7499858
7500645
7501419
7498212
7500112
7502013
7502467
7497591
7498808
7500904
7497874
7500786
7499887
7501427
7500933
7499366
7497090
7497989
7498409
7497829
7497893
7498996
7500491
7497508
7501790
7498414
7500654
7498739
7500473
7503039
7498648
7500339
7500826
7498027
7502608
7498383
7498515
7497525
7502148
7501467
7497177
7502224
7497039
7497775
7501361
7500976
7501332
7501984
7498022
7501710
7499958
7498330
7502957
7498366
7500944
7501138
7501003
7501857
7497763
7500277
7498780
7501815
7501604
7498964
7500325
7501494
7498350
7501233
7502102
7499235
7500587
7501205
7501602
7502179
7500274
7501995
7497750
7502871
7499706
7498560
7500665
7498021
7499497
7500922
7501692
7498567
7502205
7498067
7501354
7498036
7501442
7500937
7498725
7501619
7501447
7502600
7499122
7502263
7498482
7498241
7499208
7500574
7501154
7501869
7502250
7499041
7501609
7497431
7501092
7501188
7502182
7499166
7501729
7502892
7498493
7498665
7497971
7497962
7502124
7502061
7497857
7500029
7498760
7501082
7498072
7502431
7500640
7497442
7501429
7502164
7501068
7497631
7501167
7498519
7499696
7501489
7496881
7498753
7497564
7502575
7498667
7500757
7498140
7499352
7498268
7500531
7498867
7502053
7502157
7498400
7497397
7496988
7501089
7500941
7500441
7500684
7499077
7502720
7499202
7499006
7498681
7499963
7501496
7497405
7500361
7497788
7499474
7497842
7500815
7498408
7501946
7498433
7501687
7499204
7497755
7498632
7499458
7498189
7498282
7501218
7501484
7500512
7500762
7501226
7501063
7502081
7501847
7501862
7502901
7499926
7498829
7501541
7501899
7501990
7500664
7498290
7500397
7500227
7497246
7498875
7500773
7499874
7498312
7497897
7498604
7499595
7499903
7500226
7502122
7498398
7501153
7498117
7497047
7500878
7498657
7501768
7498853
7498239
7497899
7498416
7498813
7497483
7502267
7498756
7501296
7498098
7497153
7501980
7501562
7499167
7503047
7502285
7501272
7498774
7498819
7501737
7500639
7498622
7498635
7500203
7498328
7501452
7498176
7500253
7501630
7498125
7498082
7498058
7498541
7501529
7502308
7501019
7498801
7502388
7499262
7501501
7498175
7500557
7499441
7502556
7499106
7497939
7498653
7502099
7498835
7499064
7496994
7501833
7498162
7501661
7502710
7498169
7501832
7498776
7499259
7502548
7498450
7501275
7498486
7498188
7498015
7498077
7498084
7499089
7501858
7498537
7502001
7498139
7499164
7503128
7501130
7502422
7498455
7498100
7498293
7501927
7498280
7501679
7498757
7501522
7498513
7497007
7501772
7497911
7498466
7498325
7498525
7502503
7502440
7500368
7501202
7501874
7501488
7497883
7499115
7501872
7502050
7499883
7498812
7497308
7497823
7497920
7502387
7499092
7502158
7498047
7498851
7498043
7499161
7502630
7501581
7501525
7498101
7504321
7501499
7498029
7501344
7498554
7501956
7502151
7498800
7502657
7498717
7497964
7498504
7501145
7498389
7497577
7501481
7501673
7497846
7502203
7501608
7502083
7501871
7498736
7498751
7499125
7498611
7502159
7498153
7499069
7501383
7498811
7502126
7501835
7501552
7498692
7501783
7497976
7497655
7501246
7501478
7498557
7497916
7501654
7502438
7498860
7501293
7497470
7498587
7497567
7499314
7498721
7499155
7498598
7499645
7500929
7498161
7497879
7498201
7499114
7502476
7498465
7498563
7497998
7501302
7497855
7502003
7501201
7499252
7498375
7501732
7498977
7502742
7502442
7502642
7498987
7502400
7499534
7497999
7500705
7500269
7499521
7498148
7500302
7497766
7499527
7501220
7500726
7502080
7497462
7500472
7502527
7497499
7497871
7503199
7498468
7501203
7501394
7500809
7501820
7499617
7498374
7498178
7501591
7498341
7502304
7498884
7498434
7501791
7498412
7501827
7498418
7503083
7502144
7502146
7500145
7498659
7498722
7501755
7501285
7498250
7502962
7501966
7500978
7500317
7497900
7501690
7500272
7500129
7501860
7502715
7497806
7502198
7498410
7502135
7503794
7497759
7502143
7501072
7496770
7501787
7497837
7497254
7498396
7498703
7498052
7502162
7501962
7498478
7501569
7497958
7502317
7497903
7498550
7497023
7498270
7497380
7501944
7502563
7501746
7498581
7502402
7498050
7502375
7501801
7499219
7501445
7502017
7501137
7497344
7498279
7498288
7498607
7498064
7501312
7501043
7502746
7503234
7498494
7498026
7497816
7501621
7498877
7498287
7501555
7498579
7502031
7497661
7501868
7501466
7500584
7501972
7501742
7498321
7497054
7500844
7499048
7501789
7501822
7500763
7501215
7498907
7497010
7497987
7497833
7496982
7497914
7498137
7501551
7501317
7497684
7501007
7497795
7499143
7501731
7502429
7500771
7501705
7502024
7501638
7498076
7498680
7498595
7498181
7497438
7498327
7497615
7501371
7502110
7501583
7497279
7498777
7497826
7497274
7502169
7502418
7501023
7499049
7501502
7498501
7501730
7501838
7502112
7498535
7498720
7501902
7502302
7498823
7498404
7499456
7498303
7498362
7501587
7497973
7500806
7502394
7497802
7500679
7498564
7501913
7502622
7497430
7501459
7497401
7498728
7499956
7501898
7496223
7498452
7502512
7502111
7500462
7498429
7502283
7498492
7498360
7497697
7501050
7498146
7502365
7497068
7498441
7501829
7502237
7498518
7501863
7497156
7497339
7498210
7502873
7498369
7498152
7501359
7502039
7501867
7498556
7497770
7501796
7500924
7501213
7501537
7502533
7501707
7498612
7497372
7498173
7497218
7502738
7501476
7498002
7498790
7498238
7497498
7498235
7501436
7497234
7501252
7500996
7501886
7499011
7497703
7501861
7498272
7502480
7497500
7501351
7498073
7501960
7498733
7501987
7501674
7501734
7496483
7502231
7501747
7497391
7497821
7497728
7502328
7502046
7498174
7498217
7497392
7500668
7497229
7502232
7497454
7498479
7497956
7499544
7500993
7501685
7498275
7498382
7501994
7501049
7497886
7498724
7498388
7501305
7498192
7497572
7498392
7501854
7502403
7501191
7498061
7503530
7498190
