1499354
1499937
1498894
1501093
1500434
1500733
1500175
1500117
1499662
1498178
1501077
1499815
1498431
1500799
1501023
1500598
1502547
1501111
1499202
1498610
1500383
1500718
1501743
1500207
1499185
1499532
1500058
1499590
1501678
1499713
1499071
1499889
1499466
1501041
1498673
1499256
1500547
1498811
1498989
1498813
1499319
1500110
1500631
1500165
1499794
1498640
1502045
1501006
1499854
1499006
1501630
1499885
1499376
1500765
1499979
1498903
1499562
1501208
1499177
1499491
1500005
1499473
1498944
1502068
1500213
1500959
1499965
1499866
1499910
1499166
1501765
1501565
1498911
1498954
1500010
1501971
1499025
1498480
1500306
1499659
1499782
1499240
1499050
1499083
1499821
1498738
1499538
1500538
1498726
1498625
1499915
1499847
1499555
1499632
1499881
1500344
1500613
1498988
1498725
1499668
1500405
1500527
1497654
1500792
1499272
1500969
1500699
1498270
1499212
1499011
1499100
1499333
1497423
1501505
1498045
1500565
1500676
1500438
1499487
1501051
1498633
1499135
1499700
1498755
1500724
1499768
1501735
1499186
1500206
1499872
1501871
1501173
1501949
1500389
1502920
1500107
1500875
1499271
1500161
1501415
1499180
1499431
1500943
1500266
1501209
1499403
1498508
1499948
1500690
1498735
1498267
1500941
1499776
1499061
1501036
1500648
1499597
1500348
1498458
1499225
1500069
1500223
1500156
1500737
1499059
1499500
1499247
1498515
1500863
1500951
1500077
1500239
1498952
1498736
1502946
1498510
1500179
1501723
1497033
1499267
1501246
1499946
1501499
1499379
1501190
1499176
1501171
1498289
1499264
1498040
1500714
1497452
1499540
1499356
1499503
1500315
1499771
1501239
1500541
1498108
1499630
1498664
1498867
1499122
1501546
1500924
1499095
1501059
1498323
1499721
1500182
1501525
1501801
1498605
1498395
1500451
1499575
1498931
1500259
1501204
1500612
1499923
1499785
1501782
1499188
1500053
1499414
1501513
1499765
1501979
1499149
1500723
1499442
1498856
1499292
1498939
1498029
1501032
1497925
1501991
1499656
1501402
1498816
1499544
1500965
1498678
1499215
1499090
1500399
1499418
1499436
1497711
1500625
1500192
1499942
1500755
1498891
1499660
1501231
1500778
1499941
1499513
1499690
1500402
1499580
1500772
1499547
1501140
1500838
1500913
1500063
1499067
1497084
1499268
1501806
1500251
1500256
1502254
1500852
1500021
1500334
1498681
1499208
1499773
1500717
1499132
1501315
1499392
1501070
1499740
1500264
1498311
1500890
1499864
1500889
1501225
1500119
1500138
1499439
1499390
1499811
1499249
1499462
1500252
1499897
1498865
1501300
1499389
1499515
1500651
1500686
1499871
1500017
1499919
1500488
1500137
1498305
1500186
1500513
1497786
1500430
1500173
1499687
1500777
1498880
1499952
1500672
1499581
1498594
1500696
1501788
1499227
1500045
1499213
1499111
1503233
1500725
1499634
1499793
1500505
1502452
1501034
1500068
1501115
1499485
1500640
1501753
1501047
1498344
1499548
1500491
1498794
1498162
1500214
1498977
1501003
1498551
1499432
1500027
1501308
1499751
1499728
1500099
1499931
1498489
1499742
1500075
1502325
1498980
1502271
1501627
1499935
1501312
1499022
1498925
1499727
1501344
1499375
1498511
1499764
1499870
1499105
1500955
1500188
1499516
1498144
1499598
1499065
1501099
1497673
1502141
1499053
1500750
1499664
1498787
1498352
1499287
1498553
1501019
1498263
1499522
1499501
1499600
1500523
1498314
1499288
1499646
1500647
1500054
1499279
1498477
1499302
1500833
1501269
1500880
1498094
1500357
1501010
1500217
1499628
1498459
1500416
1501467
1499679
1500437
1501133
1499395
1500813
1500587
1500626
1501088
1499520
1500150
1499460
1499994
1501125
1498069
1501500
1499859
1499971
1499988
1500791
1500408
1500009
1498564
1500226
1499900
1501230
1501422
1500309
1500643
1499063
1500231
1500414
1500607
1499062
1498659
1501632
1501097
1500024
1499606
1500516
1501615
1499130
1500675
1501504
1500057
1498031
1499126
1498786
1499766
1499495
1500007
1501199
1500198
1499786
1500328
1502908
1500635
1500918
1499304
1498833
1498584
1501439
1500944
1500820
1500478
1499738
1501759
1499245
1501745
1499172
1501883
1500421
1498910
1500046
1499983
1498899
1499314
1499141
1499463
1499585
1500946
1499070
1500026
1499422
1498990
1498896
1499905
1498871
1499448
1501959
1500720
1498973
1500444
1500738
1499552
1499273
1498628
1500313
1500253
1500141
1498368
1501802
1500712
1499678
1498792
1498425
1500449
1500281
1498195
1499084
1498928
1499451
1499335
1499464
1500078
1500494
1499737
1500597
1500243
1501162
1499846
1500905
1496756
1499933
1499684
1500343
1499692
1499980
1499027
1499251
1498984
1501149
1500170
1499878
1500554
1500103
1499428
1499681
1500386
1498799
1499840
1499669
1498170
1499688
1501367
1501451
1499397
1499747
1499943
1499818
1500524
1500261
1500248
1500406
1498982
1500619
1499296
1499970
1500591
1499663
1500211
1500685
1501253
1500854
1498295
1500830
1499325
1499345
1500070
1498854
1500404
1499754
1500511
1501101
1500819
1498449
1499567
1498173
1500356
1500567
1500709
1499209
1499320
1500583
1499539
1499696
1499342
1500250
1499879
1500183
1499074
1499647
1499363
1499315
1499510
1501518
1498821
1500811
1499896
1498912
1499402
1499639
1498081
1499932
1500420
1500242
1499759
1500553
1500019
1500180
1500393
1498333
1499963
1500465
1498085
1500212
1499234
1502053
1501980
1500326
1500167
1499867
1499788
1498775
1499523
1499470
1499259
1499916
1498986
1500796
1500025
1500825
1500390
1499733
1500828
1498246
1498236
1499484
1501011
1498555
1499179
1500148
1500158
1500109
1500646
1501284
1500729
1500160
1499949
1499323
1500559
1500037
1499893
1499883
1498571
1499962
1499286
1499623
1498999
1500015
1501414
1500031
1498110
1501321
1498632
1499080
1499596
1498232
1501492
1501528
1499358
1500933
1501151
1501008
1499284
1499109
1500222
1499912
1499147
1500734
1500549
1501007
1501326
1500701
1500542
1501063
1498373
1500658
1500467
1500577
1498721
1500363
1498718
1500606
1499454
1498669
1501692
1501634
1499924
1498534
1500155
1501372
1500500
1499987
1498552
1500454
1498589
1499152
1498569
1500216
1499676
1498196
1498402
1501619
1500358
1500748
1500836
1500520
1500885
1497740
1501258
1498691
1499997
1499731
1502261
1498171
1499360
1501453
1500455
1500857
1498846
1501086
1501103
1499966
1499892
1499475
1497854
1500493
1501145
1501910
1501663
1499769
1500085
1501123
1500644
1501477
1500080
1500450
1498514
1500394
1502279
1501106
1501448
1499415
1498575
1500653
1499034
1498469
1499535
1499231
1498343
1501249
1499507
1498556
1498450
1502025
1499755
1499307
1499184
1501354
1497811
1501176
1500884
1499777
1500853
1499625
1498958
1500317
1500534
1500514
1501181
1499060
1499033
1499756
1499758
1500331
1497963
1498526
1501292
1498177
1500337
1499957
1501050
1502363
1498686
1501705
1499887
1500504
1498025
1497254
1499078
1500111
1499861
1499583
1498258
1497990
1499650
1500726
1500012
1497736
1499557
1498695
1498927
1500715
1499689
1501463
1499556
1500265
1500954
1499221
1498815
1500693
1499675
1498906
1501550
1500956
1501043
1499533
1500508
1501224
1500299
1499339
1498819
1499107
1499359
1499921
1500456
1499182
1498839
1498922
1499938
1498035
1500506
1500883
1501368
1500168
1498088
1499260
1498283
1498714
1500323
1499627
1499869
1501715
1497155
1499649
1501417
1499680
1501319
1499299
1500498
1498767
1499851
1502144
1498148
1500377
1498600
1500424
1499309
1499194
1499712
1500072
1500314
1500562
1501108
1500459
1500249
1499178
1499121
1502342
1498838
1499801
1500196
1498339
1499486
1500710
1499023
1499781
1499289
1499710
1499534
1501792
1498535
1501554
1501126
1501343
1501486
1500594
1498377
1501382
1500595
1501617
1498788
1500316
1499741
1501056
1499244
1498111
1498186
1501691
1499450
1499127
1498703
1500346
1499252
1501612
1499383
1499353
1501241
1498030
1499351
1500776
1501460
1500671
1501061
1499388
1498501
1500236
1501841
1500911
1500241
1499726
1502244
1498568
1501183
1498717
1500172
1499205
1501771
1501728
1500233
1499514
1499725
1499673
1501270
1496705
1501429
1500749
1500681
1499595
1500529
1500345
1500267
1499219
1501476
1498914
1501294
1501854
1499076
1500324
1499826
1502204
1500159
1498895
1499587
1498653
1499631
1501333
1501783
1500401
1500154
1500321
1498414
1502103
1499566
1499703
1501637
1500082
1498693
1498746
1499928
1500203
1501636
1502082
1502033
1500678
1500325
1501320
1499483
1500228
1498798
1501595
1499607
1499032
1499542
1498804
1499857
1501105
1499137
1500330
1501267
1499809
1497551
1500521
1499822
1500798
1500151
1498424
1500118
1500604
1501331
1498857
1500088
1501714
1499704
1499615
1499609
1500185
1500962
1500808
1500881
1499724
1499120
1501141
1500254
1500887
1501434
1500018
1502203
1500164
1500128
1499868
1498907
1500282
1498727
1501223
1498913
1499714
1499373
1500453
1500574
1501510
1499820
1500528
1500561
1499720
1497815
1499248
1499807
1496930
1499020
1500575
1499440
1500458
1499509
1500742
1499517
1500124
1500240
1501465
1500485
1499472
1500570
1499537
1502121
1502048
1502054
1499985
1499816
1500721
1498791
1499150
1500812
1500692
1500873
1500846
1500133
1501855
1500655
1498872
1499964
1499400
1497725
1500351
1499246
1499198
1501060
1499624
1498359
1499117
1498275
1501724
1500349
1502511
1499140
1499072
1498278
1499103
1500108
1500448
1499223
1501832
1500006
1500370
1500557
1499835
1500044
1499858
1499806
1501537
1499914
1500368
1498403
1499545
1500834
1499920
1499217
1500569
1501593
1500915
1500359
1502409
1499317
1500728
1499774
1502191
1500827
1498994
1500787
1501244
1499104
1500000
1499506
1501033
1499370
1502670
1500292
1500247
1501017
1499404
1501272
1499654
1499108
1501275
1499490
1498793
1499902
1499196
1498687
1499364
1500286
1499459
1498405
1498708
1501896
1499834
1500318
1499163
1500869
1500352
1499588
1499718
1502540
1498868
1500484
1497609
1497402
1500210
1497604
1499550
1499430
1498260
1499079
1500780
1500908
1498666
1499469
1498485
1501412
1501419
1500060
1500605
1498615
1500684
1499922
1499096
1499940
1501770
1501548
1498828
1500536
1500423
1500917
1500014
1501025
1500741
1501170
1501102
1500178
1498296
1501215
1499519
1499648
1498070
1498134
1498832
1499181
1502246
1499367
1501763
1499559
1499899
1499254
1499321
1500023
1501544
1501794
1501104
1499237
1500291
1500603
1499717
1500157
1499694
1500659
1499591
1501226
1499322
1498730
1499438
1499031
1498612
1500452
1500673
1499285
1502529
1501872
1502663
1500593
1498879
1498723
1501733
1499693
1497971
1498554
1499313
1498388
1501234
1500189
1501371
1501066
1500845
1500571
1499917
1499429
1500277
1501349
1500856
1499310
1499805
1500984
1500234
1499876
1501075
1498634
1500273
1497967
1501597
1500586
1499895
1499577
1499752
1498981
1498641
1501000
1499093
1498199
1502010
1499091
1499603
1500081
1501165
1498886
1499446
1500065
1500300
1499898
1499934
1500533
1501459
1501095
1498118
1499049
1499925
1501137
1501658
1499695
1501191
1501079
1501142
1500558
1499657
1501328
1500412
1501091
1500790
1500199
1499253
1500589
1498919
1501359
1499833
1499037
1500067
1501265
1498647
1497661
1501282
1499843
1501562
1499476
1498781
1502681
1500486
1497858
1498997
1498281
1499641
1499004
1500398
1499235
1499362
1498971
1500835
1499601
1500116
1500761
1498702
1500859
1499435
1499480
1500204
1501478
1500592
1500632
1501287
1500501
1501277
1500768
1500303
1497585
1498690
1500496
1500003
1498941
1500410
1500751
1499862
1498668
1499950
1502340
1500771
1501180
1499789
1498881
1499907
1498769
1500219
1498700
1498688
1502986
1502208
1500093
1499787
1500475
1502320
1500958
1501192
1501212
1501858
1500987
1498596
1500181
1498660
1499852
1500422
1500333
1501020
1500464
1499511
1499613
1500378
1499744
1498495
1499347
1499875
1501189
1498448
1500576
1501178
1501155
1497432
1498204
1501752
1500610
1499611
1500711
1500531
1499159
1500130
1498536
1500040
1500519
1499697
1499572
1498945
1499038
1499865
1500372
1499488
1502453
1499814
1500089
1499394
1498411
1498601
1501235
1501558
1499860
1502527
1500472
1501596
1499396
1500621
1500049
1500439
1499269
1499014
1498538
1500978
1501833
1500599
1500948
1499082
1499839
1498033
1500293
1502307
1500746
1498916
1501157
1501303
1499586
1500982
1499352
1501810
1498734
1500218
1499955
1497783
1500295
1499956
1500432
1502221
1500083
1498966
1500925
1499024
1500901
1498539
1498304
1500555
1496185
1501135
1499528
1500209
1500362
1501281
1501726
1501236
1500661
1499305
1499174
1499707
1499224
1502129
1497570
1499996
1499584
1499637
1501177
1499730
1501054
1499813
1499599
1499972
1499210
1499543
1499330
1499989
1501067
1500272
1499563
1500550
1500171
1499421
1502372
1499953
1498869
1500287
1501058
1499489
1498570
1501386
1500129
1499123
1501332
1500774
1500308
1499195
1498770
1499608
1498753
1499819
1500426
1499405
1502782
1502702
1499398
1500244
1499636
1500993
1498888
1499191
1498562
1499981
1499708
1498419
1500482
1499954
1500716
1500036
1498083
1499973
1498621
1498447
1499433
1499830
1500865
1501536
1498273
1502007
1500011
1499106
1499565
1499906
1499052
1501357
1498141
1501370
1501711
1501452
1499346
1500140
1500670
1498955
1502377
1498898
1501363
1502137
1500332
1501358
1500442
1498505
1500871
1501628
1499677
1499232
1499844
1499216
1499616
1499877
1500302
1500735
1501684
1503231
1500789
1500197
1500097
1498119
1501481
1500936
1498745
1499800
1499340
1500469
1498105
1501029
1497430
1500902
1500301
1498827
1500245
1502057
1501375
1498820
1498210
1499982
1501071
1499508
1501838
1500105
1499425
1501314
1501116
1498715
1500809
1499850
1500705
1498364
1500623
1500336
1501732
1498543
1498627
1501484
1499651
1499055
1498663
1499265
1499424
1498858
1501184
1501114
1497159
1499674
1498617
1500153
1503154
1499471
1500379
1499827
1501201
1502061
1499772
1502038
1497305
1500615
1497877
1499792
1498609
1499171
1499326
1499167
1501342
1500397
1501741
1499888
1500818
1500062
1499445
1497117
1498474
1498619
1500387
1501501
1501352
1501427
1500114
1499974
1497202
1500700
1500732
1499300
1500731
1500546
1500972
1500041
1499239
1499366
1500916
1498728
1500238
1499197
1500921
1500507
1501325
1499686
1500147
1500445
1498152
1501866
1501601
1501120
1499017
1497955
1497712
1499069
1499667
1500947
1499173
1500582
1500101
1499102
1502015
1501391
1500689
1499385
1501160
1500657
1500694
1498934
1499817
1497491
1501713
1499778
1499384
1498874
1499977
1500288
1500677
1498520
1500417
1499457
1499338
1498369
1499040
1500322
1498831
1499968
1497871
1500590
1499088
1498022
1499799
1500296
1500304
1501143
1498946
1500320
1499683
1498059
1501018
1498637
1499812
1500876
1501454
1499498
1499734
1500262
1501012
1501129
1500115
1500382
1498618
1498747
1498235
1498004
1498995
1499129
1500369
1501309
1498713
1498073
1499386
1500329
1500341
1499560
1499620
1502297
1499474
1500624
1500861
1502356
1498929
1500530
1499691
1502042
1499711
1500759
1501868
1499715
1499729
1499002
1499456
1497837
1499136
1497568
1498099
1500973
1501329
1500106
1500578
1502319
1499529
1500544
1499497
1499618
1501376
1501026
1500704
1500609
1498143
1499652
1500782
1501038
1502006
1500522
1499348
1499699
1499779
1500816
1499131
1500634
1502475
1499165
1498436
1500263
1499853
1500312
1499874
1500769
1500052
1499904
1501416
1500428
1497746
1500806
1501511
1500829
1500585
1499629
1499828
1498638
1499992
1500785
1499882
1500770
1499125
1499978
1501334
1497718
1500079
1501299
1499365
1501353
1500016
1498348
1500662
1500084
1498863
1500260
1500028
1499570
1497230
1500466
1498266
1497537
1500786
1499845
1499719
1499767
1500487
1498909
1500132
1501131
1501365
1502013
1499665
1499961
1501016
1499019
1501441
1499554
1500278
1499183
1499701
1500470
1498901
1498197
1498465
1501455
1498392
1498661
1499886
1500227
1498262
1498624
1499241
1498228
1500113
1499984
1500473
1500971
1500743
1498953
1502049
1502242
1500601
1501015
1498963
1500617
1499976
1499133
1502595
1501665
1499203
1500208
1500257
1500844
1499266
1498926
1500650
1498015
1498951
1500123
1499003
1499626
1499046
1500682
1498550
1499110
1498608
1501800
1499282
1499716
1498298
1499750
1497594
1499274
1499021
1498357
1500579
1499211
1500652
1500849
1496994
1500877
1498870
1500033
1497995
1499525
1502366
1498889
1500976
1501335
1498588
1500055
1499798
1499504
1501543
1501456
1500727
1499551
1498936
1497891
1500660
1500440
1500224
1498729
1500419
1498047
1500076
1499035
1502365
1500882
1499863
1500867
1500020
1500127
1499763
1498760
1500429
1499029
1500098
1498918
1499028
1500697
1497821
1499913
1499092
1497759
1502170
1499458
1499030
1500793
1499761
1500136
1498558
1499762
1499802
1498327
1501742
1501535
1499723
1499329
1500134
1500135
1500747
1501174
1499426
1500232
1499144
1500997
1498900
1501022
1499810
1499927
1497814
1499301
1501341
1498529
1499336
1498067
1501531
1500364
1498985
1498487
1501815
1500940
1499929
1500517
1498238
1499187
1498525
1498962
1500376
1501042
1499614
1502055
1500298
1498065
1501057
1502093
1498404
1498506
1500914
