272536
600278
681911
1194132
1054524
913531
2184697
1558452
2604139
134301
348926
1209130
1406941
1067596
1286979
2832251
2976620
2423148
1582477
2156540
2116303
2250425
2605200
158637
2156226
1642488
942396
1101199
1633545
2265819
1070269
1205379
2114505
1555761
2677170
345693
2974934
2091674
1976760
655448
462074
669537
765146
1134368
1201996
56303
1095849
1396642
2205038
1438977
1535223
113774
804177
2228365
1878937
1223223
1564771
73753
2428533
2005657
2188527
549498
2386221
2481689
2365731
807835
2012352
855902
72185
1942509
2526504
2608586
2992029
1336702
439715
708539
2994668
2053780
2999378
2359949
2791825
1833084
2750362
2721240
939657
268874
1588861
2040827
588519
2004638
2795415
2485182
2757783
936005
1796541
179318
1808751
2787099
1231857
1486467
2710888
1586778
2493457
2491120
767121
1398304
13424
1647562
1062360
2640333
1414639
609981
30848
698205
834150
505498
664815
1084591
405590
756152
1104164
1869407
916100
104383
366047
787488
1581349
371229
726913
2920552
536990
2682567
964956
2126046
2666307
2869727
2038080
1324946
1673966
212593
2420800
2606535
2658498
58830
2349297
898081
1064631
1225784
1500950
353901
563443
2066378
329985
1482406
2841819
151691
557467
889793
2812317
206997
396291
2797425
2551508
1079485
1820683
902670
409986
406094
2775462
2120486
879404
1578844
2737158
1034466
2386959
984160
940436
874593
2668902
206221
2122951
1047495
1252621
28794
1165966
358984
2975095
292517
1788938
1762447
191859
1304881
1784539
2343379
2297539
596088
2864352
2646935
1109919
615972
966839
395797
1300368
405964
1257913
155214
658393
1745778
2346067
2341974
2170559
1540144
2235777
2148266
34368
1908010
1817857
493233
471876
332390
1044828
1623416
2403212
1934963
553955
890325
973230
2413841
164420
1428014
84513
1740980
2697082
1603213
2066017
1061124
1920976
2150983
697673
2593676
2752853
789304
1593567
2048663
2055955
194964
1879350
2781826
772291
2903854
789022
2988743
413660
1070343
2174346
2314559
2635342
2092267
2123996
134516
702959
1239364
1205461
2939761
572219
702944
287798
1885912
2087178
230476
627230
2461367
372776
775635
1150996
1957298
1235731
1314560
2731798
2228313
1244462
808791
2909998
1684123
860192
1168725
1606790
213601
1095845
2501506
127839
2878730
2332930
1964979
1316326
1774161
1588578
1968515
2017429
2356694
629774
650471
1488623
843115
458413
2260423
1311526
2723375
1152900
334322
257542
1487217
1034546
140948
303373
1288266
1961069
1012635
594213
1880872
2521792
2277446
2744697
1312737
1964600
2210016
1602596
624583
515209
479332
1522719
1760597
1969889
2077140
680405
2667556
1933789
2507945
1941154
2909115
1219270
1136838
892109
1323638
1649424
2296179
2363452
2415633
807631
2301041
2512550
1020635
1829811
2525078
2095316
1464921
380057
1740321
824134
190379
106654
2051595
2362502
158495
499272
22982
2334251
1425463
2760675
1510522
2998817
1900400
2416207
2930539
386349
2206181
930971
1588736
1935614
2618630
1445668
268502
1895192
2060362
2356407
139038
1896331
2659966
832016
262247
2656241
326161
2878169
908181
2909966
1198809
2373007
790249
2517256
2424620
24971
1152562
1849569
2993954
2683553
330668
2237077
2316967
345188
1675493
2919266
980382
329204
2152876
2497249
2932605
1782684
1045948
948457
400797
1369243
1736050
709799
1182317
1576129
1204634
1639238
2188497
2295874
1309808
2790662
200034
1621430
351913
36236
2247220
2236401
352884
1739145
443427
150046
674570
1685860
198178
2002291
1843086
2081115
962218
2613928
2395563
217643
199773
249592
454758
727435
1323865
1228114
1711100
877102
279435
78041
760349
367125
873537
1085806
355941
520573
2917833
2683379
2081270
2630584
1387439
2398620
2564659
2416253
1289139
721024
66471
1766209
223700
443762
267824
1259088
2045454
128860
835152
1707099
2978092
520857
94761
696775
666505
2482571
555350
1476144
732819
1382379
1735962
1131775
1650053
2782261
1849419
1074330
2205160
1164824
1275588
1374272
1407691
1545798
1303632
1757674
2807200
2796492
1012218
2285318
126743
720207
2203303
420283
234723
17684
804953
1828969
1164258
1450646
1928501
983676
305369
817081
2477970
1787991
1967301
81527
1836430
800165
2345615
142121
1306641
281896
1747400
2252581
2800332
1656069
2992785
2181552
977747
924639
1515991
867476
939655
2438081
1920936
2798519
2501307
1742573
1479241
1782228
1321595
2619937
743189
880085
461872
1033828
1483079
409792
1240718
1987562
1119962
790715
2437476
1608654
1109338
2101124
1281142
2809136
2119236
2292290
1260939
442377
2240313
1516930
118811
786852
1875658
505772
1743116
2709244
1840382
1463824
1335627
1297762
2679955
1648338
725605
1871153
215331
1069092
2942147
2630308
992924
1718522
2555176
294622
388235
1261564
784001
2160467
446059
2792082
1139079
2179475
418694
67117
999995
1797776
1921303
95602
68878
1882969
2409226
1968968
2737750
358679
2823099
1037877
205308
1491951
1316115
136784
2569266
151404
1315739
741967
661019
1036766
2619574
2484217
270285
185269
1139466
1346453
2210993
1007576
1932528
607051
641113
427353
73925
2910169
711111
2964744
2953650
2268904
2585011
1483213
2511775
2477568
2046903
2048437
1870691
2060020
2671577
1660451
2471994
661035
1744525
2643997
1670892
1329956
1208730
1378202
844830
2317556
1920990
2507004
1428443
1668181
480310
2862751
382182
937139
1423547
66563
251579
2369610
257497
206231
2441469
924881
2198123
2132106
964467
128148
1395804
1467103
2915974
460682
1237845
2782456
863301
1785235
1372375
2891422
1278069
680830
321738
1000911
712846
1102703
1795552
1883348
2619409
957295
1403084
2237470
2869556
247046
1206619
728051
2261433
718669
1726930
2742296
1696527
2396046
1791930
1831519
2515499
2270208
924458
2111855
1622064
1937813
663241
890213
109184
1790692
1432312
2482323
929933
2334545
1746350
1395061
1349903
2881213
1686186
303048
1864171
2537809
506822
2850398
2229958
2687477
729961
1654554
1336377
1795191
2864309
1751508
1640151
584314
729839
2098750
1444001
2698319
2085469
743448
1236531
2313603
1750697
1956639
1255000
2709841
1024739
1712866
2056202
570282
2555869
1051430
672959
1737893
319859
633359
355835
2279199
1134665
2805431
531273
1358959
1341256
2683560
720868
411008
850413
1104347
2931814
2471127
1064509
2173002
1464720
125641
2627832
581570
354197
1359361
2247334
816273
2754070
2737849
81987
2835682
2927421
2364779
709706
2829599
253219
1733222
1803215
669890
1660323
2367073
521853
638610
1981831
501689
573384
1699830
371851
2205353
1945138
2902959
1198448
2835475
958888
2965278
2335153
2265912
2347104
1313075
2686305
2761048
542783
2675933
2001305
614468
2470615
895459
1328197
776027
2534057
971932
818834
1352377
1563323
1392300
348347
917111
1150722
2003791
1147089
1976320
2970377
2081664
2946428
1873394
2038141
1744731
1082127
2892104
2380797
1392457
593043
1034272
921234
2257234
511404
2924942
2847396
311866
152847
2870709
2594884
1290322
2775148
940197
293086
204259
2166677
1184673
734410
2088226
747075
2245495
761422
2974067
2392118
600548
1210271
736222
846975
2543504
2108250
778909
697756
1981792
1822230
2917827
313695
1461168
2255895
730502
845996
1143131
161795
1438727
2325407
695366
15492
583692
1934062
176322
2799081
341655
1852464
1215924
371641
2253789
264707
1438214
2921793
2886292
1138606
998580
1500194
2009305
262891
71932
2290425
409361
1801112
2008285
2588347
2054983
362786
2196372
1343149
292522
1159197
430637
2611039
2252984
325688
2600526
2045530
2384837
877351
2903124
2483856
2888027
2954385
2012973
2114362
2858613
1303475
2884978
2783258
1926710
2313526
2272506
2015092
619100
1623366
2907668
508191
507013
2363397
650963
2569876
1148285
1967190
815742
2418874
2842106
102965
358855
2691816
1461135
2234956
145247
1891619
2451574
300929
2176447
2497548
1418340
1981682
2562039
1620756
1285244
2290530
2921982
1470860
1399611
235257
2417960
2728025
806113
999482
2673850
2928685
1626434
601068
88672
2297150
2732024
423681
716104
1907759
705299
2835768
2115378
1470745
2410084
1327875
672899
1853394
2861356
2576331
1738351
1236277
943686
2254510
303601
706782
528820
2842360
1639894
172867
154751
900666
1615218
2633444
799133
1431934
2787549
1009106
1390196
2598474
569187
208834
516122
667232
2440679
2276226
1861423
706870
260676
2862004
2047314
513483
1578475
1698227
1635034
1317172
2231759
372293
2002993
170567
2960291
1979667
2706073
368285
2183557
1185309
484605
2907406
2807246
1750147
2365217
986544
1313388
2624362
2260215
1512907
251054
619153
1373087
1510034
2619842
1762953
2010038
1623209
980330
167916
1387569
1436155
1394973
9378
1431936
1353144
2560600
260865
2757385
1286424
2175683
278765
2113165
2328738
2515790
2602217
320166
2839692
793056
1769423
279311
86035
260026
2968273
760621
2668098
2510736
2281624
1397559
2587922
1862420
726074
2443284
2728241
2530002
848139
1011705
1775264
2719261
1151529
1203069
1273200
1079455
2865745
2149805
713426
2372203
2436686
1983048
1921872
1449734
1439821
1932110
1276384
1344300
2841717
1276096
2137102
43550
1052227
2432057
544630
2316373
2439801
575778
1507311
93131
2417273
639760
2223721
2168369
2025948
2744586
1797716
1463098
2168227
992479
576400
2929796
2391893
1772294
2779829
1082506
1235290
1453347
2443444
26421
2481205
2625103
1749265
2130922
714803
851102
2985864
566546
2765747
575721
491115
630110
778822
242560
745570
1094216
1357193
1344893
2795148
904902
180198
475661
1004485
2464319
2579416
1246251
483406
1328830
462603
17350
1779593
179765
1212600
2304025
2927498
1921839
638488
981657
161106
1607625
1630437
865667
1422486
720911
726780
416639
2313721
1587206
1225037
1808321
683982
2423919
2890879
996708
1066269
1492810
2103685
2651068
536017
1995737
2577745
750747
2912062
1501359
2656993
2868910
2440106
121680
2417925
2073982
2393115
548750
2402096
267262
2873769
856870
884030
628836
2523215
2476692
1138582
2674813
2193578
2129166
1525349
131724
1789166
2780930
2517451
1023269
2263674
2551777
535125
1906294
845464
553948
1194603
1457419
1580576
2277279
711377
2035365
953928
1402398
2327318
2939653
1156378
2216880
1574538
2746378
1963872
1301663
626097
295972
1969143
1086126
1286285
2911766
2313498
560606
968401
1751828
2808923
498294
798725
1494204
370677
2524181
35554
2080841
2339197
1593413
920678
266180
1060569
751868
1813791
2411398
498828
2873888
1140904
186218
413798
1649292
2268664
2301642
1513773
759455
1433730
1008350
2032297
1660593
2928125
529765
1612779
1350046
2320849
1656177
1985078
778502
48043
2745420
2312144
858289
2897924
774260
774775
2255802
426163
2418576
1484530
137666
2429212
2025032
1773722
58850
692626
1169581
716613
2173345
795545
1044009
1027210
386045
970064
1900211
1418496
2546549
2573184
367295
2894516
1490578
1731459
2705683
2210634
566983
1396849
1874628
34951
922552
382383
2280124
2418716
2025826
2329103
2305261
988787
1296877
804583
234413
1078423
2936800
905325
826250
465945
595643
1443478
1210909
2474249
317974
739367
815124
848822
569150
2376133
605266
2102643
2847424
1662576
1359093
1827253
661688
659234
2139354
2133913
1792783
618364
738967
1287703
1820527
2358174
776460
2413486
749633
2211104
2938934
2275190
1259513
2851861
2956750
32967
2005068
1481535
2209257
1078133
2167482
2434414
2725494
1941727
2894438
1610544
43958
998882
238711
691003
2348080
2205831
2332426
2096950
187353
939799
1248991
1514494
2732946
1681757
976837
36416
740116
2028588
930093
2840206
1542485
1910256
661859
2381752
2947278
589036
2404232
18643
75830
1627314
2887194
924474
1504547
1972942
1020673
1713061
716094
2724798
1488458
1219575
1818699
2845957
536204
2646168
827854
147972
2888138
1766211
1930233
2655760
80309
1799084
352591
154951
1109369
2628715
2800919
2898618
1220928
2901069
810203
428217
2830716
870555
2125292
2701754
1474279
569784
2186388
730309
674858
1204900
1073169
1355326
2432660
308524
1474705
2400105
2176756
2487696
2169456
2514331
2078030
1436921
1696240
2886191
427615
2641205
1128666
2691208
2520230
1451339
1151353
1494103
2040657
757331
315990
1676559
2947805
2007038
1461055
2673497
637921
1512485
566427
1280976
92145
1635199
1729550
48855
2574420
1589528
730948
929462
1668825
2409498
1508159
7561
468024
2913379
963656
836277
1887714
746371
2721322
1013589
2750800
2420828
45789
2675342
1278546
549500
1263454
1596066
2868192
2810690
2158876
2228578
539045
1597776
204786
1112783
1569175
749417
424055
1356062
2058968
801655
872386
2036948
40708
2724723
1037408
2860289
1456867
1942095
962450
1737619
303168
1390784
1141840
385142
2990174
1009044
1974855
505037
2151575
1236160
290689
1484101
1005503
1225832
2445131
1960785
2814432
2522969
2066415
2922180
117918
2280903
2598072
2904631
2561805
285178
1640602
1870025
2949
2476847
1280088
867452
967491
1016442
1184258
1811217
579975
1079460
38746
2524535
2099188
2085021
1462439
2975817
2320460
1652702
2449907
2867211
1859148
1479905
1142489
2209169
2610632
1784248
767684
1477193
1216743
377827
142949
776118
1856824
2633816
2575322
2801387
538674
1963960
2039221
661835
2802909
1377941
2657316
2562803
1643934
567831
971456
1460483
311045
1011974
2122053
2152293
25564
20992
454933
1601180
1656834
90044
1205888
1708059
1126553
995056
1049854
2335124
2762198
2531334
609992
527475
2515331
2844161
2914369
953807
1328958
677551
1514949
1060804
2224669
1455365
2666375
1167815
1809793
574333
1689955
2244386
1715389
2908945
2055487
191755
1243562
2794175
2896023
2743012
2474237
2811932
280952
62285
1578097
1414928
1230985
2692087
937951
463981
423185
1972418
2786367
461739
951340
1864297
1979471
2963277
2824764
2857739
1579053
215628
313490
423025
957660
975235
707098
863391
240668
1046756
2338165
653235
1043088
97942
462296
2018837
1149214
1136865
2049012
2514953
2169988
2921474
1785700
1783763
1515561
2012930
2489005
1968482
2092321
1499208
2419339
87814
521254
1084050
2412792
2946481
1305364
273186
828507
1696339
1128654
1424739
1342884
2342677
1380672
1578299
219662
832519
1096143
2157127
1598944
2828998
65737
1618101
56843
2445602
1593560
889502
2138755
2926004
410570
636863
251121
1544862
2431544
630234
528142
35040
1256468
1892335
2150161
2694979
355093
1821699
220160
665864
231622
852458
553831
784737
86797
1531680
2137124
1897943
196489
910653
772224
2677796
128455
1225113
2167167
2223692
1477039
1980944
1458105
2687132
1705688
2740325
2848699
1854816
269833
2588945
167725
1370589
2925615
1971123
1202444
642025
651615
1685769
885062
2409008
341855
1201482
1455197
2931495
501855
1799534
1348794
2073214
2718556
1714931
2628039
1822249
1398850
2715226
1430682
1468546
559026
282097
1900494
1513804
621443
2147472
354147
734943
2727679
2333163
886146
2225454
2627040
846193
204810
2444452
477283
2751057
2118737
2145459
2685446
418761
2475404
2037791
931693
1638455
1392128
2975581
1181395
2582791
1881045
2109289
1260693
1142653
933929
1748535
2026597
1533058
777054
2760973
745850
2128591
1642703
1602016
1310545
2145473
1363817
1729387
355849
1061745
169104
1426891
1007692
2723407
1411773
797236
548204
1893603
1696433
1020202
1430948
1471253
19434
580780
454866
1372368
2051469
1859444
358034
2122546
604588
135240
2504109
441186
2626922
1446889
2352848
1775352
2919281
981291
2491270
2137634
1934437
1504342
199330
1934406
1699897
1509584
759405
1817467
2797680
2996345
2582542
265963
2522489
1828643
64643
2686153
970742
2849044
2789964
2087647
32381
562887
1651542
616770
2969023
622722
716223
2142220
436199
957383
615898
1688694
1498885
1415372
928270
2425495
729108
701146
1370953
2220282
139903
1971649
401522
2210626
1539623
1108865
309257
128972
2253464
1313269
942359
1242772
1966442
2097112
2490539
1544664
112828
1108128
2960617
256475
895546
2954535
2866486
1577363
2294373
308781
164969
767744
1923541
1898516
2360793
533523
1867006
1198514
861717
2294632
884832
194763
1375602
2399402
2060115
797979
262589
2736649
148342
224626
1200640
2152785
1513423
2315027
574431
717350
2872820
2926773
170512
161803
2464166
2944096
975009
2249240
448790
1687603
190263
2548001
436703
600581
2071974
210227
552080
2942683
1710112
636641
2756276
670753
75955
97742
2013337
501410
2254965
968234
2977290
826911
149407
524143
777416
369600
630254
2111930
1618102
1267144
1537012
1923793
2172721
523167
2645996
2529559
724676
1152152
2927863
1228758
184132
2138828
1695705
2701746
2849577
148645
2786614
2726585
2525347
1453776
2385778
923524
2304877
1844065
2137481
2266485
551608
517775
355519
347515
92311
732325
1469813
719661
631681
250048
641711
2257160
602749
921520
1689000
2060157
1372650
1311354
2596733
2324670
1212466
2622968
2292353
2841254
2464970
2572623
172835
2279120
718506
2859173
2415096
518353
261947
743027
718847
2192060
1069901
1543450
2598523
2110001
2343619
181940
828947
838481
2840980
712691
2043027
580949
1672843
803640
2190723
1586835
2900833
2608915
1512420
1982307
1017596
284470
59007
997139
194330
850474
1023919
2989381
1576481
149721
596586
2889911
883519
1776231
267331
2521950
1546960
111660
752255
1251238
439893
1704200
1521596
12688
402409
374186
2569331
4137
30974
457531
1498712
807411
2631717
3331
2751449
1165938
1440991
1516847
1711256
2825926
465037
1693140
2878277
1374075
2237760
2960949
2903756
56184
1421982
2281662
1916359
913017
2845082
1569503
1965718
2401158
1567982
1687832
2093502
852393
2095075
271182
848595
1203898
2375302
2763538
2710800
2151506
1852964
520324
649419
2928161
150891
1409026
1409716
523246
582533
1161029
597941
410253
1466513
33517
448417
1489883
2153796
545078
329991
1615835
2567444
469166
2549999
1852307
2716856
2484360
101563
1800584
848894
758563
2510415
2162072
1344030
639133
1012931
91418
1605000
2408118
2002473
1427099
1808599
2189133
1288175
2990010
2791171
1838611
2969540
2435012
38025
2559755
1440532
1523759
590741
2516069
666873
1902120
2736123
2339043
1961434
2584449
1907388
1920163
675648
1676617
2417974
1493918
663486
231248
1031411
2938079
763202
1972480
74749
665476
840840
2793045
682786
1768389
1655239
1920966
2813207
823279
1467779
842278
768237
2410500
29404
2892497
509244
2999544
2046824
2064982
119680
930993
2322322
312695
663080
2621854
2470442
1827824
1225526
1389184
2532395
2538713
1798760
1630593
2828287
76009
2015304
2734470
609040
2571999
983331
2275612
1892701
369544
263238
1784563
1623419
2971868
185328
913708
600798
2287565
490028
1252356
1986777
2564207
2209237
2004353
2422350
2927894
967215
908132
83793
1543210
2590980
968599
2593347
1316790
1890005
1696718
445272
174992
895437
1173863
803944
2288759
1051175
95905
852146
2652154
1390527
1012954
2981713
1447868
1377516
983129
720414
2229180
1687549
2471432
1384353
1911485
960421
2522211
1074786
263261
1472184
758269
243944
2861720
1508460
380458
1485541
2082174
948201
1905176
143308
2222633
927445
1191640
2210672
2743015
470769
883304
1942841
1123266
153935
2772472
1708932
2869536
2810003
1386177
2974803
2016214
1215090
175118
1375095
908855
2858110
2120355
811617
2787615
262700
2896199
1304727
1799656
1351008
1113523
22248
341007
941739
369281
1695357
2749443
2758055
1720312
255145
2901270
1924862
1822571
2685196
1763065
663714
2356417
870196
2982620
1254999
224376
372000
63079
575910
1325114
2695691
2825048
2154712
341677
2468109
1443028
101324
2705721
195113
2921624
623941
1447343
1177947
1003873
2755294
1342992
451587
54063
1862051
2153926
2307816
1272296
2572591
95976
2989461
974593
321644
1405239
1294760
2586722
1133441
2910115
1799740
2004038
2861950
36307
454460
1825831
422590
481922
877130
725852
550478
454990
2875926
2792774
2607957
1409946
979729
2369891
2351699
1977023
1170711
1513338
2670131
761604
478530
1132081
1477810
1266006
784612
1340004
322793
1190340
1220130
918049
2841051
1517336
43030
875813
1911164
1669604
2856453
2801338
2633673
132095
2379477
1710353
361868
720324
2248766
1268945
1539552
253325
953863
129545
2481970
633717
2209348
329467
1929231
1265421
1144075
575716
2944009
1935343
2379143
1577884
2662356
2802539
842183
1112782
1556689
1311466
2985943
1654687
2968397
1125253
298833
2626227
124608
579831
725450
2541810
2474261
2558038
2586040
1456717
2228625
2642724
1660238
1434995
2041551
30354
1670654
2441624
554727
1033393
995444
1919729
2246234
2022383
2318602
1375536
834411
1353170
2365781
937360
1026357
676927
456892
2482000
2116404
766451
2527342
1832410
701690
927964
2727655
2964403
1187401
1076158
1680139
1315675
2319036
1542955
2079764
1712728
545957
183980
2252580
2981364
2188768
1053904
884059
2173291
2162228
665791
577528
64267
1250119
2967465
474674
1571173
703311
1865735
800097
1565421
1698137
558853
2596484
1467739
703002
1436220
719294
486910
159293
201843
669210
604040
1677790
1028338
2012284
499000
737162
374140
308061
2305427
2507321
133815
1484542
2773976
2875275
1407234
448038
1964782
1343936
1777135
1065658
503114
2653892
244796
1556930
734731
2184933
1039418
2578775
2997330
2135949
2179721
2171649
2189420
874100
1604522
2891746
934052
2425860
2175279
652895
643023
2681147
1586224
2598228
1964590
1423250
1674135
2599196
1710529
2625731
2466277
2026496
1866682
252659
2384684
2319226
132403
264252
2909425
1407810
254524
472824
1733651
712222
1185517
2523016
2578284
2713545
1818121
1688061
1539367
1804124
1245062
2531930
757750
2893142
2182127
1664257
700320
29929
1642333
216665
2537677
1345743
815675
744854
301702
1404395
323826
883260
2289345
2868847
559063
147921
1060991
1928866
1341060
2120349
836788
1731323
1593824
1982378
1515938
181358
2219927
2060526
1746332
2679406
2596714
1433020
772355
1392583
2712609
993581
467532
1930445
301912
1723705
2095533
909793
1846471
1359731
794742
279878
2786456
989000
1181452
793802
801836
596427
1672828
1050420
2093024
2849534
750830
2071964
96861
402872
983974
1139930
571148
1363938
517052
1139830
278387
1272785
2299124
809714
1887880
2174694
2638444
2726649
2674559
1859265
2804628
957975
2524036
400227
236730
1327731
852529
646197
1501266
194191
1931715
2445629
2631358
1817065
1330013
785373
1234732
173473
2573293
2042622
2730963
217695
1364702
1931016
1412336
1721169
836349
159088
476975
439516
97793
1619838
1096849
476185
867298
1528247
2706154
1656253
1824211
2454410
2890765
2716049
2504639
1180029
2840677
1053084
2056417
2607682
188220
2010266
1883043
119093
2994657
176308
1274483
2573848
1341815
1475830
127156
936553
296417
670936
2228143
2551727
2839185
718281
271001
733508
2257315
307908
42952
1762973
870592
2511051
307465
46847
78845
2829867
470333
2754363
1354133
2497866
1247955
1489020
652756
1847932
1566569
2088585
384944
1972237
2041192
616894
2322610
486684
2267530
1906308
1729775
827975
166199
253342
2287399
503316
437299
2294166
2856586
1475597
2380641
802049
52085
1813080
2654214
2207636
117765
1483529
2510287
1149407
159056
807269
2099794
1742104
1538341
1119756
645493
2618459
2845818
604199
283629
1761333
2603232
1158185
1846206
501950
343071
2801796
1978456
1505192
1744560
1445468
1380696
1946141
1297508
431539
2443108
2354428
2791273
2090632
2504528
665307
902489
438861
746906
1571318
318573
1862858
2785955
347878
2447714
819571
109695
44529
1892788
1598523
1928417
227953
142335
470155
924437
1451981
711871
456921
2145033
2794274
1160024
614508
1213365
2331962
2572502
1983949
1041492
2264718
416655
1087864
847621
2743526
2055653
2781969
261530
2438891
516877
1339067
