7500238
7499896
7501072
7500411
7500289
7500642
7500989
7500840
7500378
7502649
7500824
7501190
7499855
7499310
7499027
7499565
7498188
7501080
7499506
7498687
7498094
7499368
7499941
7500315
7499830
7498766
7498186
7498351
7498960
7498884
7498854
7500173
7500416
7499208
7500276
7499134
7499591
7499717
7499879
7498760
7499898
7502262
7500713
7500209
7500943
7501520
7498037
7498937
7501105
7501846
7498035
7499924
7499821
7500475
7499422
7501206
7499398
7500652
7500602
7500458
7500062
7500361
7499038
7500409
7501145
7501043
7500148
7499192
7501305
7500125
7501188
7500656
7500290
7500245
7500770
7500702
7500569
7498749
7499968
7499541
7499135
7501374
7501065
7500076
7498070
7500282
7501555
7500321
7501355
7499292
7499505
7500508
7501792
7499343
7499807
7500089
7500866
7497732
7498261
7499658
7499203
7498291
7499513
7500869
7500467
7499715
7499182
7500234
7497865
7500600
7498962
7500471
7500987
7499991
7499105
7500096
7501133
7499253
7500455
7499736
7501056
7499860
7498773
7499690
7501271
7501820
7501928
7499308
7500833
7497667
7499812
7500030
7500633
7499404
7499481
7500301
7500253
7500419
7500354
7499754
7499641
7498806
7500028
7501691
7498850
7499033
7498856
7499163
7500802
7498607
7500598
7500160
7497731
7500513
7501384
7499158
7499219
7500451
7497460
7499999
7500559
7501052
7500466
7501068
7500947
7499904
7499701
7500370
7499823
7500873
7499843
7499892
7500118
7501893
7500615
7500948
7499435
7501450
7500167
7499746
7499189
7500629
7499856
7500789
7502066
7501143
7499190
7500992
7500190
7498555
7501484
7497091
7499781
7501660
7497582
7499377
7500168
7501136
7499175
7500473
7500447
7500523
7500338
7499564
7500611
7499795
7500032
7499858
7499820
7500038
7499361
7501758
7498026
7500648
7499382
7501348
7499918
7499571
7500727
7499285
7500690
7501405
7500228
7500767
7500094
7499946
7498310
7499352
7499265
7499164
7501291
7499279
7499752
7501932
7499351
7499224
7500224
7499372
7501502
7501676
7500556
7501356
7499217
7500240
7501211
7500546
7499906
7499808
7500065
7500857
7499326
7499578
7499804
7500578
7499523
7499744
7500708
7500019
7498191
7499255
7500859
7501512
7499070
7500298
7497527
7500532
7498603
7500879
7500980
7499750
7500399
7502928
7499013
7498453
7499149
7499455
7499365
7497633
7500108
7499328
7498572
7499762
7499508
7499512
7500965
7500123
7500332
7500729
7498002
7500112
7500962
7499560
7499955
7500682
7499227
7499095
7499250
7499359
7499905
7500983
7499937
7498614
7498816
7499961
7500067
7501165
7500069
7501665
7500335
7501499
7500469
7500393
7500735
7500382
7502707
7499963
7502284
7499914
7498827
7499566
7500494
7498834
7499693
7500221
7498674
7500438
7499775
7500244
7498786
7499916
7501152
7501073
7498065
7499869
7499480
7498399
7499259
7499226
7500302
7500591
7500166
7499926
7501140
7498460
7501079
7500618
7499981
7500521
7499145
7499987
7499538
7500070
7500758
7499545
7500208
7500815
7498553
7497906
7499222
7499923
7500939
7499200
7498294
7499504
7500522
7498865
7499559
7499376
7501713
7499899
7501416
7499397
7500812
7499992
7501057
7499757
7500343
7499663
7500506
7500576
7501246
7499895
7498702
7500269
7500801
7498909
7500320
7498944
7500189
7499606
7499909
7499319
7501228
7499395
7498604
7499703
7501350
7501191
7499921
7498696
7498208
7500317
7500706
7498425
7501276
7501194
7500650
7500207
7501504
7499409
7499338
7499094
7499608
7499618
7500275
7500133
7499592
7502080
7501706
7500753
7500436
7501719
7498584
7500024
7499866
7498876
7499679
7498445
7499086
7499247
7499076
7500645
7499228
7498810
7499673
7499609
7499585
7499637
7501081
7502641
7499699
7500266
7501251
7499428
7499204
7501808
7500081
7501489
7500897
7498942
7500129
7500283
7501161
7499705
7498009
7499569
7502504
7501168
7499676
7501299
7498679
7500303
7499110
7501533
7498409
7501042
7500688
7498729
7501116
7499282
7499500
7499837
7497951
7500498
7499150
7499261
7500029
7500120
7500998
7498663
7497133
7500972
7499256
7498888
7501476
7500420
7498734
7499893
7500369
7498092
7499049
7499071
7499263
7499861
7500366
7501739
7500741
7500091
7501283
7500853
7499544
7501036
7500225
7498830
7501774
7500728
7500551
7500841
7500387
7500391
7498901
7498513
7498260
7499180
7500997
7498545
7499516
7501094
7499557
7498717
7499212
7499724
7500203
7500018
7500554
7501032
7498712
7500740
7499462
7500170
7500043
7501003
7499623
7500407
7502323
7500193
7499258
7500696
7499385
7500444
7500882
7502457
7502401
7501285
7499006
7499312
7498870
7500673
7501888
7499819
7499295
7499168
7499704
7498176
7500695
7499157
7499868
7498452
7499611
7499948
7498984
7500311
7500782
7499371
7498892
7500047
7500662
7499341
7498916
7499369
7500732
7498886
7499665
7500945
7498796
7499229
7498682
7497772
7500472
7500881
7500697
7499327
7499077
7499680
7498005
7499621
7499171
7499458
7501020
7500550
7499479
7499811
7498323
7497736
7499891
7500252
7500754
7500025
7500944
7498416
7499797
7499975
7500487
7501664
7500153
7498756
7499363
7499430
7499276
7500534
7501424
7501082
7500843
7499484
7497857
7501433
7498542
7500258
7501850
7499366
7499320
7499644
7501249
7501227
7499442
7500899
7500265
7501353
7501443
7501955
7498662
7499296
7500865
7499814
7498547
7500138
7500322
7499099
7499194
7500509
7501526
7501590
7498563
7498522
7499874
7500229
7501974
7500755
7500174
7498206
7501054
7499041
7499713
7499943
7500422
7498523
7499331
7499119
7500617
7500496
7499630
7498627
7500978
7500528
7500386
7497602
7500725
7499725
7499984
7497833
7496986
7500988
7498437
7500579
7499088
7500751
7501200
7501112
7499130
7501390
7497877
7501303
7499066
7499972
7500577
7498837
7500246
7497424
7498754
7500838
7498739
7499624
7500200
7501175
7499245
7501110
7499792
7499520
7499089
7500049
7501213
7500707
7500479
7498080
7499555
7499025
7500353
7499959
7501221
7501118
7498744
7499118
7498797
7500817
7498968
7499659
7498800
7499220
7498612
7500501
7498525
7500958
7497520
7499652
7498803
7501705
7499809
7501418
7498053
7498910
7500877
7500495
7500415
7500646
7498818
7502443
7499810
7500526
7502019
7498924
7501255
7499345
7501300
7501037
7499403
7499529
7499550
7499730
7500601
7499617
7501891
7501747
7500297
7499639
7500604
7500942
7500256
7498890
7501668
7501363
7500797
7498983
7500349
7500262
7499537
7500858
7500875
7499915
7498789
7501652
7499491
7500677
7500813
7501323
7498560
7499346
7500306
7499530
7501797
7500017
7501010
7500653
7499472
7499423
7499700
7499434
7500818
7501723
7498974
7502558
7502222
7500561
7498414
7501619
7500620
7498839
7500116
7497939
7499845
7499008
7499249
7499890
7500339
7500344
7499270
7499876
7499582
7497691
7502301
7501358
7497882
7500227
7498821
7499829
7499383
7498863
7499424
7499865
7499870
7500202
7500055
7501381
7499642
7502113
7501238
7499851
7499794
7499339
7500806
7500226
7499251
7499028
7501392
7502083
7500798
7500525
7500678
7501021
7501935
7498864
7501160
7502593
7500676
7501853
7499965
7500752
7497652
7500536
7499517
7500583
7500692
7498282
7500057
7498532
7500510
7498784
7498058
7498618
7498594
7499846
7499631
7500969
7500237
7498973
7501240
7502532
7499014
7500737
7500197
7499709
7502959
7501423
7497448
7499193
7499394
7501682
7498722
7501545
7499068
7499313
7500609
7498254
7499267
7498826
7498510
7500374
7499246
7500938
7501209
7500185
7501102
7501038
7500825
7498769
7498289
7498986
7501552
7498557
7499273
7501378
7497980
7499960
7499026
7500325
7499593
7500934
7499635
7498350
7500793
7501508
7500790
7501656
7502021
7499187
7500674
7500355
7500930
7500267
7502121
7502399
7500261
7501438
7501966
7499727
7500064
7498339
7498828
7501874
7498802
7497700
7498433
7500385
7501737
7499147
7499590
7500716
7499474
7500586
7500759
7499767
7498264
7499733
7499634
7499142
7498941
7498889
7500880
7498657
7498642
7497699
7500078
7499218
7498871
7497791
7498098
7499985
7500459
7500906
7497646
7500192
7501002
7501387
7500572
7500917
7502377
7500771
7499078
7500562
7499547
7501784
7500176
7499393
7500733
7499375
7499966
7501988
7499788
7498324
7500204
7501417
7498719
7499059
7499831
7501025
7500571
7499129
7500667
7500426
7501641
7498987
7499492
7498954
7499278
7500196
7499065
7501158
7500470
7501601
7499367
7499244
7497687
7499015
7500292
7498833
7499290
7500781
7498869
7499456
7499612
7499911
7498981
7499880
7499101
7500021
7500233
7500052
7499085
7501586
7500161
7501324
7499848
7499951
7498681
7500543
7499756
7499045
7499173
7501917
7500842
7501756
7499770
7499604
7501267
7500548
7500804
7498896
7499599
7500090
7498134
7500053
7501404
7501849
7499854
7500124
7500585
7500425
7500365
7500827
7501698
7498519
7500524
7499117
7500848
7501339
7498505
7499580
7500031
7499354
7500446
7498198
7501772
7499656
7499248
7499852
7499894
7501718
7500746
7500870
7500059
7500330
7501310
7499009
7498398
7501313
7499316
7500519
7500293
7500099
7496672
7500128
7499452
7499093
7499470
7499995
7499098
7499721
7500961
7499778
7500424
7501070
7500590
7500668
7500314
7501710
7498480
7500347
7500405
7500277
7499761
7500861
7498763
7500915
7499857
7500350
7500683
7498949
7499444
7500504
7503394
7500199
7499681
7500219
7498332
7499466
7498215
7500036
7500568
7500826
7502032
7498929
7501367
7498659
7500795
7498154
7499318
7497494
7501071
7501061
7499666
7500511
7498464
7499646
7501607
7500041
7499800
7499439
7500979
7497083
7500272
7499353
7499903
7498671
7499120
7499254
7500305
7501768
7498317
7499789
7502460
7500362
7501631
7501015
7500356
7499097
7499813
7499942
7499695
7501154
7497836
7500117
7500748
7499401
7499524
7497098
7499702
7500832
7499237
7501059
7500530
7501492
7500098
7499293
7500628
7498578
7501100
7498303
7500835
7501763
7501940
7498851
7500837
7500655
7500738
7500257
7502188
7496520
7499022
7501286
7500520
7498943
7498961
7500890
7499638
7499685
7501126
7497425
7501385
7497852
7499167
7500107
7500437
7501242
7501426
7500621
7498121
7501465
7499051
7497356
7499453
7500792
7499046
7499672
7498327
7499468
7499661
7499568
7497480
7501182
7500493
7500351
7499509
7499449
7497463
7500336
7501571
7499576
7498165
7497649
7498221
7500784
7499112
7500334
7500587
7500805
7501064
7500345
7500249
7500247
7499766
7497717
7500820
7501256
7498728
7501262
7500115
7500724
7499655
7499556
7499486
7499957
7499645
7500794
7500042
7500786
7500318
7500588
7501280
7498554
7500974
7498476
7498958
7500066
7499763
7500745
7500499
7499191
7500640
7498569
7502330
7498471
7499790
7500364
7500949
7499073
7499653
7500959
7500643
7500134
7499291
7499552
7500377
7498680
7498494
7499160
7500909
7500198
7498374
7498051
7501362
7501091
7499622
7499216
7500284
7500432
7500529
7500912
7499340
7499153
7499443
7498117
7501173
7501146
7501364
7499233
7500075
7501266
7499005
7500296
7500254
7501181
7500863
7498698
7499521
7499384
7499803
7499272
7500287
7499080
7498194
7500110
7500077
7499284
7500698
7501230
7498548
7499563
7499689
7499776
7500675
7499954
7497844
7499115
7500680
7500876
7498645
7498527
7500392
7501578
7498993
7501109
7501087
7499755
7499364
7500750
7500595
7499844
7499487
7499935
7500831
7498638
7499019
7500486
7500474
7499162
7499769
7500924
7498704
7499873
7500512
7501344
7499262
7501629
7498918
7499526
7499748
7500744
7498975
7498353
7501532
7499627
7500033
7499726
7498326
7501272
7501838
7499419
7500701
7501636
7499514
7499465
7499826
7499887
7501773
7499607
7499052
7501828
7500968
7500137
7500299
7502455
7499298
7501813
7500439
7500045
7501169
7500260
7499507
7500433
7499597
7502136
7499734
7501184
7501695
7499737
7499091
7499314
7498705
7498534
7500685
7499288
7500594
7498328
7500460
7500723
7501589
7499489
7499406
7499910
7501561
7499586
7499241
7498912
7499231
7499998
7500596
7499664
7500485
7499176
7500918
7501289
7499315
7500239
7499993
7499822
7500014
7501108
7500976
7499063
7500932
7500828
7497814
7500607
7499332
7499925
7501591
7500177
7498947
7499104
7501738
7498963
7499475
7499786
7499534
7500211
7501125
7498675
7499691
7500285
7499488
7499497
7500849
7500127
7500015
7500423
7501563
7499818
7500885
7499114
7499499
7500964
7500274
7499349
7497948
7501585
7500814
7501157
7498716
7498757
7499037
7502252
7500414
7499581
7498007
7501257
7499469
7498835
7498635
7498995
7499141
7501156
7499451
7499264
7500661
7500273
7499675
7501148
7500083
7499956
7499501
7501295
7498933
7499467
7498935
7499692
7499195
7501605
7499243
7501077
7498581
7499096
7500671
7500632
7499572
7499336
7499670
7500925
7500323
7500846
7500264
7499302
7498736
7500132
7499759
7499021
7501296
7498934
7499132
7501196
7502171
7499412
7500699
7500970
7501040
7499196
7500563
7499407
7498667
7498713
7499325
7500183
7499651
7498240
7500222
7500150
7499683
7500383
7499583
7499179
7499301
7502314
7499445
7499496
7498050
7502167
7498218
7500774
7498133
7501845
7500453
7500186
7500404
7498401
7501472
7499687
7499533
7499421
7501308
7500517
7500916
7500636
7498592
7497204
7501622
7499510
7497900
7498239
7501254
7501651
7497925
7500171
7500037
7497200
7498959
7501566
7500852
7501186
7498033
7500540
7500023
7499964
7498456
7499417
7500558
7499402
7501055
7499626
7500649
7499121
7498881
7499889
7501001
7498966
7500169
7498804
7501840
7500803
7500566
7501351
7498672
7501290
7499799
7499540
7498567
7500380
7498795
7499387
7500489
7500452
7498435
7498089
7498829
7500689
7499979
7499056
7501101
7499344
7500408
7498747
7498748
7499215
7501876
7499230
7501452
7501550
7500464
7500348
7501994
7498791
7501897
7500886
7499360
7498565
7501183
7498020
7500665
7499833
7500957
7500179
7498423
7501683
7497345
7500860
7499113
7499561
7501248
7500488
7499567
7498718
7499562
7499536
7501214
7502527
7499780
7498503
7498811
7498849
7499883
7498499
7499381
7501155
7499647
7498646
7501180
7499620
7502598
7500319
7500147
7499174
7500074
7498562
7500270
7499615
7500670
7499457
7499838
7499558
7499448
7499798
7498880
7498999
7498358
7499989
7500205
7500016
7500163
7499872
7500430
7499036
7498930
7497785
7498570
7499674
7500516
7499706
7501785
7502000
7499779
7500136
7499732
7499240
7501491
7499815
7501841
7500739
7501177
7500544
7501332
7499058
7500201
7499720
7500811
7500476
7501092
7498624
7501543
7500463
7499570
7499206
7500614
7501767
7498836
7501277
7499708
7499000
7500966
7500068
7500871
7499997
7501559
7500087
7498157
7500012
7500660
7500700
7499103
7502269
7500443
7501376
7499413
7500003
7500999
7500363
7501135
7500187
7500816
7500823
7499128
7497705
7501461
7500242
7498861
7497058
7502871
7500316
7499213
7501134
7500714
7499018
7500762
7502198
7499628
7500006
7499574
7500379
7501142
7499169
7499719
7498277
7501595
7500641
7499152
7501293
7500658
7500975
7498195
7499944
7500734
7501013
7499741
7501798
7500686
7500441
7499579
7501343
7500122
7499275
7499546
7501397
7500651
7499209
7500914
7498360
7498845
7498692
7500772
7499252
7501382
7500480
7501654
7499074
7501715
7500547
7499793
7502423
7502298
7498970
7500851
7498587
7503628
7500175
7499020
7498647
7498971
7500850
7500503
7501859
7499969
7500921
7500830
7500492
7498605
7500764
7501141
7502239
7500982
7499083
7500331
7499632
7499415
7498537
7500084
7501050
7499210
7498223
7501464
7500180
7499616
7499432
7498535
7499629
7498965
7498193
7499280
7497748
7500151
7498016
7501962
7500952
7500765
7498029
7500231
7501479
7500130
7500625
7498950
7499967
7499549
7499426
7499832
7496758
7500603
7498914
7500644
7501144
7498428
7500484
7498883
7500114
7499976
7499433
7498369
7501466
7500435
7499473
7500213
7500575
7499459
7498860
7501761
7500184
7499370
7499067
7499207
7500669
7501534
7499300
7497504
7500007
7499688
7498304
7501743
7498586
7499602
7499107
7499322
7499996
7499882
7499836
7499791
7497648
7498292
7501005
7498670
7499122
7498394
7500111
7500324
7498721
7500775
7498955
7498465
7500608
7500126
7500232
7500413
7500565
7498300
7498404
7498174
7498258
7499939
7499034
7498528
7502782
7501912
7500977
7501735
7499294
7497593
7501574
7501368
7499633
7499416
7497796
7499239
7497514
7499201
7501326
7499553
7501635
7497801
7499373
7500121
7500766
7499740
7501684
7500867
7497817
7501124
7498506
7500312
7498383
7497949
7499178
7498196
7499184
7502154
7500684
7501097
7499242
7497914
7498106
7499684
7501383
7497764
7499840
7498371
7500135
7497727
7500693
7502228
7499493
7501306
7502159
7497353
7502528
7499962
7500726
7500538
7500994
7500889
7502200
7500295
7501041
7499151
7501976
7499155
7499515
7500105
7498280
7498781
7499334
7500022
7499613
7499072
7502130
7498307
7502285
7501567
7499723
7498156
7499801
7500581
7500410
7500403
7501149
7500844
7502128
7502490
7499912
7500574
7498335
7499888
7499773
7500103
7500259
7501648
7500040
7500113
7502681
7501137
7501914
7499588
7501556
7499440
7499594
7499600
7500946
7500971
7498857
7498917
7502172
7499884
7498454
7500396
7501827
7498996
7501564
7501657
7501113
7501237
7500421
7498502
7498777
7498376
7498831
7498727
7499431
7501198
7499307
7500060
7500491
7499494
7499518
7500666
7498228
7499930
7500687
7498259
7501250
7499994
7498368
7499774
7499131
7499654
7498952
7502140
7499495
7500434
7499081
7501121
7500539
7498825
7500950
7499973
7500657
7498426
7499577
7501195
7499399
7499476
7499183
7499640
7502363
7499739
7498710
7500610
7501171
7498907
7500800
7498774
7499017
7499977
7498842
7500821
7500462
7501951
7500900
7499928
7499922
7502695
7498866
7501047
7499575
7500085
7500027
7499625
7498931
7498390
7498500
7499420
7498677
7501834
7498028
7499102
7498438
7500058
7499971
7499357
7498621
7499309
7497462
7500268
7500048
7501062
7499330
7498906
7501474
7497242
7498064
7500807
7501223
7497081
7498349
7499124
7499881
7498895
7499554
7502486
7499205
7499671
7499438
7498862
7501307
7499936
7498352
7500589
7502260
7499079
7501435
7499589
7500704
7502270
7500910
7499864
7500146
7501294
7500904
7501519
7498236
7500888
7498039
7498780
7501782
7500901
7497842
7499143
7500307
7498969
7501886
7499522
7498346
7497952
7500279
7498979
7500104
7499317
7500845
7498571
7501745
7501579
7499643
7501557
7497916
7499697
7500911
7502074
7499747
7497768
7499478
7497924
7499016
7501298
7500326
7502120
7501781
7501923
7499123
7498957
7499934
7500635
7499391
7500468
7500358
7500454
7500991
7501483
7501233
7498616
7499286
7501122
7497885
7499289
7501848
7498798
7499116
7498184
7499716
7499842
7499945
7499048
7501836
7497546
7498913
7498785
7500483
7501193
7500902
7501301
7503061
7498451
7500188
7498501
7502336
7498045
7501212
7500140
7501371
7500664
7501675
7500955
7499061
7497994
7499710
7501507
7498384
7501981
7497354
7499511
7499304
7501029
7499584
7500542
7499519
7500215
7501103
7500372
7498444
7501366
7499277
7501225
7498034
7499619
7500769
7499450
7502028
7499356
7499133
7502204
7501517
7501725
7501084
7498898
7498222
7499782
7501802
7498628
7500143
7501942
7501717
7501130
7498751
7501243
7500214
7500182
7501487
7501019
7498853
7500080
7499447
7500428
7498765
7498247
7499859
7500429
7499958
7500951
7500158
7501372
7498159
7498882
7502276
7499667
7497909
7501581
7502052
7500243
7498948
7498764
7500357
7498649
7500580
7500097
7501179
7499144
7500427
7502013
7501402
7499802
7499414
7496901
7499234
7499932
7500785
7501560
7499031
7498008
7498673
7500154
7498685
7500799
7501638
7501265
7499927
7500956
7500883
7498770
7500004
7498469
7501012
7498576
7500086
7500624
7498097
7499260
7498919
7498566
7501128
7502688
7500936
7499199
7499408
7500397
7498400
7499159
7500445
7498265
7499839
7498224
7500502
7499908
7500780
7500477
7500280
7498104
7497680
7498945
7501320
7500255
7501241
7499952
7501500
7502827
7501163
7502421
7500333
7500788
7497689
7501678
7498867
7501231
7498878
7501104
7501573
7498120
7499454
7499974
7500337
7500896
7500194
7501630
7499001
7502003
7498894
7499875
7498068
7500822
7502548
7498393
7500892
7499718
7500013
7501478
7498574
7499772
7498676
7501172
7500557
7501956
7498210
7500619
7501885
7500856
7499418
7499029
7499528
7497154
7501346
7500431
7497930
7501159
7500346
7501468
7501354
7499817
7499847
7499329
7500281
7501335
7498977
7498538
7497376
7501377
7499503
7499305
7501060
7500553
7499311
7499386
7499232
7498072
7498010
7501442
7499057
7499931
7498207
7498683
7500304
7502365
7498761
7501982
7497958
7497721
7501494
7500718
7499535
7499257
7499824
7499696
7500235
7499378
7500294
7498441
7498964
7501086
7501692
7501844
7500100
7499303
7499649
7500622
7501430
7501085
7499269
7500088
7498805
7499660
7499834
7499919
7502132
7502815
7499849
7501046
7500878
7497431
7501726
7499743
7498251
7498772
7499427
7502370
7499127
7498267
7501090
7499738
7499768
7502305
7500418
7498252
7501625
7502980
7501414
7501114
7501017
7499441
7499863
7500400
7501039
7499379
7500984
7497152
7501473
7498932
7501546
7497812
7501218
7502657
7499902
7501870
7500829
7501027
7500223
7500613
7501961
7498278
7499657
7499082
7502320
7500340
7496495
7500172
7500709
7503234
7499929
7501117
7500809
7496243
7500039
7499108
7501270
7501258
7497688
7499281
7501580
7502010
7498429
7499783
7498364
7500288
7500341
7502358
7501127
7499287
7501460
7498421
7502275
7500457
7500046
7501338
7499166
7499601
7498284
7499650
7500152
7499867
7500263
7498936
7501078
7499490
7498541
7500749
7501016
7500181
7501696
7499125
7498905
7500584
7499751
7502680
7499400
7498678
7501627
7500005
7501633
7498520
7500776
7501852
7502543
7502398
7500712
7501608
7501427
7500515
7501024
7499389
7499742
7499410
7501153
7499348
7501444
7499938
7500884
7498925
7500545
7498639
7500894
7499154
7498928
7497501
7499055
7497919
7498668
7502932
7500329
7500736
7501596
7498531
7498082
7500309
7499682
7498497
7499835
7501263
7501170
7500162
7501467
7501288
7498561
7498872
7498759
7497627
7501680
7498281
7500206
7499050
7501422
7500895
7499796
7499816
7497775
7500535
7501150
7501026
7501777
7497787
7500164
7501273
7498956
7497840
7500855
7501352
7498636
7501516
7498575
7497869
7502182
7501413
7498000
7500328
7501391
7502293
7500864
7497564
7501655
7500145
7500149
7497957
7499907
7497922
7498516
7498396
7500009
7500389
7500218
7501642
7500907
7499084
7498017
7500286
7502020
7501964
7500250
7500630
7502491
7501006
7500903
7500376
7500109
7502968
7498550
7501762
7502924
7500497
7501954
7500756
7500352
7501936
7500395
7499862
7497739
7501325
7500791
7501480
7499760
7500908
7498420
7497283
7499172
7499949
7499463
7500008
7502281
7501759
7498564
7498293
7500839
7500308
7499636
7501485
7500990
7500612
7500647
7498903
7501395
7500623
7502482
7500905
7500605
7501123
7498915
7501375
7499853
7499988
7499871
7499784
7499707
7501881
7498136
7501724
7501488
7498808
7500627
7498359
7499358
7500131
7501420
7500456
7502042
7500796
7502024
7500777
7499542
7501572
7500251
7499662
7499735
7501554
7498552
7498484
7497084
7499109
7499223
7499111
7498665
7500482
7500461
7501215
7500985
7500450
7497933
7501930
7501162
7498096
7500926
7500034
7501513
7501612
7501067
7497771
7498583
7497250
7500102
7501703
7501022
7499274
7499729
7500373
7501316
7498625
7500271
7499573
7499531
7498707
7501587
7501896
7501119
7498809
7501714
7497860
7501132
7501854
7500155
7502255
7498450
7500973
7500402
7498775
7501327
7498012
7498655
7500720
7497830
7500634
7500217
7498634
7501679
7499024
7499527
7501400
7502477
7499828
7501406
7501178
7502087
7502129
7498107
7498799
7502005
7498287
7501701
7498691
7500933
7500165
7501674
7501909
7500412
7499678
7498142
7497955
7498081
7501018
7499396
7501361
7502061
7499087
7500241
7499648
7498440
7500505
7497641
7498597
7498524
7498111
7499777
7501906
7500560
7497986
7498859
7501425
7500862
7498052
7498568
7499236
7499806
7499170
7499539
7498130
7499266
7499668
7501034
7500874
7500195
7498858
7501511
7499548
7500659
7498590
7500929
7499347
7498868
7500051
7498479
7498689
7497361
7500654
7498463
7499471
7497742
7501282
7500010
7499983
7499004
7497540
7498509
7500178
7498543
7501776
7498873
7499188
7500721
7501872
7498653
7501615
7502089
7501677
7501244
7501462
7501049
7498940
7501075
7499392
7498412
7500533
7498402
7502389
7498812
7501317
7498558
7501388
7498013
7499950
7499731
7500001
7500236
7501592
7501139
7500549
7500191
7499054
7498599
7499047
7498063
7498344
7500442
7500779
7500327
7498815
7501924
7500465
7498992
7499197
7498613
7500119
7498980
7498430
7499090
7499483
7500072
7501453
7498610
7502797
7498688
7499181
7498179
7501704
7500710
7499221
7498783
7501349
7497407
7500507
7497116
7499940
7500783
7497905
7498378
7499140
7496868
7499060
7500626
7498263
7498200
7498990
7502572
7501640
7500159
7502965
7502219
7500564
7501268
7498684
7498606
7498459
7498375
7501990
7501412
7499139
7497847
7501107
7499075
7498182
7501584
7497538
7498468
7502518
7499677
7499933
7498478
7498832
7499342
7501803
7498392
7498899
7500743
7501531
7498043
7500092
7502411
7499711
7498846
7501646
7501693
7498233
7501746
7500937
7499202
7500703
7498991
7502058
7501750
7501035
7500020
7500868
7502101
7499900
7498551
7497807
7498623
7501831
7501224
7498172
7500913
7498732
7500717
7501812
7501216
7499323
7501903
7499686
7501407
7501731
7500599
7497911
7500898
7498046
7498155
7500044
7500063
7501835
7499502
7497387
7501862
7498146
7500478
7502334
7500079
7498725
7499335
7501536
7498442
7498699
7501454
7501030
7498333
7498742
7499010
7500106
7500212
7498938
7501736
7500691
7500056
7499011
7500011
7498483
7499765
7500963
7497562
7497533
7502265
7499126
7501490
7501946
7501336
7497989
7501597
7500071
7500893
7498004
7501879
7498237
7499722
7498708
7502713
7498431
7501011
7499603
7500142
7501542
7498446
7502395
7501389
7499429
7501809
7499698
7501861
7501770
7501898
7500819
7501359
7501083
7499764
7497518
7501192
7500847
7501309
7496730
7499841
7500440
7501524
7499044
7498838
7498011
7498709
7502452
7498631
7500922
7501583
7501529
7502143
7500406
7501463
7497574
7500711
7501111
7500672
7499978
7498417
7499146
7498822
7501236
7501632
7501151
7498920
7501318
7502660
7503389
7500760
7500778
7502053
7498686
7496865
7501401
7498841
7499827
7501456
7502109
7498266
7498095
7499039
7502656
7498801
7497607
7501304
7498099
7500663
7498976
7498105
7499268
7501319
7502901
7501510
7498529
7499745
7499498
7498507
7501864
7497071
7501799
7500082
7500035
7498298
7498855
7499165
7500931
7502107
7502596
7501548
7500928
7501839
7499283
7501647
7502603
7501623
7500639
7497663
7501076
7501210
7498495
7503161
7500401
7500210
7501685
7500073
7498477
7498559
7498840
7501470
7501807
7500919
7499161
7500872
7500787
7498792
7501613
7501663
7501031
7498530
7502216
7498556
7497809
7500278
7500808
7502822
7500375
7501910
7498370
7501493
7502076
7501788
7498745
7499297
7501943
7499982
7500679
7499425
7500367
7497726
7498405
7500986
7499610
7497915
7498363
7499437
7499225
7501518
7498879
7498229
7498204
7501201
7502111
7501644
7498640
7497147
7500220
7501716
7500141
7501855
7499321
7498923
7501576
7497818
7500481
7502584
7501222
7501775
7500248
7497482
7503092
7498341
7501229
7498714
7500768
7499211
7498101
7501176
7501505
7500719
7498904
7501328
7499953
7499551
7500592
7501164
7500981
7500449
7501007
7499464
7501394
7500567
7498768
7502789
7501541
7501187
7498758
7503124
7502047
7498994
7498147
7498546
7501645
7502235
7500093
7502008
7501617
7498279
7499023
7501333
7502096
7498591
7498927
7499878
7500854
7501448
7501471
7497333
7498422
7498180
7501779
7498750
7499990
7498819
7498488
7499136
7501199
7498611
7498340
7500139
7499461
7499694
7499362
7499235
7502151
7499324
7502099
7501604
7499587
7499477
7497931
7502409
7499970
7502157
7498697
7502483
7498514
7501380
7498579
7500157
7502278
7502778
7497985
7497623
7501434
7497187
7496367
7498651
7500773
7498724
7502034
7501525
7499805
7500000
7498874
7498615
7501740
7497788
7498666
7499614
7499337
7502692
7500101
7498274
7501000
7498897
7497243
7498790
7501292
7500834
7499886
7499198
7502142
7498170
7499771
7497918
7497549
7501600
7502416
7500638
7500552
7501232
7502767
7498730
7498145
7499605
7499388
7500960
7501365
7498085
7501167
7497995
7498091
7500757
7497793
7497145
7501106
7501658
7501234
7499350
7501497
7499411
7501311
7500360
7501993
7502705
7498807
7500927
7501941
7499043
7498387
7499980
7500359
7497497
7498061
7499596
7502359
7498377
7501815
7501806
7501667
7501252
7501315
7499035
7498620
7498998
7500570
7498151
7500398
7497910
7498329
7501457
7502030
7499850
7498357
7499986
7499092
7501342
7498743
7498276
7498885
7502236
7502439
7502429
7498316
7498253
7502727
7499785
7502175
7500681
7498844
7501004
7498138
7498752
7498512
7500390
7498598
7501259
7498658
7501373
7498432
7501570
7502419
7501284
7501360
7502279
7498286
7500593
7500637
7501826
7497503
7499355
7502393
7501503
7502240
7497757
7498908
7502155
7500417
7499758
7501952
7497248
7497559
7499299
7499390
7501650
7501449
7502687
7501780
7498626
7499485
7501045
7502251
7500448
7498183
7501887
7498877
7502442
7500705
7500061
7498109
7501766
7500291
7502280
7502574
7501166
7501409
7501088
7500954
7497267
7501477
7501523
7501093
7498982
7501408
7498953
7501063
7497657
7500002
7498382
7501907
7498331
7501239
7500715
7500230
7502237
7498824
7502369
7499185
7501129
7501053
7498489
7501235
7498771
7501547
7501626
7500887
7500953
7498549
7498875
7501314
7498415
7502033
7500730
7501098
7501189
7501202
7500597
7501399
7501174
7502181
7500763
7502628
7501968
7501889
7501095
7498988
7502189
7498302
7498813
7498648
7501817
7497693
7501999
7498536
7498245
7497714
7501639
7501975
7497746
7499003
7498403
7499032
7502178
7500514
7500381
7497704
7497912
7498213
7496942
7501610
7502227
7498921
7498711
7498083
7502102
7501720
7501509
7501253
7502144
7501131
7500490
7500993
7498418
7501722
7498311
7502391
7500940
7498540
7498481
7497864
7497217
7498926
7499897
7497171
7501621
7497928
7500731
7498487
7503595
7497524
7498720
7501927
7502059
7498262
7499306
7499148
7500891
7498373
7502226
7499405
7502509
7498386
7498778
7498582
7498113
7497737
7498202
7501620
7497781
7498609
7498779
7502202
7501973
7501905
7500095
7501009
7501411
7500722
7497926
7499069
7497998
7502068
7500537
7500050
7498406
7497360
7497944
7501926
7502012
7497443
7498715
7498573
7498385
7498641
7498288
7501637
7498234
7501666
7501789
7499380
7501506
7498946
7501033
7497131
7499714
7502306
7502295
7498755
7498630
7499137
7497868
7497307
7499446
7501661
7500310
7500573
7502094
7500384
7502329
7500606
7498518
7501873
7498321
7502736
7501842
7497123
7502022
7501977
7501929
7501549
7497866
7502233
7501918
7497854
7498939
7501822
7498214
7502438
7501681
7498762
7501727
7498632
7498902
7497759
7497776
7501147
7498347
7499917
7501568
7501671
7500342
7499787
7502209
7502127
7501357
7500518
7502150
7498731
7502029
7502673
7502248
7498203
7497947
7498788
7498843
7501959
7502179
7500527
7501521
7500967
7498249
7499885
7501329
7502082
7499825
7500531
7501451
7500541
7499214
7498389
7497853
7499042
7501044
7501734
7497858
7502311
7497871
7498365
7499238
7498700
7501051
7502553
7498619
7499543
7501819
7498967
7498171
7501634
7497758
7499436
7502357
7501825
7498978
7499482
7498848
7503016
7502762
7498515
7501069
7499374
7498410
7499333
7497674
7498466
7498225
7498737
7501278
7499106
7501469
7500836
7501673
7497237
7498517
7499460
7497189
7497153
7501312
7497870
7500144
7496952
7501689
7500747
7498703
7502610
7501960
7498544
7497299
7501260
7502417
7498820
7499669
7498608
7498150
7499030
7502581
7498211
7501945
7501074
7502375
7498014
7501938
7502766
7497907
7499947
7498782
7501707
7497837
7502733
7501302
7498893
7501786
7497049
7498366
7498660
7502300
7497823
7501275
7499595
7497618
7501562
7498169
7501672
7499138
7501598
7497929
7501987
7503213
7497655
7501904
7498985
7498767
7498664
7501115
7497839
7497808
7498413
7497806
7498060
7498296
7500631
7501985
7501269
7498003
7498847
7497457
7499062
7498585
7498238
7501544
7498511
7498533
7500935
7500368
7500500
7502331
7502215
7497774
7502091
7500742
7497676
7502414
7501709
7498244
7498419
7501208
7501431
7502250
7501419
7498474
7502057
7501274
7498257
7498314
7501279
7503001
7502115
7498019
7501614
7498137
7497802
7498735
7502283
7500026
7501606
7498209
7498776
7497946
7498407
7499532
7498602
7498911
7501347
7498650
7501340
7502051
7500371
7501205
7498427
7497544
7498325
7501410
7497800
7497974
7501481
7502187
7503021
7499749
7497716
7497811
7497442
7497723
7498135
7502794
7497880
7497576
7497378
7499064
7502064
7498149
7497179
7497750
7502288
7498787
7497990
7497690
7501752
7501616
7497426
7501662
7500054
7498693
7498232
7502205
7501099
7498740
7502309
7501729
7499186
7502383
7497288
7499913
7499053
7502165
7498622
7497786
7498887
7501901
7498526
7501594
7501089
7501048
7502458
7500313
7498069
7498443
7501396
7497565
7498589
7497661
7502905
7502376
7498498
7501264
7498852
7501832
7498320
7498475
7502837
7501769
7497594
7497557
7501824
7502040
7498066
7502755
7502706
7497188
7498434
7498436
7498455
7498814
7497711
7498449
7498027
7498015
7497496
7497440
7501754
7498144
7501514
7498342
7501219
7499156
7501522
7502723
7502176
7496879
7498337
7501609
7501096
7499177
7502243
7497936
7501530
7498900
7502036
7502257
7499753
7501058
7497069
7497766
7500394
7498086
7498706
7501865
7502078
7501482
7496499
7502097
7501915
7498336
7497622
7497613
7502337
7502510
7497835
7501446
7501971
7502701
7503002
7497945
7502177
7498600
7501247
7502454
7498738
7498148
7501261
7502273
7501398
7498093
7501649
7501805
7498129
7501582
7501702
7497495
7498025
7498753
7501857
7501733
7498486
7501386
7498794
7497851
7497537
7500388
7500616
7502547
7501330
7502698
7502561
7502170
7501245
7499271
7503431
7498205
7498951
7501748
7500923
7501370
7498652
7502498
7497971
7501207
7497715
7500582
7498021
7497725
7501120
7501515
7502085
7498654
7497733
7497312
7498201
7498997
7502845
7498539
7500694
7502201
7497941
7501980
7498115
7502261
7502156
7501014
7501297
7498447
7502084
7501744
7502631
7497516
7498024
7501969
7500216
7502366
7498395
7498042
7497484
7501565
7501138
7498075
7501537
7501535
7497883
7496577
7497783
7496991
7496919
7497551
7497364
7497423
7500941
7498694
7497992
7502039
