5500822
5500977
5500426
5500646
5499291
5500752
5500645
5500575
5498975
5500248
5501033
5499903
5501213
5500437
5500139
5500895
5501669
5498263
5499099
5499602
5500151
5500727
5500120
5498268
5499995
5500676
5499656
5499868
5499872
5499068
5500391
5500949
5498335
5500130
5498787
5501380
5501871
5499031
5502062
5499496
5499813
5499801
5499964
5500550
5500118
5499945
5500285
5501309
5499788
5500812
5500315
5498540
5498837
5500191
5500931
5500617
5500423
5499355
5502276
5500042
5500800
5499871
5499001
5499930
5501482
5498589
5499816
5501205
5498923
5498122
5498619
5500029
5501438
5499441
5500264
5500501
5499587
5499105
5499464
5500938
5502807
5499736
5501088
5500553
5500590
5500788
5500917
5499365
5499115
5501387
5500799
5499604
5502520
5499318
5501597
5501044
5499592
5500486
5499165
5499970
5500310
5499428
5499320
5500100
5499634
5500843
5498913
5500578
5500703
5500198
5497516
5499676
5498378
5501857
5501842
5499864
5500574
5500470
5498680
5500309
5501714
5500663
5500271
5498579
5498156
5501196
5499451
5500119
5500375
5498575
5498798
5501549
5500013
5499711
5499831
5500547
5499387
5499410
5499551
5501185
5499067
5499948
5499983
5500508
5500725
5499315
5501284
5499010
5499641
5500220
5501344
5499654
5500035
5498992
5501622
5498471
5500333
5499272
5497641
5498891
5500161
5500708
5499609
5500632
5500028
5501795
5499346
5501023
5500607
5501163
5499878
5500188
5499940
5498490
5501529
5500884
5499625
5499969
5498814
5499835
5500091
5500897
5500729
5501707
5500342
5499506
5499109
5501149
5501635
5499648
5500655
5500080
5499112
5498373
5500775
5500011
5499380
5499841
5499794
5500805
5500700
5501607
5501003
5499499
5499919
5500288
5499691
5499895
5498179
5500410
5500810
5500924
5500272
5500929
5500433
5502311
5500680
5498719
5497844
5499540
5500457
5498431
5500346
5498673
5499416
5498901
5502117
5500808
5501101
5500493
5501194
5498557
5500905
5501305
5500160
5498475
5499271
5498796
5499668
5500302
5499954
5499580
5500274
5501460
5499779
5499080
5500327
5499843
5498875
5500865
5499898
5499576
5499941
5499336
5500920
5500140
5500150
5500753
5500882
5501907
5500705
5499142
5498726
5501279
5501068
5499968
5499448
5500444
5501013
5498994
5498963
5499908
5500526
5502104
5499246
5498667
5499038
5498950
5500886
5500268
5501253
5498027
5498135
5501418
5500945
5499761
5500330
5499048
5498809
5498995
5499590
5499932
5499120
5499931
5500464
5499548
5499890
5500384
5499793
5499118
5500133
5500431
5500063
5498637
5501660
5499796
5501381
5499339
5499712
5500044
5498946
5500670
5501497
5499028
5498533
5500131
5499186
5501097
5501301
5501240
5500020
5500041
5500093
5498864
5499616
5499082
5499091
5499162
5500055
5499534
5500933
5499102
5500279
5500571
5499900
5498643
5497902
5498925
5501069
5498322
5501468
5501727
5502364
5501733
5500546
5500408
5500748
5497799
5499888
5501232
5501913
5500912
5501081
5500374
5500678
5500960
5500609
5500888
5499310
5499411
5501585
5499234
5501104
5501116
5500732
5499223
5499495
5500654
5500273
5501954
5500228
5500659
5500762
5501127
5500714
5498744
5500174
5499092
5498974
5497513
5498593
5500223
5502139
5499730
5500412
5498928
5500577
5499944
5499460
5499249
5501465
5500511
5499237
5499289
5499100
5500398
5500190
5500495
5499512
5499807
5502754
5500073
5501220
5498857
5500790
5500372
5498836
5500613
5499913
5500992
5499839
5500621
5500754
5498871
5499085
5501428
5499974
5499661
5498976
5498586
5499909
5498450
5499316
5499733
5500032
5499463
5498951
5501768
5500692
5500527
5499453
5500855
5501361
5499235
5499731
5500863
5499830
5500350
5497046
5499785
5499887
5501186
5500520
5500377
5500058
5500573
5499907
5499684
5499537
5499180
5500480
5500525
5500718
5499845
5502096
5499564
5500745
5499675
5501314
5499020
5499449
5499784
5499578
5500824
5501718
5501758
5499450
5500305
5497906
5499232
5499148
5498082
5500300
5500006
5499773
5502268
5501021
5499467
5501161
5500117
5500878
5499569
5500536
5500849
5499542
5500218
5500180
5500056
5500354
5499582
5500049
5500503
5499949
5499329
5498856
5498755
5501474
5499236
5498445
5499672
5498810
5498892
5500229
5497956
5500269
5501762
5501083
5501065
5499776
5501168
5500138
5502006
5499883
5501869
5501396
5499859
5499622
5500007
5499193
5501228
5499764
5500017
5501412
5500699
5498690
5499252
5500349
5501752
5500449
5500962
5501209
5499279
5499723
5499867
5500906
5499586
5500825
5500871
5500648
5500240
5500360
5498785
5499753
5499103
5500811
5499856
5499264
5498764
5499226
5498702
5498749
5499700
5499842
5499369
5500124
5499427
5499596
5499150
5497774
5497898
5501797
5499106
5499527
5500688
5500021
5500142
5498807
5499367
5499399
5501316
5500611
5499688
5500874
5500081
5500985
5500176
5501448
5501206
5500601
5500051
5499303
5499353
5500542
5500394
5499331
5498478
5498624
5498215
5499101
5500492
5498985
5501059
5499743
5499911
5498422
5500744
5501533
5500023
5500832
5498790
5498948
5500991
5499350
5499521
5499588
5500407
5501086
5498272
5500005
5499928
5500047
5499795
5500749
5500345
5497796
5500562
5497638
5499505
5501508
5500656
5498423
5499916
5499251
5499812
5500439
5498904
5501231
5501409
5497565
5500016
5499767
5501160
5501260
5500392
5500694
5499809
5499412
5502231
5499267
5500726
5500192
5498057
5500494
5499395
5500504
5499158
5501122
5499657
5499768
5501769
5499828
5498774
5499858
5499997
5501246
5499811
5501843
5497278
5500784
5499893
5500958
5501157
5500780
5498822
5500491
5500842
5502285
5499663
5501493
5497511
5500887
5501073
5500318
5500760
5500304
5502138
5499874
5501263
5501931
5499546
5499992
5499356
5501581
5501248
5500980
5498839
5498549
5500596
5500524
5500892
5499191
5500387
5500025
5499599
5501726
5499390
5500712
5499612
5501394
5500829
5499156
5498185
5499917
5498931
5499513
5500644
5501278
5499222
5500087
5499059
5500406
5499825
5500040
5499286
5500791
5499755
5499287
5499664
5500278
5500183
5500614
5502051
5498885
5500516
5499889
5500297
5500421
5502157
5499692
5500045
5498522
5498606
5498833
5499607
5499606
5499400
5502007
5500476
5500156
5500794
5500671
5499832
5498979
5500922
5500766
5502033
5500883
5500481
5499498
5500935
5499401
5500189
5498508
5499742
5500301
5500904
5501113
5499111
5499823
5499344
5500383
5498228
5502416
5498252
5501217
5500815
5499490
5501719
5499651
5500772
5498642
5501229
5499789
5498313
5499197
5500175
5501187
5499304
5499918
5501306
5500661
5498338
5501411
5499340
5498331
5500466
5498504
5500251
5499526
5501886
5500823
5500456
5501625
5499647
5500308
5499803
5498597
5499494
5497321
5500296
5499359
5499244
5499263
5501126
5500483
5498922
5500287
5499824
5499603
5500365
5501257
5500535
5499143
5502308
5501096
5498862
5500647
5500569
5498964
5499725
5500210
5499231
5500414
5499005
5500369
5499218
5500667
5501373
5501062
5500420
5500331
5500436
5498916
5497763
5501148
5499880
5498368
5501427
5501571
5499978
5499790
5502321
5499034
5500332
5500566
5499386
5500460
5500458
5499669
5498688
5499598
5499553
5498525
5501535
5499575
5500215
5498897
5497391
5499849
5499002
5500828
5498645
5499536
5500205
5499882
5501052
5501202
5501480
5499674
5500856
5499646
5500891
5498219
5499361
5500343
5500326
5500122
5500589
5500222
5500484
5501061
5502069
5499640
5497680
5499469
5497344
5500199
5500429
5500982
5499721
5499482
5498851
5500552
5500066
5500094
5501005
5499062
5498558
5498151
5500312
5501176
5501885
5500570
5502344
5501470
5500584
5499976
5501676
5498481
5500065
5498912
5498536
5499066
5501167
5500901
5499792
5498170
5499624
5502266
5499229
5500336
5500079
5499260
5499392
5500739
5499167
5500915
5500639
5500026
5500685
5500265
5502205
5499863
5500430
5500932
5499860
5499710
5499043
5499610
5498246
5502286
5498823
5500053
5499549
5500155
5500709
5499990
5499268
5498560
5500756
5500233
5500594
5500324
5498656
5499288
5498911
5499719
5498439
5500195
5501035
5501823
5500227
5499808
5500244
5499744
5500629
5501047
5499925
5500539
5500534
5499032
5501888
5500293
5500866
5499637
5502794
5501016
5501261
5499671
5501922
5500978
5500307
5499561
5501399
5500623
5501204
5500440
5501923
5499615
5499064
5500184
5500786
5497569
5498191
5499317
5499702
5500001
5500059
5500070
5499194
5500631
5500657
5502080
5498556
5500362
5500781
5500649
5500500
5499866
5497629
5499403
5498997
5501042
5499457
5500230
5499454
5500556
5500168
5499752
5498743
5498330
5500361
5500019
5502073
5500096
5501340
5500908
5501777
5499079
5502000
5500204
5499409
5499649
5500167
5500638
5500485
5497365
5501132
5497572
5499493
5501317
5500224
5501336
5500158
5500721
5499438
5499574
5501331
5498957
5500612
5499635
5499555
5499799
5499727
5499759
5499699
5498701
5501672
5499965
5498370
5501425
5502083
5500277
5500927
5501320
5500400
5500581
5498662
5501780
5501271
5499572
5498415
5500704
5497484
5498771
5499996
5500207
5499149
5501801
5498735
5499847
5500250
5498376
5500831
5499321
5501092
5500166
5498389
5500282
5499937
5499910
5500506
5499777
5500728
5499007
5501193
5499306
5500876
5499153
5501567
5502241
5498176
5498708
5499039
5500509
5499056
5501207
5501671
5500538
5499667
5500004
5499899
5499465
5499023
5498843
5500057
5501214
5498930
5497500
5498259
5500879
5500934
5500173
5500405
5499083
5500396
5498513
5500448
5500742
5498315
5499967
5498451
5499665
5500505
5500409
5500605
5499196
5499347
5499228
5498604
5500459
5499581
5500996
5497032
5501323
5499525
5499993
5500557
5500075
5499662
5499483
5498970
5500255
5502214
5498844
5501770
5500773
5499703
5501630
5502240
5498351
5500024
5499195
5500724
5498160
5498889
5501311
5498416
5499508
5501398
5500785
5499435
5501345
5500276
5497899
5500911
5500695
5500112
5499608
5500086
5497216
5499373
5499886
5499737
5501203
5498594
5499250
5501188
5499455
5499846
5501631
5501141
5500706
5500291
5498961
5501058
5499230
5499800
5499241
5502532
5500847
5500048
5501494
5499956
5499914
5500038
5500622
5501621
5501120
5499131
5499440
5501208
5500769
5499507
5499861
5500226
5501662
5502245
5499685
5499774
5500072
5498365
5500468
5499957
5499963
5498780
5499705
5498510
5499704
5501002
5498220
5501119
5499677
5499720
5500292
5499434
5498060
5501424
5500514
5499611
5499955
5500618
5501390
5500438
5501499
5500719
5501154
5498334
5499766
5501283
5499650
5501046
5498607
5499324
5498111
5501085
5501616
5502341
5501105
5502092
5499516
5499293
5500512
5498818
5501947
5498447
5500565
5501372
5499009
5499047
5499724
5499462
5500411
5499818
5499406
5499975
5500231
5499748
5500339
5501840
5498632
5500970
5500211
5499418
5501095
5502053
5499726
5500758
5499679
5500963
5498765
5499301
5500696
5500681
5499633
5500452
5498434
5499566
5498413
5498813
5500974
5500665
5499096
5499570
5499838
5501242
5499977
5499589
5499433
5502726
5499188
5500443
5501686
5500283
5499787
5499107
5499629
5500424
5501784
5500348
5500376
5499778
5499750
5500098
5500225
5500522
5498240
5500329
5502124
5500364
5501870
5501151
5500478
5502316
5500125
5500489
5499125
5500959
5500010
5500548
5500181
5498736
5501517
5500600
5500141
5498756
5499754
5500393
5499160
5499374
5498521
5499089
5500774
5499245
5499398
5501495
5499192
5499701
5498269
5500419
5499209
5499488
5499901
5499626
5501594
5499204
5499278
5499786
5500090
5500861
5498817
5499780
5501397
5500587
5498834
5499500
5499632
5500325
5499138
5499273
5500755
5501134
5500532
5499966
5501513
5501531
5501430
5500144
5499261
5498691
5501706
5499423
5500319
5499358
5498097
5499360
5500658
5500474
5498576
5500170
5500913
5501673
5500641
5501658
5501282
5501620
5499912
5499426
5499638
5498998
5499717
5500069
5500541
5498795
5497467
5501252
5501813
5498064
5501241
5500827
5497371
5500259
5499683
5500193
5501805
5499274
5500809
5501747
5501548
5500919
5500610
5501307
5500357
5499822
5500258
5500114
5499281
5498030
5499492
5501051
5500852
5500946
5501060
5499563
5501019
5499187
5500196
5500496
5500642
5499029
5501983
5500628
5498884
5499343
5498496
5498427
5501106
5499058
5501036
5500733
5500092
5499424
5500169
5500599
5500672
5502112
5499682
5499133
5499987
5501386
5499472
5500606
5502395
5500523
5497263
5499892
5499639
5499938
5499614
5500673
5500558
5500076
5501703
5500588
5499783
5500540
5501045
5500134
5498679
5499747
5500833
5500597
5498341
5499063
5501881
5499979
5501674
5497922
5501459
5500295
5500135
5499547
5501054
5501437
5499211
5501845
5499027
5501560
5500662
5499814
5500037
5498241
5499870
5500684
5499328
5499897
5503134
5502533
5500052
5498004
5500123
5500425
5499119
5501318
5499571
5499879
5499349
5499341
5499093
5499446
5500261
5500002
5498893
5499728
5499284
5500698
5499558
5501389
5498770
5498723
5498732
5499444
5500930
5501421
5499655
5500743
5499322
5500801
5499802
5501472
5498476
5501978
5499643
5501370
5499559
5500602
5500983
5499256
5499852
5498340
5501053
5500116
5497835
5500666
5500515
5501055
5500730
5497402
5500957
5499084
5500368
5499821
5501022
5499383
5500968
5500015
5498753
5501436
5500864
5499760
5500582
5499012
5498718
5499302
5499902
5499152
5500761
5500848
5501697
5500616
5499698
5500036
5500869
5498745
5498786
5497567
5498707
5498077
5500367
5501109
5500127
5499174
5499630
5497320
5501678
5500576
5500030
5500152
5498900
5502671
5499562
5501935
5500722
5502227
5501999
5500289
5498972
5500564
5497979
5499335
5500563
5500454
5499827
5499862
5501124
5500479
5499687
5499402
5498870
5497772
5499212
5502839
5502489
5499393
5501506
5500668
5499311
5498092
5499620
5499504
5499300
5501129
5499280
5499503
5497652
5499524
5498601
5501475
5498530
5500097
5501712
5499420
5502485
5500971
5500106
5501281
5501030
5502896
5500763
5501004
5501115
5499282
5500382
5498681
5500064
5498896
5499053
5500101
5500163
5500923
5500779
5501285
5502185
5499332
5500370
5499642
5499762
5500921
5501873
5501798
5501079
5499429
5499815
5501679
5499962
5499515
5501732
5500488
5500085
5499621
5500390
5501561
5499869
5500787
5501510
5499973
5498926
5502745
5500246
5498740
5502052
5499896
5499554
5498016
5501492
5500012
5499881
5499377
5500683
5498449
5499819
5498247
5500182
5501337
5499207
5500050
5499021
5500270
5498890
5501511
5501586
5500404
5499225
5499391
5499486
5501868
5498465
5501737
5500447
5500814
5499233
5501144
5499351
5500664
5497282
5502686
5500473
5500961
5500531
5500872
5499452
5499182
5499950
5501700
5499994
5501500
5499384
5498284
5497800
5500889
5499694
5499265
5498658
5499277
5502144
5497781
5500954
5501091
5499307
5499144
5501359
5502273
5498936
5499381
5501618
5500243
5501634
5498231
5498248
5497328
5499382
5499275
5502156
5500858
5498903
5498935
5500767
5499484
5498048
5502088
5500896
5501896
5502732
5500321
5501025
5499354
5499019
5498634
5499362
5499476
5500219
5498598
5498906
5500510
5498666
5498511
5497917
5499594
5499696
5499326
5500236
5501195
5501598
5500317
5498121
5500554
5501295
5500463
5501446
5498879
5501142
5501526
5499532
5500178
5499074
5501824
5500284
5500519
5500521
5499798
5499545
5500385
5499470
5500128
5498895
5498878
5499128
5499135
5502347
5500765
5499046
5501353
5498244
5500880
5498694
5498114
5501735
5499781
5500651
5498789
5497957
5500260
5501153
5499051
5497315
5499253
5498888
5501691
5499489
5499075
5498687
5501067
5498876
5501089
5499004
5498201
5500853
5499366
5498326
5501760
5501478
5498986
5500110
5498374
5499030
5499644
5498927
5501489
5500561
5501158
5500027
5500757
5501029
5498420
5501864
5500455
5500209
5500249
5500592
5501827
5499613
5502670
5500126
5499986
5501039
5501965
5501350
5500221
5500154
5499714
5500206
5499552
5500105
5499686
5501011
5500741
5497837
5500925
5501094
5499857
5502218
5498569
5501050
5499600
5497548
5498128
5500214
5500267
5501376
5499935
5501075
5499431
5499573
5498738
5500355
5502331
5498550
5500850
5498966
5501130
5503175
5499136
5499379
5499543
5499049
5498671
5501753
5499323
5498013
5498831
5502803
5499217
5499087
5500034
5501454
5500818
5501374
5499000
5499988
5500817
5499557
5497618
5498367
5498229
5499388
5497450
5498031
5498574
5498535
5501683
5498746
5500559
5502183
5497986
5498542
5500701
5500715
5500082
5501820
5499117
5498728
5501898
5499617
5499221
5500388
5500328
5500796
5500060
5499116
5501540
5500177
5498282
5499708
5499375
5499922
5499157
5499854
5501484
5498917
5499070
5499090
5500518
5499178
5501668
5501378
5500316
5501072
5500201
5500432
5498978
5499984
5500187
5498149
5499936
5499960
5500102
5498821
5499544
5500770
5499746
5497886
5500380
5501442
5502021
5497664
5499478
5501872
5500137
5501584
5499314
5500344
5498873
5498007
5500870
5500445
5499258
5498329
5501032
5499045
5498591
5499865
5498218
5499248
5498672
5499952
5498776
5498339
5500625
5501556
5497951
5501102
5499405
5501137
5499660
5500242
5499585
5498237
5499213
5499312
5501236
5498494
5498842
5500351
5500807
5499884
5501064
5501290
5498698
5501347
5500415
5500502
5500551
5499371
5500585
5497601
5501201
5500043
5498852
5499758
5501834
5499298
5501408
5499926
5499756
5500630
5499565
5501530
5501367
5497386
5498419
5499770
5498627
5499151
5498713
5499166
5499164
5498971
5498355
5500636
5498527
5498877
5498908
5501180
5500352
5499497
5499078
5498761
5501269
5500171
5501910
5500759
5499319
5501900
5497523
5498982
5498993
5501588
5498675
5500046
5498192
5501759
5500356
5500235
5501716
5502646
5501155
5497989
5498034
5498750
5498670
5500108
5498700
5501878
5497663
5501498
5501553
5499693
5501173
5499203
5500624
5500507
5499850
5502299
5499523
5497948
5501527
5498239
5498919
5502960
5501100
5498483
5499238
5499042
5501681
5500549
5500256
5500751
5499443
5499073
5498848
5498105
5498860
5498767
5501450
5499715
5496581
5501056
5502389
5499052
5502486
5498462
5500841
5500894
5498773
5501128
5501358
5498737
5498996
5498347
5499791
5499680
5501150
5500033
5499510
5498759
5499481
5499844
5499069
5499739
5499474
5499584
5499104
5501111
5499980
5499219
5499921
5499556
5501066
5498938
5500335
5502340
5500054
5501028
5501034
5499458
5499826
5500836
5500740
5499016
5502588
5500104
5498835
5500253
5500077
5500873
5499834
5499173
5501352
5500803
5498020
5499202
5497678
5501133
5498266
5498352
5499653
5499751
5500232
5498664
5499923
5501351
5500157
5500572
5501413
5499735
5500674
5498942
5499270
5500475
5498143
5501255
5499376
5501916
5500234
5498235
5497876
5497649
5497918
5499509
5500987
5501751
5500635
5501546
5498276
5498714
5500653
5499181
5498411
5498065
5497980
5499695
5501057
5498565
5500018
5497821
5501171
5502099
5501819
5501369
5498794
5501266
5500734
5500213
5499953
5500845
5499539
5499025
5498011
5501688
5500580
5499175
5499442
5500099
5500422
5501451
5500834
5499673
5501272
5500939
5499875
5498010
5503412
5501601
5501883
5500947
5500482
5501605
5500417
5499334
5498145
5501414
5499797
5499904
5498775
5499220
5498791
5501509
5501755
5500967
5497827
5498937
5499437
5498318
5500691
5499266
5500776
5500593
5496853
5501384
5502447
5498457
5497858
5502982
5498692
5502038
5501200
5498769
5499345
5499146
5498859
5498433
5499183
5497930
5501117
5500813
5499325
5501080
5499749
5500359
5500867
5502509
5500943
5498482
5499533
5500373
5502228
5500200
5500003
5501385
5500669
5500132
5499519
5501182
5497882
5500720
5500530
5501249
5500643
5500263
5499422
5499934
5498682
5498430
5500179
5498640
5500472
5498320
5500533
5498748
5498947
5499718
5499159
5500000
5502633
5498008
5498392
5500381
5498144
5498094
5500608
5500467
5497222
5499044
5499982
5499097
5502420
5499198
5499425
5500074
5500067
5502263
5498804
5501159
5500322
5498605
5499716
5501439
5501268
5501274
5498932
5499036
5498440
5498213
5502103
5499095
5497745
5498944
5501247
5499113
5498441
5498613
5498566
5499461
5498940
5498488
5501291
5499502
5502348
5502032
5498393
5499681
5497469
5500280
5498537
5499224
5501590
5500136
5497806
5500513
5497725
5498907
5497788
5499177
5500338
5498921
5498933
5499618
5499357
5501222
5499035
5499372
5498577
5499243
5502158
5500840
5501218
5500899
5499011
5500149
5500620
5501518
5500395
5497855
5500789
5498729
5501541
5501666
5498171
5500797
5499471
5500039
5501608
5501074
5500401
5497843
5501665
5498554
5499560
5498543
5498960
5501145
5498402
5501948
5500806
5501393
5501899
5497333
5499550
5498429
5498616
5499137
5499276
5500710
5496459
5498187
5502572
5498038
5498898
5500103
5497832
5501099
5499771
5501645
5501573
5497996
5499924
5501152
5498087
5498914
5500737
5501476
5502359
5500323
5499583
5500465
5499081
5501037
5500194
5501705
5498651
5498291
5499239
5497895
5499763
5499740
5498902
5499591
5499848
5499368
5500626
5497947
5500689
5501558
5502195
5500567
5502702
5499769
5501643
5502066
5500955
5497430
5501162
5499061
5499348
5500529
5501667
5499659
5498361
5498592
5497867
5501970
5502077
5501989
5502691
5497819
5498002
5498999
5498307
5501636
5497508
5498910
5501648
5502207
5499628
5498805
5498132
5501772
5498788
5500702
5498448
5500441
5498783
5501647
5499511
5499636
5498747
5500528
5500568
5501619
5501009
5500061
5500313
5499176
5501415
5501766
5500966
5500746
5499707
5497487
5500247
5500238
5497808
5500975
5500462
5500303
5498918
5500798
5500652
5500497
5500619
5500435
5499129
5497397
5499172
5498546
5500477
5498452
5502379
5497925
5501191
5500290
5498526
5500711
5501471
5499528
5498208
5497998
5497976
5501778
5501108
5501611
5501903
5502949
5499364
5497400
5501368
5501893
5499658
5500713
5498840
5500275
5501754
5499597
5499294
5500984
5498929
5498163
5500560
5501332
5501632
5500736
5500121
5501445
5498587
5501901
5501906
5498249
5500487
5499436
5501554
5501360
5501525
5498965
5499951
5502232
5499227
5501624
5500679
5500835
5502091
5500595
5498531
5500162
5500129
5501308
5499018
5498134
5500723
5497695
5498633
5500068
5500299
5501854
5500783
5500907
5499670
5500898
5497811
5501708
5500717
5498454
5499579
5501312
5498391
5502022
5501114
5501503
5500660
5498660
5500821
5498477
5500707
5501467
5501164
5498638
5500851
5500197
5500083
5501838
5502129
5499447
5501259
5501723
5498582
5500964
5497860
5498865
5498523
5498288
5500830
5502113
5501761
5499255
5498126
5500239
5500088
5499690
5499421
5499130
5498226
5499541
5500353
5499445
5499946
5501110
5500389
5497600
5499485
5499413
5500543
5499394
5501696
5498641
5500793
5499475
5501123
5501423
5501431
5500402
5502829
5501835
5502355
5499404
5498882
5498757
5499645
5501481
5501933
5497868
5500603
5500165
5498828
5503180
5498280
5498302
5501098
5500893
5501112
5499947
5499833
5501720
5498697
5498386
5498602
5498797
5501453
5499972
5500084
5498763
5501288
5501650
5499022
5501440
5499942
5499179
5501627
5500371
5499829
5498287
5499706
5501324
5501536
5499530
5500579
5501146
5500453
5500738
5499722
5498854
5499627
5500164
5498811
5499432
5501685
5501640
5501388
5501502
5501233
5499327
5499734
5501210
5500115
5500615
5499713
5502378
5499501
5498677
5498617
5498855
5501790
5500148
5498847
5499370
5498545
5499290
5500583
5499094
5501972
5500340
5500902
5502526
5500690
5499529
5501829
5500885
5498204
5500172
5499254
5498294
5498230
5497447
5500844
5501027
5499309
5500434
5501690
5501641
5499163
5499689
5499927
5499709
5498934
5498379
5501464
5500498
5501049
5498868
5498648
5497470
5498551
5499836
5498109
5502423
5499415
5498567
5501562
5501859
5501087
5500687
5500914
5501192
5498466
5499216
5501911
5499891
5501001
5499765
5501490
5498203
5501595
5501804
5501363
5499269
5498626
5500555
5499208
5500471
5498438
5501189
5500031
5500341
5501629
5499141
5498655
5499114
5500997
5501821
5501136
5500731
5500994
5501932
5497164
5499155
5498564
5498117
5499456
5499024
5497932
5500428
5499088
5498459
5501179
5500397
5500890
5499013
5502061
5501515
5501736
5499652
5501043
5498245
5498300
5500022
5502076
5500252
5500217
5499396
5499134
5499060
5500802
5499171
5499666
5501302
5501794
5499943
5501491
5500598
5499929
5502451
5501802
5499998
5498792
5500262
5501710
5499417
5500461
5498628
5497829
5499389
5499407
5497604
5499623
5500379
5498777
5499330
5496879
5499906
5501675
5498337
5499076
5500944
5502403
5499991
5503110
5501809
5501552
5499804
5498084
5497780
5502541
5500347
5501905
5497865
5497668
5497859
5499408
5501410
5498180
5498224
5501514
5501909
5498119
5500675
5499961
5497822
5498090
5500903
5497765
5499605
5498631
5498221
5498630
5501310
5498595
5498849
5500499
5501976
5498275
5498952
5498646
5498501
5500816
5500910
5499631
5500009
5501542
5501219
5501486
5501812
5501107
5500795
5497779
5501093
5498812
5501342
5500995
5501300
5500792
5498686
5501570
5500948
5499678
5501315
5501270
5499820
5498401
5497536
5502449
5500298
5498731
5500427
5499199
5498563
5501851
5499782
5499473
5500854
5500999
5498503
5498570
5501333
5501866
5502788
5499184
5501771
5501852
5500386
5502426
5497838
5498703
5502008
5500981
5497975
5499127
5503297
5501763
5501818
5497127
5501528
5500366
5500363
5499308
5501447
5501544
5498107
5500627
5497985
5500294
5500735
5498304
5501330
5498469
5501354
5499299
5498159
5499697
5499466
5501441
5502407
5502601
5499123
5502369
5498336
5498296
5502172
5501744
5499999
5500337
5497090
5501071
5499014
5502097
5498958
5499015
5498166
5497254
5499971
5501322
5498195
5497909
5498820
5498295
5501169
5501262
5501496
5497302
5499169
5499981
5501793
5500764
5497929
5498962
5498866
5498991
5498456
5501335
5499414
5501997
5501103
5499041
5502271
5497966
5500418
5498056
5499738
5498349
5499385
5500859
5498709
5498178
5499595
5498826
5501221
5500771
5498362
5500637
5501642
5498486
5501919
5501986
5499885
5501227
5498730
5501663
5497862
5501580
5501937
5496625
5501867
5498091
5498357
5499122
5499305
5501750
5500146
5499959
5501172
5501524
5500306
5498380
5500517
5498040
5498806
5498495
5500237
5497991
5498353
5498712
5502002
5498649
5501143
5498881
5499205
5499185
5498165
5501256
5500916
5498886
5501617
5499568
5498217
5502427
5500881
5502605
5497421
5501522
5498636
5498472
5501981
5501434
5497935
5498689
5501404
5497682
5502269
5500837
5499468
5501235
5501993
5502020
5498751
5498869
5497593
5498141
5501603
5498251
5498444
5498825
5498500
5498395
5500109
5498752
5499145
5500186
5498969
5498629
5499283
5499775
5498710
5501822
5501234
5501319
5502209
5500378
5497813
5501328
5501550
5501928
5499247
5500446
5502303
5498026
5498968
5497602
5500314
5501329
5498382
5502413
5500113
5498534
5497106
5498867
5498098
5500909
5497864
5500900
5497103
5498421
5500950
5501403
5499206
5501325
5500490
5501638
5497700
5501125
5502071
5501722
5500153
5500826
5498154
5500990
5500202
5499877
5498665
5502696
5498819
5498055
5500697
5503145
5499538
5500976
5498041
5499477
5500778
5497018
5502095
5500768
5498580
5499124
5498600
5500212
5499806
5502641
5498332
5498644
5501725
5501265
5501670
5500208
5500089
5500451
5501473
5501764
5498223
5500838
5498015
5501244
5501810
5502594
5502067
5498572
5498274
5501326
5501184
5498659
5498623
5499338
5500936
5501578
5502461
5499817
5501356
5499894
5498529
5498169
5498102
5499086
5500145
5501587
5501612
5498460
5501008
5497317
5498258
5502544
5500747
5502495
5502056
5500686
5498418
5498562
5501897
5501026
5501166
5501814
5502871
5501012
5499108
5501563
5499745
5498683
5501198
5498327
5498366
5498152
5501292
5500537
5497340
5502044
5501856
5500716
5501405
5502352
5502310
5503251
5501007
5502476
5503438
5502905
5501432
5500640
5500257
5497591
5498793
5500266
5501277
5502282
5498830
5498846
5498716
5497677
5498850
5500107
5499531
5500216
5498784
5497854
5502024
5502003
5501190
5501606
5502394
5501341
5497517
5498781
5502642
5501063
5501258
5497607
5501925
5498734
5498987
5500469
5501212
5500877
5498283
5498552
5501934
5500062
5501715
5498621
5498668
5499017
5501121
5502806
5498051
5501547
5500952
5501395
5500604
5497782
5502821
5503613
5498227
5499741
5499190
5500633
5498841
5498468
5501254
5501694
5501224
5501452
5501792
5501365
5499732
5497153
5500988
5498544
5499333
5502204
5498915
5501569
5500450
5502912
5501745
5499522
5502145
5499292
5502283
5501539
5499915
5499077
5498733
5498547
5501958
5502035
5500820
5497518
5502300
5498399
5498945
5501756
5499139
5499210
5497885
5497715
5502089
5500544
5499933
5502376
5498297
5500941
5497869
5500804
5496320
5500071
5497576
5502192
5502242
5501118
5501131
5498324
5498754
5497225
5498432
5499363
5498199
5496912
5499378
5498977
5501890
5499985
5498832
5501521
5501402
5500918
5501912
5500147
5501286
5500634
5497150
5502360
5498883
5498603
5501889
5499337
5497807
5497697
5500979
5499939
5501507
5499147
5498301
5501443
5501391
5500860
5501250
5501419
5501865
5501334
5500586
5502828
5498766
5499729
5501575
5498079
5499037
5498409
5501924
5498108
5497669
5499050
5498684
5501015
5497970
5501519
5498829
5498816
5497555
5497489
5501996
5498758
5498093
5501914
5501090
5502236
5501713
5500998
5503658
5498596
5499772
5498062
5502072
5499154
5498137
5497743
5501692
5501633
5500078
5499920
5499055
5500972
5497850
5501861
5497981
5497193
5498824
5498585
5497891
5501048
5502036
5501623
5499006
5500399
5501779
5501704
5502135
5500281
5497846
5499240
5501211
5498980
5497659
5498479
5501967
5498760
5502446
5497346
5502224
5498741
5497560
5501077
5499121
5499876
5501251
5497759
5499487
5497773
5497997
5500095
5500875
5499601
5498289
5500241
5497464
5498243
5496691
5501966
5502162
5501377
5501774
5497586
5498310
5498333
5501018
5501038
5497562
5498232
5501006
5501964
5502566
5498078
5499200
5501078
5499296
5499905
5497521
5501891
5498650
5500940
5500442
5501479
5498453
5498802
5498880
5497429
5501702
5502045
5498312
5501175
5500839
5502004
5498348
5499514
5497729
5501321
5498614
5498054
5499352
5498099
5498555
5499840
5502014
5501904
5503952
5501803
5497545
5497566
5502237
5497787
5497681
5501371
5498205
5498375
5497628
5500545
5501743
5497926
5500693
5497490
5503017
5502046
5501695
5498042
5498323
5497592
5502827
5502187
5497711
5498518
5499577
5500159
5498293
5497598
5499853
5500965
5498874
5498281
5502473
5499201
5501273
5498615
5498588
5501826
5500014
5498721
5500358
5500203
5497716
5497595
5497313
5498663
5501014
5501181
5500650
5501555
5500286
5497940
5499342
5501734
5499567
5498005
5498669
5502188
5501559
5501831
5498403
5497815
5499805
5501504
5501602
5501596
5501017
5497810
5500777
5499026
5501426
5499170
5501677
5498815
5501238
5501538
5499161
5502256
5497435
5498943
5497543
5498443
5498410
5499439
5496935
5498052
5502090
5497415
5501215
5501024
5498381
5502612
5498396
5498953
5498581
5499593
5501147
5502796
5501031
5501860
5498305
5501477
5497892
5499214
5501364
5499071
5501711
5498827
5501615
5498590
5497524
5500986
5501264
5499397
5501010
5501303
5500862
5502120
5497040
5495779
5498717
5502154
5498173
5501483
5498474
5502559
5498022
5498863
5501698
5498800
5497963
5498463
5498101
5502146
5498715
5501216
5496659
5502243
5502507
5501392
5499168
5498172
5501245
5501847
5497221
5501728
5500750
5500937
5500334
5502357
5497962
5497579
5501746
5498050
5499033
5502798
5499518
5501846
5498799
5498988
5501637
5501000
5501908
5498711
5501339
5502005
5498983
5501230
5498661
5497571
5501613
5501275
5497944
5503130
5497830
5498014
5497795
5503189
5501293
5498385
5498150
5498493
5498069
5498520
5497969
5498696
5498858
5501289
5500254
5498343
5498182
5498095
5498803
5501487
5499989
5502851
5498123
5502587
5497335
5500973
5501485
5499065
5497112
5498571
5500993
5499313
5498539
5498620
5501135
5497063
5502238
5498973
5498610
5503026
5500413
5501177
5498967
5502466
5501841
5498485
5501537
5497519
5501969
5501757
5498909
5497809
5497234
5501020
5501140
5497870
5498070
5498599
5499535
5498981
5497802
5500008
5502105
5499810
5502196
5498512
5497693
5498506
5499257
5498286
5497818
5500185
5500320
5501362
5501609
5502012
5501811
