4497887
4500132
4500379
4500963
4500891
4499804
4500265
4498967
4499587
4500653
4499722
4500447
4499934
4499939
4498540
4499909
4500871
4500238
4500920
4500518
4500500
4501466
4497892
4500696
4498498
4500110
4500043
4499308
4499316
4500454
4498711
4502183
4500845
4499846
4500597
4499927
4500494
4500820
4498889
4500034
4500001
4501269
4499945
4500691
4499553
4500291
4499201
4500410
4500664
4498336
4501449
4502054
4500436
4499946
4499747
4499031
4501432
4500013
4500180
4501895
4499444
4497663
4501128
4499993
4498831
4498178
4500227
4499583
4498081
4499343
4498369
4500076
4501215
4500716
4500793
4498991
4499090
4499422
4499481
4500018
4499704
4499693
4501051
4498557
4500766
4499988
4501773
4499303
4500267
4500486
4499944
4500526
4500612
4499408
4499811
4501260
4499572
4499404
4496632
4498819
4501434
4500579
4500290
4498308
4502454
4499769
4497677
4500207
4500902
4500339
4499774
4500854
4498800
4499124
4501355
4499805
4500199
4499961
4499764
4499871
4500586
4500037
4499281
4499963
4501167
4500067
4497829
4500225
4499596
4500374
4499783
4498936
4500792
4500466
4499687
4499883
4499941
4498810
4500022
4499960
4501110
4500105
4500311
4498586
4501494
4500752
4499857
4501247
4499911
4500587
4499231
4501130
4498924
4501274
4499437
4500424
4499311
4501511
4501925
4498441
4499954
4500582
4500443
4502646
4500606
4501123
4497958
4499294
4500462
4499476
4499950
4500811
4500092
4500111
4499915
4502068
4499502
4500452
4499929
4500563
4501401
4500522
4498623
4501049
4497461
4499387
4500170
4500900
4500041
4500279
4501271
4500636
4500741
4501139
4500863
4500930
4500987
4502072
4501209
4500236
4501266
4499797
4501293
4500313
4499521
4501179
4501589
4498434
4499657
4498146
4499328
4498484
4499573
4498934
4499912
4500998
4499129
4499600
4500428
4499562
4499924
4500120
4501282
4499825
4499483
4499242
4501523
4500209
4499862
4500017
4499848
4498964
4500857
4501084
4499047
4498864
4501489
4499106
4499204
4499799
4499707
4498956
4501133
4498602
4500299
4499394
4499569
4499768
4499794
4501307
4499641
4502052
4499820
4499297
4500824
4499022
4498643
4500640
4499990
4499724
4500810
4498234
4499588
4500807
4501385
4499185
4500750
4500657
4496410
4500025
4498367
4499916
4500178
4500035
4501362
4502088
4500471
4500803
4498953
4499547
4499407
4499045
4499153
4500019
4499709
4499453
4499662
4499713
4498596
4498559
4498175
4500397
4499708
4500263
4499556
4500308
4498972
4498806
4500560
4499770
4499545
4499245
4497797
4499576
4500704
4501349
4499114
4501681
4500983
4501818
4500351
4497092
4501035
4501528
4499186
4501308
4497665
4497124
4499821
4500119
4500222
4499827
4498657
4501116
4498513
4499977
4501046
4501436
4501371
4498737
4500138
4500411
4499417
4500198
4501678
4500819
4500239
4500511
4498679
4501565
4499701
4501934
4500162
4501207
4500846
4501069
4499773
4500393
4498433
4499519
4501542
4500786
4500616
4500642
4501091
4500887
4500672
4499852
4500959
4499969
4498639
4499938
4502128
4500705
4499895
4500513
4499755
4500167
4499377
4500918
4498681
4499881
4500468
4499829
4497333
4501295
4499645
4499620
4500981
4498830
4500771
4498998
4502446
4500380
4499346
4499986
4499184
4499278
4499973
4498854
4498385
4500226
4499951
4500354
4498276
4497667
4500197
4500541
4498605
4499168
4498839
4498098
4502947
4500052
4499816
4499044
4499080
4499496
4499854
4498567
4498490
4499925
4501930
4499611
4499127
4498397
4501027
4499491
4497869
4501351
4500371
4500498
4499495
4499130
4498529
4499869
4501228
4500442
4499828
4500242
4500534
4499888
4500388
4498368
4499101
4498522
4500292
4499391
4499107
4499023
4499120
4501487
4498688
4500275
4499606
4500769
4499451
4499206
4499935
4501068
4498809
4500161
4500777
4500698
4499970
4501348
4498156
4500206
4500383
4501342
4499227
4497497
4500026
4499530
4500223
4499177
4501144
4500030
4502233
4500301
4500821
4501429
4499291
4501187
4499464
4499196
4499216
4501324
4500594
4499712
4500053
4499336
4499604
4501821
4500532
4500020
4499024
4499922
4501105
4499910
4499352
4501423
4499819
4499472
4501157
4497755
4500460
4497918
4500284
4500487
4499382
4499778
4499164
4500870
4500331
4501311
4499165
4500760
4500999
4499081
4499414
4501194
4499054
4500858
4499400
4499584
4500795
4498867
4498378
4501288
4501411
4498939
4498905
4498954
4499758
4499305
4498835
4501296
4501178
4500869
4499684
4500730
4499488
4499613
4500583
4499362
4499994
4499978
4500843
4498824
4500879
4498893
4500977
4498604
4500648
4500485
4500297
4500048
4501455
4500566
4499878
4499996
4499659
4499274
4500211
4499001
4500234
4499236
4499086
4499959
4500357
4500592
4502964
4500723
4500108
4499718
4500328
4501445
4501879
4500060
4500896
4500421
4501640
4501970
4500453
4498975
4500926
4500153
4499638
4500825
4499640
4500266
4498631
4499325
4499710
4499627
4499533
4500762
4501109
4497985
4501115
4499043
4499527
4501581
4499280
4502002
4500418
4500694
4499290
4498148
4500287
4498089
4499699
4498297
4498583
4499097
4501017
4499652
4500364
4499499
4501317
4501649
4500217
4500646
4500186
4499623
4501101
4499886
4500361
4499210
4498662
4500241
4500882
4500047
4502099
4500074
4500948
4501140
4498894
4499370
4500504
4499621
4500086
4498909
4500190
4499064
4499636
4499108
4499017
4498828
4500195
4499948
4500449
4499893
4499670
4498443
4498995
4500087
4498878
4499845
4500455
4498811
4499128
4499619
4497861
4500407
4499622
4499884
4499306
4501196
4500270
4501533
4500688
4499256
4502074
4500904
4497193
4500935
4500024
4500958
4500218
4499048
4500457
4499543
4501480
4498836
4497457
4500257
4499440
4499615
4500805
4500924
4500800
4498130
4501335
4501871
4501243
4499666
4500296
4499905
4500605
4499678
4500353
4498912
4500338
4500182
4498262
4500620
4500990
4498350
4499689
4499803
4501092
4497900
4501304
4501599
4498585
4499182
4498609
4498636
4498634
4500202
4500697
4501343
4500136
4499901
4498152
4498424
4500521
4501387
4500789
4500888
4497746
4499867
4500368
4499552
4499631
4500458
4501965
4501198
4498403
4500000
4499202
4500423
4500628
4500638
4501056
4498930
4498202
4500907
4500398
4501737
4500403
4499840
4500662
4499721
4500230
4499843
4499350
4498707
4500133
4499134
4500489
4499734
4499879
4500252
4501437
4499237
4501041
4498901
4500373
4498363
4500589
4501496
4499485
4498532
4498018
4501516
4498730
4501323
4500245
4500643
4498610
4499586
4498046
4499826
4500255
4500520
4498023
4498856
4499424
4500992
4499523
4500150
4499937
4500855
4500362
4502284
4501018
4496731
4499877
4499544
4500027
4498155
4500396
4502217
4500555
4500849
4502390
4500960
4498575
4500233
4499541
4500349
4501344
4500122
4498845
4498783
4500503
4498644
4499513
4500770
4500619
4499817
4501149
4501281
4500524
4500201
4498143
4500667
4499095
4499034
4500461
4498114
4500176
4501319
4501222
4500068
4501259
4499561
4500192
4499300
4501781
4497077
4498413
4499465
4500262
4498335
4499947
4499425
4500607
4502994
4499246
4500881
4500899
4499162
4499049
4500273
4498865
4499717
4501902
4498833
4499296
4498989
4499654
4499793
4498733
4500835
4499570
4499388
4500366
4500681
4499474
4499000
4498840
4498701
4501021
4499093
4501936
4500813
4498286
4500098
4500336
4500003
4499810
4500051
4501148
4500922
4499379
4499089
4499716
4500440
4500700
4500401
4499410
4498582
4497815
4501408
4500544
4499402
4499405
4499578
4500757
4501652
4501076
4500088
4499580
4498347
4500816
4501313
4499936
4502219
4500755
4501232
4500467
4499648
4500312
4500828
4497669
4498026
4499053
4499759
4499217
4499477
4499943
4499252
4498943
4500289
4500478
4500710
4499323
4500260
4499214
4500369
4499282
4499902
4499861
4498613
4500389
4499830
4499942
4500096
4499232
4500400
4500203
4499456
4500598
4500303
4499450
4501592
4499956
4502032
4500826
4501218
4501029
4499193
4500921
4498394
4499788
4503714
4499221
4500325
4499030
4500021
4499800
4500649
4500578
4503706
4498572
4501483
4499478
4500552
4498255
4501510
4500406
4499416
4498338
4500759
4499268
4500495
4499511
4499012
4499068
4500957
4499175
4499725
4499144
4498646
4499731
4501405
4499332
4498955
4498820
4498870
4501679
4498611
4498383
4499302
4501255
4499187
4500093
4500274
4500732
4499616
4498273
4500659
4498334
4500444
4499692
4501162
4498219
4501078
4498665
4501996
4501297
4501709
4500348
4499156
4499125
4500784
4499132
4500042
4501161
4500859
4501889
4500724
4500005
4499436
4499285
4502125
4499330
4499277
4499194
4499131
4498239
4498633
4499998
4500102
4499607
4500375
4500645
4498629
4500378
4501730
4500439
4499982
4501189
4500931
4500734
4499497
4500334
4499872
4500678
4499914
4499632
4498906
4497695
4498902
4500580
4498306
4497717
4499849
4500995
4498365
4501464
4499461
4496763
4498815
4500753
4500564
4498640
4497657
4499462
4501373
4501764
4500316
4499568
4500183
4501793
4500497
4498875
4500571
4499630
4499984
4500660
4501054
4499559
4501431
4498990
4498883
4499466
4499399
4499832
4501922
4499780
4499166
4498345
4501894
4501059
4500502
4498595
4498771
4500799
4499953
4502448
4500254
4501485
4500923
4500569
4498984
4499365
4500352
4498568
4501239
4500006
4498238
4502466
4500608
4498891
4500441
4500054
4499913
4500029
4499170
4499566
4500925
4501011
4500148
4501648
4499815
4501865
4499904
4499396
4498638
4498043
4500319
4501040
4500387
4498521
4499690
4499525
4501521
4501074
4498780
4500185
4499223
4499952
4498664
4499309
4498941
4499550
4499753
4499040
4500822
4499781
4497707
4500584
4499057
4498352
4498416
4501334
4501152
4499891
4500159
4500630
4499555
4501286
4500272
4498571
4499452
4499431
4500729
4501235
4500562
4500634
4501223
4499355
4500300
4500774
4500090
4500551
4499159
4499932
4500901
4498848
4501845
4497227
4498344
4497842
4501813
4501221
4499516
4499918
4500472
4499104
4501675
4500004
4499775
4499371
4499777
4499695
4499697
4500832
4498356
4499779
4498723
4502380
4499318
4499067
4498278
4499490
4499171
4501520
4501037
4499208
4499257
4498882
4500604
4500172
4497554
4499137
4501340
4501087
4498245
4499745
4499976
4501212
4499041
4500939
4499756
4499835
4499301
4501031
4501740
4499418
4498104
4501633
4501665
4498752
4498816
4498460
4497911
4498787
4501137
4498880
4501412
4501674
4500517
4500951
4500126
4498789
4500938
4499748
4497698
4501619
4500781
4498690
4500971
4500045
4498125
4500618
4500915
4498635
4500965
4498808
4498209
4503340
4499831
4499676
4498981
4500491
4500535
4499192
4499824
4499335
4499674
4500077
4499373
4500386
4499029
4499850
4499591
4501008
4499426
4499344
4500546
4500842
4498698
4499923
4500581
4498473
4499434
4499069
4499522
4500459
4498425
4499070
4500516
4498632
4500484
4499409
4497830
4501726
4501376
4499505
4501315
4500344
4502155
4501134
4500985
4499967
4498805
4500510
4500889
4498971
4501143
4500531
4501083
4499036
4499320
4500243
4500140
4501272
4500570
4502578
4501246
4500677
4501672
4500104
4500247
4500880
4500163
4499467
4499372
4500144
4499955
4498807
4499629
4499173
4499484
4498879
4500298
4501192
4500314
4499430
4498268
4498866
4502497
4497682
4499581
4501395
4500464
4498818
4496648
4501147
4501912
4500739
4500852
4499836
4499737
4498162
4499191
4500091
4499146
4501587
4500416
4498667
4498366
4499889
4498853
4499680
4501358
4500537
4498626
4500713
4499145
4500204
4498682
4499253
4500100
4500151
4499974
4498983
4502035
4498141
4499968
4498775
4501605
4500173
4499892
4500061
4499706
4499809
4497549
4500343
4501007
4501471
4500293
4500310
4500465
4498562
4499921
4499727
4499209
4499542
4500720
4501676
4498886
4499574
4498539
4502486
4502025
4499266
4500490
4501887
4500166
4501359
4501861
4497547
4498965
4499733
4500228
4497693
4499847
4500415
4499864
4500982
4499319
4499649
4499551
4500565
4499677
4499997
4500391
4500179
4499386
4498325
4500919
4499560
4499413
4500823
4501448
4500561
4501289
4498668
4501790
4498405
4498923
4499438
4500016
4498768
4500955
4499987
4500945
4499470
4499354
4499859
4499838
4501636
4500224
4501124
4501792
4499148
4500116
4499212
4497756
4501142
4499795
4499796
4499347
4498551
4498486
4499558
4498933
4500031
4500614
4501739
4498869
4499691
4500451
4502613
4500063
4500829
4500432
4499369
4499517
4497551
4502453
4498182
4497696
4500577
4500382
4499406
4500450
4498751
4498821
4499469
4500656
4498654
4498724
4500675
4500528
4498599
4500335
4497998
4500210
4499226
4501697
4499536
4498423
4500778
4498305
4501080
4501145
4499535
4500622
4500412
4499703
4499738
4499964
4501621
4500539
4502313
4501287
4498246
4501514
4501353
4500032
4501419
4499601
4499822
4498881
4499457
4500644
4500417
4500701
4498773
4499100
4501517
4500530
4500476
4498834
4500028
4497894
4500070
4499211
4497938
4497810
4500627
4499385
4499564
4500363
4500350
4501601
4498519
4500687
4500435
4501492
4499439
4502692
4499116
4499732
4498133
4500718
4500903
4500340
4498785
4500953
4500014
4498885
4500839
4499802
4500617
4501043
4499856
4500175
4501507
4500973
4499463
4501476
4499563
4501360
4498685
4499658
4500686
4501761
4498825
4500305
4498921
4501501
4500685
4501499
4498438
4500002
4498734
4498331
4500641
4501923
4500676
4497593
4499743
4500118
4499786
4499534
4499065
4500434
4498656
4500801
4501044
4500409
4500065
4499322
4500240
4499728
4500754
4500345
4498966
4498432
4499646
4501217
4500212
4501451
4499013
4498248
4498594
4501188
4499787
4497135
4499500
4500317
4499579
4499139
4499493
4500215
4498000
4500189
4499092
4499761
4501832
4498851
4500937
4500123
4499742
4500861
4500286
4500177
4499361
4499189
4500431
4500124
4501932
4500547
4498691
4501630
4499225
4499808
4498576
4499801
4499597
4499999
4501413
4500145
4501417
4498931
4499754
4498695
4501034
4499917
4500860
4500184
4499480
4499626
4499906
4499571
4498792
4499949
4501025
4501377
4500947
4499971
4501389
4498326
4500097
4501590
4500768
4499427
4499750
4499807
4499740
4500728
4499190
4498813
4500015
4499760
4500669
4499172
4497822
4500050
4501702
4501513
4499837
4501283
4498384
4499628
4499033
4499366
4501758
4499358
4500121
4499486
4499337
4500758
4500591
4501731
4500722
4497800
4498201
4500414
4499501
4498725
4500837
4501386
4498608
4500895
4500137
4502167
4501065
4498451
4500609
4498961
4500264
4501519
4500779
4502688
4499142
4500356
4500475
4498090
4501844
4499814
4500154
4501746
4500647
4499401
4501616
4501477
4499933
4500650
4500125
4500712
4500603
4498085
4499411
4500269
4498927
4500295
4500690
4501645
4500709
4497709
4500142
4500280
4500744
4498862
4502145
4499539
4499233
4501595
4501058
4500782
4500425
4499179
4499099
4499681
4500064
4501684
4500715
4500812
4500261
4500780
4501220
4500130
4501418
4501677
4498802
4501462
4499899
4498750
4500886
4500746
4498721
4499119
4500107
4498837
4499532
4500553
4499364
4500975
4502408
4500814
4500808
4501141
4500157
4499894
4501711
4499653
4499270
4499011
4499714
4498993
4501460
4499367
4501582
4500200
4499979
4499468
4499582
4501378
4501352
4501020
4499798
4498119
4500330
4500986
4501131
4499715
4499763
4498719
4501242
4500912
4500666
4500341
4500533
4501397
4500221
4501067
4500695
4499059
4498794
4500430
4502256
4501656
4501042
4499197
4501941
4499340
4498873
4501036
4499614
4500251
4499046
4500395
4499288
4502459
4499096
4502011
4500610
4501381
4500944
4501019
4502106
4499176
4500767
4499062
4500044
4500979
4500322
4498192
4499314
4501113
4498259
4498637
4498942
4499702
4500733
4499930
4498199
4499074
4498727
4500083
4501559
4500654
4501410
4499250
4501363
4501450
4499985
4498215
4499526
4500655
4500519
4498937
4499123
4499565
4498616
4497834
4500427
4501799
4501564
4499122
4502230
4499475
4501120
4500833
4499866
4499415
4498949
4501064
4497132
4499515
4498753
4498900
4499315
4501205
4498699
4500514
4498531
4498812
4499926
4499479
4499039
4501354
4500717
4499203
4499147
4500980
4499694
4501782
4498948
4500422
4499326
4500399
4501752
4498593
4500473
4499853
4499752
4498542
4502318
4501114
4498767
4500232
4501318
4498260
4498061
4499806
4500488
4498618
4500456
4500208
4500838
4501728
4498653
4501396
4499508
4499338
4500117
4500787
4498899
4500271
4501666
4499700
4501202
4498303
4498454
4499592
4497258
4499376
4499272
4501298
4501548
4501906
4501757
4498985
4500307
4498978
4497627
4501572
4500169
4501237
4497852
4500978
4499602
4500764
4501229
4501099
4498850
4499329
4499260
4499087
4499557
4500249
4500736
4500737
4501030
4497738
4501015
4502271
4498546
4500106
4500798
4498040
4499549
4501111
4501518
4498762
4499007
4500231
4497671
4498025
4496931
4499251
4497856
4500309
4499094
4500220
4500817
4501659
4499870
4501118
4499174
4500847
4500818
4498651
4498512
4501557
4500783
4498597
4500469
4500246
4498742
4498922
4500346
4498847
4501390
4501171
4501579
4501391
4499608
4498911
4499529
4498693
4497177
4499423
4498474
4501227
4498095
4500281
4501107
4497034
4501341
4498757
4500194
4499980
4502166
4500480
4501203
4499992
4503573
4500365
4500039
4498872
4500557
4498868
4499898
4498577
4498221
4500268
4500550
4499509
4502493
4500964
4499151
4501270
4501024
4499863
4499729
4500355
4502355
4498456
4500601
4501284
4498722
4500492
4498600
4498982
4498997
4498996
4499460
4500961
4499650
4498628
4498686
4501023
4499489
4501707
4500114
4501216
4497115
4499056
4501967
4500507
4499454
4501398
4500590
4499617
4498082
4499589
4501524
4502087
4502549
4499887
4502334
4501303
4500213
4499897
4499989
4501252
4499331
4499435
4499962
4499363
4499419
4499585
4499494
4500419
4499219
4499518
4501085
4500692
4501933
4502198
4499492
4501071
4499876
4503038
4498126
4497411
4501175
4499791
4501563
4496886
4501680
4501176
4498129
4498099
4499510
4500966
4501573
4500743
4499037
4501804
4501156
4498587
4500131
4500994
4498738
4499868
4499651
4499111
4500576
4498732
4500085
4498928
4499359
4501264
4498524
4499711
4498459
4501155
4497617
4498230
4499403
4501531
4501357
4501550
4501045
4499981
4498552
4498625
4499776
4500463
4501670
4501256
4497786
4499735
4502361
4498938
4501929
4500282
4500327
4501603
4498462
4501624
4498515
4500101
4501089
4499313
4499027
4499860
4500651
4498295
4499746
4499441
4499928
4502239
4501446
4501578
4497871
4499665
4499723
4498822
4497933
4499351
4500794
4498279
4499228
4498511
4500193
4501946
4499118
4500910
4500763
4500790
4497909
4502295
4501160
4498579
4498588
4500929
4498228
4500559
4498431
4500898
4499903
4501300
4498442
4500703
4499668
4500893
4502819
4499686
4499855
4498514
4498703
4500556
4499310
4498014
4500804
4499736
4497953
4498491
4500010
4499593
4501326
4501699
4499327
4500072
4499567
4500809
4501638
4498745
4502772
4502046
4502331
4500278
4499063
4499183
4499739
4498287
4500554
4500438
4502755
4499983
4501400
4498786
4500868
4501100
4499834
4498907
4500719
4497543
4501267
4501379
4500827
4499896
4499178
4502730
4501070
4500629
4499720
4500347
4499448
4500515
4499356
4500834
4498918
4501325
4499060
4501622
4499789
4499071
4498706
4501814
4501715
4498855
4499205
4498337
4500932
4498096
4498101
4500663
4500954
4500474
4498461
4498926
4499058
4500738
4499115
4498630
4500258
4501720
4502940
4501380
4502140
4499885
4499875
4501273
4501231
4501191
4501393
4500370
4500038
4500155
4499730
4498920
4501302
4500413
4501641
4499155
4500321
4498506
4499383
4500139
4501691
4498526
4500008
4500276
4498759
4501840
4500235
4499384
4501367
4498488
4500748
4498871
4497089
4499851
4500702
4499167
4498111
4498164
4500496
4498360
4499014
4498969
4497833
4498784
4501338
4499412
4501604
4500775
4501384
4498257
4499442
4498478
4503093
4499991
4501150
4499018
4501285
4499271
4499966
4500740
4500165
4501402
4501249
4503036
4500585
4501811
4499075
4499117
4499757
4500075
4502083
4501075
4500066
4501331
4498895
4498897
4499016
4501312
4501399
4498071
4500916
4502456
4499121
4500404
4498673
4498321
4501644
4500877
4501671
4501618
4499374
4501261
4498859
4500876
4499749
4500772
4499324
4502005
4500367
4501615
4498747
4500219
4497711
4501240
4500936
4500525
4497334
4497719
4498841
4499995
4499958
4500012
4500906
4500885
4500158
4500549
4499353
4501320
4501292
4498980
4500796
4499841
4502272
4500830
4500756
4499428
4499289
4502628
4499050
4499261
4498315
4498796
4501299
4499138
4499813
4500143
4501163
4500337
4499055
4502299
4498814
4498240
4499524
4500089
4498689
4499378
4499443
4501330
4498793
4500147
4502326
4498663
4498910
4501479
4500253
4500479
4498615
4500323
4499919
4499667
4499239
4500573
4502078
4498697
4501526
4501403
4498650
4499264
4499421
4498974
4498353
4500007
4500967
4500318
4497325
4500477
4500956
4502077
4499218
4498107
4501854
4501339
4499079
4500950
4498333
4499504
4501333
4501951
4499647
4500358
4499882
4501082
4498798
4499765
4498769
4498677
4500285
4501690
4498838
4498832
4500405
4500152
4501346
4501924
4500874
4501138
4500658
4501095
4501226
4499637
4499458
4499269
4499873
4501364
4498601
4501151
4497224
4499317
4498858
4501028
4499931
4499380
4498566
4500283
4499669
4497814
4497166
4499240
4499772
4501366
4500248
4500376
4498772
4501181
4500191
4501275
4498999
4502853
4500543
4501733
4500250
4500684
4500011
4499865
4498386
4499349
4497674
4502645
4501987
4500094
4499429
4498190
4502336
4498332
4499940
4501097
4498225
4501204
4503181
4500797
4498525
4499161
4498296
4498379
4499222
4501047
4499249
4498298
4501862
4500621
4499514
4499248
4498545
4499133
4501498
4498962
4500721
4501569
4501806
4499220
4498765
4498896
4500164
4497328
4498002
4500875
4501978
4498963
4500205
4499890
4500991
4497423
4501491
4501430
4498327
4499675
4499143
4500997
4500856
4498764
4499975
4501749
4499010
4500575
4502649
4500940
4501185
4500785
4503981
4500040
4502590
4498574
4502430
4501712
4498692
4501224
4500788
4500446
4500626
4498960
4498329
4499874
4499299
4500949
4500890
4499360
4502303
4499397
4501848
4499163
4500332
4501600
4500527
4497392
4500056
4502258
4498976
4500523
4500540
4497243
4501815
4501662
4498340
4498439
4499660
4500841
4501322
4500894
4500049
4501654
4500482
4499395
4500115
4500493
4500229
4500359
4501356
4501553
4498959
4498564
4498387
4500661
4501306
4497796
4498067
4499398
4498708
4500637
4498118
4500128
4499088
4502085
4500259
4502208
4499972
4500069
4501409
4500993
4500256
4497941
4499160
4498842
4498073
4501327
4499042
4498666
4499244
4499575
4501170
4500548
4498195
4499634
4498487
4499506
4499471
4498622
4500095
4501738
4498904
4498092
4499767
4500046
4501847
4498781
4499255
4501591
4499085
4500574
4500853
4497851
4499473
4499605
4498678
4501878
4498258
4498777
4498903
4498063
4502251
4499181
4501780
4499685
4500277
4499609
4498222
4498179
4498157
4501762
4499283
4500840
4497491
4500726
4497616
4498565
4497904
4498389
4498758
4498036
4501182
4501006
4500941
4501135
4501784
4501617
4500174
4499595
4500073
4499766
4501146
4500844
4498154
4501734
4500062
4500429
4500326
4501506
4499598
4501098
4499368
4502243
4501612
4498988
4498263
4501153
4498078
4499005
4500751
4501952
4498024
4500599
4501063
4498741
4498803
4497720
4499333
4501053
4499688
4502132
4499844
4500538
4498754
4501032
4500862
4502320
4501407
4501588
4501753
4499025
4498779
4497103
4502041
4501698
4498790
4497327
4498293
4497463
4498428
4500615
4498958
4499762
4501651
4501383
4500897
4498846
4501081
4500483
4499084
4500084
4501253
4498471
4500071
4500113
4501593
4498206
4497783
4498612
4501079
4498122
4501585
4499908
4501332
4498110
4499554
4499273
4499741
4502291
4498884
4499072
4498573
4499066
4497886
4498028
4500171
4497581
4499375
4499381
4497266
4502482
4499603
4501546
4497150
4498606
4500595
4499920
4500381
4501868
4502071
4498131
4499169
4498675
4499258
4502307
4498735
4500545
4500611
4499612
4497422
4497986
4498797
4500329
4498823
4499389
4500181
4501444
4499790
4501257
4499295
4498877
4501184
4499321
4497556
4501014
4502246
4500962
4501915
4499540
4498530
4500866
4497932
4499446
4500294
4500420
4501705
4497294
4499548
4500288
4497209
4499833
4501810
4499265
4502846
4498250
4500216
4501870
4500588
4498093
4500969
4499642
4502287
4500851
4501539
4500156
4501262
4500214
4499229
4500708
4497255
4499102
4499312
4500501
4501658
4500670
4499644
4502567
4499275
4498001
4499200
4499633
4501456
4498849
4497769
4501206
4499334
4502514
4500033
4501276
4500127
4499512
4497705
4500168
4498233
4501233
4501442
4497189
4498186
4502471
4500943
4497882
4498756
4497407
4498817
4499140
4496576
4499136
4501316
4499656
4499683
4501685
4497687
4499528
4500437
4503578
4501453
4500302
4500306
4498914
4500908
4503274
4498578
4499957
4499082
4502650
4499135
4497951
4501102
4501536
4499744
4498068
4501981
4500499
4500567
4502732
4499625
4499661
4502006
4497883
4501927
4501701
4502042
4500342
4500952
4498435
4501864
4498694
4502192
4498398
4499267
4498844
4498739
4500320
4502118
4502115
4500508
4499287
4497987
4499126
4497897
4500806
4501673
4501794
4500324
4499003
4498590
4499052
4501055
4500058
4499635
4499021
4501713
4498736
4501219
4498658
4499113
4498712
4499900
4502073
4502851
4498647
4498214
4499907
4500873
4498940
4499008
4501197
4498020
4500600
4501183
4499112
4498313
4498533
4497310
4500160
4500776
4500602
4499154
4501964
4501700
4498861
4498547
4500631
4501803
4499105
4498517
4500558
4497935
4500624
4499455
4501004
4498799
4500135
4500815
4500928
4500633
4499433
4501696
4497073
4500742
4498457
4501268
4499098
4499445
4496603
4499279
4498404
4499083
4499298
4498852
4500593
4498314
4498292
4501093
4498266
4501778
4499150
4500112
4501263
4501484
4500315
4499304
4501786
4498446
4498580
4498553
4497983
4499215
4502416
4500749
4498479
4500470
4501534
4498275
4499624
4500360
4498648
4498913
4498149
4501798
4498272
4500668
4499482
4498251
4502152
4500512
4500836
4497715
4500680
4500392
4498198
4501112
4498280
4501048
4499663
4500909
4502424
4498929
4498316
4500149
4502045
4499503
4497139
4498621
4500625
4502286
4499224
4500905
4500613
4499520
4501347
4502174
4498528
4500448
4502168
4502324
4500689
4499284
4500761
4499241
4502801
4500082
4498801
4500081
4499839
4497724
4498774
4500129
4499235
4499880
4501290
4502301
4500674
4498475
4499618
4500878
4500707
4501614
4499109
4501278
4499188
4497971
4499293
4498191
4501009
4498261
4501094
4500023
4500304
4498505
4498804
4499141
4498916
4496951
4497285
4498282
4501860
4499671
4499594
4501452
4499449
4498645
4499610
4499199
4503160
4498281
4501788
4500848
4498470
4501365
4499078
4500884
4499213
4498342
4502385
4498740
4501529
4501843
4498181
4497846
4501165
4498674
4499002
4498483
4501723
4501982
4499643
4502213
4502056
4500078
4501375
4499785
4501597
4500917
4500864
4497961
4498406
4500244
4498187
4497865
4498591
4497678
4502551
4499751
4501574
4498709
4501193
4501470
4499307
4499639
4502049
4497981
4500934
4500773
4501667
4500731
4500481
4498713
4499195
4501050
4498062
4502066
4499577
4497959
4501544
4500509
4499447
4499230
4501880
4500505
4500745
4500237
4501620
4501328
4498898
4500372
4501742
4502298
4498193
4498560
4502703
4498185
4499051
4499020
4498534
4498541
4500872
4498481
4500384
4501989
4500984
4497384
4501556
4501154
4498915
4501077
4498396
4497133
4502419
4500079
4501714
4501611
4500970
4500059
4498417
4501948
4500408
4501990
4501463
4498391
4501606
4498267
4498761
4502135
4501245
4500706
4497731
4500683
4498973
4503322
4498548
4497902
4500057
4501882
4498048
4501914
4502280
4497714
4500747
4501551
4501225
4498283
4497966
4498440
4501876
4498372
4498518
4499032
4499818
4501001
4497901
4499259
4497921
4497656
4500867
4499537
4498570
4498746
4501168
4498728
4502602
4502599
4498720
4501945
4501250
4498351
4501416
4501121
4501177
4500134
4499507
4501635
4501660
4501103
4500542
4501959
4497903
4501708
4497645
4498687
4501872
4497413
4501119
4500196
4499061
4501892
4501443
4501643
4498371
4500333
4500445
4502833
4501129
4501238
4499546
4502458
4498497
4498480
4501279
4499679
4498177
4501382
4501368
4502247
4498249
4498957
4497926
4502541
4499432
4497367
4499705
4498370
4498968
4501013
4497762
4500665
4501199
4499784
4501447
4499599
4497898
4500377
4500529
4502576
4499771
4502137
4498619
4501213
4500568
4498121
4498499
4501469
4497949
4502349
4499673
4498299
4498508
4498019
4500996
4498196
4502091
4497490
4499103
4500109
4497286
4501172
4501190
4499390
4498449
4497884
4501495
4501735
4498876
4500146
4501500
4502332
4502450
4501472
4501756
4498430
4497982
4498223
4500103
4502022
4499076
4502928
4500572
4497204
4501774
4502113
4502177
4501913
4501598
4501543
4498288
4502038
4498535
4502081
4501837
4498614
4501214
4498510
4498705
4500791
4501061
4502469
4497855
4500735
4503306
4502363
4501583
4500711
4498444
4502478
4498450
4498380
4501066
4498925
4498343
4497752
4497658
4502268
4499073
4497479
4500850
4501716
4498213
4500394
4498301
4501310
4499696
4501747
4499782
4501562
4497138
4501893
4503063
4497469
4501473
4502978
4500699
4501532
4501886
4498247
4497467
4501816
4502760
4497519
4501117
4501850
4498358
4499420
4501833
4498412
4501944
4497550
4502351
4497899
4498670
4501504
4502069
4501586
4502824
4498770
4497939
4499664
4498112
4500080
4501961
4499157
4498322
4501985
4497545
4499858
4501136
4499152
4498718
4501724
4501541
4499842
4501244
4501254
4498857
4502425
4498346
4501911
4502499
4498218
4501817
4499234
4499180
4498294
4499348
4501072
4501426
4498977
4501126
4498502
4498584
4499342
4497948
4501869
4500892
4501547
4499015
4498987
4500725
4497427
4498932
4501508
4500946
4498106
4500693
4498788
4502746
4501908
4498410
4501467
4498145
4497475
4500639
4503312
4501159
4497684
4500679
4499823
4498291
4501210
4498151
4497955
4498919
4497644
4499038
4498482
4501594
