1500548
1500020
1500206
1500697
1499302
1500048
1500717
1500379
1499593
1501429
1499179
1498603
1499457
1498638
1499787
1500907
1500890
1500650
1500591
1499488
1500031
1500616
1499846
1499476
1498635
1500167
1499451
1498247
1500584
1501721
1498553
1501884
1500896
1499552
1500252
1498296
1498682
1499927
1498447
1500135
1501335
1498269
1500692
1499202
1499079
1501067
1501099
1499320
1499580
1499817
1500018
1500913
1500783
1501112
1501792
1499131
1499774
1501198
1501154
1500532
1498045
1498274
1497744
1499727
1501022
1499555
1501066
1501493
1498303
1498854
1500357
1499779
1501166
1500121
1501377
1501012
1501206
1501053
1498767
1499909
1498925
1500073
1499894
1500450
1500396
1499754
1499983
1498503
1500649
1500790
1498231
1499345
1500342
1500877
1499728
1498627
1501382
1499409
1499996
1501754
1501092
1498648
1498402
1500583
1499853
1500645
1498243
1499647
1499901
1500461
1499553
1499412
1500810
1498726
1499615
1500036
1499525
1501250
1500149
1499261
1499097
1498888
1499310
1500006
1499319
1500487
1498676
1500146
1500150
1500585
1499601
1500232
1501229
1499156
1501729
1499007
1501179
1500327
1500598
1500846
1500256
1500307
1498404
1498995
1499377
1500474
1498116
1499961
1501119
1499230
1500727
1502010
1500142
1499590
1500454
1501621
1501043
1500246
1501235
1498634
1499844
1499659
1499204
1500815
1500519
1500594
1500652
1501408
1500925
1499974
1499239
1498616
1499824
1499455
1499922
1499190
1501223
1496940
1498747
1500168
1499155
1499290
1499573
1499304
1498556
1498915
1499357
1499588
1499628
1499472
1498829
1500238
1500156
1498905
1501048
1499359
1498270
1500568
1500853
1501113
1499392
1499634
1498851
1499649
1500043
1497412
1498178
1497854
1498439
1499306
1499585
1500237
1500331
1499673
1500965
1500319
1499187
1499876
1500201
1498382
1498707
1497941
1498427
1499698
1499546
1501134
1499836
1499897
1499886
1500175
1500602
1499353
1499360
1501276
1499297
1500731
1498838
1499041
1500855
1499721
1499327
1500251
1499792
1499112
1499993
1499973
1499778
1499039
1499869
1498748
1498220
1499926
1498876
1499705
1500087
1499095
1500942
1499832
1501090
1500119
1499376
1502530
1499641
1498551
1500911
1500460
1499537
1500210
1499169
1499733
1499694
1499541
1499651
1500035
1497979
1499827
1499571
1501182
1501034
1498843
1499458
1501231
1498514
1500821
1500723
1498587
1501566
1499408
1498725
1500439
1500919
1501909
1499746
1499366
1501009
1499579
1499387
1498393
1500577
1499867
1499333
1498385
1499372
1498926
1499087
1497955
1499965
1500934
1500827
1499911
1499653
1502072
1501595
1499491
1500527
1500765
1501306
1500105
1499040
1501722
1498860
1500051
1501971
1500646
1499435
1500672
1499708
1500391
1499690
1500604
1502114
1500695
1498901
1500459
1498180
1500100
1499567
1498772
1502222
1497276
1498728
1499119
1500760
1499982
1498614
1500856
1501295
1499874
1500444
1501305
1501658
1499362
1498928
1501173
1499450
1500728
1498718
1500085
1499998
1500099
1499008
1500378
1500400
1500552
1500466
1500316
1499076
1497255
1500988
1500332
1499225
1499966
1500714
1499098
1501619
1501476
1502489
1503202
1501593
1500393
1498964
1500513
1499988
1500054
1500260
1500293
1499739
1498746
1501887
1499111
1500868
1498195
1498775
1501393
1497519
1501148
1501153
1500360
1499485
1500636
1498898
1499010
1499908
1499473
1499695
1499423
1501527
1498882
1500674
1500432
1499917
1501121
1499744
1500663
1498735
1498712
1500116
1500207
1500475
1501438
1500696
1497890
1499173
1501538
1499802
1497872
1502105
1499929
1500875
1500722
1499508
1500936
1498927
1501004
1500946
1501336
1500539
1500617
1500011
1502494
1502191
1497924
1500136
1503267
1500935
1497838
1501428
1499770
1500271
1500202
1500348
1498557
1499151
1499411
1499885
1497686
1501002
1502284
1500229
1498933
1499562
1501293
1500973
1500850
1499203
1500196
1498264
1500344
1501885
1501018
1500791
1499159
1499108
1500655
1499935
1499100
1499916
1500839
1499604
1498737
1499875
1501459
1499420
1500025
1500024
1499496
1498739
1499194
1498874
1498509
1499795
1500579
1499977
1501071
1498173
1498361
1501008
1500657
1499548
1500199
1500972
1499094
1499989
1501734
1500123
1501644
1500336
1498782
1501571
1499486
1501281
1501259
1500401
1497469
1499028
1499946
1500188
1499924
1500382
1500079
1499939
1499117
1500631
1500244
1500847
1500899
1499070
1499624
1502251
1500888
1499554
1499245
1499693
1500694
1498654
1500032
1498903
1498517
1498156
1501321
1500716
1500730
1499725
1499164
1498652
1500343
1498351
1497582
1499569
1501832
1499449
1499246
1497709
1499534
1499053
1498665
1498645
1499215
1500173
1501958
1500296
1500769
1499595
1499849
1501192
1499406
1500090
1498198
1501616
1500633
1499889
1501394
1499723
1498970
1500743
1501058
1500414
1500802
1502288
1498931
1498868
1499657
1499740
1499394
1498989
1500112
1498359
1498272
1499668
1500455
1500240
1501585
1499339
1499082
1500261
1499165
1500550
1500299
1499968
1499718
1498716
1500302
1501292
1500704
1501719
1498578
1499941
1498295
1501910
1501738
1502603
1498494
1500227
1499632
1500194
1498474
1500528
1499154
1501221
1499068
1501375
1500200
1499505
1499129
1501539
1499938
1500311
1499153
1500916
1500822
1499674
1499835
1500535
1498802
1499631
1499913
1500264
1500551
1498002
1502079
1500749
1499790
1500295
1501521
1502049
1501364
1499384
1499664
1500507
1499315
1499433
1499981
1499266
1499221
1498668
1498581
1499942
1499385
1498495
1497377
1501753
1499498
1500405
1501626
1499852
1500062
1500559
1500628
1499352
1500840
1501029
1500845
1501373
1500818
1502208
1500754
1501657
1500503
1498878
1498522
1500803
1499714
1500505
1501372
1498194
1497507
1499838
1501637
1499559
1499953
1501361
1499742
1501291
1498491
1497807
1498849
1499176
1499298
1499575
1500869
1499997
1501554
1501562
1501882
1500373
1498752
1499019
1499235
1500005
1499393
1499047
1500902
1499928
1501077
1500992
1500807
1498730
1500345
1499582
1502296
1502668
1500267
1500658
1498252
1499067
1500677
1499854
1499241
1499395
1500231
1498749
1499743
1498470
1501725
1500308
1498993
1499133
1499845
1500304
1501072
1500880
1501399
1500543
1500058
1499220
1500508
1497675
1499872
1500814
1498865
1500077
1500553
1498714
1500744
1501560
1500219
1501006
1500522
1498990
1500859
1499511
1499504
1499055
1498744
1501939
1499542
1501395
1502303
1502395
1500494
1501413
1501471
1498895
1499903
1499763
1501200
1499667
1500447
1499828
1500648
1500097
1499171
1498305
1500159
1502728
1499724
1499712
1501502
1499861
1499796
1499599
1499268
1498606
1498532
1500542
1501041
1501488
1502516
1500277
1501322
1500620
1499758
1498936
1500484
1499915
1501924
1500375
1502292
1500745
1500217
1499773
1497963
1497961
1499453
1498371
1500980
1501285
1498488
1502004
1499416
1498703
1500615
1501642
1500222
1500737
1499044
1499980
1499906
1499396
1499891
1501056
1499666
1500353
1500895
1500191
1500272
1499232
1500922
1499368
1499732
1501961
1500309
1499454
1499494
1501747
1501219
1501814
1500770
1498659
1498719
1501690
1499262
1499851
1499329
1501236
1500358
1499413
1500873
1500734
1499899
1500076
1500398
1498872
1500412
1499338
1500288
1501512
1498613
1501091
1499719
1498332
1500986
1498907
1498459
1500612
1497944
1499389
1499120
1498653
1500565
1498976
1499952
1501497
1499309
1498745
1498256
1500784
1500961
1501181
1498354
1499715
1499013
1499930
1501460
1500306
1500435
1500903
1500075
1499337
1499228
1500764
1499550
1499510
1498643
1499210
1499073
1500813
1497720
1500174
1499497
1498797
1500270
1498861
1500007
1501959
1498900
1499962
1500575
1497814
1498345
1498784
1498294
1499229
1500857
1499591
1499477
1499081
1501565
1500478
1500386
1501663
1498792
1500320
1502098
1501205
1498450
1500071
1500629
1500449
1501603
1499999
1501287
1499878
1499979
1500661
1502169
1499896
1499918
1499618
1500726
1499760
1501881
1499967
1498466
1499251
1497576
1498050
1500436
1499576
1500212
1499764
1500582
1501348
1501106
1501504
1500151
1499162
1499287
1499840
1499419
1500055
1499892
1500489
1499689
1498254
1499184
1500776
1496577
1500276
1499099
1501694
1499936
1501482
1498981
1500226
1498036
1501309
1498535
1500796
1501902
1500430
1499212
1499532
1498836
1500224
1499078
1498401
1498425
1497707
1500443
1499568
1501143
1498996
1500352
1500741
1499717
1499956
1500008
1499921
1497842
1500468
1498486
1501337
1502033
1500996
1500948
1497816
1499544
1500289
1500766
1499274
1499855
1500975
1501025
1500767
1502726
1499207
1499017
1500388
1498785
1500004
1500127
1499405
1499866
1498549
1500858
1500698
1502156
1501739
1499985
1498794
1500384
1499032
1499484
1500467
1497780
1498919
1500782
1501990
1499943
1500801
1501157
1499429
1500634
1499312
1500181
1499745
1499658
1500026
1499254
1499960
1500520
1499344
1498257
1502294
1499752
1499325
1500788
1500310
1498841
1498326
1500665
1499564
1500339
1502555
1499503
1500939
1500027
1500369
1499030
1500078
1501050
1498760
1500653
1501445
1499932
1499399
1501093
1501030
1501248
1500153
1499489
1499463
1501533
1499436
1501572
1498472
1498189
1498887
1501485
1499403
1500315
1500699
1499128
1500015
1500169
1498583
1499986
1498826
1498085
1500921
1498590
1499819
1500835
1500851
1500285
1499356
1500287
1499834
1499747
1499036
1499870
1499679
1498505
1498573
1500269
1498373
1499919
1498615
1500243
1498821
1499038
1499314
1497973
1501609
1499558
1498595
1500563
1498540
1500750
1496672
1503242
1500688
1500364
1500954
1500403
1499589
1499213
1499776
1501447
1498685
1498443
1498003
1499075
1499530
1500334
1499402
1501026
1502147
1499424
1498408
1500192
1500761
1499188
1497298
1501128
1503137
1500493
1499884
1498154
1501027
1499273
1498783
1500060
1500592
1499803
1500083
1500411
1500978
1499538
1499279
1501126
1498943
1502429
1499059
1498516
1498607
1500499
1498124
1499218
1498511
1500445
1500611
1501696
1500635
1499702
1501246
1500498
1500689
1501841
1500897
1499536
1500133
1499692
1499767
1499135
1499780
1499940
1501708
1499606
1499255
1499831
1499623
1499465
1501074
1501011
1498764
1501171
1497939
1501280
1499821
1498141
1500725
1500350
1500929
1500669
1499529
1499000
1501146
1498881
1500740
1500683
1500239
1499275
1498461
1501426
1500901
1498751
1498151
1500041
1499975
1498885
1496509
1501403
1497363
1499177
1500037
1501671
1499016
1499244
1500517
1500718
1500248
1498631
1500113
1498413
1499391
1501707
1500506
1499833
1499132
1501313
1501509
1498977
1500333
1500313
1499459
1499995
1501788
1498833
1499629
1499443
1501227
1502229
1500001
1500746
1500596
1499842
1497407
1499163
1500977
1499788
1499684
1501354
1499518
1499354
1499949
1500574
1499227
1501856
1499783
1500318
1498442
1498839
1500702
1501421
1498806
1499072
1499978
1499361
1500613
1502329
1499150
1499992
1501014
1497246
1500259
1499900
1500046
1499236
1500569
1500170
1500736
1500561
1500059
1498932
1501705
1502456
1498145
1497873
1501222
1500165
1502219
1500281
1500117
1501135
1500016
1499512
1499257
1501371
1498369
1499654
1500125
1501757
1500959
1500778
1500139
1499959
1499881
1500603
1502504
1499291
1499686
1500381
1500486
1500257
1498886
1498167
1498368
1498029
1499167
1500111
1502148
1498372
1501023
1499487
1499083
1501390
1497984
1498804
1497998
1499057
1499267
1499200
1497532
1499216
1501431
1499814
1500022
1499517
1499672
1501232
1499383
1497834
1498568
1499369
1498971
1501475
1499984
1499678
1499001
1499620
1501001
1501044
1499735
1498956
1500758
1499987
1498721
1499811
1501400
1499750
1501810
1497826
1500152
1500161
1499734
1500223
1499769
1498914
1499670
1499561
1498479
1498795
1500033
1497057
1500402
1500147
1499115
1500480
1501294
1501161
1501190
1499578
1499234
1499662
1500589
1499138
1500892
1498253
1498004
1499350
1500712
1499753
1501452
1502539
1498242
1500137
1499331
1500278
1500473
1500500
1498454
1499622
1500330
1501430
1501422
1500179
1499786
1500262
1498757
1500529
1498951
1500408
1498899
1501612
1500609
1498771
1498249
1501368
1500785
1498407
1498710
1501319
1501650
1500247
1497736
1499380
1501193
1500639
1498095
1500070
1500951
1501536
1500084
1498152
1500759
1500268
1499371
1499912
1500483
1501063
1499630
1501176
1500266
1499635
1500049
1500673
1500780
1497815
1499400
1500643
1501358
1498579
1500438
1501815
1501033
1498623
1499970
1498913
1498432
1500735
1501329
1501346
1500214
1498880
1502211
1499373
1500878
1497700
1498945
1500573
1499308
1500389
1496933
1500255
1499841
1498706
1499048
1500882
1499596
1498823
1499147
1501547
1501089
1498713
1501228
1499600
1500394
1501125
1499816
1499021
1499382
1501020
1498325
1499152
1499839
1498506
1498279
1499334
1501984
1501559
1501325
1501534
1498542
1500166
1498007
1498815
1498501
1501822
1498967
1499238
1500441
1501934
1499598
1498984
1499710
1498609
1500190
1498845
1499850
1499089
1498774
1501141
1498781
1498441
1498663
1500420
1498975
1498969
1498862
1498016
1502449
1500664
1498046
1500832
1499276
1500066
1499643
1499214
1498759
1499730
1501366
1499526
1501297
1499650
1500426
1499336
1499639
1499311
1501243
1498773
1499577
1500126
1498660
1498827
1497732
1499379
1499084
1499516
1501191
1500002
1498523
1500904
1499195
1500900
1499439
1499801
1499955
1500610
1499700
1498077
1499798
1500322
1498576
1498955
1499644
1499414
1500323
1501758
1499303
1500497
1497918
1498786
1502638
1500014
1499797
1500720
1499749
1499784
1499305
1501124
1499137
1497640
1500063
1498709
1500817
1499168
1499407
1500641
1499093
1500943
1501207
1498406
1500849
1499460
1498864
1499322
1500690
1501120
1498531
1501383
1500233
1500964
1501780
1499645
1498592
1501828
1499144
1500521
1498070
1500189
1498741
1498399
1499223
1503105
1500415
1499026
1499607
1501055
1499509
1500721
1500186
1501993
1500234
1497113
1499761
1498091
1498982
1498216
1499703
1501035
1502336
1500511
1498323
1500193
1499448
1501136
1499415
1499799
1499748
1500509
1498458
1500984
1500940
1498600
1500359
1501211
1501412
1499947
1499301
1499551
1499224
1498950
1500028
1500440
1500338
1501481
1500710
1501936
1499381
1500572
1500064
1499964
1498871
1498538
1500867
1499681
1497791
1498731
1497971
1500144
1500719
1501137
1501323
1500792
1502128
1498935
1500462
1501015
1500805
1497891
1498696
1498599
1497853
1502511
1500242
1499014
1499652
1499247
1502315
1501174
1501299
1498196
1499726
1498435
1499665
1499058
1501273
1500870
1498112
1501759
1499920
1502067
1500826
1499592
1501966
1499762
1501347
1497702
1498677
1498987
1501284
1499478
1499521
1499971
1500864
1498942
1500560
1500774
1501437
1499418
1499492
1501804
1502097
1501160
1501007
1497878
1498227
1498383
1499520
1500423
1498742
1500834
1500837
1499815
1499052
1501930
1500365
1498622
1501234
1499330
1500666
1500290
1499524
1499958
1499464
1498816
1499741
1499441
1501492
1497749
1498482
1499118
1501115
1499022
1500918
1500451
1500898
1500606
1500366
1499794
1498426
1499431
1499857
1498597
1498769
1497994
1500999
1499375
1501145
1499931
1500465
1500273
1499847
1501768
1501052
1498096
1499374
1500216
1501416
1498891
1501889
1497207
1499625
1499018
1500164
1497191
1501087
1498396
1500842
1501689
1500094
1499820
1499771
1498489
1501172
1501344
1501579
1500762
1501303
1499367
1503058
1501054
1500488
1500370
1501351
1498973
1498547
1498957
1501352
1498805
1502115
1500886
1500787
1499755
1499830
1500678
1500587
1501915
1499887
1500056
1501470
1499141
1498650
1499789
1502174
1500122
1500211
1499172
1499812
1498717
1497612
1500340
1500292
1498639
1500092
1501016
1500258
1497965
1499264
1499191
1499071
1500160
1499507
1499027
1499122
1499583
1500957
1500172
1502036
1501604
1497830
1501369
1498812
1499951
1499661
1498562
1497858
1498415
1500597
1499972
1500627
1500738
1500558
1500305
1500346
1500969
1498419
1500337
1499663
1501138
1498100
1502223
1497166
1502355
1499440
1501448
1500671
1500651
1499515
1496850
1498911
1502431
1499206
1497892
1500732
1499277
1499341
1499480
1498410
1498565
1502119
1501059
1497458
1499864
1501039
1500298
1501692
1502196
1499002
1498798
1499296
1500477
1500040
1499378
1501894
1500479
1501140
1499826
1498221
1498813
1499428
1499185
1500491
1499991
1501859
1499193
1501486
1497986
1502656
1501649
1499699
1501816
1501068
1498666
1500794
1499493
1499636
1498278
1499506
1500773
1500446
1499697
1499706
1500128
1500989
1499462
1501080
1501168
1500991
1501384
1501314
1500485
1500377
1500065
1500376
1500131
1501516
1500756
1499902
1499192
1499766
1500691
1499425
1498902
1499332
1498366
1501419
1501101
1500504
1503322
1499086
1501079
1500828
1500429
1498421
1499619
1500118
1501480
1500053
1500682
1499716
1499104
1498847
1501203
1500456
1500541
1498960
1500531
1499397
1498959
1499775
1500012
1497746
1501487
1501529
1500706
1500038
1500823
1499969
1500924
1498642
1501760
1501718
1497938
1497916
1501244
1499880
1497181
1500985
1499720
1499617
1500885
1500739
1499883
1500120
1499124
1500253
1499907
1499810
1500819
1499791
1499572
1497059
1501992
1499535
1500254
1497988
1499468
1498348
1501345
1502378
1499696
1500215
1499208
1501869
1501418
1499513
1499140
1500068
1499248
1498304
