585867
1496719
868903
122317
2181660
550305
2268027
1703031
2975336
741601
1804145
2738397
2709076
2912143
1983524
1048575
984013
1479524
1814042
314206
2842924
2661879
817831
1235353
2749207
974631
1918952
1723226
550738
862335
937740
2613299
2930870
1955635
128928
53434
2277997
1903937
2628152
2559834
163142
1996700
832985
1716240
83132
2934922
2757172
630297
1770619
820203
2989382
2851226
394331
2968932
1132786
2901361
1804348
1761852
2923769
1674304
1232868
603206
2886294
391140
1048723
2154742
1940399
505147
1824279
215745
793363
2028109
1001835
1457154
1669167
1294435
2412180
483804
2297110
515086
346960
1256217
2282884
1215602
512883
45749
1227132
2864322
1088143
996871
2033119
1229884
1544762
1552417
929599
494260
216959
558092
774181
1615036
1890098
2201084
1562889
134287
1889656
1648207
1488498
2613035
163570
917731
570130
2312764
1390708
466609
1296329
2791212
2386901
341354
450579
2867715
2699710
2873741
2510581
155142
1183766
276350
1949053
2449150
479279
1166133
1844477
556433
2624622
600771
676777
1868992
785477
1012083
429516
1347116
323675
2685695
1020153
2706140
917138
1763344
2670813
2361234
1736849
1932654
2011692
773787
333086
569323
1561010
837193
2895991
449830
721132
2342656
1931382
2973226
2615349
1673515
2075364
2984897
2314696
1967100
1980649
1503524
1653573
1041622
2034980
461005
2415936
733281
712938
2164151
2771886
2192029
402631
2221763
208411
2334840
331261
1615203
2009989
52586
2598591
2851325
2893551
179703
64024
1037261
1276993
679658
674040
1608139
2018537
2459149
459787
2282987
1576122
1817734
343987
2638160
2233640
1668241
1460832
681659
714774
1234935
2491104
343240
2638600
1765076
1987854
258670
1593023
2687511
2891973
2179291
2188587
2105727
1178031
2802729
2763730
771432
2891170
1930427
2518573
1258131
186203
959289
199160
1714294
1545269
820194
2911754
825324
959535
1470192
1861471
706637
1607035
984662
2624960
1573173
2305863
960412
250004
1263474
2230574
1470813
2651194
535622
670387
2082469
1089662
1874905
2064975
846503
1468444
550522
1064670
1621873
2745444
2188753
2039130
993489
810677
2506027
1926826
358131
445961
1796621
2532772
554774
1501945
2299552
859985
470465
2232716
34458
2317992
212541
165723
1465251
292844
2776157
549037
550864
2053896
194331
2227427
992254
260002
2597548
968286
976495
1852222
2441363
2464793
2104228
1158589
1836910
1504213
356226
2141124
922971
2056426
188928
1330734
1087915
2487502
2686267
1587344
942274
508161
2982329
1197572
419715
1105903
1013794
1990460
154722
862619
393224
2756091
2284079
1955931
1582552
1632813
814632
771922
2137440
1827402
2820813
2825577
1527536
591147
777105
345759
2428404
615558
636884
945478
1349636
2246568
2089897
1698104
313427
707071
2859101
2750403
1866250
1941039
2928671
102585
408104
2771200
1076399
1066694
2909742
2054604
1038686
2222410
1546018
210186
2416102
2946561
236501
654668
216419
1522240
964783
468636
1785740
2862963
921501
2840696
1430071
2637974
2942730
1341547
475598
2155985
1402584
2408539
2255507
2994399
122738
862027
2460473
1904893
1583341
1267432
2042261
2539805
684250
414447
2093271
1704381
625985
2672664
2911281
1798364
1256241
1389745
1972165
353572
1647276
1233160
2972112
1899680
913971
1074779
2336330
1968272
121545
2542200
1701810
1512372
2336475
2049600
304067
195751
2758735
2073660
2091952
404114
1315972
345002
1615946
2109084
2832040
2269615
2393792
2587880
504850
2070545
2796385
789155
465289
2381623
2747176
2763215
529336
2907965
194641
603171
2332481
1980809
1878884
2441368
1383862
766764
2766411
2564178
2111754
2254485
1396133
1542381
2994166
1181334
1954685
1577839
2326176
29724
1942925
208514
1715628
1141066
709014
1571259
2415239
1185165
1279888
2751032
1033554
2606385
140984
2742540
651278
1586584
968324
1938843
316355
1567696
2623983
714711
264885
1891656
781377
1145942
2404381
707061
2698990
2460968
2604815
1483751
2369611
2838259
2579705
2284447
1116279
1171190
2014451
1424755
122638
206725
2483475
1851266
2100811
1125327
2483690
335966
1151679
272078
260613
1508214
1224778
2572348
1278460
2351711
2559339
802829
613699
521924
976573
1524766
1768294
611893
713427
2891650
149258
516893
52152
1607
1706527
1967053
1223484
1842879
244512
2978781
2132182
2313814
2212289
1623285
184662
2462074
327759
1876006
508631
680535
2468396
2494404
1885607
2376810
2840876
889493
1919731
1060362
381970
314754
1458597
2231176
544460
723719
1736943
2324449
1255898
2938316
2956611
1203715
1301269
1768681
2253677
1762802
545385
2406356
2008168
2205751
1206073
52204
1401997
832155
738213
31852
1809331
2111824
2872257
2508426
2040841
988743
2105646
263351
1081272
973695
2265125
2948733
1516262
2651654
853605
1719283
2724396
466545
2324657
2174122
563417
1091446
1326964
816632
1128165
1563179
530945
1062351
2591983
1411878
1220390
150519
1250525
1180974
100237
1892040
1305167
2139552
1570628
827340
2491720
1840946
1312294
1251506
907858
2930995
461811
2868720
717719
1341703
1184241
1013970
2633865
2527568
1465495
1382133
2057260
1810852
2751828
1434683
189321
1866966
2346714
2390094
312417
2011052
2198560
216404
462601
941511
394156
2179076
852345
1026665
2854798
2598606
1754040
273180
2766161
2414380
323099
196756
1066430
2813909
13929
2468695
977149
1506570
2429710
1300476
1729216
1814265
883927
405131
2118400
868028
2055267
2449735
932165
1346248
213809
2678333
1853014
2871771
2252115
1901734
2109824
1063747
716524
248364
361363
2788529
23343
591837
237062
2643375
1155706
2278503
1415416
1507313
10992
1668865
742708
1627522
840425
1939062
2141647
2010370
1774935
2899377
2747660
2344757
1023832
1705991
2589880
1536098
828107
304505
360710
2323890
2295084
542830
2600772
1296339
2696936
1478714
863866
774907
171720
199508
397790
1123483
807257
1340199
1649100
2718451
1088809
2832914
1340247
721596
183206
763076
2786976
1523510
700302
742574
1814275
2558488
2516237
1390022
85945
386073
977512
2096271
1314000
2406979
2569795
2675832
2104730
768345
1016395
508470
2485598
2710448
2936957
2446533
2761840
769299
2604355
673879
763966
2205176
1624984
2151277
1104941
2510773
1582938
728774
1578711
2989395
2896489
832414
1832458
1601085
875124
2029647
1572207
557809
220450
2361774
2541390
811067
1690452
2457093
2368128
2658378
2302588
478661
2289894
471771
1265495
150243
2590792
1827371
1018876
1723882
2302904
990535
634686
2282597
1826116
1894650
488385
670419
2253768
1620599
1887637
876242
2960180
2446203
1591337
532635
2709634
2044890
1048486
2655535
2073429
77315
1842102
2216721
881289
2289029
781820
857337
2618663
2553202
412960
1775302
208420
792960
932773
1218965
160606
1098897
2612784
2674041
2687926
587086
2085673
371855
2925176
1398670
2653747
2729646
1389283
1455884
203098
1972617
583236
1599590
1374144
25674
144088
565592
750234
2966060
1484482
2216898
1644277
1841314
2656118
2621582
2724466
1657744
925385
244998
1595468
169008
2622443
1980113
810017
342012
2909370
121325
420113
1197788
351653
1653238
2111730
238106
2026868
1689966
1935888
1891054
1092318
309329
1085841
157636
753975
2293259
2580818
2358510
1463844
420299
2185404
2598133
578523
390950
779368
1336792
1352405
1905224
2779592
1454511
286282
2553462
338310
2947177
2136077
2862913
1001978
469809
2602589
2898599
1746328
1247337
2473946
2184607
2800524
1186561
1260187
2696995
2009561
671721
2211082
2003497
1951898
960566
1250193
281353
537344
808957
1858000
454537
2148488
802979
74345
756063
229738
524154
2854446
2223600
2988559
348480
1910068
1273147
1285337
1410924
2726471
2065625
1691377
2545041
1231659
1704167
1433817
2106962
1944670
1762160
2132274
902367
1674512
2444322
2611883
2629011
1119325
2845194
2964917
2971522
2186786
27002
2319488
1958397
603904
2992786
178004
2112201
1694676
1416748
1221769
1258745
401044
884560
795028
542822
882396
430325
1048372
2459977
644301
46809
1917453
852309
761965
1631138
2112597
530739
139407
1791836
2132773
1429922
1053281
2001660
2410684
1782860
2034755
2952054
2503159
384417
676306
1524533
1408335
203319
793682
2004056
766011
1932309
1302512
1654439
1568030
128546
1124756
1790749
240698
2884435
2918203
318487
663132
2283113
1003217
776327
1618371
1112353
531079
1046693
244481
1317521
1769592
434712
2877383
2200808
2213623
1123346
1518471
580766
432716
1524325
2374059
2718923
2036395
2427957
1574945
1357436
689255
724846
2041981
2207389
2746307
2503224
2120915
1686300
1604350
2023714
2411721
1317849
65751
2819496
2288477
1757197
1574235
823606
1636155
420824
2879578
2356811
2673290
820340
558539
180936
1712980
1176976
2886886
1913350
523175
291802
2688268
657297
100918
1337714
2285450
2039706
483306
404476
1847832
2250623
176540
1061096
1607074
1829309
1176885
2554430
257411
2229516
2103640
780953
436349
291482
1206943
1349517
826080
1006562
2660974
2912830
1680895
2603486
1081071
1187819
765604
209320
970947
2177601
383821
2173474
840538
1065874
1002895
552036
1933273
1463971
181678
1445876
2619336
2330428
2215582
2436789
1705924
540989
2906320
737022
1638702
2398430
1676006
328997
2948320
1140545
1116866
1688091
948448
2328362
691844
963862
876586
413148
2135291
2945632
2411860
365384
602990
2552287
1839323
1358848
1037307
271197
2719494
1068605
43887
306245
1483954
1097128
2510690
2273957
406067
2940809
369253
747333
2718626
1171062
373578
1296572
1433533
2583326
2851224
751382
1321873
2379900
542550
2310413
189550
2765508
2881635
2861044
1212502
40609
1032510
82090
1569780
640753
2725284
1110903
784074
2711274
816091
1898405
1020759
1760789
687451
1077923
1413429
2248772
1859827
190079
2495178
1499328
811723
563162
2515999
460780
2254697
1500790
2779340
358412
315368
929409
765381
1756002
2891204
1987653
2697859
2319522
2117225
2910201
1554871
384891
183491
2677405
1149064
1339374
2450082
1243030
520246
2624794
2858355
1335221
1754105
2649425
2020258
2056112
29786
1668018
698116
2975562
840381
994322
657072
1904187
32626
2672988
2751350
31315
1668711
2461505
2030193
467092
2521131
827306
1844527
485089
819612
1201197
678561
2249251
1666908
2364419
1189302
1836645
1181937
1996978
941809
1536747
428664
197213
2307572
1471824
2836979
1440862
105124
956875
429341
1615547
2126949
1513920
2333920
302383
324888
914219
577127
1206623
601528
539450
2406956
2417746
1345011
1307906
1958477
393302
1822767
1873918
2939827
195047
2507514
1538343
2945526
1116171
1593922
1199957
1535031
490601
1424758
1485696
2163733
1184001
2850029
1257470
1038290
2828948
2971793
2603266
40980
4266
241823
542355
2061754
444899
2855759
739157
2464342
2049599
1452316
1827771
2872702
2250245
899130
1464053
2237725
1040405
1403538
1817580
2933580
544306
748750
1734905
1817001
1048548
796016
1727732
838329
836709
315289
2951028
1690845
1806878
1113860
1720688
2167712
1224229
2853684
2500344
889816
2097519
2751559
2753785
2858451
1780826
1050198
1714680
1264447
2098300
2618216
1682133
2944639
940440
560070
281071
708188
2483469
2133554
1587597
1835662
1152148
343886
2162852
1180608
2648243
2441110
1045741
890569
1810578
719610
1442358
1800872
1586439
2022255
486659
2434124
2684400
2804707
1767197
2920950
241426
2928593
1363920
1396809
2921024
2015729
1364403
1759058
1769418
2456791
592102
1444618
2227562
1469454
431821
675575
2559428
1294408
958446
2954543
1238999
2182255
2813327
617542
945740
2769587
1876692
2264512
1363302
679030
1634884
1974090
910274
1853001
1016505
2095618
2718005
1956896
1934044
391932
675663
2798053
1039601
614075
2454045
2509888
1709695
1872149
2179035
1567087
1115426
1384679
2054200
140905
2522914
476955
2331436
34828
1256600
2891192
2879301
1502008
1343835
1467163
2271287
297196
2905003
1697002
1867771
2998237
252117
1538128
1293220
1654092
2509749
895831
2461479
2990229
638670
720174
2476923
2056729
1313248
757090
2698143
1024546
121118
2603887
1149706
2337605
286431
2858508
2060390
1790947
2659050
2888034
632364
1673400
31960
930165
772613
2396966
1161523
2718012
1174402
2083985
2558269
1687154
2427083
1140251
2478864
2835003
141722
655343
20634
459371
2961577
813640
676048
119229
2707411
2587497
46087
2212817
563746
1154838
981831
2795132
2264474
782162
401790
1696455
2871842
1514699
2358132
1451925
2992974
1974293
2658587
2670782
2543443
1911249
933543
194417
1608885
1082360
1339246
2903703
785630
2635478
688913
2616890
2855354
944308
402067
316219
2455710
869404
1658968
241069
2146254
235479
915987
1439100
1072046
2858251
2509376
1406337
1719673
2753666
1138568
796874
357811
336717
72451
2565139
1474996
1582266
1562292
470792
2000176
1581710
1211374
850775
300239
756349
1714363
1588768
705357
2707383
76878
2021860
325724
1681511
849337
1515540
2348900
1636752
772836
1645051
2923837
1963314
1799745
1154921
931117
719498
2397907
1876857
2942795
1423619
694701
2008909
1924788
2245669
110500
1271760
461172
1031015
660514
793202
1619955
2328266
1985957
2619994
2239056
2349728
1247846
1581451
601041
2749801
683391
1815308
2176799
923512
887859
2373809
717669
1180111
757479
1184167
753324
1116788
2323395
1149291
2892238
2518569
1386843
1953755
791271
2072843
1213860
667737
2875740
1084979
2422841
330074
1053883
2457185
2185382
1351615
1408143
984938
473794
2841204
2620605
984789
1924595
1507614
1739141
2591248
1481954
2613917
1632417
1997801
841539
232542
1308869
2587565
622529
2977370
1049288
1099019
2382994
2685411
2383700
1640266
2887371
1306450
2433204
629235
483683
677274
840179
1541997
612357
2187816
1251767
291174
1030155
1037962
2184497
457433
1823018
2617375
2268001
1971921
186123
1355243
1701553
2312100
2737632
2285963
1786566
630843
62577
2937216
487642
1755887
473637
629368
1047817
2505789
1894743
1361759
1355449
854032
1447205
1604733
1257186
845329
316132
1799793
2491861
2178555
437763
1137503
1457862
2578203
2217005
2428148
95372
83995
1063818
1522108
2742492
1991289
930969
1694209
433425
688631
2760575
2689386
1164776
2332002
655636
1480040
2465286
532848
2839540
1391114
2290304
1263643
720337
846533
1179875
2137767
343654
2069073
2104563
2621633
1041394
881736
201164
1545641
404758
2421213
1793624
2663571
2977149
1104127
2266363
2257239
2709817
2861064
2649107
21694
2550611
2912412
967464
2422341
752703
1190672
1683238
2705544
2989956
2873048
80828
967953
1201289
1856500
1172398
305239
2330432
711712
1853869
893817
1749774
562095
2135613
175283
26247
2188624
1630719
1127013
1354487
2937769
1365674
2779639
1699051
1614169
1090938
1543406
221966
2438670
1463671
364438
1425482
474673
1485161
1298758
2114028
1916520
59800
1002618
1405817
697642
169214
493800
1303063
393980
295388
2052357
2707563
2357075
1389977
2686882
1841837
906156
1026687
2842175
1122536
2348871
2608910
2636027
1204350
1944159
872109
193447
374393
104789
2927972
422058
522084
712124
2015721
2803660
1942815
2353500
637346
2780865
906856
1361213
1458632
2494711
1309594
2282216
15621
89704
250362
1183144
462315
1122345
2598794
2951982
331110
1026054
90411
1891931
1135987
933485
1972787
184952
193212
2138171
2892752
372601
2288139
426732
1611553
1504890
2896709
1856683
785106
2747567
2259978
2095658
392522
1555227
2355514
345570
1513691
1153733
2504831
1783350
1210072
713520
2964248
1748515
2265949
556083
1413639
2227415
2968858
2325201
267404
923630
2323456
285639
523769
2091004
1038347
2893945
2835987
1736272
2971447
1417825
2516467
661484
1574606
1568075
689256
1417985
1688550
2625270
1525079
1018440
272668
890013
168872
871156
2940653
2273734
2931712
666524
168743
2108789
1029020
1794515
475691
2323023
283638
2434948
2037415
1651192
436546
2343153
1629563
201669
1748412
2068432
19828
1132742
743516
2398413
2427886
2489326
574792
682399
2705675
2537748
2571478
1104400
760342
573378
2199639
101974
1806390
2170169
2629256
2179435
2169316
1771168
904278
901194
1258036
1902733
80431
1617169
494790
1502223
1185558
2729650
2245071
239845
1672084
697694
1785822
1987836
960641
1285651
325109
1797220
1139498
209062
2023245
2574810
2007191
875318
1015728
269867
2329061
1304214
529670
2146788
2232969
1108175
2618689
1241424
2548786
2083133
2555490
1364803
2265770
1348428
2449127
2334368
2202033
2775706
1008302
1237857
453105
1456356
2312175
2276476
28291
339896
2724951
2701809
979551
341391
2991088
2293016
469249
1851263
192742
2171923
212700
1119339
2103360
249739
2484696
1163582
2605459
637173
1339518
959066
796607
1620384
494084
1572482
2467745
2493232
2163091
1244205
1083188
64319
2060138
2412388
89856
2351713
772159
1241350
211464
1384207
1931533
710421
2520227
2985937
2909734
1616669
1033189
2470615
266684
1481504
2549984
568349
1696146
789815
1788963
2883646
411825
2464501
980293
272071
737805
1405364
986009
2671568
2715738
1725463
1524354
2798820
788230
1127132
526950
671117
314665
2327341
1050635
1409563
1386758
1616144
2290198
2096659
577984
526093
769505
1963078
2139742
2183583
2820028
2690918
2719039
1562687
182654
1968354
1551422
2276699
25977
2079977
158481
1436339
2947346
806552
2754202
583659
55944
1174195
2508142
548311
2164637
2898610
1021357
2903789
1547113
1963668
334626
2138483
60698
1913711
1005857
484180
2269958
2197433
698593
376820
89414
2988311
60622
2012690
837565
102096
2905454
1130719
527877
993608
2744286
2864788
1105882
2153176
2834779
831529
1784161
1392573
2245920
1498545
2362310
731947
333181
2922868
2858380
2982900
2802334
2307557
2334762
1138163
2904667
2781817
2910998
2211226
1540295
475727
2052918
184619
324640
1513983
750468
1450730
2311486
2778698
1963844
1824014
1902390
1018189
749327
1626033
2619635
1969474
2949326
1720158
2153763
2204561
2470273
1214149
679060
2650285
1973620
26868
2215300
595553
1408739
1741516
814191
2553
2562692
2188927
2187614
675549
552367
2551406
1889297
1329270
2869485
630247
2029016
2043140
2952909
1617427
166153
1145798
2549558
38075
303546
1215720
2528405
1110459
2207230
448415
1812569
1911431
2586788
2125829
651618
2744025
2989242
2489639
2835956
1274536
2960100
189293
740393
1083113
190994
1097708
1547615
1884444
596705
1368221
930742
1040104
1034408
2878416
2101663
381124
378444
217490
2147278
2291902
687307
1355826
64943
2358962
1891771
1031640
1439566
2516619
1763729
2442663
2802984
727663
1480941
2319287
2266634
522839
107014
1627966
2459301
2056383
1517888
1771406
242977
256527
2717214
1252000
974041
37375
2255155
2113850
1049411
368187
2781738
2050170
202382
138667
770638
331490
81146
2218912
330991
2219978
2342900
1475283
1524478
2243316
1546425
2572298
1929433
2822594
646380
2358229
191074
1050648
2149151
2465962
2421350
11750
2819625
925803
1897308
877944
2313367
1409493
965410
327172
1654356
1001451
1207105
975991
2237799
1982940
185184
1617790
2663671
2388087
1708077
1541460
327054
2982509
684475
1720388
2862838
1100625
2965974
2881771
2810009
880430
1442822
2832689
186644
224142
2569998
858532
2532524
454560
1715979
52460
2258468
2226156
2915821
2313910
836666
2259654
2135200
2324882
2830995
387963
1044513
1069777
2279495
2032887
2505900
1116149
1960832
1577949
1478942
1500706
160132
488387
1984358
1824717
1637371
2999768
554387
2097918
259577
1584110
2844223
2376579
1258991
32175
2905320
2644964
597878
2639831
1370993
2229673
2507179
2611376
695089
2722559
1470541
2662061
1570951
1312080
2756603
2799306
2236602
2953646
1544665
1178589
1593455
1327419
2435466
1939683
3844
2111621
555789
1725282
2254936
2015356
2948888
1565235
905181
922445
2072897
867534
2699507
1276307
536763
1738562
2937202
486549
2685225
2029113
1657235
2155145
1359498
227627
363551
2898356
1821527
741347
1590166
2037755
2066230
1918091
1465538
1202537
171135
1696235
207037
1582753
2671422
1595885
853297
2925848
720532
1759457
972320
1436278
265409
2485156
1841270
1128076
1963983
762452
643635
2084735
2965013
2671070
1834571
2541059
1165524
2357782
1525335
2095930
1254740
1605909
967632
277183
1171857
376228
2145030
2119492
2447801
2250643
1149263
1532154
1513788
285212
2877214
770895
2985374
1362524
1990250
2629975
2802958
1642268
2998747
1653938
376397
981952
2320083
907555
1461086
900476
2497772
342838
2025326
2675721
2602218
693677
2860381
583540
1922119
146721
2747483
2133772
877716
1280289
2811681
1342773
2892529
2992228
1645654
1286846
30500
1935171
48201
642542
1188368
1545583
852503
885128
2541641
1351251
1128277
1775130
1565402
492173
1041662
2440750
190300
1596511
615439
587382
2575785
2790331
458188
157529
160285
1021167
402979
1696449
1462407
1950686
1080792
2181748
1243486
725751
1058460
331938
447901
1218566
636824
1338526
969069
956465
1383735
1342208
2469140
247725
1552361
1565739
589327
2127301
2648183
1613352
947307
278042
713767
2944719
1854714
636479
52012
931031
1325953
2486822
2425813
1151536
1636349
245733
373792
2922174
2823517
1459332
2605516
166569
908186
1344029
1555399
34748
2546815
511337
2564963
2650101
1027181
2264225
1128433
1407129
54833
1203572
2971444
623879
2615044
1538829
2775725
1800591
25439
938230
7910
1874925
1155396
1182172
2624169
1085634
1195386
681049
911162
1439369
1121199
656356
1500380
2967288
1883031
2666503
485776
420018
1278066
2208122
290949
2496779
2190071
1705891
1066864
1381986
2231623
1488300
1904361
2324820
1401060
1494865
975924
1809064
566614
143089
1727115
2156112
1702645
2555218
342775
1614709
2008685
789311
56982
821846
2596807
1137499
1280773
2105690
1370988
529268
1300041
2893036
590577
1627186
2011704
52742
18876
2710850
1948834
2177469
2315900
1083111
1215656
1382890
1976570
2211724
2749176
1000191
363005
2195995
1037267
1706162
362569
907329
1283794
1941578
2613938
2213836
2710040
1330572
1206455
733315
1153706
476561
772051
1735806
1000550
284515
214070
1273940
2853388
1872257
888806
2225357
631612
2566307
2942036
1713280
1367473
2691997
1474438
2408988
2045003
386984
841752
2000341
1118922
2584431
340788
1936033
1327227
2231272
1584259
1893619
991179
1237198
2646109
368692
719172
2643061
2768071
177791
2554821
1060698
2396130
921476
1593013
950418
2961178
1676037
2491500
2921210
2987409
186300
156127
780324
2294985
1029654
2141610
2980511
1401714
2428587
369437
1636029
253463
648308
2585083
56953
1539532
1013185
185563
2139620
1641589
398859
2300105
266109
788516
1731339
2426062
2618442
2498509
670231
191004
481489
625814
2659518
541697
2743508
2102024
1868947
815877
2473230
2439824
2254898
525696
1097434
2982756
1652849
1756607
1948147
2825051
2442923
697169
1437053
2407280
2224703
87137
156870
1580096
1113179
1028628
2464774
2223479
581601
554598
2852522
2791932
1790279
1580657
2275735
2515021
2003143
2005356
2568417
2592377
2457583
976567
250980
1714043
430962
72463
773242
2886193
704396
2412828
1031284
2726068
2428803
1624816
218303
2436765
995104
547853
2324763
2259176
2860611
927297
2190026
1404451
2602217
1899635
767602
790846
215898
28023
2747436
1075740
1976345
924271
1964409
623888
1187432
1200428
748830
39174
2615039
835755
1391546
666517
177575
1633198
2692202
2580813
1673939
22346
1368925
1828684
927833
2154220
1005321
2226742
505571
597530
1622945
2149647
1034370
2625156
2584815
2599887
988758
1221920
209525
394758
2783684
811032
799534
742364
1125212
836412
743736
593114
1735192
1805066
533405
1831915
1353179
2474299
1558877
486965
928759
2342144
48245
1720248
1096754
504512
1054364
622181
2739277
1304338
1792717
2511074
1682600
874689
1162944
76994
1415870
2888573
1634836
2076418
1519246
47769
2724904
2938207
1211147
2249363
217468
2537706
1283876
2216634
2589329
1372910
945670
1946852
2099555
2938995
352657
811341
2824957
1902069
474283
2398466
900716
1652953
2920898
23045
2681224
226607
885159
1332727
923102
2168738
2183686
1095228
1175684
692786
602908
1003864
10508
2859162
498698
2149388
2481928
205305
2601951
2788381
104098
167513
1736119
634337
2371212
383987
2338224
58972
2790043
2459799
2950596
2640741
765477
2156989
1151366
2246422
485017
1864979
360156
2482810
2081150
69617
404753
1482719
2087886
1136832
2362097
2317117
2973625
422884
958164
500949
170778
576495
567857
79393
1040926
2502307
351796
992732
1063623
208054
1283572
2416094
2774626
1529884
1755632
83009
1073083
1919213
716645
2952266
1674585
2416539
2617004
2134680
9899
194420
446201
2101758
2154354
2817886
1614515
1733156
2663458
2149426
1106408
1575083
611468
1169088
116729
1395744
510919
2636518
445900
322374
2894592
374884
641245
1527550
2678250
2149756
2514999
1779571
418674
566089
215812
1737070
2956197
217124
2754538
1096930
1367127
786364
2758952
614209
100619
435325
1845744
730943
1553959
2846530
1997572
46414
1771741
1547854
2531799
1343801
924566
1229220
1292498
2902168
1624732
657509
1714783
1019412
38983
2652370
1900790
1404645
1597372
1345435
2468310
514181
2222561
2025013
2002942
2754816
2852379
1727619
531042
911970
2420608
2041940
1311405
2507657
1190290
746209
2099553
2234174
880631
1702448
50028
2607937
2598278
2040772
2478515
1951999
258835
581643
1351513
972984
79060
2211414
1260406
1063909
123258
1691186
1055440
105345
752131
2007019
535928
412581
424806
32923
1102250
2813776
1892957
2877777
1210524
2679120
64315
2263200
2514657
1986880
1941579
2580781
2508405
782462
1588884
1523359
1058562
1175486
478129
104962
2566892
316035
1281570
2099628
167286
409646
2112449
2936652
1868080
1704992
2336405
2979134
1453376
2336446
140309
895760
1708401
1227200
1676981
729447
456888
2775750
2523111
720332
1644488
1294351
870719
441724
431314
1295183
1229688
450820
2434292
1610990
133760
1623254
1941643
571031
2550437
2335292
698647
2393063
1444310
2242424
1122554
2823862
1553744
2181671
1191152
1530519
994183
58033
1242054
742437
964851
2163084
68090
628562
2534937
239232
652177
2543685
1192762
920779
496706
297572
946354
5740
449446
168474
2784725
1091478
2899485
1796255
1611578
2654003
2001625
2725173
1969303
1865897
281454
2917209
2125380
1987932
707797
1270492
2156737
2597099
1968873
1251784
441348
888576
2474703
2298989
196461
620028
589789
2318278
869937
2630169
2283838
654173
2622917
2704081
160278
2197706
1551932
2315173
1307258
1147099
2975519
266121
313907
2891345
293725
780798
1981505
1882053
29279
2322730
2771308
1192161
1513264
663419
1721012
2546223
2529116
356141
2043531
2739533
805603
2420473
675001
1519933
1447541
2267023
1025198
1141933
2775505
2398142
1814723
1348340
750733
2268789
2207336
1037542
341708
1390846
856943
1001568
1017939
2667528
150137
557617
1238214
231729
2373635
732327
1499914
2997441
388383
548669
2063577
674755
2978921
736558
544032
2629086
2003357
386291
1517411
2444442
452377
2936377
392396
107426
1379822
1442113
756513
36855
2466556
1433226
2240742
679064
1313483
2171583
2326120
1779176
2554671
72322
466364
1570295
2216786
584175
362811
1771658
920581
276381
2362257
2794886
2366044
601912
1281282
2571748
890244
2695874
468166
1445018
517458
1600034
1286094
2123392
2094012
2115694
1035659
2327579
1486097
2564757
2380928
1192172
1207482
1640847
1299853
477780
1754435
1818051
17808
2248784
1680963
982065
1441153
1077078
1690315
1866812
523348
558001
2575389
2967379
2289280
5368
256790
1909143
2857332
1939627
1174598
243693
1047185
1980592
2005476
2375594
1258183
568652
826429
2766716
2630154
2018733
1420920
2464241
1385474
276051
185137
2160716
12235
1490458
2570424
2463616
229850
1616407
1958308
152865
1341367
218130
1790972
1772395
1116805
548958
1323637
2410133
2412465
2347700
1880497
735556
2586813
514214
1306911
1579952
509382
1280300
2796117
491733
1079787
942414
1544305
1193421
82809
1470669
2506060
727337
248415
228020
2350965
1054805
1756937
1624403
2936712
349736
2598397
1924314
2784844
2673939
1825663
2350758
2136113
1064411
1200061
1544994
1840402
2066594
752127
1633090
1350009
1765677
2752442
1528667
1989660
988141
1236933
2269528
333322
516826
2889248
2669171
465980
1923562
1068372
2937399
1189389
147741
64497
79465
2448124
444937
1202119
2979035
374035
2065129
1780183
628624
2370814
1417211
2185219
2719881
77605
528605
17019
825330
2712897
1884857
1834897
2956340
1633457
2889419
2585245
1708514
631042
702419
2819997
326739
774041
2357142
2131218
2493153
2138838
2824393
907746
744666
1177519
1431531
2876216
167754
240359
38132
406928
2711467
2747223
2536518
180771
132094
110033
490884
2347561
2258072
2228683
491329
2775884
2712915
671668
2714450
289268
2807040
1826925
2630186
918717
451637
171403
1972651
1607295
1571264
1860671
2888913
2311723
1699100
104013
1913467
1972957
688877
2781701
2395066
639004
543327
2138153
816797
1132785
604841
746720
2370817
979497
1296125
1506227
332901
2610903
1089501
723276
225197
1110793
1734064
508540
2659081
1767688
2079213
210479
1418026
1020925
939465
1286232
2731890
2468011
2843889
2491318
1651768
2586327
845018
320582
1876235
2968052
194901
100048
2421650
1936340
418861
300483
2600676
1465317
1901695
319870
2484922
2194224
1441032
1709145
1786481
1822501
2743276
233909
2388879
629215
1373423
1487073
1406132
478870
2717193
549274
2309911
2532373
1706988
2835644
928786
1901146
2124378
625667
2199228
1181736
2609860
1498463
2507715
2653424
938839
1448067
1293286
1246256
2114583
165574
469293
759456
793400
2472198
2290269
2892743
1558248
2427723
2565460
2169536
2024131
2107428
2684354
694094
1063919
1323295
96145
2306159
1630232
273371
987944
2676076
902058
1991420
814849
636008
1840600
192417
582561
36043
1403740
531835
362621
718241
205812
1942805
2711525
661305
2403648
538684
2789989
1599291
1906312
1680793
2540386
86890
1016360
2204036
2073436
1536113
1256971
2671882
1677982
2059201
2043597
2744451
2823442
2068489
417826
1698846
2017594
2047604
2561359
384483
2136561
1387877
1540772
494925
875114
1174426
2490412
21219
2064555
2856009
2435169
2223182
2647677
1622064
337772
1347043
2900969
87868
177801
1022708
2038802
2326961
543821
1402876
2801783
2086764
206111
446236
2721735
791345
758815
2624527
2624277
2347763
2330664
1014255
1142854
2602801
234198
699789
1681289
146336
71879
753406
1288502
2260184
1550313
2264649
2731564
439089
970215
2387829
1113738
1408391
1765876
2962163
2067858
1045073
1023519
360974
1116935
637687
438918
481316
504795
686830
2230488
220695
2625157
1799977
783556
880287
1823897
1300617
19344
1585986
2167779
2346117
532975
968396
739342
2612291
1012733
1134906
2418346
715499
2746519
117910
707605
1037237
1429758
515980
1578684
2491109
910053
1869032
2596116
2151319
1061442
438133
1763261
1277165
1739066
2962844
2440890
411249
2528681
2875326
1699878
1513740
2678001
605886
1413137
2074185
90657
2857059
2651769
2856095
751971
923151
2006520
1436381
1956633
617806
1179675
2451947
1973698
1188800
425303
653943
2102843
1856054
1081932
689104
1636328
364322
1945691
986845
2429043
1785484
2864700
75082
1663933
1159384
2345987
355665
1464406
1464867
1600157
2459788
1270363
508050
1284389
351228
1447118
2340726
580956
272654
2298409
1581442
1944473
344471
845057
2282613
2739052
1804912
451551
1552106
1052495
2070277
2309393
1980749
1280982
2672829
2603985
840996
561411
1890860
1711452
1671633
2383668
454169
2790385
774885
84076
791291
1525787
1526544
1751231
1167202
190447
2514883
397348
68843
2815660
398716
2581086
659541
2623431
1636774
1283489
24379
1112855
1534257
474954
923590
979466
115997
1436543
1843359
2531299
109718
1307489
1731378
1077224
1139510
104421
2035289
2052296
1986505
1863964
2566965
2066571
1610112
245153
1067157
2203806
316931
154279
1093150
536412
2302843
2470831
1011701
1390341
2471720
412174
110532
50150
377158
729500
2845513
2816823
1056920
716405
410247
2077383
2839086
962529
1920944
818347
2191766
23024
267570
1164295
1977980
2487482
1471507
2879194
782673
1384352
1744866
753931
2934232
488245
2866141
2399270
834223
1078699
2235029
2278453
219318
2544022
2233939
360489
1756384
2561688
1001465
2444357
2571469
489558
1421030
764392
1907648
1634585
2408453
1632236
33327
2512442
1164090
706658
393855
40106
1438707
1188758
2900100
1333261
2276453
1036415
1514370
372389
2918653
1662179
1924387
2315043
514698
1219689
647096
1786261
2980949
1404061
1059540
24381
77851
2685099
2933517
1507465
1118839
736751
1373594
2272370
2373663
2466863
1619268
2302949
2113303
2579039
1518435
2384910
2180635
552793
1416309
649873
435166
1760874
2080971
1485114
1643171
1877484
840089
1684793
274665
833955
2240072
1118388
1741553
1879765
1609943
1469545
1433955
201609
1481594
2143667
994057
649641
813863
1137159
873387
2987733
1348366
1756599
1693293
162541
1140660
2395815
200164
33598
2591992
39188
959860
2711867
53704
2538560
2531045
536454
1523702
1480725
496531
2418903
721314
1801364
2931979
917046
2044308
1811251
528959
1329662
1149249
1373191
1430542
2739262
2901851
177427
2294824
917252
2871346
382307
1709474
2208072
208708
2102908
1853549
1421629
904098
2235336
409042
471633
846040
2871359
2536762
1061138
2470766
644285
855673
2464992
2111053
1739941
2676930
1806555
1205691
832592
713125
2648995
1502417
2617238
647001
2680643
1503552
1138761
264134
7831
246067
2244281
819151
2268642
1308084
1919347
503450
1845970
2867579
1235030
266877
1354640
1052504
2898001
2712655
214161
986329
2607353
2915009
1616213
549388
9481
662753
2904670
2513781
1163188
2432861
1949527
614886
2827044
2340257
1491931
2739750
1326967
2754602
2058081
142043
2525022
436652
2683821
253309
682991
1501672
2232803
2508334
2981299
2555206
909114
1338453
1813225
2293210
2546454
864062
97891
2994231
552522
1465097
1564668
1517938
1626893
1383197
1278318
2857157
2677891
2727828
1471554
1243955
2414195
1016792
1147723
1504700
214096
2841737
1242695
875885
1862703
1259090
2972988
2229572
2165289
395149
1158909
1818151
2324088
2701350
676023
1817039
1429401
428323
1346730
2015805
213943
1368648
706849
622840
274932
2194163
1114783
1640349
2576620
2356809
1763719
2847919
1477319
2256344
1477563
100654
1316875
321802
2164251
1429158
291658
737714
2902645
269334
273498
2124648
918671
2973453
203862
1681407
306702
861379
2104749
724710
1105054
408101
1349741
1078724
2430842
69524
888610
901364
1787259
1742426
1638117
2683196
450233
978837
2559633
180407
1353426
1111764
2307573
1223991
2716063
2380349
2426948
1773535
1647815
1637971
1579979
1322979
1761386
804036
432960
382490
2741190
2317003
1923567
1644398
2321373
679736
2140156
2878895
1742369
2827848
2972077
1829934
1969725
1895517
35881
1885128
399830
2891422
1689348
2753761
1753732
1926637
19404
1924273
742054
2092287
2596583
2482127
1290959
527933
197737
1826089
1292693
360913
2668845
2986778
1558560
993788
1048239
371213
2101509
2235566
2320867
1829188
2941029
1844810
582324
1801701
1672265
2850844
2496438
1937517
1467945
1004810
2889231
1075788
1324223
1762558
2738190
658252
466283
2270775
2792560
1467956
1006859
1522564
2022929
438522
363575
2952497
2997227
632603
818025
1530981
543942
2798883
2980006
583479
2753244
1322983
2121364
2531319
362182
1235432
211996
1367557
2201721
2269157
404637
593179
2511151
385586
2525562
315685
1075644
1852565
623144
684599
2892402
2392495
2137515
830153
2664147
91588
1326040
768286
1038829
455905
1959854
934806
1731800
2953175
2573029
806833
2849200
38860
524681
1180886
1402357
1973945
1127177
98023
2447861
832484
2870520
269843
1119235
1692670
998478
2531056
2617419
710754
2519317
621060
1655642
2082581
1570569
12100
2664120
2574042
2335891
1331798
582682
1305961
1796438
736209
2386282
321797
313664
1435239
2450113
594313
268174
1757104
2024611
269006
2388134
397829
1930202
2076814
1576295
2354372
2960891
1951449
115564
739276
2895149
814593
2525368
728484
2298393
410191
1297938
1609233
349893
2275858
1591095
1311357
998232
2541995
1353016
1072132
2888689
1921056
280412
1400504
1781558
1858983
2096600
2695657
1080819
652066
696646
202776
983680
479324
1571127
1437885
2490774
2048164
1675033
2701929
2967725
2609190
777401
976592
285076
214324
597883
1373356
1397496
611149
2387328
657460
1343233
1996127
1241039
2163590
2159416
2419576
1565065
2504390
1897732
2745335
1224939
1926984
368533
685411
627687
445154
2840956
1370081
2507153
1839873
2579144
778447
2640199
47354
1138310
2986849
663906
992521
176781
1927544
2864383
2607520
143369
1430240
816086
1327053
2022506
961150
79540
69088
620658
1058233
1466222
2487462
965889
298106
1457804
2003456
647465
87795
2317990
2771452
1410529
2803136
1969120
607847
2629681
1113862
2109112
75876
1745767
2807158
1036104
1397287
1129062
2866526
83844
2668169
2242590
290240
2354593
779972
683547
885687
1836520
456238
2279431
804204
995357
704018
1198666
354531
2404414
298695
2146298
1541220
989430
2828233
2175939
2505658
2520392
2825343
705432
2869652
2766103
74369
910005
2916911
2597705
1074130
348437
1124508
75841
2446758
1529694
1731127
806098
2439088
1010785
2103732
1566500
1888799
148020
100515
844425
2966515
1140571
2609666
541081
464072
2772314
2810500
50519
307080
1188259
2835090
161061
432954
2103153
1811561
198834
1997985
459961
2773748
324628
669307
1044202
1944271
268942
317754
92670
1955859
1925531
385821
1083251
2994918
1846425
2337255
2425399
229522
1902342
1403226
1262179
51801
1116961
1025246
1130071
617645
1557480
1323667
157066
1167462
1472967
2831778
1590233
2533459
1900736
2229029
1445024
1445539
2491756
156853
1965844
2280813
2560075
1912215
2034524
1618157
1526307
275946
858081
2364172
1413242
1273668
1272768
1376935
595831
2545892
768279
1389544
1888113
1335593
1747454
2182435
1789455
1553134
836021
1324628
1535999
647154
1546649
1301047
2663789
36077
576546
761153
1074490
2329002
2103620
950858
1026215
1983433
92387
3797
1138316
408186
11381
143004
1321593
1329291
2273064
1323267
2368243
588519
1935331
234927
1206368
674402
1270467
2538371
1790514
1475769
1758265
1519526
65085
277442
1902263
994479
2651975
375078
448178
2691146
2238945
2654148
1703215
1376771
2419913
870771
2003600
1904192
2979750
24568
995635
1261724
2228542
2654340
815896
2796946
2502672
1443049
2702132
2258607
2334049
1615838
2554318
2062240
1565190
2914988
552507
1864378
27058
135311
2059162
2452168
1300215
831156
945397
1104114
2962223
1512500
1662356
997387
1866843
560829
286909
1973211
1906431
2377092
470082
894910
1351936
460335
1354215
89455
485951
672189
1264357
2073891
1375445
2484994
1248774
1065338
2486846
2628883
327151
1367067
1954606
1881570
1482747
1819737
1021813
213401
1509300
2851836
2847656
1411505
1213043
2590750
2189007
1702587
1018146
1963077
2486173
954602
2233671
2141542
1394002
560437
1978567
254767
652666
2420617
2985020
1354069
1469375
779168
298063
2303900
78870
1315496
1035968
1999532
2549102
1552826
2253939
173779
1161177
2194281
2074368
266443
2929441
2949669
1789094
748340
2708298
2517052
2382716
97164
526739
2402300
2381323
200407
1625848
2860407
2878557
2915497
2267742
1054050
2734988
1657586
1901780
275542
2776488
1871646
1328762
1619855
1061189
897438
74708
2948989
2225811
2861072
2436037
795207
1819696
1444128
2401106
1921646
1784093
2564173
1753905
979168
1169161
1980468
1452067
1106686
1846411
1741442
924990
2437929
2204007
1759832
1670661
2587859
1824307
24128
380912
1835734
1108904
655517
1959948
1570978
2844938
2084632
1320630
2120271
549516
2607668
2665701
1116202
2792376
2008780
1138494
1538358
1042907
2894702
660469
2278553
1761320
1756208
2359964
1846981
2019168
2586113
450067
696632
3148
1713801
2995227
3613
2329677
2127969
2302103
2830204
403150
232307
2057274
333513
930443
1311233
618794
230819
1539286
2560010
812243
2476799
241186
184905
564617
128033
1548674
1336832
225549
2791889
1200939
2072533
69633
2193422
896316
581003
1846078
1908138
2073763
2368657
2871365
416482
2883288
165523
835050
2614183
1508388
1825451
768349
274796
1282571
2095903
2730392
374645
2155071
64109
76453
1377905
2012865
387120
528067
127730
2761460
2759696
1370782
442119
129057
2329532
728996
93407
148085
2186052
2991871
1190461
9018
1207464
1970046
1650232
322648
343450
1490317
2168318
2980908
2016046
1915661
12241
1381515
1228129
2099704
1284597
276277
2146721
1361836
663066
2134226
725240
1985750
2898539
662981
1365528
2020221
1037849
622052
2279830
453172
1889677
2746102
340719
633813
2660223
106965
2009483
108130
2898620
1383845
77877
2516099
1278169
543882
2031925
731442
2924423
255114
312325
2664835
2884678
2454901
614927
1492476
2153483
2463713
406840
351236
755438
237464
1412682
522410
1636286
749298
2319271
1298493
2039852
2519758
1010184
2679531
1560382
2265820
2746585
1857596
1895699
342711
2069904
748661
2997445
2515314
2500945
1560036
1602956
1970884
1339417
2569422
2716682
20213
293708
60643
16117
406093
2564201
211587
531803
376779
2236820
2666057
1135599
264405
1725119
2516587
399890
649100
1238531
629834
1182793
1334140
1416742
555540
1596125
1339442
1209771
1952395
574348
106308
1032077
316831
1160607
884055
530126
2393020
1842584
771676
1735320
80717
254932
1930264
2315686
985674
164924
2628723
2732264
2874722
943286
545830
2427507
2034833
1487774
1657015
2963122
1857557
578615
2794454
606372
2172731
2668717
2744310
1640695
1345806
18133
1957693
2608244
2248697
513276
1323602
752528
1821196
2460240
1785569
7162
1203114
1178191
451492
462916
2457060
1591257
917974
2702619
2531372
2436006
2856681
1100291
1897915
805282
2430919
1813114
554345
285570
59350
2543189
1387356
1502959
139036
1676363
81361
1928857
2979742
2922857
2908654
516597
301335
1071751
1760409
86241
2418251
1973458
39300
2682550
538534
1561367
1503950
1105975
514123
1818773
2176794
1725452
2251984
1523496
692330
1605066
1873587
439994
936528
1813364
1781906
237970
1456989
1004679
974854
1772768
2714460
2019379
1866626
1086562
356452
2695395
415748
1493174
279715
627314
280961
798890
2737533
947840
1177179
2674172
2281025
605878
144763
2148594
2871151
2467293
2156730
1341641
1737388
761300
389210
2067887
861273
1693120
2704617
1653491
1821556
2650060
120239
476388
1427496
1360640
447285
2032017
1834800
716298
1203788
570711
1784691
2274787
430165
2013599
1596034
2878842
1371702
2620567
332877
526566
2276092
2904642
2899228
2151555
2856382
2020257
96524
328835
1637086
231364
2506034
1882706
606555
2753482
1446901
644845
891470
2313679
1347219
1522111
262647
2512834
889873
1858995
1817138
1789440
2593659
1370989
234925
181387
613599
1896829
225676
1007264
1175938
1337097
2774878
27325
991591
796336
138869
1255658
456365
1379539
1716882
2906425
230542
973697
993160
89753
859393
1264310
2898901
159875
1034848
2266936
518414
93618
249866
2889826
2252866
288362
2203571
1263444
652054
593451
1573346
2531180
525323
1020218
1708248
1926494
1751534
2534099
505568
2892588
1743540
1342203
460742
1835768
431674
1642319
2685908
1954622
2446254
2189023
2587878
77460
2424308
567106
2103432
1828844
1889369
500640
256435
2676055
1797544
509771
1958639
2425719
357419
1761321
2702637
2181283
1697335
2300989
2423922
2703776
2294278
1722570
2823321
913577
659653
1939125
2597746
2321328
813419
474386
1743881
159373
2164235
2656631
1650319
943158
1996594
679613
759238
2393627
1783548
983380
2944366
2719440
983112
1572449
666133
2208178
2435456
1649534
937293
1169392
2623952
553947
1836174
302333
2806075
761307
1274705
963444
1773948
2353917
309083
518141
2996687
232044
1005680
893466
2149724
223448
804283
1875989
2711177
2751560
2177136
1364959
1545615
2841352
1721091
631259
502408
925729
121046
841839
999956
1747040
1971851
2927740
1257586
1325291
833282
8496
1319793
85857
2578608
2368184
1554777
439458
2509876
727353
994150
298157
2418034
1976284
2270815
2385462
1743499
2641374
830781
2503906
2081990
174784
1081721
1983357
553666
59340
1821757
1237374
172934
1991147
1129444
2816711
717645
2025662
514750
2010928
2192707
2495623
2084900
1946884
1284564
809290
2498550
2489365
561168
1190281
2224258
1299549
2407902
2595679
667082
482799
2191484
1314812
1891905
352892
329792
1891611
2534646
2885479
2278403
1614951
713321
2114509
1767153
465742
515778
2852570
110369
833952
969219
2628329
2372824
1209853
2194591
2376591
2279293
811298
716711
454628
1088752
115227
2850714
1284124
2084275
690652
1672800
545745
1308392
2888086
587711
761184
282589
2284392
9597
1792254
2481728
1130826
2370710
2525347
2063371
1627612
928119
299555
406551
2448895
2696530
1359718
2566912
2197509
1046959
2886807
1653429
1770434
2406579
435593
2615340
1994614
1937583
2107443
134394
2197587
384696
324841
1690748
1581647
1002984
1298983
2361188
1898976
1464674
1515301
624378
2044798
1135879
843160
642765
1594510
2259844
450995
2501976
2478319
2547691
1241737
2123668
2733302
2136352
627064
605460
1830824
2890267
2507962
1809953
225201
603400
2250148
1814856
2306860
2871398
1036945
1513547
2722584
2366772
1743213
2583706
2454141
2446055
153048
2564109
640967
96160
317335
2244448
2746989
716245
708068
2576055
677098
852217
974321
2144398
2167766
901795
1903040
1048874
1168246
2149410
2662224
753639
74910
328393
690822
543171
2249365
1157895
1954901
590604
1586273
2017178
2803119
2852604
2848148
1764705
2598154
2150690
2503201
778751
940040
315220
407393
1575189
2468254
1579526
2355673
686070
486528
1431517
1625843
2989597
1298852
2295661
1779149
2582250
1740585
1281014
1690936
1252703
2086989
1063254
1293083
2235781
113535
258122
2368692
1090787
2730635
2187803
114811
1904467
1567705
2651714
980333
2307879
1650747
2504876
2991901
912016
198023
924996
2478082
2328595
2880947
468253
1609910
2540951
2966497
1955543
1444762
2468139
1978934
2390103
855358
93254
92339
504472
2445227
461307
2290003
1406772
1706270
726459
1068560
2459017
352602
796629
793420
1618917
1138078
2915252
1883053
371987
1378872
2443544
2518250
742701
2241134
873890
7186
2290582
2382964
2889287
1393758
1636822
2277474
1584106
2678966
1470461
1075554
163851
1644808
1262695
756807
2785762
1100718
1940011
811566
2157404
948532
2181745
1421767
2856527
1973316
2976906
2858512
1928184
551258
499252
1267885
2921149
302758
1193741
633877
1007919
709155
394100
1442558
486956
609346
814202
1843399
2940706
742553
523004
2158004
1253090
370346
1314683
2668726
1400563
499735
360570
1672178
1148204
5778
2866998
2791248
2663241
473778
1243014
262198
1061174
2117398
2937685
552076
1372326
426188
1493661
1198067
634060
2755675
1693112
2188841
1945655
932525
588554
2447938
80066
981162
2317878
2843735
73433
59321
212808
1257108
2176689
927356
1465335
486360
2482420
189998
381796
1631383
881283
1786081
2240488
1332492
674992
2384563
1031234
1443450
585709
1548182
2067054
1408044
1442202
2217909
143758
1604606
2425502
2511442
1897502
246769
1136448
554735
1949040
101796
2366410
1747391
219044
568234
1069071
2326206
613528
436212
1378992
2169972
2644098
1911921
133668
2541285
1932759
2366759
2510268
2247465
431123
2879769
1892687
1137630
2797168
2696249
530976
2765234
2105887
39318
1370523
2323455
1217938
1222334
503950
291944
102573
294290
775922
2452370
2880099
1831699
2620888
1736480
