7501038
7500450
7499511
7500721
7500556
7501450
7500442
7499777
7498341
7499050
7500305
7499647
7501867
7500608
7499287
7499407
7500803
7500358
7501054
7500601
7499493
7499680
7499856
7500083
7500059
7500430
7499462
7498446
7499228
7499998
7501199
7498846
7500410
7499903
7499803
7498348
7500259
7500977
7498763
7498972
7501663
7500724
7500680
7501206
7500456
7501336
7499911
7500201
7499740
7498976
7500764
7500429
7500976
7500145
7499408
7499897
7499393
7501360
7501083
7500734
7498019
7499369
7498816
7500033
7501523
7497611
7500197
7500336
7499276
7498967
7500279
7499565
7500294
7500831
7500546
7501006
7500020
7500970
7499513
7499830
7501351
7499790
7502519
7501363
7500748
7500184
7498498
7499016
7500720
7500551
7502401
7500876
7499854
7499602
7500773
7500986
7500346
7499030
7500761
7500555
7500924
7500007
7501568
7500352
7500698
7498685
7498729
7501114
7500034
7498557
7501281
7500165
7499861
7499912
7499144
7499728
7498500
7500074
7499117
7500531
7498678
7500407
7498820
7502480
7499527
7500798
7499862
7499588
7501894
7497889
7501397
7499947
7501293
7498898
7499363
7498973
7500330
7499421
7499368
7499768
7499776
7501019
7499996
7498868
7499733
7501007
7500148
7500904
7501055
7501110
7500500
7499851
7499087
7499821
7500630
7500806
7501109
7500272
7500067
7499760
7499959
7497599
7500564
7500224
7498496
7499910
7498490
7499974
7498633
7501211
7499753
7498057
7500567
7501532
7500028
7501716
7499470
7499191
7497916
7500825
7500503
7500543
7499993
7499825
7500541
7500143
7499094
7502044
7500492
7501265
7500830
7502375
7500329
7500885
7499873
7500298
7498296
7501882
7502103
7501024
7501223
7499356
7498380
7499937
7500834
7499801
7499137
7499260
7498726
7501343
7496213
7498727
7499848
7499540
7501249
7500618
7500529
7501136
7499867
7501217
7500620
7500344
7502642
7498342
7500999
7499663
7500387
7500435
7501046
7500628
7500160
7499466
7500915
7500623
7499150
7500095
7500982
7499020
7499319
7499846
7500510
7499818
7499898
7500678
7498549
7501015
7498465
7500348
7499441
7499884
7501218
7499673
7500788
7499600
7502384
7500144
7500697
7499889
7499954
7502100
7502409
7499877
7498628
7500324
7500299
7499849
7499245
7501827
7499096
7499921
7499308
7500663
7500274
7499067
7499994
7500175
7499678
7500236
7499882
7499385
7499990
7498262
7499169
7500405
7498900
7497688
7498866
7498736
7499929
7501159
7500617
7499590
7499807
7500771
7499645
7500522
7498937
7501263
7500865
7500969
7500304
7499575
7500275
7499320
7499686
7499256
7501730
7499461
7501266
7499379
7500179
7499706
7498788
7502271
7498079
7500384
7499793
7502627
7500574
7499945
7499641
7500225
7500593
7499995
7499221
7499414
7501200
7501175
7500823
7500515
7500696
7501129
7502514
7500489
7499538
7501111
7500528
7500012
7499271
7499449
7500087
7499574
7500382
7499650
7501586
7501075
7499936
7499239
7500132
7500378
7500741
7501261
7499814
7497944
7500159
7499625
7500246
7501911
7500057
7498986
7499606
7498822
7500073
7499553
7501123
7498701
7499417
7499029
7498325
7501253
7499628
7499294
7500357
7499299
7500208
7500327
7500842
7499374
7500679
7500325
7500877
7501329
7499107
7500206
7499755
7500538
7500343
7497770
7501032
7500235
7500848
7500243
7500614
7500035
7501699
7500534
7500360
7500930
7498620
7500758
7500884
7502579
7498863
7498664
7499759
7500692
7500682
7500738
7500069
7500445
7499692
7500052
7499343
7499503
7500434
7499707
7499254
7498673
7499756
7498780
7499056
7499562
7499770
7498790
7499440
7500694
7498069
7500190
7499666
7500049
7499261
7499860
7499175
7499143
7499108
7500787
7499744
7501413
7499380
7500214
7499545
7499799
7500878
7499950
7500719
7500409
7498769
7501512
7499208
7501242
7501285
7500992
7499172
7500257
7499337
7499689
7499037
7498878
7502187
7501884
7499923
7499544
7499078
7498315
7503355
7499524
7500651
7500891
7502676
7498619
7499201
7501208
7500215
7501552
7498568
7498798
7500094
7501959
7500093
7501173
7500673
7499296
7499772
7500078
7498955
7500714
7498983
7500109
7498686
7501025
7500199
7499572
7499615
7499130
7500155
7500335
7500402
7501423
7497608
7500392
7500440
7499578
7500401
7499105
7498571
7500715
7500481
7500276
7498861
7499519
7501783
7501844
7500397
7499928
7499302
7498480
7498935
7499322
7500513
7499783
7500161
7500573
7499053
7500634
7500047
7499328
7498476
7501704
7501086
7499535
7499613
7500470
7501689
7499831
7498725
7501171
7501685
7498008
7499330
7499563
7499116
7501068
7501378
7500656
7502469
7500659
7499681
7499082
7498143
7501493
7499151
7498452
7499295
7500089
7499344
7498185
7499711
7500200
7499922
7499875
7498507
7497883
7501021
7499773
7499736
7501622
7499795
7500473
7497870
7499345
7501193
7499616
7499216
7498249
7499003
7502267
7499559
7501254
7499631
7499988
7500731
7498832
7500540
7501980
7500318
7501316
7500817
7501235
7500588
7501167
7499724
7500395
7501657
7501571
7500706
7499402
7500638
7500050
7498625
7500997
7502116
7499548
7498617
7499999
7500666
7501077
7501262
7498889
7500017
7499869
7499967
7499148
7499696
7498758
7499594
7499106
7500003
7499411
7499879
7499685
7500040
7499716
7500797
7501954
7498343
7498502
7498956
7500861
7497711
7501565
7501108
7501703
7498012
7497875
7499542
7499638
7500006
7498045
7500264
7500432
7500210
7499142
7500602
7500889
7500918
7500345
7499396
7498322
7500837
7500499
7498178
7499262
7499618
7501387
7500347
7499507
7499508
7499257
7497695
7498904
7500369
7499035
7498121
7498131
7500227
7501590
7500000
7501076
7500932
7500053
7500245
7500404
7500633
7499552
7498463
7499970
7500693
7498251
7499529
7498531
7500290
7498484
7498309
7500955
7501759
7501031
7500926
7500882
7498630
7498668
7499088
7500066
7500217
7499984
7500750
7500172
7498992
7499687
7499587
7501022
7501096
7500713
7500818
7500961
7500424
7499935
7499934
7499938
7500152
7501578
7500124
7499741
7499800
7500333
7498050
7499626
7498030
7500104
7499418
7501047
7499019
7500557
7500008
7499371
7501050
7500521
7501931
7499778
7499570
7498209
7499864
7498814
7499506
7499739
7500459
7500661
7500044
7498965
7500471
7501132
7501042
7496435
7499288
7500386
7499652
7501215
7501678
7499530
7497245
7500868
7499270
7499957
7498351
7499517
7500770
7502316
7499585
7499640
7500291
7498931
7499155
7499813
7499244
7500838
7500650
7499820
7501744
7499127
7500649
7501092
7500867
7500483
7499866
7500984
7500695
7501735
7500929
7499352
7500575
7502114
7498246
7500533
7500975
7499847
7499390
7501680
7499273
7498908
7500800
7499703
7499188
7499233
7499194
7501011
7499475
7498810
7499750
7500688
7498712
7498516
7499242
7500486
7499896
7499704
7500313
7499828
7499401
7499969
7500097
7498917
7500136
7500796
7498267
7500466
7503315
7500457
7500639
7500077
7501651
7499336
7500149
7499018
7502170
7498845
7501018
7500622
7499060
7500433
7500945
7502106
7500952
7499339
7501431
7500181
7498124
7498888
7501144
7498671
7501376
7499789
7499906
7500922
7499215
7499211
7500116
7499398
7499718
7500133
7499767
7499886
7498777
7501187
7501134
7500718
7498046
7500947
7500847
7498948
7501798
7500993
7502052
7500550
7501207
7499084
7498641
7498887
7498195
7498228
7500284
7502141
7500278
7500911
7501097
7498321
7501074
7501437
7500171
7499599
7500836
7501666
7500790
7502181
7500072
7498303
7498939
7498482
7499152
7500675
7500828
7500408
7501163
7498803
7501368
7498271
7499609
7500107
7500114
7501190
7501511
7501764
7497718
7500660
7502293
7501246
7500964
7500699
7502473
7498953
7499397
7499353
7500319
7499694
7500139
7498949
7499026
7500339
7499162
7499362
7500218
7500428
7501713
7500106
7499124
7499953
7499981
7499690
7498347
7499835
7498585
7499811
7501085
7500702
7499829
7498332
7499567
7499657
7500981
7501606
7499389
7501041
7500341
7498412
7500950
7500916
7500497
7501191
7499259
7498897
7500439
7499399
7499247
7500545
7499031
7500230
7499432
7497930
7499710
7499422
7499479
7501395
7501161
7500120
7500754
7501115
7499951
7498626
7500092
7500326
7499624
7499141
7499512
7501203
7501176
7499691
7502638
7497907
7500566
7500185
7499482
7498964
7498818
7498923
7499533
7499326
7499997
7500643
7501143
7501318
7498871
7499762
7501243
7500310
7500379
7499483
7499248
7498230
7501103
7500583
7500111
7499173
7501633
7499579
7499420
7500263
7500443
7498023
7499480
7499992
7499844
7499424
7500317
7499919
7500881
7500458
7498597
7501029
7501392
7499679
7499612
7500928
7500118
7498569
7500897
7500549
7499632
7498796
7500509
7499415
7497243
7499279
7499715
7500287
7498279
7500297
7500937
7500525
7500711
7499627
7501117
7500231
7499014
7498248
7498455
7501927
7499900
7500250
7500019
7498395
7502021
7499890
7501808
7500123
7500789
7499714
7499774
7498772
7500241
7500419
7500138
7500590
7501005
7498817
7501440
7500282
7498859
7499011
7497833
7500004
7499476
7500022
7499962
7498821
7498795
7501988
7501642
7500991
7498599
7499489
7499354
7499384
7501591
7499926
7502096
7499593
7499490
7498261
7498427
7497791
7501209
7500411
7501673
7499481
7500604
7500070
7500239
7501131
7503020
7498913
7499670
7502033
7501503
7499526
7498914
7499387
7499837
7498459
7500368
7499419
7500117
7499298
7500654
7501557
7500559
7499045
7498305
7499391
7499581
7499281
7502185
7497040
7501920
7499965
7498634
7498426
7498276
7498765
7500490
7500135
7501014
7499839
7499561
7500280
7497929
7500496
7499931
7498561
7501013
7501621
7500598
7499350
7498184
7501040
7501509
7499521
7499781
7501691
7501609
7499134
7500807
7501061
7500216
7500170
7501357
7498924
7498181
7500475
7500173
7501978
7500464
7498824
7501099
7498053
7499258
7499501
7500852
7500198
7498993
7498454
7500372
7499933
7498933
7500813
7502504
7499973
7498807
7501939
7500920
7498662
7500760
7499651
7498951
7499324
7501665
7498646
7499674
7500933
7500312
7499881
7498742
7500923
7499170
7500710
7501308
7499924
7498206
7498103
7500377
7500321
7498950
7499664
7499268
7499442
7499577
7498823
7500164
7502110
7501706
7500469
7501407
7501604
7500864
7498926
7500271
7500030
7499723
7499140
7499659
7499331
7500011
7500090
7499978
7500244
7500552
7502204
7501628
7501563
7500542
7498353
7501287
7500647
7499071
7499621
7499008
7498018
7500289
7501635
7503011
7501070
7500687
7499747
7500016
7498696
7499836
7499874
7500907
7500209
7499840
7499487
7501278
7498203
7502372
7501358
7498499
7498411
7500031
7500747
7500988
7498384
7499505
7499868
7498670
7497712
7500088
7499463
7500353
7500403
7500121
7499049
7498921
7500841
7499536
7499193
7498896
7500086
7499573
7499300
7500102
7500375
7500856
7500447
7500416
7499040
7501039
7498667
7500308
7500381
7501812
7499895
7498864
7500726
7499737
7499054
7501307
7500681
7498842
7499114
7499159
7498301
7500204
7503171
7499735
7498779
7497468
7501326
7498592
7499185
7500292
7499656
7499619
7499806
7499671
7500472
7499751
7501499
7498660
7501157
7501769
7501095
7498963
7501044
7502739
7500099
7498363
7499474
7500927
7501008
7499518
7499349
7499555
7499429
7499428
7500267
7500875
7499436
7499708
7499313
7500296
7499460
7501449
7500237
7501180
7501371
7499956
7501036
7500046
7498605
7500482
7499633
7501090
7498954
7499409
7498175
7498508
7500888
7498848
7500974
7500301
7500569
7500340
7502478
7500705
7499975
7499915
7501051
7498330
7500015
7499792
7499635
7499192
7497404
7502010
7499381
7498444
7499516
7501761
7498450
7500670
7499557
7498052
7498375
7502046
7501210
7499451
7499972
7500514
7501856
7499180
7501229
7500478
7499580
7499596
7500449
7499725
7501104
7498370
7501030
7502632
7499700
7499749
7501238
7501445
7500260
7500553
7500722
7500704
7500438
7501385
7503924
7501825
7498013
7498360
7498830
7500265
7499197
7498544
7501105
7500281
7499246
7499292
7498768
7501124
7500388
7500960
7499176
7499068
7497767
7501391
7500383
7501192
7500150
7501425
7499568
7499537
7500597
7500587
7499623
7500460
7500188
7498575
7498546
7500417
7500249
7499145
7499093
7498460
7500110
7500021
7499433
7502112
7499494
7500873
7500685
7501160
7500391
7497785
7500314
7501780
7498512
7498226
7497961
7500893
7501071
7501247
7501469
7501458
7499314
7501623
7500195
7502233
7498358
7500065
7498624
7499133
7501286
7500186
7499457
7500129
7499123
7498040
7502318
7500367
7498148
7498636
7498273
7498004
7498655
7499509
7501130
7499534
7498540
7498430
7499797
7500426
7498235
7500075
7499603
7500205
7499073
7499985
7500577
7499556
7500400
7500233
7501288
7497915
7502677
7499809
7499057
7501138
7500872
7499240
7500362
7500477
7498735
7498415
7499499
7501558
7500626
7500048
7500371
7501924
7500736
7499220
7502207
7501613
7501313
7500507
7501052
7499510
7500474
7501862
7499930
7500739
7498918
7499090
7499960
7499948
7500468
7499834
7501498
7498497
7499987
7501060
7499423
7500987
7501162
7500839
7498589
7500229
7499023
7499944
7500112
7498767
7500113
7499022
7500054
7501356
7500886
7499206
7500042
7502067
7498732
7499583
7500971
7499200
7501762
7499757
7499347
7498865
7500062
7499876
7500452
7501541
7501197
7498214
7500560
7498776
7499514
7499348
7500361
7498925
7499855
7500183
7502223
7500520
7501401
7498486
7500526
7499788
7497346
7502335
7498132
7499375
7498945
7501679
7501581
7498853
7499528
7500938
7499918
7502445
7500071
7499730
7502058
7502829
7501264
7500996
7499745
7499283
7499865
7499646
7498629
7502201
7498001
7501480
7500191
7502420
7501290
7500385
7499927
7501720
7500858
7499307
7499092
7499901
7500270
7499721
7499448
7498339
7502259
7500091
7500268
7501963
7501107
7498005
7500484
7501804
7500365
7501453
7500940
7499004
7501674
7499491
7502268
7499006
7500220
7500174
7500254
7499794
7501786
7499112
7497364
7499121
7501513
7501205
7500286
7497259
7499495
7497877
7497263
7499684
7500441
7498968
7499103
7501271
7498530
7500793
7499063
7500115
7498879
7499727
7499147
7499453
7497803
7498966
7498550
7497975
7501727
7499359
7498038
7500491
7499870
7500187
7500398
7501089
7500167
7499135
7499955
7499125
7499909
7500576
7498740
7499520
7499445
7498645
7498525
7500511
7502043
7499459
7499204
7497683
7499366
7498037
7501093
7499925
7499403
7500607
7500027
7501066
7500611
7499079
7501455
7499752
7500061
7497536
7500001
7500393
7501379
7500151
7501375
7500252
7498635
7500948
7498663
7501412
7499083
7500621
7500240
7501133
7499827
7499648
7502069
7499682
7499769
7500642
7500079
7500389
7500101
7501560
7498493
7498952
7500354
7498489
7498717
7498573
7501485
7501516
7501554
7501177
7501056
7500851
7497558
7498743
7499341
7499042
7502093
7500137
7499146
7501126
7500757
7500859
7501745
7499072
7501380
7500645
7501648
7499611
7499332
7501361
7498051
7500811
7499780
7498683
7501396
7499822
7501597
7500504
7500762
7500523
7501729
7500036
7499076
7499378
7498265
7499171
7500431
7497928
7499949
7499454
7499695
7501393
7499213
7498912
7499485
7498449
7499367
7501372
7500374
7498870
7500465
7501166
7498697
7500295
7499539
7500653
7501601
7501317
7498183
7499940
7501936
7501297
7502160
7499845
7499719
7500266
7498146
7499986
7499668
7500277
7498453
7501214
7501189
7500436
7501661
7500594
7501164
7498707
7499161
7498941
7501073
7500311
7500629
7500211
7497457
7498580
7501049
7499138
7497705
7501435
7502327
7497845
7499939
7500309
7502257
7501540
7501773
7500461
7500743
7501346
7499153
7500342
7500934
7499156
7498836
7498542
7498576
7499763
7499488
7501230
7500060
7498849
7498659
7499620
7498000
7498252
7501116
7498867
7499377
7501386
7501474
7499859
7499592
7500119
7501221
7500644
7498383
7499395
7501240
7499163
7498090
7502202
7501383
7500855
7501462
7500755
7499355
7499541
7500869
7502580
7501153
7500163
7499021
7500039
7500863
7501256
7501442
7501467
7500122
7501330
7499058
7499607
7501057
7499754
7502221
7498505
7499893
7498676
7499183
7500192
7498719
7499688
7501438
7500619
7501248
7501026
7498755
7500026
7501700
7498815
7500064
7499892
7501311
7501152
7500980
7499841
7499515
7499118
7500730
7499202
7498560
7500422
7498979
7500781
7499649
7501270
7500532
7502337
7500014
7498294
7499267
7500921
7498382
7500978
7500655
7500080
7497917
7501589
7499478
7500455
7500262
7501996
7501377
7502008
7498906
7500126
7497897
7498352
7499226
7499662
7501282
7500283
7499284
7501551
7501675
7500146
7501605
7500640
7500942
7500910
7502174
7499051
7497668
7499272
7498806
7500370
7502517
7499672
7500959
7500485
7498984
7498852
7501352
7499746
7501634
7498835
7499857
7500414
7498423
7502394
7497774
7499484
7498639
7500832
7502075
7500880
7499838
7499190
7501463
7501198
7497878
7499549
7502379
7499983
7499290
7500502
7500418
7500558
7498179
7501454
7499525
7500359
7500906
7498413
7498708
7499810
7499249
7500193
7500176
7500467
7499477
7501575
7499455
7502036
7497797
7502039
7501023
7500454
7500707
7499132
7498893
7500901
7501158
7501344
7497892
7501088
7498733
7500821
7500328
7501043
7500712
7498578
7501768
7499589
7501325
7501788
7499217
7499444
7499676
7499980
7499098
7502237
7499832
7499591
7501010
7500716
7497202
7499338
7500334
7498699
7498800
7499102
7501701
7500568
7499784
7499775
7499658
7501028
7496968
7502208
7501331
7498137
7500103
7500463
7499698
7499131
7500709
7499205
7499120
7500815
7500134
7499335
7498831
7500194
7499804
7500356
7499654
7502412
7501139
7499891
7498237
7498594
7501337
7500958
7501718
7501411
7497434
7497737
7499554
7499812
7502291
7498891
7499110
7499551
7502915
7498346
7499734
7498745
7499816
7498153
7501608
7501427
7499323
7501470
7502282
7498981
7501304
7498379
7500228
7501323
7501712
7501990
7499699
7499496
7499383
7501855
7500255
7499231
7498749
7499504
7498652
7499982
7497964
7499431
7498559
7499833
7498787
7502607
7499826
7498481
7500792
7500887
7497802
7500098
7498940
7499061
7498761
7501303
7499989
7500177
7501879
7499149
7499531
7500805
7498320
7499311
7500985
7498840
7500812
7499237
7501985
7500580
7500158
7498047
7498994
7499850
7500769
7501017
7500690
7501760
7501140
7501155
7500373
7500603
7498738
7499805
7499263
7501587
7498043
7500142
7500565
7500689
7500785
7497943
7501500
7499266
7501481
7500786
7498759
7500599
7499605
7500684
7499550
7498710
7496796
7498892
7498014
7501168
7499282
7498718
7500516
7497738
7499033
7499765
7498781
7499543
7499964
7501566
7498998
7500732
7500547
7501525
7499315
7500701
7499498
7499473
7500212
7499771
7498833
7500127
7498901
7499601
7499871
7500814
7501299
7499046
7499465
7498404
7500025
7500936
7500941
7501101
7500166
7500300
7500363
7499364
7498579
7499065
7499796
7498700
7497728
7502184
7499920
7499637
7500570
7501667
7502018
7498201
7500530
7499661
7499351
7501721
7498329
7501196
7500664
7499547
7501811
7501045
7500671
7501784
7498554
7501731
7501505
7501388
7497126
7500973
7497631
7499843
7500108
7500315
7500799
7500128
7500508
7499214
7498606
7499979
7501687
7498466
7498932
7501835
7503001
7500213
7499129
7499941
7499824
7498886
7499224
7500804
7498416
7498451
7500495
7499486
7500850
7501938
7499952
7500779
7498445
7502217
7501632
7500954
7498987
7501314
7498464
7502410
7499808
7500009
7501118
7498715
7500616
7501979
7500140
7500223
7500023
7501415
7498247
7499701
7498510
7502986
7501399
7500956
7501670
7499492
7499717
7500752
7501065
7498396
7501826
7499819
7500096
7501364
7499713
7499595
7498920
7500589
7498208
7499437
7500913
7501947
7498794
7500247
7498999
7500196
7498934
7500032
7500581
7498902
7501106
7500829
7502159
7498401
7498996
7501277
7499289
7499064
7501896
7501319
7499327
7500744
7499222
7500251
7501002
7498911
7502175
7498839
7500082
7499059
7498217
7498927
7498750
7501354
7501233
7497495
7499255
7501194
7497278
7498694
7500870
7502107
7499630
7500909
7500451
7498567
7501226
7499817
7501472
7499738
7499732
7500253
7501802
7498538
7500775
7499500
7501630
7501227
7500288
7499269
7499712
7498627
7501274
7498869
7499438
7499286
7500506
7498255
7498847
7498834
7498528
7500766
7498058
7497670
7500178
7501420
7500624
7500446
7499447
7500740
7501834
7499560
7500686
7501535
7501843
7500900
7500063
7500536
7499888
7501394
7500995
7500683
7501020
7499198
7500141
7500234
7499693
7498327
7500323
7500965
7498829
7499361
7500518
7498611
7499412
7502639
7500427
7499199
7498033
7499766
7498731
7499709
7499293
7502256
7499968
7498547
7499497
7500595
7499586
7500169
7502098
7499894
7502108
7501182
7501471
7500517
7500307
7497850
7498518
7500966
7499617
7500586
7501487
7498985
7498553
7500774
7500396
7499469
7499823
7499301
7499946
7498433
7499309
7498191
7499787
7500857
7501063
7499158
7501998
7498458
7498695
7497679
7500717
7500024
7498856
7501930
7499791
7501405
7499218
7501756
7501328
7501296
7498858
7498307
7498799
7500162
7500782
7501035
7499329
7498844
7502742
7500879
7503200
7498584
7501595
7500349
7498545
7498285
7497997
7497844
7498563
7498495
7500637
7499062
7497887
7498162
7500444
7500780
7499388
7501156
7499643
7499189
7499048
7500957
7498855
7499569
7500822
7498975
7500376
7501477
7501529
7498922
7499584
7498905
7499229
7497787
7499253
7499639
7500476
7501417
7499705
7501620
7500669
7497128
7497134
7500896
7501594
7499677
7498212
7500055
7502403
7501770
7500524
7498250
7498773
7498747
7498793
7498492
7500902
7502879
7501534
7501935
7500406
7501306
7500584
7501976
7498357
7499318
7500437
7497903
7500238
7498875
7501491
7499802
7501362
7500462
7499742
7497947
7499546
7498969
7501612
7502756
7501353
7502227
7499370
7497822
7501766
7497087
7501776
7498087
7501170
7502554
7499305
7500203
7500256
7498306
7500667
7499653
7500631
7501625
7498062
7499798
7498408
7500808
7500615
7499722
7502920
7501973
7498170
7499104
7499086
7498070
7499697
7498648
7497300
7500100
7499943
7499164
7502280
7497680
7501367
7499357
7501508
7500293
7498475
7500860
7498432
7501626
7499382
7498534
7498737
7499154
7501479
7499464
7500791
7501456
7499340
7499932
7501705
7498682
7501989
7497480
7498819
7501338
7498616
7499122
7501154
7501518
7499853
7502235
7501519
7501185
7500242
7499373
7501033
7499157
7498850
7500480
7501714
7498882
7501128
7498122
7501545
7499405
7499914
7501100
7498369
7501347
7500425
7500892
7499597
7498084
7497749
7502451
7500578
7498021
7497793
7497799
7499047
7498808
7497175
7499166
7500572
7499667
7501334
7500826
7499277
7501447
7501067
7500931
7500824
7499446
7500125
7500182
7502315
7500895
7501677
7501994
7497758
7497198
7500221
7498419
7497472
7499275
7499252
7498744
7500306
7500708
7502357
7501561
7499044
7498936
7502878
7501350
7501424
7497966
7498372
7499358
7500768
7498523
7498474
7501335
7500668
7497999
7498479
7502531
7499334
7497357
7498778
7500979
7501893
7497375
7500501
7498980
7501448
7500968
7500563
7500983
7500068
7500894
7498591
7498720
7498063
7500925
7500421
7499880
7498511
7502169
7502032
7503325
7497496
7499885
7501527
7500657
7502365
7502774
7499291
7500846
7500519
7497574
7497387
7500998
7500742
7498127
7498960
7501583
7498988
7499634
7497621
7500366
7499333
7498389
7501520
7498656
7498394
7498789
7502236
7501082
7499000
7501987
7498536
7502047
7498997
7500592
7501548
7498376
7501556
7502244
7498785
7501224
7498565
7499608
7501452
7501001
7500662
7501327
7500156
7500809
7500045
7499675
7501494
7498105
7499610
7499230
7497665
7502082
7500332
7499858
7499669
7500794
7500544
7499958
7501887
7500085
7497812
7501683
7501742
7498770
7501220
7498786
7500498
7498812
7499971
7499887
7498621
7499966
7498784
7499010
7501698
7500853
7497193
7500756
7501320
7501908
7499434
7501641
7497292
7500130
7497821
7500632
7500903
7497575
7500585
7501003
7501969
7500303
7498293
7499225
7499729
7502066
7500582
7499731
7498558
7499576
7501805
7498080
7499458
7500331
7498269
7500749
7498828
7498610
7499001
7500746
7500835
7499095
7499852
7501958
7498188
7501222
7500261
7502465
7500505
7498751
7498488
7499312
7500226
7500041
7501291
7499452
7501570
7502328
7501062
7497890
7498644
7499007
7498564
7501241
7497172
7500537
7501925
7500153
7499842
7502432
7497782
7499743
7500487
7496884
7500364
7498643
7500037
7499243
7500548
7501141
7499961
7501475
7499963
7499280
7501640
7500453
7499786
7501402
7500337
7500972
7496779
7498556
7501553
7502020
7499991
7500641
7500269
7498169
7501473
7499564
7500412
7501127
7499720
7502924
7499251
7498034
7498915
7501406
7499274
7501169
7498287
7498623
7498467
7500776
7500674
7501876
7497748
7500058
7498533
7500420
7500056
7502838
7500935
7500939
7498283
7498310
7500273
7499207
7499184
7497566
7498890
7497663
7498189
7498264
7498851
7497759
7499089
7498838
7497660
7501758
7500840
7498398
7496795
7499232
7499160
7499126
7502716
7500285
7499187
7500949
7498381
7499404
7501750
7498995
7499321
7501852
7500845
7499039
7498688
7501027
7501292
7501340
7498140
7499091
7501664
7501631
7502278
7499815
7499136
7499899
7500571
7502109
7501895
7498586
7498110
7500189
7497596
7498501
7499863
7498826
7501409
7502250
7500180
7498483
7500322
7502004
7502590
7499913
7498240
7497899
7501853
7500801
7500415
7501273
7501917
7502095
7500479
7501719
7499683
7498669
7498356
7501120
7498672
7500562
7500778
7498741
7497925
7501752
7502973
7502101
7501267
7498114
7499186
7501490
7498698
7502836
7499009
7501501
7500919
7497692
7501775
7499604
7503379
7499916
7498392
7498015
7500862
7498766
7501819
7502122
7501822
7501204
7501072
7499241
7498903
7500390
7502585
7502439
7498602
7497232
7500423
7500350
7498959
7500527
7500691
7500038
7501146
7499303
7502262
7501422
7500013
7501669
7498026
7500081
7502177
7497587
7498154
7500600
7499077
7501460
7499111
7501722
7501245
7498125
7499238
7498942
7498278
7501429
7500596
7502551
7502602
7497108
7498286
7501549
7501269
7498811
7500605
7498713
7497709
7501237
7499902
7497606
7499450
7500051
7498843
7498974
7498775
7501748
7498268
7500943
7499376
7498590
7499410
7502013
7500914
7500539
7499113
7498640
7498860
7500613
7499346
7499905
7501738
7501627
7499456
7500076
7498521
7501212
7501279
7500222
7498280
7498061
7499181
7500751
7501188
7499055
7498223
7502454
7499325
7498653
7500703
7500728
7501244
7499878
7498642
7501382
7498409
7500609
7498692
7502787
7499372
7501928
7502147
7501572
7499785
7502246
7500765
7499655
7496710
7498857
7498739
7501366
7498756
7503148
7502152
7498359
7500652
7499316
7499917
7499904
7499392
7500355
7498562
7499644
7499036
7501091
7498519
7497315
7497996
7497187
7498284
7497124
7501321
7501059
7502520
7501428
7498152
7498477
7499764
7498457
7498470
7501434
7501526
7498210
7498714
7501564
7501846
7502234
7500005
7500635
7498207
7498548
7499165
7498929
7499502
7500258
7501181
7497704
7498930
7499365
7503569
7496811
7501216
7501414
7498487
7498216
7498524
7501219
7500843
7498245
7501102
7502953
7500493
7501258
7501624
7498421
7497325
7500908
7499209
7498596
7499430
7501122
7498797
7498469
7497926
7498837
7498196
7501444
7499748
7498257
7501615
7501165
7498982
7497591
7500494
7499942
7500029
7499109
7499069
7500849
7499080
7500672
7499629
7501569
7500737
7500989
7497880
7499566
7500820
7497562
7501433
7498007
7498916
7501465
7498532
7497097
7501280
7502279
7501000
7501333
7501778
7501342
7501755
7498907
7498783
7501112
7497212
7499702
7501305
7497258
7499571
7499028
7500658
7498680
7502222
7501555
7498335
7498543
7500154
7499394
7499182
7498618
7499070
7500735
7498583
7497727
7501754
7499168
7497237
7496975
7502383
7498535
7502777
7501251
7498403
7498650
7497686
7497540
7501381
7498006
7501078
7500833
7502556
7503297
7502308
7498612
7502125
7500784
7499212
7498706
7499075
7501653
7499883
7498468
7500725
7499227
7499005
7497112
7497476
7498244
7499043
7501004
7498728
7500535
7496966
7498588
7497998
7501289
7499278
7498989
7498566
7499179
7498017
7499439
7498471
7502085
7497739
7497841
7499614
7501094
7498147
7498690
7499017
7501830
7497936
7500727
7501767
7501403
7497784
7498665
7502078
7499467
7498977
7498399
7498473
7500636
7500795
7502086
7501408
7498202
7501559
7497041
7499081
7498582
7501711
7497464
7500554
7500733
7497859
7501531
7501932
7502808
7498677
7501807
7502353
7498168
7498757
7498632
7501593
7502229
7497548
7501147
7499085
7499128
7502344
7501178
7501410
7499907
7498551
7497942
7499002
7501574
7498407
7498102
7501370
7498503
7499234
7501880
7498204
7499427
7499598
7500783
7499210
7498180
7502281
7498041
7498083
7498515
7496897
7501656
7501888
7500627
7502562
7498173
7502563
7499779
7501877
7498651
7500248
7499177
7501616
7498970
7501617
7502045
7498326
7500612
7498919
7499443
7497853
7502094
7499642
7501284
7501543
7502611
7501149
7498234
7499532
7498805
7497896
7502249
7501312
7500816
7501341
7502138
7501213
7499139
7497901
7501950
7499115
7498883
7500394
7498813
7501596
7502054
7500967
7499523
7499976
7500677
7498991
7501774
7501486
7501739
7501457
7498391
7498239
7501426
7498827
7497826
7498841
7501521
7497792
7501322
7498300
7500994
7501148
7501668
7497987
7498205
7501080
7500723
7500338
7501184
7502076
7501079
7500745
7498638
7498654
7498513
7498754
7497228
7501741
7498705
7502022
7500591
7501897
7501084
7498337
7499066
7502416
7501315
7502081
7497761
7497602
7501542
7498782
7499977
7501725
7498111
7501582
7498328
7501636
7498349
7501607
7498537
7498872
7498595
7501125
7497849
7498227
7501599
7500810
7501838
7497344
7497775
7499342
7500767
7502115
7498072
7501276
7498338
7502059
7501515
7497988
7502780
7502131
7499285
7498108
7498928
7498059
7497721
7499032
7497580
7501298
7501809
7502430
7502389
7499406
7498388
7498308
7499174
7500917
7502136
7498336
7503573
7499306
7499761
7502515
7498366
7499726
7497825
7500871
7500610
7502396
7498600
7499074
7500579
7501800
7498684
7498077
7498112
7502537
7498506
7501993
7498615
7501137
7501550
7498709
7501255
7502102
7501345
7501482
7498703
7498491
7498944
7502429
7501951
7497296
7496602
7497933
7498603
7498711
7497463
7501201
7500010
7501638
7502378
7501904
7498220
7501686
7501839
7501533
7501349
7502436
7499425
7501502
7498145
7498354
7500320
7498176
7499099
7499310
7501850
7499665
7501389
7502155
7502002
7499235
7501672
7497578
7500302
7498098
7497796
7497270
7500946
7497290
7501228
7497285
7499264
7501119
7498422
7499195
7501257
7497697
7498405
7502083
7497674
7502270
7501983
7499758
7500866
7498316
7498142
7502288
7501524
7499400
7501113
7502331
7498340
7500488
7502034
7502153
7502459
7501496
7501302
7503369
7502899
7497567
7500002
7501259
7498109
7496908
7501225
7501907
7498418
7498666
7498400
7502411
7501584
7497273
7502391
7501301
7502065
7498771
7499558
7501135
7500944
7499167
7502822
7498242
7498106
7497716
7498096
7502380
7500105
7501737
7497047
7501272
7502134
7501365
7501929
7501464
7498687
7500763
7501715
7502415
7497018
7497015
7501749
7500665
7502594
7498478
7501400
7497982
7498909
7502969
7502232
7498060
7498431
7500448
7502423
7499097
7498097
7497553
7498213
7501451
7497741
7500316
7502351
7498425
7497571
7498613
7498608
7502196
7498256
7497911
7501309
7501790
7498884
7501697
7498809
7501373
7502255
7502732
7501817
7498193
7501466
7501602
7501053
7498862
7498598
7497856
7497722
7500399
7501577
7498876
7499468
7497950
7498958
7498601
7497645
7497652
7501747
7497654
7498899
7501150
7497521
7498647
7501432
7498877
7500413
7497618
7498374
7499872
7499024
7500625
7501682
7501814
7498302
7502104
7498129
7502712
7501283
7497535
7501909
7498472
7500676
7498139
7498104
7502976
7498036
7500043
7498730
7498581
7501960
7498978
7500232
7502437
7500772
7501898
7501815
7498243
7497623
7497935
7498289
7501836
7498716
7498236
7501934
7498312
7502568
7498225
7502176
7499236
7501650
7498874
7502258
7499265
7500890
7501872
7497979
7498570
7501172
7498572
7500753
7500168
7502005
7501851
7497396
7501497
7497626
7498219
7498885
7501339
7498541
7502584
7502329
7497518
7497677
7503194
7498509
7501418
7500018
7498311
7497498
7502007
7500202
7497458
7497470
7498681
7498760
7501875
7498141
7502424
7497386
7502312
7497274
7500854
7498614
7500827
7501916
7501174
7498085
7503138
7498039
7502532
7497317
7501736
7501792
7497628
7502402
7496623
7497249
7501012
7497706
7497648
7497790
7501779
7497622
7497958
7497322
7498011
7497962
7500561
7501799
7498281
7498275
7501647
7501726
7498028
7498113
7497029
7498631
7502764
7501064
7500512
7502970
7501252
7502506
7502854
7500953
7501953
7497773
7497170
7501740
7499196
7498100
7498133
7501310
7498377
7501576
7497609
7498825
7502063
7497736
7499041
7500802
7498373
7498259
7500157
7502719
7498299
7498804
7498910
7501757
7499100
7501831
7501419
7502516
7497888
7498390
7502311
7498658
7498149
7502172
7498520
7498657
7502205
7498947
7498574
7501763
7502809
7502072
7502290
7498071
7502164
7500905
7497129
7497838
7501232
7498894
7497956
7498222
7502219
7498119
7498971
7502574
7501048
7502385
7499426
7501655
7498295
7502024
7500759
7497977
7499219
7501538
7501121
7498436
7501724
7501416
7498774
7501183
7501854
7501618
7502011
7496851
7502581
7502014
7497980
7498115
7498200
7497842
7499034
7496824
7501692
7501324
7498241
7501250
7498313
7502306
7498167
7501037
7498938
7500883
7501690
7501236
7501537
7501142
7497601
7498675
7498318
7499471
7497965
7499119
7498073
7501948
7498067
7496771
7501765
7499015
7499522
7496990
7498049
7499013
7501646
7501676
7502049
7499178
7498746
7501294
7498504
7498539
7497986
7502619
7498075
7501789
7498434
7498344
7500648
7502037
7502418
7497989
7501796
7501919
7501443
7501828
7500646
7501777
7498081
7498371
7501702
7497818
7498722
7502035
7502190
7501390
7498517
7502140
7498117
7502113
7502387
7499472
7498704
7499360
7501840
7498587
7501478
7502261
7497489
7502162
7499413
7500963
7501588
7501468
7496906
7499386
7502310
7500219
7497370
7501942
7502009
7497605
7501813
7497619
7500351
7498319
7502060
7496724
7501902
7498881
7498456
7502091
7499908
7498355
7497780
7501484
7499636
7498801
7497425
7498514
7501145
7500131
7502186
7498895
7499052
7501837
7501517
7502239
7502527
7497874
7498331
7496832
7501803
7498393
7500898
7502319
7502507
7497865
7497864
7499782
7501900
7502455
7498182
7503332
7502974
7499304
7501878
7497072
7501723
7501009
7498368
7498649
7498674
7498088
7502565
7501992
7498086
7502468
7498522
7502871
7497410
7498362
7501781
7502179
7501058
7498724
7497777
7502313
7502348
7497940
7502535
7502245
7501510
7498274
7496783
7499027
7502199
7502569
7499582
7498802
7500207
7497646
7497604
7497937
7502178
7500380
7501295
7499317
7498035
7502231
7500700
7502433
7499297
7502303
7501507
7502298
7497750
7497173
7501967
7499223
7501949
7501821
7498702
7498438
7498385
7501579
7499660
7497794
7502087
7497588
7502220
7496864
7498880
7498238
7501461
7497345
7501483
7501743
7502135
7498406
7498003
7498526
7500844
7498386
7501957
7497840
7498604
7502587
7501514
7497914
7497778
7502356
7501488
7498494
7497729
7498020
7498734
7498367
7502343
7502029
7502042
7502171
7497747
7502654
7502462
7501151
7497148
7501016
7498082
7501506
7500951
7500147
