1436761
13893718
9854980
14743942
2101224
4493495
9059400
308521
2730428
6391868
6057463
6675427
12881840
4688142
1972587
5907651
9470620
8099836
4285630
3218252
10389758
9719379
4066133
14112837
14235081
13102199
10596789
8247751
3366138
12071006
9438896
1297295
12379893
11487951
14962392
9124548
10426464
2888836
950474
12889653
7317573
13794305
2032804
6148494
431492
6686814
12475612
3861445
3106332
14742290
10743524
14315004
1245143
12160671
10184358
1491888
7305568
7865486
6494622
2124146
12765697
8795150
4274936
13096196
6751805
1175817
9404473
9610256
1699480
4664304
12988419
9093244
801476
1733993
14248595
10140332
12294662
14522112
14910408
8401048
3811710
1156843
8165502
9572422
7802564
6408132
10212676
7713026
10112868
13642411
14747416
8784151
14496645
12857274
4741285
14793651
8529036
14587610
8621943
7283207
12256633
12166429
1274064
9578882
7672537
14065547
1191092
11468199
7829772
4764532
6651336
8458683
3101945
11151628
1455541
10991329
8938262
3284226
6795704
633592
11582736
7791490
11767562
10746263
4705193
4896324
8982441
14380461
1194984
11728660
4648157
6606153
3979643
14106403
9495296
6080622
5493777
5195221
9501217
7633437
8592781
14802022
5061003
8695224
2993020
2072586
13426572
8027677
10270183
4747798
12678811
6839940
7830093
1133054
11303978
13206851
10959914
1060585
13653399
6098585
2061565
7284907
5241908
6393979
8530061
11339940
9152748
1559195
6726974
9177057
7972551
8561544
14111652
6034503
13219471
12051289
7579037
1334739
12654051
5288820
11721326
7274919
9267920
4874681
4186621
13365848
6630861
95072
1753661
12756124
6992013
12797353
7780966
12505972
7588576
4090217
4463532
6713389
1543392
5572937
6874607
5745187
13738344
858582
13439814
12634448
7463517
13839479
12559238
12656378
10511846
11678472
3984385
1156848
14750462
11461658
6322747
711606
6511080
4508817
9155790
3966304
12977522
6950407
986267
7584627
3880994
5841726
4829931
8549563
2828679
10661680
11469566
8581536
7293729
1276937
3546951
3493232
11887370
9175353
12327875
7277137
6419687
14720550
750675
10916182
1743
7775931
8308558
9406213
6525089
11761226
3147611
10449359
5511323
12607372
13314079
3952931
13624731
2894225
7890990
4747516
6299332
7911978
10536537
9344714
13445139
11703061
11700368
4505332
11017025
10279030
3928495
8972429
9572507
13306634
12259108
3843071
14161671
7915657
7371758
2190876
5815048
6334511
9635500
8422825
94945
11545415
7005466
14141768
9134109
14835043
5480252
14889482
3452462
14401727
10985932
4870095
14313118
1521204
10151744
10154512
1408651
6828323
5703225
12998849
10104360
3203530
5812525
13238107
2068016
679260
8740114
14307532
5095840
10882587
3299782
10695075
4162005
1029540
4258113
14647847
8772778
10724019
1089953
397193
14208669
2786215
4056786
12581099
14060643
6392367
2628509
9212831
10152562
6966266
2027112
2228601
10879622
864298
7536738
5486933
3510596
516988
7504300
8678255
9567037
3910017
1153038
11524956
2397419
7708017
14858082
8996947
1042166
14928418
13785598
4082198
13855959
12414153
568082
5057631
4780937
13092884
2894024
13862432
3728410
742918
10095346
10349490
13854286
2956094
6376667
6491300
8548879
8001597
13784056
2099295
2600975
7113142
13918011
8577874
7887678
12899005
9628722
11726122
856541
12697476
5913120
3169782
9890548
8187050
5805436
2728245
13855440
9209888
4058237
4833530
6370292
2124155
4358382
9461610
7408936
1597432
4231222
11474899
14596042
4089284
13687145
7249883
75890
6867359
1092758
5575793
9531067
7179385
1333649
330570
10779900
7527773
229606
13632526
11541993
11191889
10536716
7984164
4343986
10802122
3342913
6227105
1714673
7446922
10650794
10489547
6253053
7221387
12425203
6815680
6192112
287965
7290556
10396458
53125
4146423
534171
10406612
9339981
13182854
12954799
9959051
14455765
13743356
13423084
14842632
661856
5221358
14730393
14363459
3061107
4640563
11018283
3044185
3077946
9027038
5726517
14732100
10131655
11459108
1918933
9990177
95451
14603732
10724061
3552857
14439079
8191840
11872010
9815107
14885591
12604542
11265360
3098541
3524935
10311273
7304619
2370507
4972386
7696494
8840048
4013983
12697459
11585569
691585
8431827
8791162
13896200
2330638
4450590
509203
2010314
12340312
1580769
2399572
8937037
4708652
8697150
626288
11144931
6397642
14657139
7859343
9962390
13786406
4245628
11713730
11740436
4871507
966952
12958550
8944942
1441401
4854687
5132300
14666152
10455425
3232673
2164825
826157
1355352
8504131
7710909
11672526
9550614
8497349
8059013
7359434
11674705
4251439
13361520
4122185
6856281
12486474
14849310
6780471
1740507
9349309
4858391
11872212
9158370
8288080
14031817
9468380
1607669
8177917
309651
9836956
14152076
5768289
3637116
11385876
14305327
7957078
13122469
7575394
9287570
13950421
13560234
12270588
3429541
4069693
6975144
7424446
9249013
11960535
7970554
9125599
1305242
11229378
5357531
11379626
12800984
4087335
7328739
5151655
881786
4840850
5895879
4825248
8401661
12771569
5812991
2599245
5142227
13301345
7195216
6144686
11593137
13638820
14253588
11174886
10596978
10059109
13160824
7949737
3806547
13838828
5223943
2626213
11129250
10908695
4597074
10429656
6063629
1056389
11564107
3314603
3433915
12865262
12340479
12737131
1971709
9078513
5718967
1633429
12064066
3380709
11439652
7777871
3193172
9090936
691489
6359529
12495878
3074906
12334017
363235
840785
10811781
1021729
4642089
791673
14176983
8510860
12616665
6009482
8647861
11811630
13299783
9592368
13379030
8164350
8333607
9199496
9486327
13944137
4150110
1939473
6184362
78282
10758702
3113667
13878329
2954904
13345859
832820
743966
5186322
904709
12127626
6616027
2911266
3417498
13956488
10565899
8340529
10040936
758440
6553040
187558
1640174
387689
3217425
2116784
2324930
12764462
1134000
5624340
13089337
4498851
12893199
9696726
12039738
8015313
6417888
5852281
6343973
9241685
13668964
12637183
1652196
13743753
5914498
7525842
14957993
11536719
530909
1811827
576999
2467811
11720512
3243328
14727544
10299067
10680435
1811531
5258868
14633866
9730784
3777529
4761636
5480086
13600865
8661504
4380456
10060784
3728459
4193039
5458831
6678753
8444432
11252615
13016220
6321046
2398641
14535994
999425
8756099
2768469
6904340
2505422
13414083
9829212
7948889
3984596
5328926
550048
9825618
5618015
9224864
13759430
14221946
9881423
13058487
9598509
10052485
7401139
11409889
6513592
6759200
12794433
1883193
10258392
1516861
2725499
5776257
4033013
14015573
13732088
6020818
4639846
3744358
4734831
480584
325271
7176308
328235
11491056
3752666
1493489
10391584
7823237
10109849
12366802
9518604
3715316
939971
10076695
4781736
5615761
5755313
922568
7723964
12242144
4260903
8260423
2592282
7735571
3588972
10925668
10458374
3224135
9951397
5457141
9387259
2721734
8813435
13054928
5694509
2428281
12967256
11910543
5947297
13751098
14872961
6090154
12227013
4876264
10332453
4865434
2969286
14188169
125824
7629308
6673027
11216483
579794
8811951
6500055
13375824
3156548
1493215
3423289
14192709
14100364
9839605
2549557
3300916
4705532
9312068
120303
3610897
2642661
600868
10398371
14051565
5253937
1667350
11504270
6161070
13614459
9767754
11324349
2258584
11586404
845007
13684475
10313198
13912650
1310896
7812931
9833654
10086109
7259963
1888009
4600243
2523822
10865963
13858510
6875266
13136809
12377685
11906840
13648327
8856794
13895092
4103590
7720623
7426783
11042664
4401228
752358
4520040
8902863
10009708
13500861
1467013
1766122
12369194
11047806
113936
1124211
236491
1614563
6015827
2912303
14265541
7893353
931221
14972042
4669105
12508225
2665656
5925560
9665510
8709500
6433839
11862653
14825992
13207702
7982312
8728533
14679217
2133337
12858440
7737980
12029770
4772635
5879204
7949007
13001940
14580713
13945008
11563195
4451
10662112
2545120
8661758
7725249
9197167
1986639
13044816
10093393
3530435
14414220
11361743
7969544
12326446
6686600
4704145
11996938
1067499
9920332
9507420
7688282
12483060
11777469
10352625
10490040
8526302
9718180
5209276
6863788
10286597
10403926
12542587
7672712
11104236
12331102
13937764
7124506
13992149
619401
6160766
10288078
13458366
6314055
234898
14276717
8642648
2704103
13736067
710597
3365638
3728791
4237763
9578198
9597082
11822643
7499996
10487459
5763922
6057323
7674302
11623842
4803844
13633380
4213198
10935235
2255667
3176598
14587578
10724558
5384288
5955171
5100896
813067
10870997
4159083
3722288
6674566
9190748
1314870
12600565
3520878
7456576
2421716
372809
10667628
5453804
3627100
12500445
12183651
6524951
12921003
10625191
13468366
13468713
6296874
6445216
6926959
10304604
3165380
14117459
2254189
712992
2515301
4264563
10281525
2282968
3284960
3422889
13921282
9564263
9265036
11432491
7203940
5090141
5766081
4582566
11627280
134955
1887534
5404067
10687477
737021
10243724
9472099
2093675
12581670
489931
1833163
9974788
9370348
3856982
412722
13557992
14451891
2084286
4647864
823543
6200767
4802334
13075206
11040993
8718600
12831828
3834578
8568343
3112215
250938
1742669
14590140
7075739
10873225
10191113
6180832
6233495
3555710
6825585
6451977
11320111
1273013
4918920
12429465
5548810
12340518
14964554
91105
5519866
523223
6467482
7704887
14902898
3588893
13319724
5363330
7927608
14810439
14774529
6046203
5046320
12590127
9243171
7809713
8323561
10057257
3677895
531787
14144041
4994830
75282
7609897
14847739
3429526
5255389
13203386
920899
13636480
2683531
7868492
11186858
13246979
14543181
7756127
5760249
8463017
2698213
12151826
6554787
3002528
376012
1873131
8491381
1444226
7118939
4686942
4853473
4054297
1951525
8108241
668364
549406
2513981
11336753
9477486
7360847
10371067
2737222
13932606
6472247
13062537
8810298
13500443
10749214
2670639
4319503
8358890
5355180
13649162
11144272
7851288
4948955
5172649
13071809
5273463
7294883
9003871
11408836
1607896
11539054
729055
1023702
7732006
4285934
11271310
7258310
3806408
6096412
11220921
11453879
11521199
13108075
6616345
7708116
2118328
7230891
12567338
6995901
12339705
1420836
13488256
11100157
12236785
14925086
12763853
11362644
3171869
7834948
6589270
1728296
6434373
5572800
3108445
14716787
14621544
2138168
5175494
55138
9515180
2038350
11704647
7373578
8069440
4349532
2936655
3432210
5921762
513405
3273760
12594363
6124098
9249479
7101021
11468012
7695256
1454661
12786404
13442563
13807450
7920929
4704035
5844330
955052
4972070
349392
12625116
2888149
8306383
5959319
3884519
14941439
1841396
14922949
9578797
3757172
3865079
13412058
6933175
11534566
11334560
9433077
13683899
13374357
11165414
14556728
2928706
10437627
10533166
2207979
4510039
1411331
11415798
5095627
11372653
14583244
1538603
7270886
12087614
10389515
13393778
4311599
14156385
4337078
10823892
4599955
921300
8305246
9058162
14472520
10906251
13483462
7622959
14462686
12961215
8363679
8646413
11224902
8227098
8234527
4510490
7241978
2746718
7969029
10164442
13558713
13831401
9015626
5322133
6878835
7665887
11104189
9911190
4545056
4288361
3354057
1374226
11428072
12979770
14847868
2757237
5427791
11759742
10506172
7286551
4587425
5146236
9126708
8691292
10093821
5504457
12352375
7749522
859791
11670058
12556941
11478528
7521011
3367728
12420
9876037
11332368
7138234
1707282
11219159
14709100
10423011
13228719
4023867
9557902
14068458
852859
7595506
1896018
13077836
962721
11269043
10420663
13005255
8301642
4016955
593727
13864035
3619785
10870576
11163003
374855
13247062
10161608
13824199
9385174
10977382
7096512
2473951
12724422
6274689
11800737
4621532
11683240
12242268
6464969
7643568
5274524
6081443
5446640
4731690
8895244
9535854
509445
7673994
4252665
2841974
13440915
3665848
9682668
5794849
1692574
5028247
12100049
1171965
7452119
2567839
7705611
5576961
14711359
6637957
4573853
7800399
6230769
8421491
2246859
8767351
319576
11873727
9353227
7560
3066461
347550
5428220
1454497
11280986
10699473
1241891
4990888
8202737
9335980
11407076
8720004
9633323
2767313
11466054
12027007
7713047
6782454
586705
7137024
1272637
12569117
7298868
13802885
12538693
4333836
1011041
7260896
4145178
3349648
7476566
5586047
4553086
12694209
11467771
9582985
5566724
444815
4995817
13398648
13908386
13729554
8697780
14702895
3082638
14684284
2107534
2237269
2793202
11136971
3243070
1751976
7861472
6723350
6938582
11232284
2338111
711870
10529410
1342951
10338296
13464383
14069819
5864747
11988891
9338770
241710
5527629
1558951
14792881
1471405
1537484
13381447
9230218
6308182
1601226
3986690
5963756
2297163
2013130
5004452
7221922
10093196
6121204
6053913
2314130
2680727
14676155
3435373
2815920
3484168
3414933
6216613
4779125
4179155
12334547
3219554
2241790
13759533
8483574
9439043
14899912
233057
5747095
3216331
2368025
7543542
3976533
10348370
6354317
6294473
2021668
9473017
1108299
7117465
1427700
14705269
9467342
10439155
872461
7637565
8413802
8960622
1269914
10862616
928347
9636480
1256581
8956564
6354312
12684029
1332237
6690873
1934046
4487341
474614
11780930
2121214
423162
4605442
2283968
3494345
4153496
10354166
10985473
8464243
6648631
9771141
11805838
4656467
5330827
7285018
11543906
5340849
2555585
4527951
12921978
9833848
11168372
117986
1151292
4772421
9001208
2773846
8063070
11774712
1321864
9375403
14751588
7857894
4360131
2658952
2416784
10551567
8170710
9836885
7530778
7494273
4687407
4337637
960529
4392639
1065930
9833833
2430829
7281886
5961348
7985155
4372630
11644417
951504
5920353
5538608
8187771
11133889
9858727
9484634
12880085
8761599
5106993
550325
8462992
10654019
12410722
1165592
14808150
14283655
4034055
14852306
2716744
9516640
2577312
4752207
14998562
6388752
5888573
3021337
498928
11716485
5577096
9153699
1864398
7701636
1303446
12167898
13657263
4781886
12399438
13755284
3126165
9214528
10442654
7566701
10324037
2864764
2523521
1188634
6463139
13857376
12642183
13578513
9437771
4309686
8450716
14086581
997130
13562874
11309868
8578533
7091558
2359412
11392728
10593330
14265692
11039135
2151649
11433591
7424000
1747663
13867318
6672639
10737360
12151193
13831193
8350749
8016825
14397682
14492559
4170968
4552868
7556406
7824959
6384256
6399523
8477972
4646844
7015841
12781406
6625037
4543960
8700117
11873051
12481910
4706459
1714152
9160107
6390504
10938071
3480169
13076700
205153
6021064
6107406
14378061
2465584
11168825
11237054
9096520
3710968
10337023
8262686
13052284
10216352
10883314
9754469
12811800
7571899
8264466
8209877
1103110
2002693
10907192
10451796
8119979
11870114
5266849
14139733
2660393
6793102
14140218
2312415
618583
10781530
12540495
5023730
6928084
1798022
14281606
13249153
6010875
1192037
8329920
6208823
11217620
1954174
5293576
13907007
7861020
8202583
12520157
3254476
14412479
5329896
7842890
13174480
302342
12585913
2140921
6923294
912660
14335371
9284113
13461821
7457293
2515669
133927
7421699
4441069
13592452
1847668
6987683
7168235
9818002
8045518
480821
149996
8071205
5543553
1455972
2653046
11014819
5866234
12269507
10782971
5796334
3908325
14126547
10722489
3998464
173602
10252365
1079359
512509
9647513
10980690
6252315
3225673
8625237
958039
8928391
12750674
9066952
1161206
2008539
5741901
12229373
9791362
12711921
9216709
12040804
7059846
11707027
14206597
1759232
3673752
4185848
984838
7810112
14794050
3960279
12953381
4860692
10956097
12793485
12295461
9044344
1507451
5071576
8159844
10964991
9032901
1580748
10253214
6272903
4896183
13437134
7618522
4363537
8747438
2758270
7337351
13817057
10596191
3202615
413637
11789891
6607980
3351857
4932792
12122921
2352579
8421154
6321982
7099360
8823852
12187015
14245355
2322068
1808165
10971887
12677221
372974
6478630
10463947
6078138
7272011
12349799
7259245
9451327
9842537
3148662
4251304
7846979
4476263
3033729
3756069
1975647
2148336
6230280
7462618
7788616
1943373
10396439
8983041
9793646
9352572
73315
2555420
2879187
4800284
11747076
268343
12903481
5196360
80694
963191
10483829
1140292
3339313
1930375
3246747
7487897
7118299
532527
14515101
10958664
12020923
14615482
8238171
1689583
4973486
8270321
1813977
762772
14545589
5188414
6797479
7797976
11375227
5162025
5581150
7721018
9427623
9821296
14683092
5130142
3558536
11053024
530977
1369290
13280467
1899429
747794
3691726
7892006
9299413
236145
4337609
10079826
13063049
8797568
8450283
8218578
7694511
14193639
8325619
11205158
14595963
3636727
10050556
6401924
7622250
11383520
8448350
6092955
12095273
8041832
7405641
6161952
13970255
7324336
6669013
5726071
13711403
8804626
202148
2979917
9335371
10871587
2920943
12724818
2085881
6134152
199481
2519955
3416712
1896903
13636755
1929602
2884211
14755268
7533975
10954616
8025389
12718960
4600387
662584
6105572
5299344
9998646
14364906
7403087
11735923
938511
5991561
4905557
1846567
8697848
1050966
4437521
8157819
8892104
1448074
14402865
11182385
11713221
8219398
3517133
12544275
11669432
13023556
1220925
3541195
14271128
4092981
3226858
6064932
4467235
2086840
7524163
10117441
13958922
8475885
7920952
1669590
11110106
11597039
38866
12276346
1012663
7413070
5883622
10388840
10698032
9685102
10674880
10730566
9544189
6326386
3732671
262325
7872889
3933427
5539415
11639766
1201571
14550939
12242922
9026414
10304835
4524771
14616493
8360739
407097
9670863
5444101
10203069
11805292
988883
1216185
10000958
4895601
10836017
5348467
9232910
6335626
3421912
7071788
1917403
13244846
3479531
5779522
14616302
1556590
12073954
291960
2869071
7701182
11169377
14254383
11145238
6269748
7276741
913035
6257053
7369660
14632160
9458218
9048357
1048133
7994144
13019460
5984294
11657242
1392597
3644114
14195311
10037216
8768067
8240152
10663665
5315287
14268320
9847408
9775669
1546691
8320288
8716383
6699225
7168205
1308396
11445895
5637792
6023990
10759884
8556283
2600130
1290876
7941521
13567966
3621728
7647106
14674683
12462084
10843834
4410667
8988175
7798873
9943073
1155884
10669382
12093863
14024401
6149613
6236701
6240791
4610642
12698216
2505309
4318301
8240942
2011613
5952576
3229769
2251485
575192
696536
4279850
7797076
9652576
4467002
13439115
7441377
4074010
2318309
2497086
263234
9110699
5704000
13555584
14026884
13738673
14538992
4440280
86307
4265791
4133180
442975
12532316
4172518
1819731
8016774
4196640
7099871
14661484
1370526
5081947
13384497
2940018
7842193
2619430
10641740
5510991
10740661
5191589
417360
9807109
13868699
1372262
3132069
14245341
3873102
4253014
963030
12359741
14091662
2850822
9933657
3427222
13732046
5456841
3550023
14376462
153112
5222173
2490974
10358216
14293183
1629264
12346713
867068
13749072
8488810
10741876
8968037
6671538
2649193
8190619
14277504
2134413
5149320
913965
12609443
1277030
8044979
4545856
2424950
5692318
13222939
6771629
11806974
13161430
6795505
10537778
7307996
12674164
3289999
3182913
13511014
12103985
9624703
12321872
12970034
1642501
7836377
13649758
6196160
2632658
13712155
183028
581550
11163025
13675318
3444188
8930774
11578394
4895097
3581030
8012561
11400754
1462822
10801714
7060741
798343
7734979
9076441
2976593
8004848
5334325
7646811
14417812
3922786
11246080
6347209
13503750
2549204
3235450
4777537
605604
12552175
1316562
3037768
5255888
11434627
399535
4371791
12850033
7317396
14004034
6352553
776351
3914546
9505578
2583381
4323758
10524028
12447080
10989200
8235818
13796371
4880513
8578267
4433227
2506620
1036511
11081202
6487727
7220311
7213570
6856659
7732255
595310
4185752
12966666
1917794
3473707
5757545
8381376
335528
10197670
2080231
2165945
11127416
9877951
8690180
10252585
1068487
11507860
8610164
13599526
7264248
4035858
12090595
9575407
12999496
13723302
6185453
5876982
509592
5906360
9801641
528480
10484023
3073652
7789960
5150827
9864943
2216585
5442676
2930339
4885182
12812588
5308320
6619870
2364195
4905630
3318481
11119303
2875519
12125297
5001231
10381498
12135774
10942714
7324983
9186542
11932190
5472288
6433499
11043336
5265281
3913724
7526267
14198744
13575748
7390626
2695203
3151054
10845943
3545370
11793541
5156574
777205
7731380
5409088
2477342
9519920
8015126
1634985
13546674
7771685
6970259
9867013
4272542
3136331
751257
1499445
9471179
6000844
777061
530265
1732236
585243
3963302
11267395
8784393
3090854
14269485
290695
11544180
7254224
8611203
5980376
7798704
3044176
4404725
1413261
14861754
10408177
2239924
14899622
6151916
8424650
8786679
14729435
7021481
1424168
9531023
11905519
7123870
6308388
7315400
89158
10546906
12984929
13651359
2906424
7699586
3227682
4645007
2929046
12412265
9041407
5138213
12280034
6186242
2181807
11431630
811636
11561145
5814114
10520257
3984561
5745931
10426527
12619230
3723
11891052
4688713
3553368
516601
3400176
7042362
7663821
5138896
11384238
4066447
5355175
2367628
11110540
5106275
837493
10697274
10392649
11562973
10710462
8112150
5949070
4977793
10770483
12874769
3461407
6736751
9352391
1989373
9375501
9080530
3424169
5161780
12805798
3017926
631043
5507328
12776638
10753584
11128965
3774965
9830396
5996628
8428430
2915821
6120067
13893048
5133695
11679076
11269846
2739589
1573013
4714242
788104
1097254
8250759
1951891
7081446
10463617
5478791
14950966
11514019
13818404
6397905
12076200
11456232
3854505
1033082
11117586
272880
4575677
8304002
6602883
1764285
2804131
3357648
1821266
8668869
13126456
7370152
614253
7957793
4666522
12450122
9886439
7200073
14536310
4531768
14740326
1519585
6403455
6984170
9930624
4255842
3752425
8631179
10900254
9288877
2344940
7636618
694843
5400312
13888962
12571199
13121125
12578139
13053871
14514116
5389109
4389299
2556870
8215321
2589738
13851086
2128814
9952264
10388790
10199397
10154445
14018304
6740767
12526817
11417500
9311103
3602397
4699196
9172469
1989244
1364443
13022282
370864
800470
13420888
13383007
6889840
2606562
9012428
7528090
14411334
14687437
10217481
9741403
797430
12017356
9018988
7549624
9399967
2886438
9018711
6400258
883073
11903450
8039727
9496473
9008788
3450969
14785727
4090012
1752465
12805029
3002584
4295199
11053870
3031262
887618
14609417
7994483
11994378
6655247
2851751
787314
7595219
11205627
6238438
7747803
12463814
12207537
2584231
14286525
362264
14367762
10048264
2827403
3730872
2814303
6056193
12569267
13638631
10809897
6400908
14808721
1624219
14247534
14388536
2544596
283125
3368524
2619520
6743712
4968291
14480213
9025802
10122635
4208859
7249730
9521056
9637193
2427360
6140278
13569988
6615215
4331100
11272514
302416
5205681
5065007
8238869
9208925
8886977
11955141
14019685
6608086
8828958
423684
10980649
13710035
4814665
4626876
8852032
14343700
12953459
165851
14638149
9447433
5880592
1210951
14900217
13700026
11995466
794454
1436153
10718386
13886991
13472918
6048543
9967661
3078407
7081096
4938505
5213799
3040433
1946579
5486491
4689793
2675085
6484208
572060
3598556
7549702
12467927
12983780
6523520
616302
2252072
13042905
8755496
3634958
1011712
4665842
14946739
2705344
1816405
6195298
2499387
6209016
3644739
6355189
2147481
651328
1876530
6224095
4977404
8208684
2911912
10054563
8782076
8266588
2066621
652972
1374629
7271750
14699996
6451430
873133
1028365
13683705
1675467
13363759
11843877
6031354
2046887
8842411
2942291
14666071
8232812
4306934
13587739
9857132
10096565
10895187
9100306
9320311
10415401
7644418
1709209
3611304
1463106
14807875
9310744
3589688
13560893
3786815
5359951
11604808
5184652
3211426
3003114
14564304
7648597
7880651
7573550
4001661
3153174
11017486
7539096
11760057
11146941
12927484
7440105
10175140
12864535
12712512
108404
9402495
5792302
12986570
12365139
6083099
8684466
5408705
14999770
10495823
11137379
11193707
6628956
2462306
2478556
8908841
10888490
7881934
2627493
3633410
6426998
9735032
14569615
1317268
10595633
12618917
4708604
4914945
10987299
11795832
5221343
8127074
14910670
14427916
9938893
12045511
12589629
11033080
2122027
14556042
9907121
12026356
13686434
8499478
946690
838192
4254837
13130123
662731
3021200
5425221
14023666
1853557
8284029
11424435
7533658
2614999
7764252
4001981
12292971
1273260
6658170
1471331
7092559
14009375
3544579
346300
14233613
13311528
10837352
3676824
51540
5575869
6369199
9012396
4506410
1824374
4690198
6387115
11023570
8329988
1147936
7519336
5582371
7002902
9262040
1362979
14172192
7788238
12301274
4254842
7554981
10337154
10914356
10618304
13326304
14116092
6092550
935611
11384983
6199700
6586808
2503734
6780247
2335015
2288116
9940736
7369737
3480216
3243461
752436
2745278
13243337
1359696
3816342
5713022
9626041
6459343
3914857
12972079
6394475
14367118
9921356
9180257
3964524
5636609
5735199
9797590
5756371
11749723
10437068
9304578
3475344
10808560
4800152
8507163
1118223
13665068
4563746
12030410
10848206
5160522
2121
2759566
14397582
7147873
12515805
10338549
2687627
11669481
8972808
11125210
6699774
2130664
13657499
8275574
12486726
9760558
3483487
1192679
6312655
5541336
6697027
14601352
8744695
10222985
9091377
11146935
13821985
13423323
8689739
7848525
8515280
11259292
12979546
5644977
5260953
14666496
2892268
5286477
6076193
302467
12902194
14663191
137984
11416562
6868504
5381175
5388902
5561447
624166
10518064
7697233
9331539
5084662
8479554
1647791
2276538
6379710
13814214
13442991
10064573
5664846
3776251
1312200
8961545
4265239
9240563
14269329
5673061
6296091
1027113
3017135
12666123
10659187
4482048
11166198
7786969
8894713
7816813
13923497
4645727
12832984
105055
13768244
5719240
12986361
6203659
14570628
5326719
12338787
12678704
13189787
2684405
1172017
14674073
12238960
7939146
8187084
3024753
3254884
12050816
2894583
7461813
12221607
10608870
13453663
3446509
2469274
11077245
14011240
14423246
2989507
5003322
10116903
606963
12993303
4402342
1759426
6531471
3166262
7957488
11701404
2114934
10140644
5464835
9454230
823382
7634931
6247143
11317346
5058193
11327641
5428278
11148954
9454132
3095437
7520070
4175322
7300652
4118512
7361592
5058912
11998153
3315049
12961462
6063623
24789
2193409
372528
10896733
13584480
4463504
10394184
1960474
6457900
9116241
13103409
12324949
1657681
3356111
5457142
7603783
7583210
11708129
5692656
6548930
13149941
12298345
1262793
7461778
33170
13721519
2721375
8059839
4657637
557458
1415
2399784
5674579
3016924
13542224
5704636
10383356
5598012
13540169
8874997
3286738
707509
1684054
5196199
14959244
6599133
6157434
730056
9000628
8077295
1217543
1806444
4702948
12384984
8275866
14458974
8330073
2255578
7969762
7153424
208861
12067852
11335666
12672201
12064387
6458911
5240469
9149144
12897046
7397901
13679383
6899938
7537097
955058
6562626
5347365
5369762
8970927
3179033
2109108
8124072
14389787
7456156
1949441
5174427
12406657
3292307
6342118
14186613
7250370
2635886
6821388
4491947
1243974
13379359
5945032
5949917
12133079
6039146
4017518
5417481
10932396
9023089
10927671
3631521
11156714
144201
9380905
4820646
11136315
2128704
7129713
4044088
1894661
9542083
14709611
8111058
11130297
5462145
12243856
6166709
336306
12135701
13179158
342054
6975717
5204927
9336415
4121154
11404781
13184079
568478
1508981
7814940
11212860
5978862
7965420
263237
1770037
9988152
14623356
4084191
8650101
11878681
5458399
11111036
10563575
2480285
7695361
12482959
611185
12665894
11526035
9538466
3625650
6182297
11545258
12160313
874444
11464377
11470590
8858006
13067632
1318565
13258226
3906629
11638730
6756776
7011554
6543011
3215035
7861172
262389
9173807
11545650
8290355
8530988
9630311
5052132
5929965
10370862
7875652
997326
9997501
4335777
4843050
3718789
11016158
11899670
14126666
11352254
2308833
5671113
8274401
13770110
2090778
2528210
10465023
3997675
5332836
8746057
9189821
7109418
14522376
8612376
6374353
14206225
3539929
9736162
584233
11357278
8541666
8448024
12283334
8750006
10709451
11264707
467723
7381939
14097744
3233963
4834516
5252312
6082263
13913307
10009405
10188711
9886827
11741246
11666439
10497503
2630224
1968552
14810899
2546907
11812258
8601645
8911501
597337
7447928
9289631
1326984
2576335
10622764
6038489
13599312
10726097
3253927
11153283
9334273
8197971
14587941
12853058
2376598
6352378
8090421
3551038
3634987
1174362
3381855
10094987
12955630
5992020
7969258
2621876
9460750
8799131
5777230
582997
12745647
7010897
9902439
8557142
2670922
14728140
4000715
14405928
2116583
1725991
9678743
9421035
4979652
1898437
484743
5277840
1086732
13415674
8336780
12545713
9991587
11476183
6425415
5717778
7200238
2640552
8334431
939264
12393078
2352255
3525166
6087866
2959144
9580876
8970620
2830865
14009701
7446910
2680712
10364968
5840370
9869210
12175328
10833887
6192662
219281
11053831
14383591
14724667
962499
3941996
2562110
10810668
8960799
5899564
7098848
6885855
9806592
4764058
9122972
5874479
9721946
1981591
5832641
13480363
11563971
12103659
11748237
2175865
12872970
10038838
12436816
10337016
11102235
14447417
5955324
823202
14938224
4436016
12355292
10657818
6059950
1224382
41765
2299123
2517425
9312952
6895646
12424621
1583210
9936574
11000422
5170317
6137417
5244237
6936032
9819278
6812225
12238648
7657180
10702898
7930221
4923147
12360918
4033382
11074798
11049044
13935656
9142629
4139805
8034200
9879054
14072928
7291456
5716353
14626140
6695879
1884851
1427343
3322898
14255917
2333743
6303526
9045265
897487
11319020
9001019
4454105
7218487
2391985
3882474
10229244
2892719
8341160
8119466
901345
6416003
3593549
8959620
14114823
14088473
2611382
11269220
9621076
1706272
3547667
2042862
957559
8847266
3805312
7656611
5906867
13963218
9221476
10902372
14973739
2108170
9787992
573724
10620224
8423235
10697410
13619252
3277823
10846450
3286498
4417218
6280363
12886128
6390167
6343327
11301033
12672178
14779168
7267264
8059053
293359
8084474
4678607
10903347
4125336
8998849
9626925
2171228
9837758
14201395
9952961
3268550
5527770
11275374
10509006
9266389
6095853
10990355
11934856
9780698
12847757
11560386
4690845
32294
11710125
5857303
3271308
9247685
3222207
10561745
8553701
11433100
1382872
10788955
1205689
9918535
13198658
10959468
2814527
3649176
4132900
12635586
7480182
13025691
2508015
14557631
3724809
13652877
7858796
3570284
10171896
617611
9103776
4496997
1399904
6745372
6588914
13345524
8625753
4108756
4628797
6785481
11227912
14527774
959478
10686291
9550008
6389597
4719324
13485780
14839612
9990246
5076652
169776
9193556
63510
11526562
7441498
1102783
5306342
5060708
14828953
8984004
11367199
7569249
10236893
5294988
11774034
6986322
8747184
2599936
8769785
10820725
13157342
1387491
4107382
4466024
7311115
3137678
14823777
11257439
3194715
13121720
12710242
8744111
10406331
4175902
12778683
13789050
11260331
2806568
3040422
8032244
6344100
9313028
9660629
2152764
2635054
3843615
9591897
9386451
7183877
4685471
4075252
10390507
1797782
14281370
12728060
11287314
3261135
5069861
6222590
11297549
9715228
1765727
13276124
14709591
5599897
2116819
11516982
784627
6021254
6655602
13952648
1594737
3929321
8579130
8793249
14983931
558772
11322996
10299090
1825555
9474497
2193223
12593593
5238661
7268767
877338
5925126
11155755
13036321
4617085
6206534
654507
5935933
6871548
11951827
3049715
3887647
6632659
6306723
10954408
1822079
5380726
3163296
4985697
12753981
3048053
5288958
1565464
8057462
13797061
8978790
9556411
1784361
4309436
3317951
11036059
10867982
8054046
13254301
13115394
7253530
347694
11634635
10828734
7556457
13420911
12406665
6291562
8313988
10489804
12787082
14705891
14192361
1393471
1888007
8656554
4095792
7959531
4985304
7607333
6807830
14916560
979238
11752412
972784
12418630
5613628
5729677
10570878
10996551
4101178
13722014
13906576
5510248
6703247
7611205
6863691
8967911
748761
5509742
12852770
9730675
12583761
1594784
4668026
740253
2814127
2302499
13692538
8590969
3238765
4257769
5402095
9532685
10130271
4657609
11209406
2033152
11237279
664680
2953740
12601276
14557991
6478245
12280839
3623424
14288546
5653465
3034739
3426993
10177751
13698157
294914
3581894
6572193
2122291
13743696
12806188
5623256
9316719
2472880
11109763
9553699
11424393
5390574
6669834
783935
327442
4035645
13853497
13413837
3679246
3275841
3499396
3401274
12332582
13173078
14167868
14293715
1070421
8280416
6253499
1324798
14945449
6654774
9569719
10431273
8086726
9873999
1344182
1282701
7348360
14841915
12159901
11202525
2115974
4718166
8232499
3009800
6221557
7982704
8576672
1922534
1382920
10815590
4883691
7889760
8625712
7773887
4291221
1388210
2262447
13434315
6954405
2935363
4272570
12218236
138600
6774422
4652428
4918958
7760615
12598643
5875661
6882734
11376474
11129511
3129204
852684
85101
168161
370219
5491939
14319109
2385116
2547592
9963511
6580872
7225951
6885540
10056927
945290
10162308
1819168
3913492
13406420
8654745
7805215
10659753
11818990
4184024
10930471
11890861
8544848
1024441
13816303
311645
14760686
1033109
9493803
14192695
1600850
3351489
5757613
11327464
4449391
5751872
6760041
9869660
14984999
9912861
9631468
3682244
14591156
11049381
97632
2214092
13827260
9246834
10466078
10921068
10186676
4058042
2173904
8402560
1684364
1758181
4990851
10232557
14031345
9734554
13748032
3010256
1693210
2836432
1665925
8545966
10590119
14901587
2503725
14668453
6336020
2768950
15855
4505060
2539433
5769689
10988301
1709852
3881376
11724444
6084889
7084520
14784606
6680893
2008336
14500477
12783540
6461748
10801608
3267061
4200866
11880047
10005654
12591588
10484193
3190332
12252900
7723322
3916008
6695608
4980899
11994328
13301736
8601894
9466217
6136575
1496553
9897729
14496922
1422466
4582308
8888127
13158088
7906367
12563411
10057930
4457756
11463069
5638243
9168210
4802044
2059395
7481750
9813774
4905883
6465697
5726764
2390205
438074
3440822
4968290
14876825
1455665
7852909
7417173
10571372
11026740
10361296
9239069
7830484
14777476
14073681
5712588
13171108
13690536
12691515
10716368
7875138
880800
8337759
14654730
13229060
10646338
3233384
4627596
4403047
1212028
2971221
4780827
7600311
8997733
2947594
11211360
8399164
9888267
12006307
12816074
7334606
13990625
7600232
8368498
6669435
10878551
13719924
4611416
10960653
414436
6831089
12498861
13822497
782565
7191353
13638741
2004314
7612545
11156977
14572441
3677169
2532693
2155261
7515419
50817
4478413
1951650
6948826
9546907
14703951
2006971
13425533
5010691
10019412
13522727
10675006
5435508
6514590
9149130
1159225
9958674
13808104
713020
9319092
5265732
13150807
10894573
14076641
8250026
4826884
1628232
5585031
1134094
625264
6548391
7750788
14389679
11972459
483709
13558614
796305
285114
3930471
4187183
13706442
12002106
7195922
4669719
14516916
13154249
705579
10530051
9288762
11349329
929827
6178394
6548678
14120313
10285417
1962706
4628445
1360961
5472596
11838603
2815544
712054
12892611
14928980
2408743
6577550
13178852
9080049
4646837
3953692
6738185
5578881
4465751
5370511
10886311
10839482
8298029
4930525
3206401
9742135
10037729
1867034
2722150
12099408
12833552
1220044
9834402
11378763
14851611
14421263
14131762
557477
11588941
7730511
1385939
6843218
10556931
5625151
11740956
8965990
8972156
2255329
302644
4587699
1017564
884500
11522240
231408
13832175
922874
13111198
4752479
11354731
11684521
9070962
12590225
13857022
7671330
3211802
7027219
13698450
6074490
6823438
6787287
14370336
11949490
7646852
1216881
9581971
8271275
8635848
11094367
2548958
9845608
11918688
9831233
11175251
4733680
10545699
12633744
7109003
8049264
2465939
12697835
2725030
608619
12125013
9444663
10590025
11938976
395112
2537123
9920996
14701312
5698171
6000229
14131831
11754493
9522987
9606548
12499200
6447787
3503184
632772
12111992
7104124
10428115
4452356
5342505
12419309
14078397
1557015
12677701
11542977
547543
1293396
13942304
12657753
4434928
3240538
6556267
11045305
3274285
3665332
7038195
12310334
6467208
12662583
10744664
7270245
2068319
11761902
1078995
8493440
1245703
5233949
4481146
7607856
4219290
3061558
7822493
13802174
6660614
13476847
3379252
6217866
2466238
5462533
5036970
14312181
5761995
3058921
13691403
10591897
9484940
11267748
3496075
6293885
5103341
2781238
13984876
3766241
3553435
11780624
2713699
14970591
3561374
2213634
3526535
7995948
12024575
12757662
10402295
5813238
10577866
9939386
5185247
5619023
986264
4688316
46629
9552177
9565971
14289987
8121675
3203974
6181819
278228
3981676
1198853
6396241
12769429
8793870
14481198
10950616
2359989
2581135
4101882
2695541
3317006
8991879
8167539
12746938
13456539
7604
5479619
11441234
1959865
460624
14408467
5252761
10031665
7477053
4482727
12147555
11837928
3919923
12865035
14592147
10577228
14762162
6172212
302112
4743268
2176316
14908828
13753452
688627
14966067
11670055
2540435
9628564
5258394
10491179
12807298
11021445
9828463
11034897
49881
5840045
13821161
6147348
12998268
1907139
8959384
7041267
7945146
3898798
7897633
11655316
3350512
6348611
1100519
14071133
9973161
13889947
8639006
5692521
7748148
2945058
9947225
3619081
3042444
4399743
2672846
913147
13871231
10531356
9978897
4921750
12524785
12035716
7727740
5335277
13735548
275394
4266457
12664559
3820537
9881144
13021759
11576898
7693980
972682
5859483
10442401
4851709
326314
11797317
8215305
8516625
14984847
662218
5714104
5212981
8760645
888468
3598836
5072638
8677763
7172267
2750317
11630425
3667758
5420712
1269871
404442
2826622
8731084
3586518
9757997
13646002
10225336
5755598
9142960
2393344
3636088
4273120
923491
1760170
5495734
7648806
9293321
9603492
3726060
8302055
7851832
9215702
13101657
3912030
6004518
13049589
13147003
2859044
2021372
10659443
12449148
13348001
9405874
3659559
1579608
10142740
10467739
7011712
5584637
8187776
1555844
1773372
11989039
2578074
11122645
511262
13376659
11504543
14336933
14412896
3607369
12454087
1037619
6251194
3203902
590118
10684619
11925944
10919193
6931680
9250250
14155383
14516450
5625580
8798794
2298512
13640475
3684443
10642831
4974198
7766753
5579452
2396950
6867614
11931868
9432636
6141306
12352339
12510008
10468083
5054060
14488330
11659489
2387960
9949421
2894591
7579358
9620444
5682346
10711615
10040470
1529271
6314195
4716909
3784936
12245221
2690479
4658953
2480010
7499326
4992154
1487684
2178930
2019878
12097389
5767258
11130104
7861519
6796645
5525574
1097736
4632053
12151130
14559857
2033186
85114
3154778
4750993
9944896
13625518
11197962
13427496
8788206
2853405
7419454
14526019
14203208
6159278
10826455
2781131
7404769
4352759
3662989
11125363
5394760
8117434
10958670
14514841
622224
11163061
4091610
11853444
14574907
9683680
9214016
11247209
13622766
1492796
10066101
7333890
5123944
12991234
1261198
283452
3849807
5211360
2168076
14889356
417345
10750089
1315560
14554808
14912049
1978859
4912912
224911
14083081
5428783
1853713
7552868
9964249
12273004
1585389
6784322
12024249
11991636
445083
12038895
10941159
5824698
3843186
3551779
949995
1644595
6126836
6266269
1189918
12382943
5760122
10746329
14474687
1838142
5462117
4202267
10966660
3813956
13287922
9446805
4980698
955768
3606203
11200679
11413051
3577741
11623104
9229056
6038478
1819813
737593
6543820
10830907
10325785
9873163
8366949
4656656
7770075
5815283
6674687
5367083
6436525
5090518
12992189
8006977
11184407
13743239
3648063
2051946
173865
14180430
14258692
6736439
14019828
3549855
1556679
9606298
13576980
9085164
14305502
7659901
12149562
7072126
3028485
1357021
11734871
7694423
14151660
4666818
7459512
7990726
1412426
11266827
9356513
198035
9362666
5054833
775409
7131953
13081677
13382989
12272758
4179074
8688782
204537
726856
10487585
7988266
12827854
12467472
6103580
14889982
1299869
428923
1785259
14592758
11299024
659359
8254709
13820731
14370228
6210843
5467232
3398092
3058819
12681382
1344285
6562719
1202386
1725823
11755550
8339490
6803953
48450
10935863
12098326
2843688
14158125
9866924
6750022
6741115
8631800
362339
14710401
249984
4247567
14192941
4422126
11050414
706932
8496126
7346739
7499348
12782871
9642707
9291156
89614
5747525
12803108
13125402
10577670
1770611
3721540
1677113
14128758
556270
7028994
2430056
13140043
12498107
12348251
4038244
42983
13459666
1031520
5646261
3731974
7600698
5476392
4032388
8018693
3166318
2506038
12045003
11885349
12305397
2761815
9167563
4680364
6006141
14751632
3700355
12103127
6503914
2750231
12924798
10690483
2089535
4356902
10704256
10848749
1479514
6378579
4943922
1229366
8510446
4594135
46748
14993952
13260498
11957874
6672483
145692
13071188
12989878
8646902
12101896
6243000
5179709
1091346
6765274
6293982
7449405
8277985
12183153
9469328
3928213
4371963
4846415
4241092
894284
1172583
3641623
9860732
9787084
5871390
9748745
6670509
3705870
12349103
10678257
2362293
10318261
10458117
9701197
9686697
13204970
10230756
975211
11342128
7078869
8832605
13777395
8655691
35637
10344120
7991989
8171300
14734872
5517800
9816205
2297374
1800775
5172884
5874818
26826
11079977
9962869
11368212
13363222
14436595
9090118
11467074
159112
991190
11848741
3838336
384160
13995779
14507330
7300717
2466312
5931609
6216324
4388334
11157414
12911207
12145171
9118362
9395099
8765160
11589114
1630116
7655460
5124450
10234511
10876104
3759784
1990512
9226198
6130388
6374859
11928585
8579603
869110
2743014
12429785
9234866
1378819
7063085
2776893
13880310
4036934
5893055
11509076
5737279
7187766
116279
3510045
10315926
13353617
6571844
328739
10507447
12094676
9334594
9260191
10926434
677050
10627003
3776823
3365545
5648237
3351144
13808640
1855184
7528775
6182738
2607614
2336819
2098407
9394823
13450720
12194725
3590030
3488528
5953847
7157028
3000589
3966562
14265181
9152473
12046762
14312649
7191588
12654836
5633377
10112221
5135295
4228516
10149698
5146452
5497840
7298335
12126170
6598688
1587616
1739507
10587317
5100424
3509946
11288953
12167248
9163723
4041869
1862743
13278263
4298969
12278114
10782407
5826253
10054177
10538612
13360483
2885732
9409425
2773625
14019836
3806691
2862195
10139902
6835450
6485691
3304737
8211546
7677597
5283785
2779191
9920901
13617816
6017028
12033974
8519836
11825970
7415686
13452197
3488219
9602465
7735572
7821477
2201513
9952844
1447223
4616967
7842699
1360880
9963310
14388400
706424
6233652
1825540
8634994
4930341
10912194
10639159
7771303
8118288
6355894
6135910
2604431
11016012
14375004
9898048
2561362
14135006
14347895
13994998
10268404
6822971
6623333
3055638
10731052
5023278
13269511
9784531
13132749
10938746
1948060
1910694
10239086
3846487
6499399
1926372
10029815
6579756
14851643
10760803
11216344
11182068
13368107
332058
11747075
7343723
10493711
13002819
1560739
8139949
1983232
14766600
8574811
1803057
717045
10010353
386357
12929053
7137702
10652015
8372059
7389292
5809192
7972715
11658718
8259305
11391934
2171866
2637225
12616883
10738532
2441442
1856305
7550955
3651397
8707019
6131703
14027616
14185928
1988778
14831668
8788080
7262347
4680643
8715376
8794052
14249618
12839389
9731377
8790401
5805337
9447930
3893056
1837740
6931049
13419850
4208715
13510655
11219018
14429620
7869653
14690300
6309807
9547337
5385437
8334480
7530647
13882021
10420497
488846
10133280
3018162
5772001
8277720
10462878
4616760
224654
3900034
5709568
5637840
1293919
10463668
13850036
5236262
10999612
9344152
9491882
11162805
7799821
9375468
6094593
7071058
5496148
6518072
14634438
103859
11851954
7911151
11472411
3808216
5112070
4984665
9605279
7948341
1304507
12067724
7231026
10103308
2308185
6152554
3765146
3650872
9618393
12177092
3796331
10024624
3598365
9025360
982405
10320728
12886520
12019445
4028788
10564057
13253520
3275981
2413072
14958059
13056930
9070404
7150317
6459756
4057079
8508077
12634171
5935326
4069909
14311222
11357542
14912008
5866915
2284234
13683516
7426264
9680434
12117136
8887483
11198062
14624228
9841878
13789400
9418182
9803371
789278
12054680
14880832
8395815
11387920
9431056
4740330
14668307
11263226
6581057
1455783
4849297
2350994
2912630
6809836
2662183
2369533
5929750
8831367
3591947
14774090
14934792
7815801
627908
9382469
48340
13687009
5129393
4906473
2846942
1803505
13500937
14034813
690369
4743447
13983644
12569323
13247331
12530814
2499184
13356186
8391086
12672454
12971652
2873566
465270
14124888
187052
4145991
9195389
10011782
9722322
13148382
13893309
12743787
12448360
1020193
675197
2637645
4701064
9609330
11677230
7387984
7533332
2000988
3767277
1687759
13077500
6315111
4012503
10696607
5546825
10430955
2321999
2780415
13848895
13595696
7921241
8960468
6271554
2752274
14236560
13253933
11992634
11867731
11861130
1382281
11200719
8783099
8231826
4229202
752919
5747242
5012262
11969356
9826199
5706774
13736103
4710833
10199140
10462377
8716710
5826590
11847204
5598316
261271
552127
449208
10660787
5300233
6448879
3701722
4511376
2838814
11895014
6865607
1151522
10652652
14650157
2955746
14904346
12530827
9983210
10304155
14029696
5201183
7041565
7059452
3269631
10822980
12983084
7577282
4634485
10769278
7175879
11140913
8202343
9560915
8409316
2455384
11617423
5962562
126955
14482884
4975169
10458438
2923101
926332
6689859
6682208
9160089
3986782
5038934
5902468
3188243
13918840
289860
14350070
11413365
1403072
3714658
10521984
12501910
5618248
10981049
3762904
5679851
5942487
14421297
13999198
14921378
11529795
13280063
13569662
550356
8153807
4351251
4498371
7338227
3297317
971857
109290
6371935
4790899
2688117
11717210
7558312
14079903
6749423
3524815
12410275
9342377
3018948
10470625
9168172
877528
8748090
10334973
1804978
11497969
6460235
951696
6742984
5310316
11899053
4070706
2731175
12133269
4112747
10165503
10576919
12546591
661502
167370
7254629
11892201
14229461
1534218
4316688
2644764
10724011
2046603
12807853
3386712
7589855
14488072
12384868
12425417
11289103
14412643
14282084
8919137
12866500
12104844
6509578
7134709
558777
9579847
684654
90510
6052811
11214854
12135708
9953076
9959739
13021529
7764137
11497005
6871927
1381768
325916
7728645
3132055
14234847
5903415
11950628
6535815
14679095
4056548
884303
3441414
1463717
669395
6357322
9349963
7562476
5688171
4087402
12728124
7037552
6870090
11545127
2471317
1911837
13446962
11910071
7000074
5083610
11192573
8201571
6518172
1093373
4901533
1254953
10238435
3880073
13239443
11354642
4057801
11190117
13206714
8207160
13822463
9353893
11746305
7789381
1510482
12530930
5396661
13476144
13574564
2396714
5634707
11116272
11059021
12698190
8713528
2711529
850224
11143778
8701430
13113764
12001658
2568133
5530202
36282
3360518
3513966
9865639
10126988
13463670
13764727
4040913
2839185
89248
9031158
6930603
8877594
13442880
4818768
10153953
4031729
1724028
893371
10822230
1078703
8919297
12437412
12409100
11022802
799840
13718576
2314843
6179367
4598556
13759520
10084106
764398
3864052
6064948
256018
5836581
14106939
902407
11975150
14705987
14916806
9871796
5579899
5496885
10512485
12854313
2586452
6250448
7218765
10299123
3722468
6290204
7761276
12709139
6357505
4625901
2149426
1124688
7255583
8786602
6408969
5743846
1011264
14028944
5701628
12782434
2987727
5667954
5425065
1600757
849892
14177694
245836
14323827
7489882
6267702
7301437
2685042
779353
8958944
8048025
6788545
13267783
13297072
9579818
8934677
9667372
11058140
14428111
5698910
7891728
13685499
1431486
6016969
2637414
10431628
12465587
3565730
11191487
4060483
5409135
14418659
3817690
13522491
2358766
14445064
9297878
6858656
12084667
8627324
9625676
7725872
5202244
11106714
9073761
12419340
4524919
6687726
4287607
10211761
2855946
10586184
4487506
11261514
13440406
9170417
1847519
457038
14805022
760012
11631443
3942938
6225439
4890444
10625505
13444588
9155217
6325683
1194472
466906
7485116
6011157
8409019
6489050
12963365
9613867
7862039
7840191
6191071
1350652
226027
5311912
286652
10231581
3793398
5485758
14194705
520596
6682794
4632899
4289943
5292100
7250004
12060989
8271559
4015156
11656439
4141590
631646
4156770
533117
10724400
2775988
11005220
5427538
8946127
13916644
2927378
4699186
1948966
5386142
3889281
9518257
13787227
12443248
11702841
2750205
7643774
10428123
9629872
7177910
1850703
12534986
4062929
3047402
5095389
3936549
2744680
2551016
4479430
3420910
2102302
8397552
5290379
10086651
14690188
14605322
3467213
2862826
6322732
13218877
7016132
11326581
7193298
8901754
8070028
964014
13696928
4373192
4325256
7086654
13776874
10230559
1371414
11138892
8803958
8140399
13245341
3480585
354900
1706448
1184481
1117977
394711
14835359
861966
2033030
11329932
11056514
3358059
11679979
4728873
149315
12893936
4830450
5419841
7951655
13002667
5898803
277572
7345683
4170152
127894
14479567
13354338
7811604
9409364
603188
9222583
1710544
9446893
10268375
12825531
6967827
6913060
9049767
12681362
2520417
13167609
13799518
8709494
7220693
3082566
2036276
4248701
9102818
11763816
10093362
11480592
12626712
10647527
14571486
4770548
3463263
4793256
6321080
13874520
12435835
7863905
243137
2713829
6859536
2366448
13279415
3328126
12220354
3873462
11864237
7632663
10225495
6806936
12266989
11341692
7924278
4242482
2594040
6915309
7743483
6784115
9843920
8942193
8931151
5370049
11363641
10049584
12755191
11454324
12205459
7575408
3101272
2326271
8162568
9089222
4583475
2863666
12470552
14934402
5117472
14255874
9322064
7165225
1346152
8599291
9272368
1944638
1570288
799855
3915263
9430233
118324
11318535
914541
4253206
11422117
112949
9161857
2042319
4990324
5578971
11908440
6087792
10402564
1801669
7383067
13984981
6143465
231217
12389840
10870512
11279304
3400439
3263419
3031039
8478264
2957006
11604509
9874943
13985790
4753948
5875081
9990591
13714095
3802312
1578971
4666145
2218234
5456435
260912
3084077
14062023
13298400
1035921
11325559
13864631
2518987
13779609
8628863
10183529
5801865
6135617
1500516
2476123
11644803
9575930
1925304
8435914
1000485
12675425
4114417
12838
2871921
7770969
14915125
4625116
7071184
11181686
1840565
6050236
14292929
8134679
5394044
5439172
14600174
6336148
3371555
13855931
7259222
14006960
8978305
9370167
230695
6643870
5808659
2512655
3524562
1953717
479971
750754
9923870
13945486
4081019
9207075
9886675
14118675
8201895
12117287
11784443
8058730
11510655
7793967
7113260
9848238
2884231
9180661
12914147
3364524
1181517
7112645
2968900
2439291
6666413
10590774
2382085
3316546
862055
13518962
11992614
5140369
12228808
9756330
10136835
13408353
13424084
11969817
8069931
8367449
12706430
8977675
14316375
9766453
13027391
5987698
7941974
8495333
13412681
13109284
1917460
7308544
13391313
5838593
8708990
9769371
10860808
11271362
12446856
13177940
10642368
1868318
7519030
13059548
9743664
5451746
3240874
12081929
328359
8596864
6022860
8841316
3174133
4955845
12627617
243443
4793600
70235
9521051
3304135
3050597
7180096
8763245
13076495
5368739
9621444
11969767
3085866
9348530
8478936
682472
5147826
9026310
13434944
11686247
4517609
1494136
3398339
14105753
13045942
5829173
13418936
993162
323969
1403015
998726
11879886
2387848
7727717
7909012
6612835
11414584
2929494
11990110
10084248
8943326
6292540
6827365
13131343
4444509
8424617
334137
6307349
6372040
12528190
558227
3512515
8315390
872621
9056430
10299848
8501234
14747020
2217998
11027430
5917683
9430885
12556807
10772919
14807413
13717557
13764620
2489449
11428346
5686842
13278685
14853962
11778583
9073089
176406
9155258
6105390
4871468
9995115
9292718
8811175
35246
10144840
11678144
11831725
4468143
9813024
10482486
6753541
1469182
3113556
8216767
5659678
3949878
8749451
3244457
6736396
9157415
9376531
6256745
9400910
5839120
4333133
1223731
8306364
5431580
4814465
7809108
7546329
6636374
13881104
13469442
2415551
1560064
14170531
760547
13416866
2248190
5646606
3866436
6674027
10641329
12103184
2951313
7411675
1310021
7226301
4864452
11471604
6349587
14694267
9257639
14814412
5910665
10007003
10929377
12636329
6421045
3600927
6244391
11490426
7284659
12264933
5583585
14888188
5726304
8153940
4048472
3273381
6061495
467749
946373
4345454
8876563
14574239
1481552
2125668
577726
4514353
6571341
6804924
1788107
11359983
1180228
9929503
1709878
2061100
10026811
10035177
6993515
2127789
560635
1083051
6097637
9074459
12174977
6215935
13731509
9919783
12426150
310640
15526
2501354
5828264
6018908
10791086
10679305
9441883
3489513
5829101
8759613
2221754
2595360
14774674
13140466
4134192
2999375
13295379
5268505
7728205
14062596
7407339
5705813
9141742
11184432
6984271
11432846
6090331
6493292
5810827
6170780
11508559
2722219
8832195
10473739
13643025
4499348
13626925
7732529
2120445
9341947
5232766
11982341
9650907
1458584
12583095
11227628
7466502
12826006
4976000
631127
14581230
6219243
5995680
5979754
2942545
9234017
3755113
8989713
6896034
11983739
7132881
2985605
9678632
13655365
3528191
11038277
8439564
1088705
7476978
1879144
11388795
12540414
8162039
7243228
14990617
3949716
12800834
5801360
9338645
14816748
11039942
13875935
5944197
5367424
12314159
12246257
6112615
397466
12260971
11682066
8646755
4854693
11797982
6356643
6071187
14433791
6822194
1658297
1414997
4574553
12107728
4998686
7719340
158683
9745750
7097605
7697643
6351591
12028221
3150319
14375103
4746458
9048084
12681495
13651822
6162149
4838914
7633228
6883260
5213356
1462249
6078868
11680190
5906935
13785241
10228975
1542670
12813845
7472162
9036891
2763713
11834420
7627073
12004076
5202679
11966119
2731410
5797330
97412
2224887
7071999
6222490
4286107
3857743
10434984
14448701
9009129
12384732
4537693
1950322
5976327
7059820
11649871
6776776
9866065
13505574
14535870
2421043
14578621
4649798
6403642
14251390
11808784
5381557
12309443
3416829
14459710
4734682
547337
6714771
2092821
7114795
11647203
2340777
4764208
10237859
3247670
554028
10608072
7283481
4308320
12833284
5644058
10495896
1216160
3771802
3391963
13664245
7745915
2503177
9999769
13199841
10844807
2930439
10797753
10533817
12318762
4304255
1455669
1578271
6100311
3518286
2237288
4717859
5129927
4809120
5193553
12734726
6524693
6702664
10052554
10742258
14680289
10979711
10362871
11314399
6280632
3280767
1579271
3699461
9108156
10993501
8065574
5671500
13351155
1358293
11809830
10173717
9480119
6942932
4919896
13604428
2923677
14409546
4515779
12663640
10336326
13770559
2110010
1337140
9716445
5195023
3622012
329381
13035398
7746924
2051683
11313652
297780
420024
2822361
11408627
4934594
3169905
8633934
1613974
6734369
671354
5315200
1195744
738331
2099733
8933389
13696787
5699408
5671761
2982633
8023494
6509238
13121632
6607784
1742386
4519757
6188441
1359195
2480608
4905009
8659615
9234671
7119038
10899092
6244054
5459465
13559631
9139331
7942790
12888175
85218
1642654
13118446
6881310
13173127
12695158
6225509
3751908
9461283
6392720
4261895
5762624
227054
10890726
9326142
13795744
12847237
7327976
11102124
1691407
3001618
14098303
7180896
3962894
9093726
11208421
13814212
5857142
3290222
7702895
923789
2175462
6601653
6626684
3143633
14379487
7335986
10174041
1630313
11334302
9764017
1579248
4716675
5704020
7009494
3699641
9759135
13883903
5327611
9677901
2228393
14482841
472973
8935452
14521415
14806633
816864
1016441
7320384
12102568
12350145
10662529
13405298
14182903
10046282
13027392
3392384
575383
8280094
12547585
7729662
4143019
8553260
540364
5110469
9043055
5007409
5627626
10914118
6982630
7127183
295055
12326767
4130283
12376623
2850959
3968470
11254764
14295592
779692
1683787
6043032
91904
7943804
7122234
4683190
9955771
13207435
2023584
3171298
8987774
12989395
6804317
5639603
14039247
7738080
5665913
8397916
4014864
11707570
9562477
10898384
10086175
1774564
5611743
10580278
14520720
1093629
8489337
6709160
5143399
10402745
10839217
5327938
4160593
4260290
8722816
7335665
11168844
5007140
7128652
4050683
10821597
8359913
10707437
7347026
1639072
11249251
6973665
7509184
5667437
10421233
14968645
8961697
7411650
4843829
10455033
7348210
4693840
13642096
8605306
14527650
749589
9488656
9497210
11476916
8234273
5850334
11316391
757777
2876515
10362138
10897225
14878407
843564
1354830
1379541
7005211
10490197
9373319
9133883
12801732
6501589
5743056
4375780
5084421
5594935
11031039
10342683
9783930
14316468
6867293
6257282
1030496
2062562
1055277
7598950
804506
9878968
8745347
8596028
10030395
7480982
153708
10066705
8393241
11327322
12584772
8300205
12347084
13895369
727445
12273473
5529149
11061364
13561673
5518472
1945891
11622431
11835966
11942728
12521791
6754764
2363516
1820974
8237015
12666872
7620898
13151453
11112265
4529143
2176062
10418652
12069497
57916
7128253
10333969
9135290
11798974
10100066
11583634
3785388
5451040
9864524
3171231
2869435
11950691
9582769
2960315
10315308
5741759
5150034
12308325
14609829
11412318
13635658
4916341
3269007
10929132
14530173
12974769
5832693
5927
6631143
8439875
9223926
8950941
5673673
7825234
3946229
6599459
11183608
7929419
1303737
5432290
12845967
11621729
2899751
14461710
3144707
10399307
8021213
11278683
13150049
7811664
7001977
10173298
8408346
959734
10496828
6964113
14415204
7429684
7083683
12782068
1582023
3982120
14185007
8489375
10410816
7655508
2250788
14383175
139296
13624501
13947890
4465590
8027812
6636357
4579073
13870747
10352071
13018105
6116218
10507624
1628399
3632286
4059883
10969237
7403381
7362333
12793114
6687515
6936026
2464322
3989340
3604410
2089424
6659240
6270496
4811690
69925
5870012
4477029
2239195
9007499
4854408
730854
8757008
12396708
12454958
6095192
5053654
9728798
5290652
9531365
9515928
324378
14230076
1525640
4224239
10990855
12679882
13284386
3588468
9293331
8401831
10786088
11808958
6673946
10382171
1745258
12423647
5647520
13316862
7661001
11363388
5549635
12558121
1517083
3561502
2336183
1511265
12278953
11165593
14272470
4654501
2100978
933210
2040003
13451503
9401288
14920937
389182
7459525
9414384
14572961
13728856
1200694
5684906
1433566
14256331
8381737
9282476
8064361
14167336
4776680
7433434
2473474
3094167
6288496
71470
497958
10275854
9496548
2934384
11574949
6564363
1746436
10592206
6381609
3054298
10413698
4043035
5039201
14070176
1361842
6359371
11645763
14268396
3294811
4810917
3205792
9201702
2928504
6604251
2093104
492557
13711736
8587064
14117495
11367901
4721240
5822789
10261429
8135401
13382950
5845888
5428810
14782911
7957833
7824806
12986655
7343992
14706256
5070595
14668318
2859184
742530
6918698
6172791
12818185
406156
845888
8863177
13621842
7932802
10259440
5618460
10336257
11472334
12356989
9474427
6211753
9091111
8665803
9775611
11845488
12853349
14245877
5760248
6694860
5750712
10280817
7725436
7803440
3372512
12787333
10580419
6975667
1100705
14350953
14154031
9614187
12445020
8175109
13580181
3437745
3608819
10448348
13812421
8576909
6172164
9473220
13862422
8133043
12791376
4849554
3957772
10980723
2788566
6918526
4245202
14014926
5368282
7484862
1173397
10407848
11734976
6062342
2143665
11840909
5023045
875108
5902709
14559790
1746893
9554049
4869424
10222975
11615571
943761
12327643
3119447
9356098
6756251
8382701
9683525
14025362
3028490
8625642
13157542
9847769
8173266
10736146
2892828
14030203
8004784
897050
13197027
13613477
967535
11848942
5571730
11613372
9367658
12544253
8525760
13195593
2777063
4568191
8203770
14996296
7044386
3052670
3590800
3342716
14696547
12780494
5427034
3525965
2393393
11161471
2502854
5682358
8481423
8742497
12749870
9683481
13516437
13963431
14264450
2086043
6072102
13175328
13339881
2242409
8119795
10030793
1072243
6726488
3063592
789548
3448601
7981693
7287670
11778714
2100009
3152054
8497040
2756498
536480
11343552
9477392
2736456
1119201
4917327
13938386
1598775
1359461
12995138
13085228
1735744
331526
1248889
7700019
791094
4252534
717429
8048634
13867109
7383827
11472094
7715457
14044886
13415775
1325876
5031311
8409076
3244203
1719582
3185014
4303097
2335233
8521404
3798208
4611747
3723287
3805487
5364345
12699093
13818025
10722044
5572940
5604063
8928
14681077
10510233
2824171
12166277
4056961
4540656
10740466
4498288
3040757
1673526
4162512
2723984
5020657
3606
14851075
10431098
3414055
11968738
8749524
10280647
8084368
8984091
194343
10895871
5457018
479426
2398556
1438164
12784690
9953125
5191636
1386840
14804718
10599558
14699542
4383930
2247128
10039336
4743536
13810999
7531328
11045493
12344832
10663932
12999584
14951876
8410898
9642416
1910965
2768351
12864413
4347983
12772506
13512198
13309102
1041052
10408905
12520900
9921533
10544302
8065382
7500072
7737039
413181
253271
9969759
3340144
594165
7951113
1349997
9509320
4736373
3982274
8939142
2725722
4236260
8342642
11046595
489893
654744
10521883
10374658
13873400
12248584
14148954
10433360
4435642
12200583
13360900
2872552
10650488
2572058
5224061
3882897
305685
12970374
4892203
5631477
13316247
8484991
13819959
13699407
5972275
2660594
13589288
7219888
3149832
14232938
11882713
13626285
6661349
14357081
5324281
13552367
7325058
611453
11267612
9426922
5088749
14523635
12399248
11357475
21103
12937013
1127875
10198365
3278679
5626351
11008770
9439129
711674
3706047
5358367
8895581
11109993
6389052
6078564
2370101
5952836
6038271
11322318
7318134
3572252
10078287
4736495
11188199
7527296
690986
8170413
14795426
6045458
10286727
10942420
12150055
11139737
1555165
9669088
1845566
13452990
12516952
5225483
9019596
13836818
6655318
4880869
9568809
800266
3266094
7640165
13938217
14353736
3265115
3941957
8495091
11791943
12380407
6259023
11431804
4543482
499932
12513090
14380157
7662621
13855769
6216588
11456740
10511098
1474903
14601655
8234759
2279479
7424661
98638
12968029
4625565
12014224
611152
9061316
11631775
6594548
122889
10829793
12801020
11732556
6164009
14374202
13058964
4260397
5727069
2449565
14909288
13133336
6178335
13345798
460170
3940099
11910569
7993085
10812098
4809975
13166360
14978927
534336
2958076
14633242
545670
8922580
588062
3634494
4666131
8721204
818875
4311384
7976944
6131938
1664286
6819141
4186260
5246435
9118577
7563878
10258838
10685643
4368976
4624762
3265743
1399579
14411966
5326404
2398237
6392877
7789767
12829492
9486110
6760378
6045591
5102346
14249434
718305
11428434
5018984
9821004
8803413
2222952
13587817
2476331
10383738
4962007
11024653
6466941
12890579
9035303
12923045
6900878
14824722
11415237
4492225
7821416
2302521
3424560
7752136
11064467
13234038
12672209
14983870
1864646
9171961
3608432
4244290
2732431
4441219
2966460
14071637
9581700
11696399
13725623
6008609
14699389
5670909
639675
12168597
14006125
12735943
65863
5134520
12578635
6806325
8150940
208690
7628169
13393958
7969721
2365652
1170337
13763853
12399757
5198935
11796753
3037501
2969605
7282017
11571739
9824662
14047699
5740188
11107610
5980871
11250359
3667929
7298194
10826351
4020702
4665961
4360304
8705977
10306396
13869743
13763347
3137343
2834872
2690019
8845251
6158350
11300810
4847284
8522366
6738772
13875223
13399605
6667070
5705728
10212669
11899835
3943633
1934370
7324888
6738887
14629806
12537795
4180827
2988183
1359484
6232980
10058674
3207341
4365502
10562875
1516655
4846768
6986245
8135223
8499614
7741505
8909830
2281327
678272
6833987
9317198
5899052
8564863
8594226
5528741
3711778
14225330
9735010
2493614
1713915
1979736
9238070
10353755
3006554
6080039
7976050
