6499098
6499150
6498839
6499341
6495720
6501856
6499171
6500924
6500267
6499905
6500288
6500396
6499501
6500190
6499805
6499104
6500166
6501319
6500120
6500163
6498494
6499365
6500304
6499377
6499743
6499886
6499828
6499770
6500397
6500696
6498159
6501192
6501313
6499254
6502870
6502743
6499694
6498281
6501712
6498387
6499504
6500411
6499207
6500731
6498899
6500248
6501299
6500169
6502723
6499013
6498639
6498403
6500246
6499916
6499884
6500777
6501129
6501030
6500471
6501303
6499589
6499765
6500677
6500130
6499525
6498934
6500979
6499001
6499125
6502000
6499184
6499914
6497998
6501262
6500315
6500692
6500501
6499980
6501127
6502041
6500022
6499464
6499276
6500761
6500179
6500865
6500280
6499906
6499096
6502071
6500045
6500294
6500909
6499793
6499078
6500459
6499798
6500067
6499972
6497531
6500923
6501537
6498014
6501229
6500404
6499170
6500478
6499014
6499764
6499786
6497552
6498770
6502308
6499921
6499384
6497456
6500538
6499579
6498546
6499043
6499259
6499248
6499497
6498673
6497669
6499218
6499619
6498761
6500587
6499388
6500069
6500218
6499670
6498440
6499859
6498925
6502185
6500388
6499241
6500057
6499767
6499192
6499690
6500783
6500676
6500894
6499808
6500160
6499787
6498745
6499969
6500555
6500276
6500684
6499578
6498084
6499663
6500717
6500691
6500565
6499717
6499058
6498905
6498914
6499683
6499706
6500195
6500089
6501759
6500297
6499432
6499295
6500401
6501343
6499946
6498562
6500635
6499904
6499576
6501687
6498866
6498350
6499567
6500646
6501412
6499048
6498656
6501312
6497620
6500212
6498740
6500053
6498948
6500273
6499245
6501579
6499772
6499353
6501187
6501220
6501283
6499492
6501846
6501175
6499311
6499487
6501345
6499668
6500588
6500728
6501680
6499897
6499785
6500882
6498983
6498902
6500648
6500499
6499630
6500719
6499932
6499726
6499605
6501045
6502258
6499625
6501211
6499119
6499201
6500721
6500331
6500949
6499959
6500011
6499436
6501002
6500680
6500502
6501210
6502676
6500198
6500564
6501183
6500153
6500206
6499002
6499919
6498970
6499925
6500200
6499560
6499128
6500824
6500131
6499944
6499550
6499399
6499129
6498616
6499480
6501404
6498343
6498560
6500292
6499750
6502607
6500124
6501231
6498861
6501983
6500270
6498992
6500509
6501215
6499705
6502812
6499563
6501334
6500518
6500581
6499437
6499298
6499112
6500386
6500881
6499757
6500325
6499693
6498747
6499195
6499781
6500886
6500239
6499534
6503078
6500745
6500107
6499317
6500085
6499369
6498857
6499811
6500017
6499739
6499036
6498341
6499819
6499996
6500054
6501116
6500497
6500345
6500754
6500893
6499907
6500201
6500152
6501029
6498446
6501006
6500251
6501201
6499257
6498676
6499979
6500443
6500025
6500571
6500492
6500279
6500136
6499396
6500360
6500542
6500670
6498566
6499538
6500516
6499948
6500969
6500376
6501348
6500972
6498878
6500912
6498800
6500413
6498372
6500929
6500321
6500993
6498877
6500805
6499232
6501493
6499148
6498411
6500435
6500332
6501337
6500361
6499466
6501402
6498935
6500736
6501364
6501921
6499740
6501705
6499857
6500283
6500122
6500374
6500029
6500593
6500128
6498997
6500726
6501857
6500263
6499624
6498773
6500937
6498197
6501442
6500651
6499536
6502156
6499856
6498549
6499095
6501040
6500631
6500306
6498649
6502314
6499302
6501400
6501082
6500802
6499618
6498961
6501416
6500578
6501342
6500450
6499186
6499508
6502032
6500063
6499506
6501379
6499533
6499923
6498036
6500959
6501565
6499773
6500989
6499823
6500769
6498231
6499371
6498808
6499658
6499679
6497155
6501631
6498467
6500762
6501007
6500708
6499745
6499797
6500536
6501721
6501452
6500334
6500621
6500416
6499428
6501633
6498799
6500060
6498128
6498154
6499936
6499661
6501434
6501125
6499754
6499583
6500561
6500656
6501141
6501641
6497841
6501044
6500601
6498468
6500311
6499440
6500167
6498974
6498506
6501069
6498801
6500024
6501178
6499172
6500400
6499854
6498486
6500237
6501047
6499336
6502026
6498164
6500439
6499315
6500008
6501230
6499288
6499177
6500232
6500741
6501156
6499176
6501711
6499585
6499368
6501458
6499953
6502615
6498522
6498781
6499866
6499707
6500970
6500252
6499469
6499968
6498835
6500911
6500608
6500671
6499665
6498872
6501450
6499688
6500914
6500637
6500602
6499427
6501147
6500032
6500046
6500224
6500617
6499110
6499885
6499149
6498953
6498752
6501143
6499838
6500055
6499997
6498578
6500596
6500135
6499348
6498937
6501862
6501159
6498678
6499966
6500859
6500961
6499319
6500574
6498472
6497931
6499684
6499180
6499274
6501426
6499827
6500755
6500563
6500207
6501576
6498242
6501821
6498076
6500633
6499851
6499006
6500814
6499836
6500099
6499698
6498650
6501218
6499221
6498895
6502318
6500161
6501663
6498694
6499554
6498019
6498657
6499929
6498712
6500888
6500826
6500205
6498998
6499016
6501950
6498474
6499961
6501010
6499792
6500078
6501880
6499711
6499865
6499716
6501779
6499503
6500707
6501403
6499275
6499714
6500109
6498316
6499883
6499056
6498863
6501816
6499231
6499272
6498424
6502050
6499211
6499612
6499523
6500457
6498806
6500622
6498651
6499206
6498390
6500101
6501050
6499762
6499430
6501028
6499047
6501499
6500155
6499639
6500038
6500849
6498989
6500908
6499680
6500566
6499660
6501039
6498240
6500338
6500141
6500242
6499637
6499261
6500094
6499044
6499505
6499483
6500127
6498260
6501990
6499965
6502147
6501148
6499153
6499791
6500477
6500254
6501131
6500669
6500732
6499147
6499304
6498367
6499858
6501322
6499327
6500323
6499326
6500812
6500052
6499477
6499830
6499675
6499746
6500884
6500975
6500609
6500715
6499647
6499703
6499407
6499610
6499727
6499594
6500070
6498683
6498726
6500470
6501465
6499283
6499334
6499320
6498456
6498955
6499938
6500013
6500100
6498150
6500091
6499814
6500410
6501604
6501279
6498435
6499496
6501144
6499028
6499584
6499255
6499363
6500461
6499540
6499552
6498662
6499809
6500118
6500505
6501066
6499003
6499974
6501233
6499402
6499266
6499729
6498820
6500240
6499120
6500901
6498520
6501207
6500324
6500620
6500716
6499011
6500451
6500794
6499908
6500729
6500357
6500271
6500208
6498940
6499124
6499855
6499074
6500630
6501554
6499485
6500705
6499106
6502224
6498534
6502386
6499454
6499796
6498449
6500819
6500415
6500436
6499370
6500191
6499641
6501820
6499425
6501208
6500817
6498410
6499210
6500645
6500035
6500349
6499774
6499768
6499671
6500813
6501054
6497925
6500142
6501460
6498095
6496776
6500917
6500522
6499017
6500097
6499894
6499033
6500189
6498083
6500364
6499702
6499655
6500974
6498183
6499545
6499079
6501017
6498692
6499431
6498349
6500188
6499730
6498648
6500758
6500830
6500605
6498406
6498856
6497006
6500627
6501589
6500113
6499782
6501119
6498451
6499416
6500204
6499842
6500296
6500036
6498392
6501951
6499237
6498034
6499681
6501429
6501155
6499024
6502138
6500960
6499374
6499759
6499307
6499844
6500946
6499871
6500600
6499306
6500626
6501013
6498655
6501768
6501254
6499970
6499233
6499015
6500604
6498789
6499736
6499861
6499653
6500547
6499111
6499822
6497787
6500607
6499846
6500585
6501781
6500150
6498339
6499460
6500850
6499456
6500261
6501291
6499090
6499945
6500398
6500773
6500154
6499732
6500572
6501161
6500391
6500343
6501018
6499488
6499813
6500686
6501653
6497889
6499896
6501152
6500313
6499220
6500083
6499429
6501202
6502787
6500598
6501115
6499230
6500560
6499264
6498975
6500872
6500289
6499123
6499715
6501591
6498668
6501247
6500176
6501005
6499941
6497987
6500954
6498388
6500093
6500243
6501778
6499638
6501035
6499571
6501506
6499130
6501390
6499406
6499243
6498756
6498816
6497302
6500148
6500137
6500867
6501060
6499376
6500945
6500474
6500682
6499373
6499992
6499776
6501804
6498567
6497728
6500896
6500922
6498470
6500265
6499591
6499359
6496920
6498775
6500472
6499833
6500223
6500842
6499595
6500330
6500286
6501392
6500980
6501640
6499510
6502294
6499055
6501070
6502283
6498893
6498845
6501278
6503137
6500693
6502038
6499741
6498788
6500383
6500003
6500341
6499872
6501239
6499379
6500710
6500934
6500724
6499951
6500482
6500789
6499689
6500180
6500092
6500926
6498896
6499553
6500799
6500312
6500595
6501311
6499381
6500967
6500797
6501280
6500117
6499613
6500493
6499788
6501162
6500697
6499988
6499045
6501008
6500000
6501578
6499197
6497557
6499151
6502339
6500772
6499744
6502420
6499343
6501481
6499267
6499558
6498460
6502654
6497994
6501166
6498719
6499442
6499568
6499027
6498794
6498638
6498223
6500221
6499662
6497879
6501324
6500709
6500226
6498641
6498982
6500405
6501214
6499713
6500557
6501293
6498922
6500291
6498469
6497915
6502046
6498898
6498245
6501287
6500390
6499277
6500344
6498294
6499489
6498864
6499332
6498875
6501746
6500229
6497702
6499126
6501827
6500576
6501975
6498853
6500466
6500300
6500316
6500837
6499710
6499022
6500766
6500768
6499109
6502402
6499463
6499133
6499943
6499393
6499909
6499816
6499229
6501706
6501510
6500688
6501742
6498237
6499067
6501104
6499366
6498319
6499963
6500749
6499364
6500487
6500068
6498653
6499250
6499337
6501661
6501193
6499349
6499860
6497720
6499356
6498854
6501536
6499874
6498907
6502204
6502029
6501158
6500955
6500156
6499342
6498971
6500284
6498608
6501791
6499752
6498977
6500143
6500258
6500667
6499322
6500001
6500065
6499323
6501110
6499999
6502617
6500014
6500573
6501046
6499009
6500532
6500491
6499458
6499136
6500253
6500219
6500592
6500569
6498428
6501145
6501236
6501826
6499026
6499155
6501237
6499449
6499252
6500287
6497631
6500062
6498792
6500891
6499203
6500182
6500519
6499829
6501353
6499971
6500159
6499771
6500333
6499519
6500394
6499318
6498548
6500119
6498485
6500028
6502977
6500086
6499358
6500703
6498378
6500112
6500507
6499405
6501062
6499977
6498920
6500351
6499709
6499895
6499864
6499985
6501428
6499777
6500930
6499849
6500227
6502060
6501120
6498849
6498957
6499144
6498261
6499161
6499699
6498951
6498739
6499052
6501699
6499493
6499468
6500938
6499728
6499742
6500138
6500540
6497939
6500307
6500140
6501540
6501696
6500075
6499049
6498597
6499205
6499099
6501941
6500541
6500225
6500158
6499113
6499564
6500681
6500359
6500340
6500663
6499643
6499676
6501055
6498944
6500854
6500568
6501203
6500771
6501469
6500977
6498557
6499375
6501109
6500318
6498795
6499794
6498340
6499651
6498561
6498906
6499975
6498679
6498999
6499575
6498778
6498204
6498697
6499238
6499097
6498848
6500149
6499292
6500116
6500402
6500878
6499273
6500350
6501888
6498811
6500164
6498466
6499270
6499930
6499738
6498504
6499020
6499434
6499362
6499530
6498942
6500641
6501436
6500175
6500380
6501502
6499825
6499038
6501806
6501387
6500050
6498208
6500650
6500162
6498477
6499565
6500353
6500337
6498879
6499308
6500916
6500446
6497909
6499514
6500197
6498523
6499404
6500043
6498091
6501350
6499138
6497660
6499931
6499947
6499804
6500365
6500452
6499333
6501367
6498453
6500302
6499065
6499475
6500529
6499942
6500463
6500883
6501953
6500299
6499912
6499749
6498991
6498024
6498537
6500042
6499249
6500965
6501462
6500964
6500690
6499537
6502375
6500335
6501190
6500649
6501388
6500612
6500111
6500660
6500599
6500480
6500209
6500422
6499696
6500524
6499621
6499329
6499424
6498760
6498288
6501544
6500257
6500216
6501020
6501373
6500426
6498539
6501087
6500034
6500838
6499157
6500115
6499347
6500064
6499107
6501252
6500841
6498733
6498928
6502242
6497019
6500407
6500791
6502706
6499367
6499949
6497793
6500293
6498805
6499174
6498133
6500233
6500836
6500503
6498222
6499127
6496531
6500744
6500935
6500597
6499433
6500102
6501405
6500701
6500081
6501172
6499633
6500739
6502925
6499986
6500512
6501940
6499385
6498888
6499414
6500948
6501630
6501744
6500285
6502942
6501457
6501137
6500526
6497945
6498954
6499163
6500146
6499954
6500963
6499476
6499573
6500354
6501818
6498768
6498931
6501410
6501665
6500634
6499544
6498363
6499852
6498919
6500517
6500523
6499479
6500833
6500869
6500389
6502207
6499648
6499217
6500319
6500269
6501328
6498376
6499832
6501196
6499453
6501090
6501173
6500774
6500409
6501212
6496888
6498012
6500018
6500378
6500428
6500895
6500147
6498199
6499412
6501930
6500807
6499539
6502011
6499958
6500408
6501639
6497705
6498923
6498507
6502211
6501440
6500214
6499976
6500757
6498495
6499893
6499918
6501702
6500103
6498409
6497836
6499152
6500615
6500936
6500231
6501866
6498686
6500544
6501117
6498962
6499657
6498605
6499877
6501559
6499522
6499222
6500920
6498497
6498663
6498501
6500044
6501340
6501088
6501305
6499093
6500177
6500625
6497697
6500395
6498026
6501128
6500310
6498981
6498714
6498206
6497783
6500751
6500174
6499901
6500582
6500907
6501071
6499422
6498852
6498043
6500447
6501038
6500455
6501395
6497716
6498493
6499208
6501822
6499775
6499057
6500994
6500438
6502397
6498901
6498267
6500367
6499603
6500508
6498306
6499810
6499335
6501217
6499294
6502025
6501226
6498604
6501295
6500713
6499973
6500983
6500855
6502219
6499340
6499137
6500019
6497764
6498876
6500464
6500759
6499820
6501683
6500372
6499236
6499608
6500282
6499778
6498943
6500552
6501441
6500213
6501363
6499000
6498454
6498727
6500642
6497983
6499310
6500575
6499415
6498793
6500421
6499748
6498949
6499498
6501282
6500613
6500373
6499409
6501669
6498860
6499094
6498836
6500727
6499556
6499910
6498749
6499891
6498765
6499758
6498636
6499967
6501586
6500659
6501473
6500521
6499395
6501081
6499284
6499053
6497662
6500870
6499019
6499031
6499783
6501700
6497760
6498995
6499517
6500515
6499551
6500653
6500339
6501838
6501077
6501067
6499116
6500840
6498015
6500898
6500377
6500105
6501628
6501270
6500424
6498235
6500475
6501205
6498803
6499258
6500616
6498908
6500730
6499293
6499672
6499570
6500858
6500096
6499521
6499215
6502286
6500559
6500594
6499821
6500879
6499314
6501448
6502097
6499355
6501100
6500999
6500088
6499286
6498841
6501487
6500301
6499076
6501292
6500844
6498482
6500685
6498850
6501878
6500123
6500548
6500308
6500871
6499507
6499486
6501264
6500860
6500628
6501019
6498202
6499652
6498226
6498838
6499025
6500543
6500619
6501332
6500362
6498360
6497305
6499105
6499108
6498874
6500740
6499118
6498007
6499473
6499467
6498525
6498813
6501078
6502312
6499692
6502990
6498956
6499141
6500614
6501812
6498911
6500342
6499516
6498241
6498118
6499841
6500533
6501651
6501609
6500260
6499616
6499193
6499644
6499262
6499253
6502010
6500927
6498832
6499309
6500652
6499993
6498622
6500720
6499071
6501679
6500640
6500672
6498689
6498464
6499868
6499303
6502165
6500370
6499512
6500481
6499413
6498587
6499075
6500185
6500657
6499581
6499114
6500483
6501160
6499064
6499548
6500030
6501189
6499609
6500250
6501154
6500530
6499592
6499933
6498005
6499632
6499582
6500192
6498859
6497645
6501629
6499843
6500490
6498690
6500687
6500110
6498357
6498556
6498968
6498270
6499173
6499491
6500210
6500843
6499789
6500738
6498293
6501461
6499601
6499708
6498450
6498558
6498796
6499964
6499984
6499400
6498685
6500393
6498188
6499806
6501097
6499994
6501867
6499606
6499898
6500238
6499061
6502493
6501984
6499987
6498351
6498945
6501315
6501101
6500295
6499282
6499198
6497573
6501468
6501102
6497554
6501381
6499103
6501912
6499656
6499635
6500061
6500453
6500866
6500171
6497519
6500488
6501588
6501517
6499088
6500880
6499799
6500245
6501900
6498624
6500550
6499873
6498318
6500002
6498273
6498966
6498865
6502508
6499697
6500082
6502009
6499687
6499547
6498870
6498755
6498892
6498105
6501910
6500704
6498503
6499100
6499474
6500170
6501409
6501200
6500469
6498311
6497811
6499835
6500876
6498324
6500689
6500638
6498929
6499850
6498510
6500510
6499143
6498986
6500431
6498544
6498972
6501073
6498723
6502897
6498710
6500856
6500737
6500968
6499265
6501003
6499513
6501072
6500015
6497476
6500496
6499455
6498904
6500134
6501048
6499902
6501335
6500846
6501289
6501522
6498476
6500026
6500385
6501672
6501053
6500775
6498236
6500445
6498094
6500811
6500756
6498602
6501839
6499029
6498695
6501723
6500305
6499920
6498285
6498880
6497686
6502742
6501925
6499204
6498652
6501478
6500644
6498296
6501021
6500222
6498798
6499346
6499227
6501590
6498302
6500071
6500058
6502479
6497333
6501463
6499435
6501546
6502373
6501253
6499659
6498855
6499010
6498780
6500184
6497761
6499721
6499354
6500430
6499462
6500484
6501238
6499760
6501725
6497949
6498830
6502333
6501290
6499188
6497822
6499251
6500007
6497603
6498759
6498826
6501349
6499557
6498642
6500133
6500829
6498143
6500734
6497986
6498887
6501581
6498266
6498941
6500375
6500196
6498405
6499839
6501126
6501370
6499502
6501938
6498664
6499915
6499066
6503872
6499235
6500392
6499631
6498072
6499812
6500694
6498915
6501422
6498771
6500957
6499528
6500437
6499457
6500215
6499956
6502213
6500168
6499471
6498701
6498751
6499990
6499461
6502334
6498753
6499279
6500348
6501413
6500494
6500247
6498890
6501294
6501177
6499450
6502117
6499629
6499132
6499761
6502033
6498436
6499824
6500040
6499555
6499495
6499225
6498593
6501504
6503470
6500665
6499244
6501326
6498722
6499790
6501298
6500823
6498543
6500414
6498258
6501587
6498782
6501753
6502379
6498579
6500941
6499802
6499515
6500655
6499166
6498498
6497478
6501169
6502795
6498843
6499380
6501467
6500326
6500527
6499634
6500420
6499246
6498322
6498827
6498625
6499115
6498688
6498883
6500454
6500020
6500733
6501079
6500985
6501603
6500821
6497828
6499837
6500433
6497795
6497295
6499978
6499182
6499682
6500476
6499751
6499853
6500005
6499338
6500403
6499421
6500591
6498938
6497792
6498177
6497626
6501397
6501106
6500366
6498554
6500932
6500528
6500782
6498239
6497624
6498750
6499892
6501747
6497367
6500049
6501423
6501398
6501844
6499145
6499600
6498964
6499572
6498767
6500441
6498307
6499068
6500199
6500790
6501362
6497985
6500788
6499845
6499392
6500852
6501275
6499256
6501130
6501243
6500918
6501962
6498580
6500760
6501092
6499847
6498297
6500073
6500004
6498640
6501861
6499623
6500551
6501198
6501438
6500328
6497965
6500479
6499312
6498947
6501435
6500558
6500971
6500145
6501242
6501788
6499202
6498540
6501865
6500072
6500809
6501685
6498817
6498646
6498047
6499598
6501163
6497814
6498526
6501606
6501430
6497719
6500173
6500586
6500743
6500121
6497300
6500567
6501987
6502043
6500095
6500381
6501803
6502137
6497817
6496951
6498524
6497921
6500056
6501417
6501948
6501577
6499183
6499482
6501339
6499640
6501670
6501946
6499769
6497458
6500661
6498973
6499989
6500580
6500290
6500562
6498738
6499593
6500982
6501607
6500905
6498585
6501051
6499614
6500379
6500368
6500915
6499438
6497745
6501323
6501034
6500051
6501521
6497204
6500272
6499357
6501004
6498674
6498397
6500958
6498219
6500942
6501755
6500857
6499200
6501675
6500679
6501347
6497941
6500513
6498254
6498492
6499529
6498361
6500249
6500792
6498821
6497988
6498243
6501241
6500987
6499223
6499848
6501068
6498292
6499361
6501662
6501016
6500853
6500848
6498784
6500241
6500554
6499345
6499599
6502326
6499228
6501717
6502413
6498705
6501031
6502236
6499913
6501103
6501485
6502093
6499863
6501777
6497725
6500520
6500589
6500230
6499050
6499122
6501288
6502919
6499940
6500535
6498818
6498812
6500172
6502700
6501585
6501558
6501056
6499890
6502490
6498702
6498762
6498463
6498809
6499102
6500039
6498889
6498682
6498734
6501924
6498950
6500077
6499190
6500023
6498194
6498100
6499831
6501459
6500590
6501261
6498960
6499734
6501325
6501140
6501121
6501344
6501124
6498353
6501281
6501456
6498178
6498783
6501491
6501597
6501825
6498500
6500570
6499042
6502454
6499922
6501496
6499840
6500610
6501184
6501513
6498744
6499722
6499952
6500387
6499991
6500742
6497110
6500986
6497936
6498257
6501480
6501598
6500951
6499755
6501602
6501248
6498444
6501871
6499982
6501693
6501122
6499664
6501213
6497759
6500012
6499642
6499484
6499271
6501286
6500129
6500995
6499666
6497908
6501246
6501519
6499030
6500329
6500767
6499386
6498912
6498918
6498932
6500181
6499867
6499051
6498415
6500059
6501307
6501454
6501763
6501667
6498779
6501327
6497711
6501273
6499962
6501906
6500139
6501139
6500165
6500864
6501168
6500801
6501134
6498707
6499725
6498881
6497858
6500021
6499041
6501774
6499285
6499950
6499763
6498214
6498152
6499165
6502524
6499834
6500747
6499224
6500553
6499018
6502190
6501000
6499926
6500235
6500259
6499587
6499439
6500278
6500256
6501276
6499398
6499032
6501915
6502082
6500425
6498939
6498742
6499242
6500803
6497623
6498327
6499800
6500647
6500683
6501841
6499499
6500787
6499650
6498328
6498654
6499862
6499403
6500327
6500114
6501224
6497967
6501185
6501415
6501977
6500998
6500808
6497834
6500978
6498735
6498417
6500194
6500956
6499731
6501285
6498717
6500950
6501223
6500845
6501251
6497394
6499753
6499879
6500885
6498362
6499756
6501832
6499087
6498386
6499626
6498607
6501174
6499566
6499139
6498303
6500144
6498065
6501024
6500220
6499899
6501331
6499520
6500486
6501691
6500203
6499331
6500877
6501284
6500399
6500919
6498699
6498572
6502186
6499350
6501785
6498308
6499876
6499035
6498246
6500419
6500449
6497481
6501525
6499131
6499328
6499667
6499290
6499998
6498491
6499167
6499701
6501550
6502109
6498052
6498163
6499620
6498400
6501733
6499269
6502014
6501739
6498547
6497922
6499445
6498025
6499880
6501876
6499527
6499441
6501869
6501023
6499154
6498644
6497622
6500193
6500892
6501624
6501027
6498687
6500698
6501697
6501064
6500211
6501244
6499081
6500448
6501022
6501310
6497862
6501354
6499546
6500066
6498298
6501580
6499387
6498109
6500584
6501266
6499299
6500132
6497293
6499181
6500785
6498550
6501927
6499169
6501176
6500711
6499927
6501041
6499382
6500429
6497567
6499280
6498571
6500825
6498990
6501985
6500851
6500793
6501533
6499960
6501167
6498193
6501439
6500953
6498309
6498696
6498046
6500255
6501500
6499260
6497146
6500465
6498598
6498952
6501351
6499481
6498797
6500157
6501151
6501870
6500992
6501025
6498748
6500800
6499179
6499160
6501265
6500079
6498169
6499524
6498743
6499397
6499597
6501186
6501455
6500355
6499360
6499875
6502445
6501738
6501479
6499390
6498994
6498427
6499677
6501764
6501036
6501918
6500943
6501881
6500806
6502391
6498969
6498632
6500228
6502003
6501058
6499779
6499196
6501542
6500432
6498277
6501795
6499500
6498666
6502496
6498536
6502240
6500406
6499561
6499037
6501012
6499569
6500873
6499983
6503257
6497438
6498715
6501571
6500556
6502012
6501234
6500183
6500875
6497763
6500827
6498736
6501492
6501032
6498336
6500266
6502061
6501061
6501393
6499712
6501113
6499674
6500618
6501793
6501011
6498769
6499352
6501507
6497736
6502419
6498987
6500048
6500076
6498035
6501531
6498021
6501483
6499281
6498217
6499559
6501015
6500632
6501618
6499330
6498490
6500765
6501541
6498967
6501527
6498894
6501360
6500217
6499654
6502631
6501765
6499296
6500031
6501566
6497688
6498985
6499957
6499691
6499300
6497919
6498713
6501170
6501263
6497448
6500863
6498425
6498729
6498846
6501118
6498886
6499240
6501083
6500861
6500352
6498681
6498381
6501736
6501191
6499723
6501605
6502813
6498320
6499470
6499423
6497255
6501754
6498563
6501445
6500623
6499034
6501352
6499543
6499611
6498170
6499685
6498718
6499881
6501259
6498335
6501829
6498058
6501942
6498776
6500579
6497849
6498496
6499532
6501599
6500725
6498583
6498443
6500815
6500016
6498323
6501059
6499673
6501689
6501396
6498238
6498847
6499588
6501199
6501980
6500277
6498272
6500973
6498211
6497938
6501376
6501582
6499928
6501133
6498093
6499636
6500904
6499607
6498508
6497524
6501728
6501873
6498325
6498395
6498354
6498402
6497976
6501495
6501557
6498119
6501991
6501355
6501920
6498837
6501369
6497070
6500931
6502233
6498487
6502191
6501338
6501704
6497742
6499531
6499720
6498106
6500706
6499807
6500485
6499419
6500442
6499325
6502993
6500010
6500611
6499541
6499039
6499719
6500346
6498329
6500006
6502637
6501694
6498389
6502019
6498145
6501643
6499577
6500831
6499766
6500718
6498457
6498030
6497997
6497574
6498173
6498346
6497643
6498176
6499226
6499135
6500264
6498103
6499389
6499649
6498555
6497606
6498182
6501615
6499189
6498903
6499070
6497739
6500636
6497944
6501206
6500027
6501988
6500537
6500358
6502114
6498703
6496603
6501451
6501611
6498442
6499803
6501269
6498519
6501114
6498884
6498407
6499494
6498819
6500460
6498988
6499596
6498330
6497469
6499408
6497809
6498559
6500818
6497468
6499869
6499815
6499142
6500104
6498763
6500037
6502879
6502332
6501296
6499268
6499214
6498274
6499448
6502645
6501321
6499669
6502004
6498693
6502470
6500151
6499937
6499086
6502590
6501308
6502054
6498720
6499080
6500899
6502338
6500996
6498815
6502035
6503374
6498728
6501318
6498135
6500699
6501085
6500041
6501636
6501076
6501995
6501625
6497251
6498068
6498691
6499628
6501905
6499121
6502206
6499617
6501919
6500495
6497396
6498421
6499627
6498137
6502370
6501317
6497307
6497408
6499291
6498020
6500695
6500810
6499586
6500991
6499178
6499146
6498099
6499695
6499289
6498532
6502195
6497012
6501659
6501638
6501227
6500126
6501842
6498505
6499372
6499903
6498868
6498634
6499168
6500675
6498704
6501497
6500722
6499321
6498304
6498976
6500906
6497480
6500835
6499451
6500531
6501453
6499159
6499083
6500828
6501819
6498871
6497692
6499995
6498008
6502065
6501671
6501260
6500202
6500298
6502462
6499645
6498050
6502055
6500336
6498568
6498851
6501584
6500624
6497440
6501182
6501575
6501511
6501830
6498787
6498132
6499795
6499063
6502511
6501257
6498958
6498489
6499590
6500511
6497741
6499935
6497676
6498031
6501063
6502669
6498588
6501772
6502209
6501646
6500009
6498979
6500356
6498741
6501645
6500662
6501514
6498594
6498251
6499518
6498542
6498535
6500990
6498569
6501414
6501833
6500427
6498248
6501482
6499724
6497671
6501965
6497979
6502545
6499301
6499686
6498946
6499410
6500234
6500506
6498613
6502108
6500804
6497545
6498603
6499878
6501798
6499046
6501926
6497953
6502175
6501509
6500780
6497542
6500125
6498885
6501543
6501767
6501616
6502702
6499084
6498053
6498530
6501562
6500178
6499316
6501371
6500322
6499817
6497993
6499162
6497683
6501647
6500746
6498867
6498978
6501216
6497197
6498250
6497427
6499140
6500939
6500317
6500606
6501180
6498282
6500577
6500314
6497352
6498647
6502274
6500534
6499391
6499917
6498249
6498565
6499465
6502040
6498365
6499443
6499313
6500752
6502303
6500440
6497674
6501505
6501374
6501808
6502231
6501074
6502737
6500525
6499444
6501761
6502105
6497867
6501197
6499446
6498993
6499580
6501904
6498370
6497975
6502622
6498658
6501135
6501899
6497627
6501855
6500412
6500887
6500084
6499394
6498930
6497840
6499383
6503499
6498834
6499526
6502306
6500714
6500781
6500889
6499888
6498732
6501378
6501425
6498331
6497607
6500962
6499955
6501091
6498916
6502237
6499247
6500666
6498600
6499209
6502592
6497417
6501449
6498631
6502229
6500549
6497546
6501874
6501553
6501219
6499882
6498431
6497506
6499054
6499212
6498737
6499091
6501847
6498394
6497332
6500434
6502092
6501745
6501107
6502106
6498396
6501574
6501627
6498488
6500940
6500603
6498148
6501255
6501749
6500786
6498921
6500347
6501179
6500384
6499784
6496907
6498626
6498283
6500890
6500468
6500244
6498196
6498913
6500753
6498660
6501760
6498136
6501112
6501383
6500303
6498051
6498659
6497958
6499092
6502074
6499420
6500236
6498067
6497935
6500779
6498458
6500090
6499747
6501555
6501530
6500498
6500108
6501080
6498754
6500816
6500473
6499542
6501515
6500674
6501094
6500702
6497513
6499007
6501682
6501896
6499924
6500418
6499156
6502899
6501917
6499900
6501099
6499562
6500629
6501539
6501164
6497533
6501225
6499911
6502713
6500984
6499213
6498814
6500262
6501545
6502173
6500832
6500763
6500776
6500320
6500868
6502486
6499004
6497843
6497699
6502259
6499012
6501789
6501306
6501535
6498253
6498225
6501111
6498614
6499008
6498375
6498545
6501098
6500087
6498345
6497781
6498255
6501171
6498627
6501297
6498215
6502059
6498862
6497682
6497989
6501359
6500764
6501528
6498263
6497482
6502158
6501684
6501249
6498279
6498321
6499216
6498619
6500546
6500966
6499077
6501620
6501623
6499158
6498305
6502414
6497029
6498609
6497393
6497445
6498125
6500668
6497362
6498831
6498698
6501361
6503153
6500981
6501494
6501132
6498465
6498430
6498582
6502128
6501893
6501014
6498096
6499870
6497832
6500862
6501551
6500467
6501498
6498087
6498113
6500074
6502399
6502277
6498210
6500417
6498080
6500106
6498459
6501520
6497937
6501437
6500947
6498268
6500500
6498393
6499187
6498419
6498612
6498502
6498473
6499737
6501596
6502962
6499472
6502353
6500274
6497527
6498414
6500098
6502116
6502146
6502056
6501095
6497062
6502215
6501914
6502143
6500423
6500382
6501573
6499511
6501727
6497873
6502347
6500371
6498511
6501549
6497860
6501813
6497338
6498262
6497940
6501964
6501748
6499889
6502160
6498275
6498234
6501796
6501052
6497679
6501235
6502746
6502302
6499939
6501146
6501569
6501929
6497707
6499678
6498517
6497466
6498621
6498670
6499278
6497518
6501380
6499780
6498610
6501901
6499324
6501372
6497325
6502436
6500080
6501272
6497044
6498840
6500047
6500933
6501657
6501065
6500281
6498049
6498996
6500658
6497315
6498207
6502634
6502708
6499417
6498189
6499700
6498002
6498069
6503256
6501037
6500654
6501851
6497561
6498667
6500309
6498155
6498209
6498368
6502086
6498844
6497864
6499219
6499735
6500712
6497203
6498139
6498924
6501333
6501268
6499615
6499339
6497602
6498515
6497633
6501961
6502328
6498475
6498121
6502064
6498833
6501195
6499305
6498484
6498829
6498746
6502297
6498382
6498059
6498592
6497540
6497254
6498584
6501823
6500462
6498130
6500921
6501086
6498010
6502772
6499981
6500750
6501431
6498429
6501797
6501300
6497655
6503329
6498927
6497052
6501009
6501443
6500944
6498706
6502228
6499452
6501394
6498295
6501529
6497750
6500678
6498483
6501267
6499622
6497971
6500913
6501989
6497430
6498551
6500033
6498314
6499490
6501909
6501377
6500458
6498374
6498629
6498589
6498478
6502170
6501346
6498599
6500664
6502295
6497409
6501837
6499351
6498088
6501475
6498003
6497407
6499733
6498891
6497585
6502120
6498661
6497477
6498123
6497599
6498909
6501320
6498564
6499704
6501209
6497556
6501688
6502210
6502552
6498628
6501686
6502670
6498514
6497799
6497980
6498791
6499023
6502243
6501181
6500545
6501532
6499089
6497838
6500639
6502421
6500997
6498708
6498480
6497242
6498205
6501709
6498056
6501302
6501330
6501538
6498481
6498576
6497022
6501026
6501960
6502401
6499459
6501668
6500976
6499401
6497382
6501432
6502731
6498180
6498426
6502075
6498611
6501476
6502534
6498721
6497772
6499117
6498531
6497766
6501648
6498334
6498437
6500988
6501001
6498700
6499411
6498822
6499509
6497887
6499535
6499297
6498448
6501444
6500795
6501375
6501916
6501762
6498299
6498404
6501188
6501153
6501301
6498438
6499101
6502034
6496653
6501149
6501690
6497447
6501304
6502176
6498926
6502396
6501256
6501033
6496829
6498175
6499344
6501614
6499062
6497337
6497384
6498385
6498596
6498167
6498291
6502126
6500444
6500369
6502675
6501105
6500363
6499801
6500735
6501526
6497747
6498725
6498313
6498149
6497649
6501981
6498615
6500275
6497339
6498434
6497116
6502008
6501834
6500186
6497765
6501583
6503024
6498766
6498790
6500268
6499239
6499164
6498420
6501644
6501632
6502309
6501250
6501928
6498810
6498521
6502457
6498606
6502072
6498179
6500700
6498190
6498114
6501329
6500489
6500820
6498499
6501740
6502602
6502129
6501508
6499646
6498665
6497773
6497114
6498011
6501421
6498312
6499175
6502789
6499194
6498418
6501724
6501407
6498097
6498090
6500504
6498553
6497924
6501766
6501701
6502036
6502392
6498356
6503064
6499040
6501593
6497079
6501464
6497346
6498157
6501564
6501637
6501649
6497139
6499426
6497522
6496382
6497846
6501366
6500583
6502018
6499574
6502679
6501489
6497121
6501524
6498917
6502543
6498645
6500748
6500952
6502068
6497883
6501560
6501708
6501972
6502301
6497969
6497951
6500902
6499134
6498092
6497952
6501911
6499072
6498669
6502183
6500874
6501895
6498635
6499718
6497871
6501677
6501336
6501386
6498764
6497973
6500784
6499602
6502623
6501848
6499082
6501945
6498671
6501902
6497331
6502584
6501401
6502797
6500673
6502167
6498595
6498359
6498575
6497617
6498377
6497743
6497717
6502532
6498936
6502307
6498823
6499263
6501875
6501619
6497317
6502265
6499818
6501966
6497964
6501447
6502133
6497746
6498347
6501471
6499073
6501600
6502111
6501228
6497956
6502437
6498513
6497553
6501516
6498802
6501613
6502498
6497996
6502643
6502531
6502499
6497999
6498591
6501316
6502818
6501595
6501548
6502203
6501792
6497895
6497813
6502272
6502089
6497932
6497434
6501084
6497709
6500928
6498259
6500778
6497639
6502062
6498144
6501501
6501722
6501852
6497538
6501840
6503887
6502430
6498122
6498984
6498777
6501642
6502959
6501698
6498581
6501652
6502561
6501271
6501850
6501824
6498518
6502539
6502020
6502458
6497517
6501968
6497854
6501715
6497680
6496621
6498774
6499604
6497541
6502671
6501807
6502453
6501731
6498060
6501726
6501567
6502257
6501408
6502069
6498364
6502316
6501750
6502015
6498187
6497161
6501735
6497358
6496148
6502124
6502140
6498980
6500925
6498804
6501552
6502558
6498158
6498897
6501057
6498828
6501232
6502404
6502435
6501096
6502794
6502094
6501858
6499826
6501042
6502423
6498171
6497808
6496896
6501365
6497414
6498527
