4850290
1165417
373552
44377
1745951
5474004
5812597
11780153
5467754
8458654
8240897
1169841
11694926
1022322
5183214
3969664
4479049
1960691
3307346
8322558
3828997
962342
9006122
4931267
8877617
1924602
12392621
3546877
8693542
1559044
2580740
2227783
2324601
12595188
3596251
6344146
8705642
11553465
7867907
2067857
10605
9722137
7325127
8819742
1285593
10276541
8866263
5485325
12944967
3746533
7845024
12409686
6658060
8001419
796187
1656174
5979911
1153964
5880536
6159101
3055211
10540398
7053811
9801260
7293706
8264967
3800228
12289702
11895803
3237077
10630899
2634052
7501864
2021985
1742714
3626837
8544817
10760726
5447091
6953802
4297920
8338602
9900044
8113710
1344855
127274
10834198
5496521
10093849
11846208
8596244
4564032
193858
6040379
78524
5586939
1492952
9930555
11125848
5964948
2895467
4584178
4321988
11361010
12006617
10780095
10099923
3851084
10366098
5943032
4478045
3850433
12607781
11293108
11566131
3029585
9216316
12332656
6189542
12230067
1247659
2477995
3514161
8337675
1405654
10757993
2265830
7437772
1309880
8097614
5853217
12719439
2805715
10771454
6562048
12848189
9485793
9567696
6958248
1446035
8331578
2272430
18147
1943392
11499358
4712883
9719007
2411149
361588
10068867
2164242
2624592
5788208
5251069
9266130
6507188
10309383
353743
11869525
5989271
8243000
12729112
7251816
11014297
8264599
637894
7587186
4952375
11091406
64991
8762481
12916130
7701158
1383325
6140182
7137985
581863
12723736
5512314
3832584
4628695
2686065
6417359
1971091
1152116
7162349
10653786
2024286
4539512
11407559
8978948
4535667
11527117
3408088
7320464
3466557
7144760
12589208
6579538
7619718
12804645
12189098
3689263
11283240
11294559
11595705
2445945
10312244
2605083
11634501
8183433
5791196
9157853
2648502
10766275
12011043
3369044
2680514
12501777
766242
5823942
4488976
7319834
3414512
7599986
12888644
868852
10145862
4299213
797549
1593613
4525216
8978432
12439538
9953367
10157855
10594570
11424225
1541259
9774559
7389457
524193
10504122
1123485
1793911
4294824
5880168
8251016
12590498
2300675
7047330
9037640
1014688
2956082
7291101
8039838
12703923
2119147
12073085
2716842
9927395
6405631
1984541
2089304
4609724
10669686
8944785
12743229
7052819
8152042
663508
692111
3274039
10536232
440878
12799369
4788098
7474642
9270710
4850230
3385956
8062516
6603829
12159859
4041553
951463
10276986
8136999
9903109
10025821
403833
10367340
8564931
5178163
12465429
9845354
12388892
12028836
4362742
3963361
2085701
2424194
9551513
8279663
4620603
6589565
2226027
857338
923215
4107732
11106645
2419238
10014569
6966788
3051214
4246052
5705142
11951952
11091305
9380724
2640903
12918974
5083193
11799172
12077549
6125519
4192842
3806976
5780920
3845217
9412195
3161287
945190
6442202
1219748
9655994
2017883
4219519
10301096
9122594
11153691
12492470
12669259
6878461
8685518
12405545
8089417
6147488
9569202
6291674
7897534
9321728
9412025
4450798
3502236
10719293
5844526
7688221
6062368
5941250
7381022
9535236
6509164
4405711
5879670
5100657
10475828
11017603
7421643
8725155
1517363
9102297
3638831
6903029
2537799
2749217
2301585
10576998
9962808
710298
2843667
8625261
6294760
3468593
7588948
3152034
10446317
12852073
10312620
8517437
12229798
9009090
5517978
778098
422789
7446976
9019882
2415280
2357829
3077992
5136866
8642671
2649719
3222230
12157507
374812
12879075
5989697
4406578
3166005
7856380
19292
4214965
12013428
658395
628301
9234861
1340842
11363536
3345774
6108509
9303855
6944322
3281777
4213682
4893744
11693878
2297682
9805685
10382062
10798781
5696021
10039565
2992671
12598363
5585176
12454838
3869809
4670460
7658492
2430268
8066027
7921113
12896376
5970265
1002401
8982639
2079755
11474870
2406077
7441124
6382597
250908
10419064
11565651
3478381
2214691
4292201
9830560
2118847
6102340
6385611
11168088
2563819
466210
10994858
7545768
4366592
7051623
2874716
672109
1288084
12554549
1658409
597200
10176527
11183518
5556426
10402939
11487636
2878248
4018300
11811899
5784809
694439
9786632
10226984
5724615
9212774
9303617
12793814
9601629
9439959
1893389
1487158
1868583
5665755
8485180
1975697
5781202
2845595
2825598
2920595
4360167
6899521
7619192
1290210
369247
2373406
12462497
3999120
7592652
8623652
4373928
9028603
3688542
6934946
5286511
226252
7821020
3525930
9508309
1989950
7986226
11778560
10666990
521572
924380
2698323
59349
2271148
8311889
9094130
9233163
7388190
12763448
9890819
3324221
8939767
2869405
2399254
8402645
7526629
1135116
2544452
10106047
1275002
6721787
9220407
1837073
191875
6473432
833297
5256320
6768513
12898388
11256517
6960910
252289
1715193
8733003
11741004
10873835
2657762
2358405
12953920
2712612
7386898
10885394
10720148
8839105
858816
7766755
8729012
1852242
7689880
1510441
7481170
2929645
12688567
8992399
7890976
4170274
10594984
6053027
7614731
9412378
12689300
2690349
10799364
3372348
2863257
7677728
12869012
9324878
4822374
10597533
5922127
11613849
5079044
413384
2249275
884690
706306
10794298
9854800
2635195
5498654
410429
5851312
10301419
2759598
7876552
589798
7131944
1886979
4295802
4481583
11026281
1580693
7055168
12708010
9401406
11761524
6920964
580335
1678794
11022246
9683664
6182173
1257556
3948601
2981009
9897800
11289046
9024541
6683814
11424806
7996532
12807354
1577098
8059633
7410142
3126821
8465119
1552470
854835
9996606
7420744
6957151
7947412
856159
1722197
1190268
5283503
10168734
9590481
3813379
3278743
3899535
1434733
4462353
7878973
1278547
8410576
11711225
5483478
850989
775005
8180860
12734130
2775083
1113160
6647927
8436294
6539458
10774354
1504416
10189757
7408059
7942755
3631261
2249107
1072490
1658140
7536407
2346545
3961743
1201087
7764659
4713197
5268636
3377911
4119594
157324
9566390
1071518
6529035
4971985
3874091
2191362
8542481
1851373
5392214
3755743
9794792
768275
4722212
7494252
8710082
9063631
5857864
12927445
8398962
12354598
5570312
151341
12477562
2867539
10959693
10376240
9430520
1868155
9905395
251450
2776712
419533
7026540
8233487
4461295
3022820
2543918
7254075
8696070
9692387
7618710
12063841
7615005
3863784
4559175
6618587
1387265
6507139
2629150
671820
2229402
5930990
7345158
12886580
10896312
7137061
1765640
57034
3873180
6767334
5957734
12555200
5188841
9897266
9303593
4264343
12382172
2841179
2878691
5068710
2360200
3796992
9338006
9761963
2944987
504927
2789946
475382
4389449
5821272
148532
8173614
8250139
6942924
4782826
2242306
4071194
5192813
1132234
1220205
6831356
10295768
11224943
10557474
9978215
761687
3727447
10722190
7798460
7018483
5027086
8553597
10726405
12046387
11372634
10784327
8393708
9813039
4993004
2509446
889270
11210927
10367626
6124745
839518
12593012
10505939
8801228
3035181
1111370
5461774
187985
2900202
8834118
8117270
5795568
7933365
629697
2926579
10783353
6201736
2893112
2554823
2864592
10952418
9943987
5619890
9568272
1060956
2077657
9335664
2010863
25521
6556395
8398487
353839
12794352
6292576
4941243
11753346
3776546
1056553
9367833
10467549
10831944
4527259
9397620
4000193
6887125
2689405
5267170
2331852
6342
38984
10345138
8303757
6843923
10510044
4788090
5814847
212208
991090
4380731
202378
4126664
1115467
8750760
5105140
2408057
12611426
3970680
7515649
12326848
2988498
2992069
12708309
10229215
9412986
3051084
7341017
2717287
10206180
8984453
5789028
12216464
7506995
4084634
10267739
579677
8504849
12000301
11741810
11697517
12542546
2585565
5708421
10669865
77574
10093025
4808889
4579692
9738971
6148968
6082286
5661580
12597896
8918802
669201
4949508
9721474
3021936
11816140
3450560
12105273
945849
5333172
6954763
9453276
2503484
1541688
10278443
12174430
10119347
11459071
1472393
5367833
3151577
10526999
7264589
2330061
4840838
9229614
4716880
12742349
3338961
1464378
7722658
4230603
6033485
7687710
3858699
7774708
6797652
4341166
6379416
11337010
5085339
582262
12820998
11371753
108669
3336187
7105662
736772
6171692
2289395
9173032
4220127
8389204
5015530
6625869
12552469
2793958
2394377
3144441
5598576
7431425
2597641
6100886
4078745
10787731
2299120
1948788
6426541
8840779
6321823
5983130
9073119
3383791
12186444
11753512
10520863
5046974
319216
11457811
10349392
11914559
796805
4720813
4497954
3191138
1918089
12060838
1833177
230971
254068
12302147
193836
5550884
1922194
7622154
3122180
5148281
8345230
8954625
10665397
1703404
2408444
7967244
3290625
5914969
5385669
11263099
12275748
12961894
2945704
4445726
2897384
830964
7146471
2082323
9892571
3307477
1195358
9245522
10776826
8118247
8105019
3466160
10999643
1809447
2775030
2420492
10860200
10750640
2336876
3883864
4484798
10812896
9010097
6925952
5650723
2203256
11907474
7677945
5078623
7701969
3904460
6849488
6981379
12714655
7726452
12000326
9212119
5630941
10055327
8118855
1434361
4825452
4321720
4096900
7981174
1685003
8078317
642768
3914307
4758641
7167132
180375
9692685
2676893
12328185
10591690
3646769
9631476
7634769
12162441
8017491
6824301
4577290
7332647
783331
11965729
9106357
12125534
8310776
10827980
8957285
612250
5088507
7588212
6463312
2139137
5739339
8867410
6909041
1859811
5353152
1638991
6429979
11173246
7446392
1259729
10785836
144283
1589703
11460371
9391802
11270073
5806861
11032861
10572971
11057083
3369588
818133
540574
3196489
12144180
10175649
8440082
10566798
6506759
11493120
10372424
2785013
1950066
6318520
11040377
11822923
9633259
11778740
12485908
12386840
11760839
10416258
12581377
10471856
11231363
796131
7081557
9884972
12812819
6169926
8939673
6401948
348394
9214624
687180
5081113
11650644
11688423
11398454
5863563
717337
2433597
9727946
12560382
9666717
9922131
1017939
1869983
6760519
2088101
773938
12101776
7288274
2961529
8805348
1548869
5815971
10139392
1304247
8763092
1830894
12088954
6393273
9590235
7431832
673832
9578099
3450475
9982096
11030552
1369233
304375
5626598
9609542
2178523
2613569
11479631
12050269
3269827
8349614
9181583
2054715
5393286
4182503
133467
4477035
10546872
2386309
4353836
2651531
6933604
3163381
12694167
8554217
1596380
547219
5041313
11139774
1003266
1063105
2546024
11419338
497942
6512272
11775352
3657080
1520867
11012443
4515486
2487499
11196628
1911361
3466258
3001257
2019143
11957542
8452656
8109346
3446705
1285864
11915073
12841961
7487696
7082217
10100617
2549676
6145027
5050572
7826475
300458
11182009
694083
10015235
1364325
11634341
5807738
506708
10809138
7582129
7910421
3427140
7190518
7844509
1774619
7171681
4011953
9619150
5834112
10722066
8442261
9093549
5765190
10508560
7288096
918555
691514
2841293
11598593
4632199
2226923
11285819
8547275
11914027
732902
6767032
11295573
10103097
4159160
9415226
10457616
1852399
7604624
6458698
11586215
2783322
6261113
9621977
6912074
12305996
10141940
522316
3063752
9853804
8798583
997949
6097558
12909072
3333656
3805904
6344145
10763569
446821
2811196
2456560
10192356
6426869
4806075
4564731
588214
4822809
5627211
5893962
11077238
11750869
600796
10511570
9935943
7780787
9060980
168046
12612715
2577316
8790740
1288859
9026651
11209275
347874
11426249
8422194
9552649
4715806
7790795
3185367
668399
2400818
7256472
1965438
386746
8583419
3572721
4050374
4190572
3247148
2741428
8584327
1119058
2678874
1632168
3328552
8847139
5915683
7066465
3896197
4794540
7848614
4050387
3273105
10939910
1020979
3170921
1626618
7368385
1335238
5342577
11875008
8824730
11643417
10886901
5535617
8685657
11747884
8995609
3279101
5818218
2260064
5066893
4833122
2007141
1150145
4192929
12888369
4489830
2770761
2636084
12286985
1337905
7416525
4173774
8259557
7703571
7525368
201888
1595077
5428671
4566215
11082246
10896128
10852430
12336831
559554
9185074
231466
7289516
3610985
9096309
575771
2182903
5251649
5546980
3474779
2116553
9511362
4689664
6209154
6722614
1851947
75892
1950284
11756662
7234000
11765691
1474935
6942043
841191
7699373
10371096
3525978
9829445
9853856
9215526
5525569
9324117
6571103
1597065
2109971
10832696
11511507
12734573
10575048
5941998
142277
4003307
9098431
12089252
5521632
11001687
522793
9909129
5784743
1977101
12270995
5521358
8358824
1576174
216116
12647693
9078112
8110936
5751
8724872
11280680
590906
8323584
8194525
9545245
3520943
454261
11819473
5639042
259293
12978268
1155589
9942841
3850576
1050118
11697402
212491
1955826
8166200
10835721
6484621
4584294
10670354
12460500
12147763
5809022
11782197
7208756
2927385
6811956
1062090
7698705
7471099
2513556
3862634
7886600
2852886
4903726
7947329
11274541
5706606
7394311
2123458
2745634
7114038
7338557
8732004
2691458
8653563
9579837
1343279
1146338
12062868
12485849
2991143
9478121
7542604
3318558
10792096
6410528
12072867
8348832
817596
3766001
6097826
12472566
7219349
3665292
9923395
3456166
2135782
11777194
7399070
8393
7921541
1248617
4246472
7507093
506081
1987314
2319025
12204482
2112286
1583619
6722754
4044248
12571982
4906521
10404574
8125305
4251894
6369273
149619
10940751
10553724
5926516
11638516
2101076
9729171
1633195
4011490
7390156
6360975
4501747
7690874
7165048
4561856
5695434
3109069
10155075
12597875
12947344
6194584
754633
1846376
8883694
7286938
7791608
4742974
9031180
7348837
5001508
7134914
4465736
342445
5433609
8533361
2940815
8080019
8167370
3371465
12240480
1606263
10929138
3627477
1494962
11757562
4648466
4865303
550559
5349721
5779476
4965837
6330260
12011638
7798557
364171
12480624
10667664
6812192
9689557
2350279
12339225
8883470
11236749
7667508
810793
6993018
4179801
8466236
5388829
3720316
8578527
10781064
8438807
9278349
1032026
10874440
4537253
4749338
1961395
4729877
889384
2211586
4753762
2126216
6450880
607380
3710935
1878591
1955237
10321330
10219217
8933581
12453644
4889078
10069354
276104
6733472
2464754
9957050
5670879
7495198
9808657
3565847
3172552
3025070
1702252
901588
1408338
5693899
2666894
9760212
2243440
736077
6510894
2203177
7448085
4305059
2035403
3514439
6430097
10407326
11781034
12990781
10722566
6538823
11218668
4713363
11161429
3194914
9078254
2106650
9142870
5317709
6001677
6795744
6070237
6648749
9337388
10430146
5670768
12492635
2651094
2529920
9693276
302645
6521322
5238046
2456545
12328584
5144078
11287061
11596824
3008513
11336529
7561992
2308839
1869752
11063836
5101646
7284844
4052202
11103599
3361509
3415457
6195144
7830908
10690386
12676038
12176415
6533964
6415256
2384075
10923136
9857650
8201552
4092539
8373467
10031728
1555683
1310486
8642563
4298825
8804361
4884154
6842445
2631818
5174657
7596216
7158357
5517000
10902806
2601860
11088840
4533043
8058637
12705893
6687
11255167
10458799
8894660
10789551
4423797
12136182
4729870
5796931
4512222
12184794
4070773
132429
9700881
7843702
235233
4202102
664322
4600643
7059411
7092776
10513325
7841646
8828911
6927138
7724138
2415704
2305505
12493081
7098738
5871403
8276358
10530323
3167150
2258388
7293396
11301546
6392336
1420241
2722261
11804756
7565647
8693530
1718627
734003
4527808
8220707
2897991
6679318
9639431
12157267
8116470
8684834
2646316
11885497
11232793
11909531
6773490
1557878
6331932
11096365
5322338
11332448
1241326
6744064
10269383
9300288
12801333
7869045
12010210
6270749
2581726
853441
4636813
10189972
11830758
9828894
2834473
12133321
7678220
1677241
4157904
10352921
1570078
9518638
12970161
3417320
5099263
5733597
12858087
2333057
11012174
12960343
11885486
2944105
4972373
1970912
6084726
9891725
2796511
7861979
12097012
5851570
5333779
1547266
11986107
5131541
9481840
1713446
2688864
11578076
6970778
8048886
8456444
13131
8148953
7615108
10958793
1178935
11116793
9001634
10798067
11359128
5678018
4769720
9704917
9777480
2499927
1492040
3144525
5243012
3997137
10700547
247919
6287837
4697854
2203954
4533877
4722289
10786681
3789922
7836627
10801112
10351665
8570708
2329653
8663994
6290021
12053380
8727983
2712929
9912449
1001945
6138657
5260334
6297178
1189961
7303021
10044863
1080518
2983760
2518071
12323618
725566
7878284
10376997
5296260
12171511
11938992
12542058
1299766
12290703
5182709
2839995
5592593
8182340
12737242
5655009
5463599
2775008
3897996
11216455
7401706
8392935
4264606
7504247
1042831
12467568
353203
7168606
7672685
9680514
5641822
8727312
4954531
10223041
11692906
9587518
7857745
7504001
11973
897058
2471341
11050112
11863496
9509361
1360351
10944458
2496636
3419187
1051615
6261637
6429468
8600544
8072592
6531104
8726040
8431405
4007260
3342110
8109614
2836376
9164076
3166142
11775708
5710181
847035
10318587
11760696
5518186
10805006
3796316
3724794
7640222
8453906
164951
8081732
6712956
4156814
12195987
12901605
7982283
4073822
5946055
5984276
4906581
11061848
4729278
988574
8483890
3884770
10635071
9431389
7587124
902554
12743392
12098311
9963594
2288835
7137400
6873016
9201750
8401221
11227757
6225394
2697666
4805310
561943
3273004
11579468
4434923
10539169
1790611
393788
8512638
4276433
8776722
9813952
10413573
11395555
8779063
2340889
2264305
130791
3215688
10018833
8409339
6074848
4447088
3331587
4462488
12031448
10484762
4274649
11743439
289934
10786919
12357961
10966212
8706505
3914980
1808414
10930229
2945578
4776722
7120520
4488112
12497821
6950541
1798861
477639
5117677
12157157
2719340
3037573
11090983
12577191
12990665
592312
12704078
2018780
3633222
12603511
3072804
8850048
3523034
7420480
11494027
4835082
3493263
12143156
4823612
8182255
8665247
4626521
8601949
5424720
11727450
9935852
10148032
7193204
11994689
999955
5626061
8781195
5431210
2252713
10302709
10205091
260950
11774459
9417487
2257779
2281498
11698700
12225988
23296
12092303
2010603
11502976
8324861
10128607
4052779
8528334
2049953
5263554
5114148
1942342
2825193
3958671
5615363
3934266
12506838
4888400
9824623
6962782
12814290
6721540
2504369
10079477
3340062
10388623
6686461
9213395
9694022
645905
10365299
12299567
12351622
6247225
8105101
2750986
5146473
6452464
4707998
9090726
10453018
7378559
11364356
10925165
8877683
11338181
12186744
1693543
2953322
5990938
9327282
2454147
4886654
11925641
6705318
12987566
1020973
4504188
1239243
11179477
3533199
2332332
3689268
190575
11758817
12711416
6206907
5290692
9111782
8943738
2461916
698494
11483639
11433819
10128216
542529
5737836
11399083
8791092
2774570
2557537
12415304
7501823
11310671
11388007
6576478
3153009
5364501
11725603
1959829
9589856
9856131
8626055
5445313
9918856
11997276
10732799
10252121
9903916
6461503
11133807
11169097
2014548
8840789
10691715
7605531
9807058
12660925
8368897
8913759
4638010
9775652
3758668
8933896
12456080
6933621
12959056
1484374
3814033
12856686
2719186
10914410
82964
7959814
6630907
5820678
5643035
9414897
682970
7857098
6189799
10149699
3971461
8713565
1670956
4603121
9479868
6037724
8946739
2888177
7424517
7843290
4665895
7067417
2902130
7841763
7668233
11330166
10931754
9536265
11921284
4164533
3659523
11715680
4857589
2632950
9343086
12584002
10212547
11276060
6468950
1320123
10253353
8537471
5174766
1879271
318369
9517589
2555121
4751645
10872151
2011720
10506618
8299749
8593661
12068776
4290843
11749684
11219966
5504962
11436785
6250035
7715372
7119044
11874695
10529109
4010285
11081803
2039980
4348884
9496108
10210489
6860915
2849544
4580097
5230446
8649317
5768333
12751209
11707196
11669355
10182853
2925795
10296545
10999087
2637415
11834611
8285087
2912108
3749976
11740558
1049618
12772479
9963030
38992
185121
9081090
6579898
6417183
12277004
2617917
4309608
2573163
3715755
10792126
9828537
4576953
8618230
9818577
3169058
8500964
4271297
6373895
9969496
2136306
1130431
9329351
399674
3351001
11361878
981148
9366337
5145191
12445109
7758800
5525169
3672854
9490587
8229012
9038922
8434987
6802054
3778153
9575322
3238594
4704446
1189079
3117627
8690492
7553379
9088152
3502234
1701204
9259329
614729
360231
1185577
5142008
8068474
10581247
8344728
10302286
5157848
5631933
8977361
2297123
4172201
11913108
612386
9091974
12300549
6119980
11983305
3741997
4429077
4663299
5374699
3202549
7876612
9728275
3805296
1742206
890250
365430
10612692
10313138
758878
9633027
6265062
462146
1832515
1332643
4514944
7487359
7807186
8901642
8400603
5130415
11866700
4429843
1146016
5735130
9642243
3359352
12055199
2457560
8844088
5865442
4215286
862802
617752
11131535
10590276
3250036
3344469
1468211
9955020
11177292
3343366
5818952
9170023
98186
8443398
320037
4007102
7527278
9439702
1728536
8489514
3296477
3549412
4296738
9429881
3569547
11999546
11128814
10328071
12973255
12471940
827254
9803333
11129860
5320779
10901885
10749711
2848559
10257007
6759038
5479231
1922986
10812579
7012382
541806
5210704
4369064
7124483
6514778
2829228
11009070
8498669
10503249
9165301
3055863
12117837
3191507
9652275
5313316
8678100
1508353
10504796
7024565
2551038
4627002
2314862
181845
2012153
12117107
9755892
7836295
9901558
4664221
11939511
2584194
270657
12031301
60880
983513
9721149
425612
5052467
5066948
10766534
4283917
4970318
6997059
11544853
9065763
11236467
4480288
8524928
7403997
10441841
11467407
9972762
6056213
6768383
6072149
1088993
11042596
7680229
7951065
8872539
10411456
151068
12810050
12266665
9831199
2519257
7110712
7677804
5071965
5052066
2877628
9291710
9297686
4852093
11312939
8848509
4052196
5122829
4095104
9978424
10990712
5390759
2557293
1205596
855321
12139996
3765962
1440775
7134106
250656
12807673
10958926
11964731
9981788
2057281
5646541
10453992
9305847
9599297
11492275
10034625
3357334
6316173
12505223
8674217
920846
12256908
10436782
3982487
2681013
5832655
3490590
3800535
3051130
1511875
12443434
11798316
3363841
9464110
5117367
11085978
7739030
7892617
12314614
4572112
5640838
10328915
10043736
146015
11833699
11006705
1413531
8387309
2565957
3016532
6839159
9172673
2456444
5216755
12668130
12248121
4520581
7844445
7518562
11758948
7353785
1782983
1562761
2834024
5296615
3467645
6918289
12407034
443280
10212316
711859
7459691
7060618
1202708
757650
11404516
737575
7806268
1439238
8039164
5337694
187665
6904334
6975208
6405005
1930650
7388818
6683992
10542201
5882412
8411912
7435214
10998104
6418911
11665345
8486022
7917402
1816287
4257856
272592
12097006
1304739
9232407
12512901
2723142
3245659
4301338
8213111
9881038
2347003
4307795
7095095
2665912
11004894
11023987
2600281
11324240
2853691
10715683
892166
3288020
4401915
11878270
5866744
8186745
11199523
506869
10517314
9689847
238310
729825
9499896
2495031
3422692
7253353
4487221
9398217
115130
8061137
1680723
6628048
12084040
10486446
1963135
7271131
7941300
9075264
11409628
5122564
5801181
4082780
4392906
6915157
12443621
8205734
3385728
1992031
10986947
7848571
8798797
4129395
3451865
2698490
3365031
10957749
8705621
8056234
624939
8650489
2356377
11261394
8885649
118151
12402315
12666568
4567283
11952405
7733167
6327137
12876807
6826626
10164985
7181027
480888
9028993
5508643
3655741
3246675
9585739
4456418
8329689
3233913
7595980
8548256
2577683
2534467
9589529
10426761
4813272
1929516
85198
3105056
3711283
2305834
4562870
9457353
2930583
11114818
11201002
5675064
1338941
9550790
2037585
12612957
3452289
7833342
10116250
8799337
8790246
5880413
11048280
7298115
2333272
5266364
12798634
11896170
4136628
2187318
3526457
5507031
4591060
12750861
8984724
139252
2506806
10421878
3998586
8339810
2009296
11904436
1077926
9830169
11244194
4634017
2508752
7961627
3982227
11815142
5074215
7930010
7011694
9716902
5476917
3021548
10963030
12203251
598496
12047354
12125351
5404734
2709148
12529625
343028
1347106
2790242
5214310
10338525
8246138
10335117
11895873
1792460
8693233
6134023
10864644
11064005
4627527
10331139
6331332
8800980
12356566
1208005
8339382
12438378
6761538
4831054
1258616
9631553
12022571
11552160
7423562
11572766
12569976
9911279
10061265
6962033
4212606
4328730
2539884
6985048
6426403
10512662
3081248
2015668
5218069
11137585
10142909
278605
9067264
3573009
9389504
12204685
4077322
8595418
9802704
1934362
1988442
7282749
3973399
2979704
2661962
6420063
5246735
4876958
1411245
3101176
8224170
1321411
9248187
6721160
3178246
5340270
11945354
1209575
1301089
5094031
2520238
650228
7847317
1662786
1517198
1258382
12541759
712066
1966664
12761241
4895642
9069438
9615314
2153086
7537493
7827103
2887304
4198785
12785943
3230800
7593527
5849622
1047405
2411010
5441806
1976632
1643955
4318202
2693833
4368846
5012440
1772357
11751512
4685577
6923430
8558492
2539269
10257977
5002999
8130993
1714407
6968327
1637231
4299118
1647017
2554150
12622716
5115861
7929155
4070702
6441048
11123621
11789281
1964530
9919256
2798886
6913427
12729184
10984156
1684625
5946743
10445767
5905903
10041300
10157846
7974858
3237911
6532391
10293335
9087727
12052876
6002663
12562176
5182767
8804561
6148072
11656652
8490343
5224976
6307172
3431848
12769538
163921
9971628
5279952
10560838
2381786
2880998
12109452
1398677
1413016
3426584
5038811
8750988
5887158
11568583
8635783
6694490
10981196
202965
12434081
10497452
11975288
1307389
4989134
3969734
8205357
6636062
9586916
12814997
3004241
12862632
10192259
9337015
203199
687089
3926642
12299892
4600862
11738586
8492673
6555523
12270834
4862089
8406251
4356169
2989632
6407289
10513427
10607901
6588874
732005
825191
927609
10377744
8909241
885198
5514496
8200604
308391
10015968
9578101
6366002
6365544
6696246
12436680
1300412
8697367
6672218
9301783
4078952
2079952
3127757
683103
3277993
9014895
4730847
8857298
5363365
2416727
11732394
6178425
1762695
10952907
10572761
779038
921860
848481
6884717
12734510
5770416
6165214
11947571
4387634
7058491
411073
1676360
9131771
776575
7210484
5141193
12349930
10621020
9191538
11164381
9649065
889408
11209351
11716723
12476651
12954639
4052797
9143895
7145761
3715988
12403572
8447035
1482120
1548424
11996624
3716801
10791970
3993170
12745552
11378385
1903746
8159934
2593358
673118
11691760
1096331
10116982
6216179
6166875
8594725
6192837
3207079
2138327
2412066
12903153
12787705
4371685
11567245
12858263
12515999
1239876
9951565
8414980
1594224
1052405
11579051
7724174
10070240
1410362
7243970
11693563
12160147
6926180
9355834
10360875
10167210
9402245
11801972
673447
594033
12007784
3612828
12323199
11816114
9885057
12270087
10716665
11448708
4879313
776894
10694384
1077625
8320434
11433144
5444672
2322566
1408217
7873048
3773763
12011325
12622215
3322145
8911794
9238334
11071712
9278461
12107822
5431419
1775152
4680418
7579388
2370465
7410091
10942475
4325907
8581110
616564
2110053
4871659
12980667
9582979
6642039
2864518
3181455
1084179
12978757
7151417
5888987
9594273
8644270
4678442
3438724
9742420
6398136
9037063
3651210
1024373
8338165
996906
3042846
443908
8225760
6293208
3593431
11700557
12448029
10127996
1505583
257438
3614225
11770627
1358910
10157950
12314065
6192086
12974105
6714136
12400525
530239
5682673
158548
10196548
9629352
8276340
2075740
6989458
7469209
6477872
9654774
8974586
5652468
11408068
1621285
1999661
8732423
685132
872574
9784678
4501778
9051361
7954783
3386042
2693204
12822307
5063384
7881958
6606771
10276461
4323824
11157815
11270595
4674004
6820491
12958156
4081241
1703285
9364051
3381371
8522242
5546033
9504430
1207710
5936861
5737069
3292179
4647035
4341902
12091151
12911743
3894764
3437712
1362889
1224286
12939043
5062537
4802829
5544793
6062224
1134175
10033162
7320769
11233596
10225239
6711277
7746403
9177354
12613336
960685
8620447
417094
7482963
4264393
9390881
1940498
2589513
4370784
8743384
8121379
12460080
4605204
12909776
12862854
9840141
11215150
8473632
2007722
7640798
8624879
728066
12626906
9392616
4457393
4394762
35531
3038836
2347558
11746032
3048390
5336507
1603456
8911035
4544764
3373695
5252257
2351191
712867
2609767
1178059
4910669
10262982
9992073
5949092
1002758
3925586
8075382
7208573
7559437
4864818
10494474
11049132
8657973
12798926
7307610
10292775
12556761
2149220
6143281
4476456
10180299
283869
5383838
758123
7981766
891692
7409121
2436500
12245212
12234445
3442114
455416
11074061
2281255
5655015
3420677
11236212
5168364
12886629
5886962
624619
3999655
1989192
3004311
4305700
2742630
2578997
1419382
10689309
8758733
7006979
7957444
2385767
3280394
2858572
12443740
6114518
11152142
5086814
6764641
8553199
11421953
10975296
9671807
11595192
9514880
7469743
4729673
12545420
3988971
3132140
11214467
9902078
12950207
9450524
2026979
5126684
3542463
9282683
9115663
10001591
401360
5637224
5556774
9262747
10140938
3000839
8421225
12235035
11823657
6172896
8381087
8336870
9474039
2092686
2392534
1089837
6482835
4633409
10366489
8300610
10301364
6831252
4643644
7741103
7582856
123478
2820993
507934
10135007
5994768
12491474
12699153
1358458
229521
7928719
2833513
6646232
6673831
2651850
1497467
10036765
11944426
9384466
8861868
5856077
4247334
194470
11566268
11104921
10638211
5203990
5461097
10328675
1400989
8519036
7482730
9892729
7518343
3188497
1947212
240558
9807115
9537725
7398421
6971904
7592088
6934346
82484
3491155
8819744
4912126
246753
6907902
5584470
7241331
5452670
2279305
5978830
3559367
8900418
9910697
1438487
8191466
1101363
5187195
12707998
2101803
7830602
9356996
2481829
11755589
9972915
9853583
9244288
5598884
9003238
2044804
7256424
7669516
4269780
4668054
4635682
1973894
8535254
7451053
4725095
4706321
9584951
12885914
3233881
649487
10954809
3508699
12094393
6567920
9675863
9997594
11285500
3802071
1880657
6074257
11797315
7631629
10878301
175892
3755438
2163546
5140835
9435766
7750153
10532898
3567727
2651716
12463589
10837299
6993758
10346898
1711200
9164006
7080841
2689131
695357
238410
11007988
10170243
2156243
7555806
11133542
11912074
12911112
11303745
5651081
3145472
12462644
1694857
189731
12102418
8825266
11180864
10660312
3558512
12415988
1447276
3025748
2538029
4629022
8069
2632465
10127600
4164345
10611449
2592423
6626376
6436623
1724742
6941425
3717929
6877513
3152042
1624476
1769741
5800507
1618210
6946669
6905284
9671380
137676
8542895
6412106
594507
6403324
8143467
12845398
525567
2052403
6874850
6165241
12961148
7727334
5900596
4001636
908134
6639491
5315556
10395224
7219627
5842852
421706
3066684
4411521
1842300
10573954
781725
7611750
6271816
6712443
1800883
12288910
913451
7414982
11404402
12592313
5207253
1671226
119814
2135887
12392609
3259341
2972829
4323326
9012940
5376923
11655189
10532737
9860034
10585321
8668691
5045455
7908773
9393042
3846243
3980470
4514876
8474980
861689
4909164
4723479
4247490
8389773
4348293
3123998
361460
7640035
11301414
2585504
11331495
8261218
1348983
5759867
9344583
6332899
2494855
1458373
1395547
9966483
12278447
8796709
11147794
11467169
11518869
4742756
6880488
5621917
435085
2664238
8942199
11857075
8829715
12984369
4818800
3548026
4758248
6853257
680599
10341150
4271871
10593062
6023267
7900463
12600357
2219386
4390207
11206499
3493368
7704625
8816508
11628564
10013510
7340445
7842438
8229329
12728105
1428097
8147308
5905891
5256551
10484650
12915411
6014300
12360721
12145602
3685566
12717938
9487119
563153
3602297
8508835
1002599
10424829
1176372
10043386
11488196
5781377
11719399
12972457
6401283
6145905
8699372
996598
10400372
711508
7080947
6736170
7536718
5666547
9911444
12200483
11130511
12030883
9950280
3817119
11031941
927729
1641488
1897956
659647
11941897
12409125
10427733
11465147
3951170
9823976
12482233
1409751
2991417
769537
42457
8776844
894237
2876616
11875710
11093870
10510676
7919654
9032262
5469802
10346992
5066615
11824027
12510038
10706969
11853204
7929823
5934065
4019051
9767817
2730958
3627023
24487
11467430
11254817
12259503
8121857
9104995
1302934
2201155
12811179
9978977
12879359
4365234
411553
1241379
4559737
10296141
10477303
11015799
5204781
5846928
9431977
9922500
6660507
4599108
8331388
7471986
12043203
11030185
3883492
4774248
2147248
3983420
8855000
7619258
8176131
1614044
568959
11181279
6874641
7170223
9731230
133605
6270460
11195220
451330
1425212
11428036
3611165
10822585
6781250
12628222
2486107
10002702
1757582
2843474
4674417
9444620
5444807
3574950
5967591
4324464
2468576
7281601
9511721
12982225
2159970
12746366
3844187
7255205
1364664
12522323
1175568
17991
5737973
1147389
5529282
9293086
12614088
11376924
4932732
110223
9073791
3013352
5913255
4798508
5153905
3168765
1651208
8745035
6668056
9442623
4220660
2607783
7528463
3402462
11482188
4101305
6487097
8566764
12112571
3097713
10622414
5948625
8002933
9048106
5231041
3816624
8854420
4714274
4353271
1252195
1150435
12193776
1997595
10350817
10363471
11601478
6640864
8844127
1088622
10815947
9632125
6480874
10970002
6063768
12326796
10133532
6639130
1081868
2391491
1332667
8058790
1747589
10245004
11253939
1120485
242830
11020755
3932625
6817046
6284391
10291860
12450139
1408651
8620425
2770977
776992
10080460
3028267
2654480
11839456
9588199
2051311
8517803
11236868
8430971
5803129
5829356
7999369
10349094
5498118
3580519
8354196
2801292
9403235
8738635
10139389
6702585
6770148
12184587
3471516
582026
6931372
4060985
6384392
1394485
7141836
12651509
1758784
10145188
1461392
1886390
50446
1926094
7766458
12193416
3081673
3301033
6843518
4383726
8618285
5346863
4565337
2292919
11459263
9657860
10341152
8364488
10661480
3380146
6878491
11599843
1745981
1759169
3717165
12878407
4785366
10854127
9011466
3260578
7061052
9411976
997482
3638433
2405533
9458894
8441451
7315606
2917574
899757
2430802
1075255
9118565
8253960
5402503
1673286
2307612
8678727
3785635
11618428
5567612
5277997
8383815
2802784
1257647
4964706
9582920
7637355
10314154
10991292
10176112
12065441
10251496
5508963
10638241
11233495
6888085
6559230
4753898
10954788
1651108
10247019
12046157
7294434
4985879
11730773
10806618
2470860
7528162
10405743
2645996
1559819
1098052
10524448
9926614
11604799
5794236
12884999
1048352
2446363
4815028
9496835
3453659
9821556
11619295
6719370
8115993
9806337
3921540
992450
501990
9226740
784213
12699331
8934730
11692065
7610737
1782397
6252029
8522492
8008103
12286079
11558295
9842317
1492471
287969
6736554
5149341
9680729
10314063
2326499
6565799
2634614
11093752
8448064
11017
966197
10010627
12871368
1682417
289184
1789427
6610601
5852407
1754975
12576587
2362620
440216
10203917
4894411
6896302
6676400
1050184
1044109
12900312
8104605
11706302
3036239
9052508
12454678
5817624
3619758
12782593
867383
5069313
11230434
11574078
1462240
1812655
11255920
9402041
3969557
5376418
2308419
12179033
1889976
4135471
10084106
11313628
606098
3270742
6042357
342811
6812918
2870586
7496177
7496537
3231832
6588795
7264006
8859174
3075343
7562054
9967774
5543812
5348941
988332
6962921
16959
915467
12978959
12065973
6371709
3818327
10710746
7768614
5949197
4311629
6834986
7805549
11288908
921185
12229856
11336375
3816393
8313570
9871511
11523024
12898430
9642460
5282333
4780264
9254747
12662373
2609233
6992988
2894934
5235216
4122397
3375566
9516749
9584244
9343001
6430411
2504447
8365616
9463350
5082076
9607489
8775315
2832318
8959934
4632993
9865646
6677940
1844132
179313
10459389
3447206
10442618
777540
5685314
4850398
1671017
100012
3130679
805092
2220617
4760899
8248263
9191749
524778
773041
1654530
2663432
2662042
7403040
7573212
10994316
1294690
8945373
6744750
4115426
518164
760286
5934129
174234
10723149
12966272
3800964
5382678
12130784
1042562
3275719
11197039
7597824
11477995
5942778
8717401
3184365
5974167
12314869
9884823
1730922
11821938
723529
8034775
584604
1662521
3336924
1843194
9314466
8807298
9946316
730497
192371
9510023
2872761
6372347
4164193
3941425
1297789
8241116
425587
11486806
3391148
6638682
7799075
9394166
1060849
3839124
2434607
879171
4103306
4957106
1171841
10995014
801493
11454724
3892622
2653787
9833517
6342164
2671666
5338431
6007002
1106518
10134419
11796550
10420315
11841570
2888614
6489247
7380825
4056838
3461415
7957717
10215322
4288777
7703131
5043775
12583494
8816533
3790740
10193108
12536360
9255885
125362
5767223
3841763
3604633
12599173
12845941
2119273
3091878
4149150
5515232
7741925
8957398
10415983
5908939
4191166
43023
12489179
11525789
11692272
3248351
9073910
6414911
7165231
10605793
4771369
10256557
1484871
4584752
9927877
9802072
3015635
10002982
4301376
2931665
3689255
10818015
10337910
9844480
10621659
6083097
5344278
11968500
2272588
5073204
5548029
7448961
10903665
2143949
9629818
150670
4741179
635969
9140473
2801120
5519417
11566516
5557726
4233818
1912584
1663164
3698630
2149104
7649037
11357298
3950485
3703696
1781214
7052732
7894560
1347722
4909872
7572342
9987943
5314266
6477097
8387070
10186801
11956380
7303437
6597836
786391
9662179
4790925
10703927
95014
5336797
1963090
10768262
2770291
9256134
9354336
11408922
6765724
1540897
6995089
1123833
12750277
11675209
7373918
12098717
11820334
10784686
2245731
3548659
4545698
5795679
11253906
4714598
8493422
2514620
826521
6752357
9853399
10111780
2510922
9070111
23739
3066273
111629
12821420
5861567
2158269
5319973
6740156
11169621
10882052
305974
667400
2541246
9426752
2585745
6879130
1382125
4622136
3913427
8550627
5443827
6661403
10811605
3427919
7763068
178037
804869
4131642
10375544
1820831
6888481
4755581
786947
4503765
9638931
11043287
9240069
12417659
3680693
7486878
3155289
6997199
5647504
2924535
3920971
1163434
6933191
6976523
6748846
3181119
5548108
2601933
10086945
3596323
5539273
6538578
4029016
2820424
60331
3622077
6557751
717034
11754642
7120777
3028037
5375555
3922166
4977004
12352621
3679186
100224
9251377
8491084
3976415
9827235
339471
4470940
11704166
10531574
1199663
793221
2501577
12118082
3173876
2441568
3391868
5693651
4350228
5498027
11098756
4723429
5201983
2310151
11032845
1043659
286726
5580272
9504353
11059989
11637699
711675
1790014
10102000
11117250
14328
11677448
4860765
4310513
8338903
9474672
9239233
8097689
11288304
10434245
6505629
3753826
1478715
11343482
1387625
6894998
2454426
12297539
12856896
2469185
9414020
75514
11987139
1758184
9140234
5433441
10676192
8238904
1056370
5768595
4636851
7192121
7595979
6441901
9837710
1329204
3399350
12902106
11136750
6883338
11543091
10103473
6090987
3835324
8294967
5624949
10865603
7398465
12068923
4412441
4978303
4432826
3939846
8718403
1142370
4609137
2838961
4598020
5218144
6231081
9086651
7331338
3435868
10330792
6669399
11511799
9849446
11330770
9728700
3792137
7359374
10495095
11862910
11383847
11795476
10676371
7920612
6823697
7322617
7697044
11920622
11108221
9761739
8269248
7857564
506529
4174006
4539674
10011807
3665830
12235099
9005568
10168028
7107447
10365875
9668631
11850563
9184308
1330249
144953
6854446
4869601
12739664
2087215
3953687
6120153
11577996
10449616
12761893
6585890
8801903
3418529
9382268
8912319
3529442
5360294
12227091
9248619
3478892
1582239
11668785
11698934
12531508
3267033
7224197
12833449
6981739
8048815
10802320
8053724
3722019
6962035
12985824
5887574
7559696
8093059
2226109
3696329
5636396
8591970
3535759
7866960
11138584
8443426
7132570
10097054
7585833
1058381
8037068
9072456
12837809
10040996
2768827
11736913
2006651
11718241
3305417
3372945
3906671
1653602
8145600
5948062
11964589
1698309
9290240
7850519
5149673
3903152
9714903
6576306
5070261
8020990
8363184
5405139
117912
5053220
885883
9327615
3813658
1131829
9816049
10130725
3348277
5968181
5398946
8997388
11867888
6026465
1430270
6608791
2577480
104591
11509798
12459435
738487
3284679
6798095
860558
4117515
9509985
12338074
1742512
9786316
8197033
5677156
9601335
9387401
11441713
12240702
6088087
1016961
1516488
12258959
6916324
658894
5758438
5512455
7840254
12445781
4703648
8358338
567226
10658114
4686930
4688177
5454414
10374074
11499440
9670494
3136319
2385752
1627021
6970734
11303154
11453253
8932889
9833174
7783649
6129272
7669769
7214048
4248309
8380812
8695503
9411810
927312
5961257
4644835
836698
10503861
8268236
2792813
8819845
5001820
11997931
3998251
11609922
12957421
5446766
9352002
6211650
7913802
8164704
10224629
12301528
5020854
8183587
3856260
7985631
3734670
10494409
5730799
10744971
7053569
10040676
2749401
2491936
3336336
12355538
9956275
6464864
1470450
254479
7564164
3986916
473241
11448958
2680189
11852888
2094466
1294101
2601516
6972440
3699623
5279181
679768
11579930
5020315
2971470
5155677
923635
8444072
8552308
8505304
9257665
1946107
3596903
7974740
7423302
3156604
4261999
11608246
11027179
10431789
494730
3952817
5348562
2069950
7138688
12179893
4611421
5175203
7650930
11686093
5249426
7785549
5019019
4761355
7573587
3617727
9410523
12634450
6253010
4482975
5607568
272424
10344824
9856881
8054403
2429740
3745035
2645671
1071369
10073697
3151005
1954552
4328532
11949870
10283218
5859597
4749342
11006271
2718282
5761359
12406161
6235724
10896654
11995843
1027632
12000344
1091478
7659245
8411268
5548090
7904941
1065473
936736
7419650
12209010
1640071
6408827
10948039
6224213
8884506
8170405
3930692
10054909
9565430
12040997
7165449
10796270
11297972
10933945
1009853
1923732
8581808
3032982
6310647
5175144
9189814
4374530
1506333
740509
10789823
2875256
10266016
2150537
3959740
12413298
9268417
4768261
10176646
7743744
1655220
12403351
12347424
2770383
5956068
10107481
7559180
2734277
8461284
12607788
8324678
8287913
3210796
181411
3144801
1739907
10908320
238108
8275160
1142823
12632619
3714120
881167
4881520
3394287
6012294
5275498
2790313
10935723
5265979
5174022
6850264
897910
8678420
8658526
3881315
5328090
11172882
4224660
10444090
10397015
5339637
5037140
6188503
8457030
2136131
2731554
9604348
8969007
7019698
5384800
10408779
4965855
3568391
5953819
10450729
7778278
1316993
4023777
372170
2911824
4157918
8871112
2656150
3787932
11778617
5299372
9206428
7042874
8433300
4388678
4404956
98088
10462555
9919078
6722728
225122
4027618
12159429
6144006
10022754
11380744
4928195
941709
6622068
7454244
569891
7976715
12980899
10560025
9294934
9000143
8467648
1757144
8832799
12728811
1227320
1324728
6855295
1658074
12430915
8175423
12769601
8275209
11635349
3578241
3038745
8078870
3021584
11798352
5476779
1860527
4136629
7314174
9909066
103926
8903884
674796
8143807
5764104
7977302
8591764
9898342
12221239
3109667
3597293
9173800
1716710
8797463
9012850
606561
1742102
5988358
10708246
10419633
7819216
12099510
3043226
11140047
1586327
305488
2636936
7428192
550340
10535544
2690785
10223835
1744469
3087679
5548213
10432654
8517342
946722
10552811
3652128
6336494
11538665
12768702
2210139
1554867
6528097
2772677
4317173
10525053
12565930
6648966
7749099
1975510
4179179
5018503
4409468
3117436
80707
3305520
10352440
10161816
12034133
9535786
12358184
11239108
8790601
449652
9215091
6802610
8663619
2267769
3617740
11893056
9129857
7319649
7863899
1607665
11507411
5289917
12625495
12028857
4548439
3983472
12972353
9739145
5184647
8035671
2134221
11020254
5256495
6807651
11739285
730425
10751447
2219525
8716796
1150419
2449087
10428658
9915971
1725460
3932730
6632838
5012931
10876781
4155671
1665083
3184961
3904703
12870965
9473901
2186858
7010513
10990719
8936497
3729828
430079
1685736
6658741
5291399
3763770
7532130
9634397
10784102
1820511
11575707
5909056
466696
11188713
2470239
7095474
3267520
922532
8423920
12953774
10859040
10584474
2535059
6207790
5312393
7368020
10642898
803951
7063811
11064977
5032013
5255394
11353431
710012
11701632
8563300
6088536
10252647
9253138
4415979
3737161
9560057
12806302
559232
3215171
9673103
3085547
1433629
2474182
7235854
9798979
5703850
10930132
3893926
6174748
12013066
1138876
10322306
1244338
5818737
6335132
1696899
627226
12684771
8537524
12180216
3928617
5675359
12834994
10030699
3989901
9563991
4488331
10283650
1866750
1961170
4173058
5586195
8426887
9042904
10640351
10290623
7795082
8443876
1770707
12742212
4619464
12449719
2939746
11816901
7592119
6519724
1626661
2862266
10022092
3033723
2570296
4650303
7850457
12024399
7889822
4524102
3233886
3914087
3161650
11746613
8897054
10185980
1362893
9835605
1287595
9486923
7455463
10996092
2452471
1276058
11988016
777801
1201468
4119465
6317116
2469675
9060417
5224443
12049914
7669189
9008116
264139
1202949
11918024
12723143
5214633
6389699
1444236
9650714
10494166
1457571
9504428
5900280
1805264
4942741
2929007
1206852
6448766
2707014
6291770
10810811
574725
8275389
521126
6351725
6060401
7966541
9751827
6258652
11099191
10329472
6599087
2995541
6385132
6832161
11382949
3640889
2136601
10375384
11369622
992675
2148203
10525388
4858570
11084657
7155171
9443540
9020400
4029400
1204266
9492854
12116677
12897671
11374731
4012303
1162856
1542198
1055361
2383535
10629112
12804620
10375191
5594885
9905385
295599
12662098
3889767
3886997
220606
5869879
9412355
9137126
4007937
15415
1167164
5379614
2078852
1986351
704683
2352470
4326779
10861701
7604687
1141057
4664100
6695943
5146500
11253695
1198219
3808506
5693421
7552280
436489
8576339
11827250
12250621
7785192
8949573
3605364
8432724
737186
1870302
11342522
11316055
7087301
5753461
276397
12893771
6018102
2368907
10182236
812809
1572031
3756085
11790775
73965
2206068
1579400
4925216
1277537
3443665
773460
11990126
7088643
11957446
11743731
3085778
920681
2747447
5960104
2122258
1026357
4452550
878584
12752173
5831504
663512
12796752
1394701
9836279
2501613
5844396
5032241
11639938
12054468
9124098
6563560
6363366
9022017
6342827
7450686
6443766
3835165
2852375
3068722
2590963
10302157
12432877
3667189
9299366
6194779
11231799
11176693
5495616
3480815
4340317
5354698
1742113
6690449
7997663
6249229
10008030
2939003
2789953
1587065
9055972
4867613
1267270
1399384
6490114
12658952
10588152
1559756
8349173
5753713
12381892
11458495
3831608
12620503
12114138
10581645
1412431
2970641
1636797
510940
2020646
2906066
9414956
5070379
2833539
12371548
6566244
2755577
753642
7985626
10351833
6543964
8034637
5249197
5143934
2366808
1449210
5064971
8360536
4268068
2607626
7813532
9093118
2895821
709915
8178841
8123279
6873652
4489536
12343818
2918419
8291979
11212631
2351731
2348572
1432946
6327295
11584246
8034998
7382687
11696300
9367505
11611813
12010136
12700516
6663833
6547082
1295692
10330988
11455238
7051502
7137853
2741372
9382033
623680
5185672
482032
12746828
1818827
6601031
5566844
3655291
4932634
10517246
2279397
9932509
12771424
5483877
1592111
12404512
11270014
3669532
11378905
4758780
7131100
8372328
12588512
10546341
12913311
245593
8864498
12475747
89806
10859188
5495207
9387138
9745326
5388529
394238
10491772
10718504
11470138
5934570
5561904
637339
2260898
4467823
10385109
10341892
5810905
941174
9513355
6213962
10934508
6250325
6947891
8070483
10560137
3046821
12071252
1680538
4304802
4206176
11219693
346889
5973679
12441300
7958096
7943280
3060731
1463648
5523787
10399599
5321404
5196720
392134
5213788
2448932
2286744
8266616
9134600
3935477
12134257
4391033
6589147
6248181
1689943
5136378
3399515
1687289
7340013
6669279
7761653
6158833
5266291
7679181
11940495
10241489
5715080
10956718
4102408
7026592
11686116
11868120
7280026
11926076
11792008
7323682
11452559
2672198
6983390
2498389
7939198
8879026
743939
910121
12115200
9001868
12587421
1271155
9549311
9295533
6302707
6691930
8463639
987913
6950965
8321384
8297317
3540300
9012961
895821
3006280
1897753
2989884
12206420
5199559
12837998
2553971
11961430
2009853
9175280
7743949
8413214
8829702
11171815
2448924
9827075
12444436
9690852
4593644
857793
4864175
3390006
12929124
5070872
12156172
7394410
758668
4643803
783473
12981179
10077259
242694
6904684
7770303
12625230
10093153
12318696
10740851
8393322
80789
8563415
1088571
1405628
11276006
4835342
11613564
6649307
1743614
2691312
9069455
380822
5468661
10679255
2009988
4443426
716029
3699665
7847735
5162970
1163872
3060915
2424675
12726628
3913739
7211349
9103712
1044468
6881055
6074703
3960901
1862719
10937845
645181
11229130
10454781
1774759
2206569
6495462
4881926
7330747
10159924
3406006
426626
9006947
6402784
9329492
6950726
10649403
9659916
5212362
1582000
12811018
9884080
9740982
7980680
6787550
3407875
10322983
7691318
9667974
3237507
12233667
11726220
467096
8513915
7703070
6917692
8102918
5644031
5446114
6882658
10929725
9187698
207890
12248039
6386295
4419409
2827239
4558338
7008389
12446819
11872822
12496443
12335834
7466426
4797223
2284786
6402681
6438147
11816036
8620561
9371403
105605
3201318
6437616
12296665
1453359
1105912
3389611
5828267
8808570
9484689
9218786
2513605
6008298
9969948
5089299
1782678
4028450
5395938
12444682
4893403
7612809
3719886
8438606
5604402
4555696
3929968
7614424
4670297
683751
985518
7488297
6749507
269625
2418617
8523185
495297
96676
6392812
11359817
12105681
9069703
10385583
6151591
2106652
5797876
11851172
9419734
6572470
46115
7534896
8268981
6199745
9998274
1994099
1958612
4322518
9527627
7813014
7464397
388939
451891
6651886
6811829
9760400
2190558
1738811
8924355
1214139
4819781
4013027
3901265
3821946
4249506
2106726
3941499
12795035
3994386
3738055
3531530
3185674
6294271
5253316
5727433
5478333
1118995
4273124
3056600
1635125
2641462
9766315
4526193
10648764
10532791
7852814
12917159
2669053
540370
11847605
2164251
6391575
5908405
12149160
808950
10947228
2182267
4278556
12561164
696065
12844908
12920885
8750860
6431857
10633188
4530354
6760057
2747405
1357897
557880
8077363
9937579
12963042
801355
11700537
2777584
12652650
1725205
4588721
1826265
508541
9467593
4714979
4275165
7373566
3415961
48868
2710959
9372870
2920416
4797688
6824827
3944525
5279675
7176719
372320
5428728
4397455
6331260
3644252
12458053
7251218
1216617
8865395
1375180
7978360
242980
12125924
6914002
4230778
10389096
8153393
7355072
11492803
4643348
10601138
5703658
7072303
525057
164450
7881730
94306
3169179
939179
10227189
7665887
10596064
564465
4350343
12186617
10078751
4539208
8255491
5945115
12193047
255162
11864359
12927789
10450928
5629072
6723368
12235329
7911317
10195574
5581926
10483667
10466853
7642215
1109274
1940816
2546890
4156532
4868147
5722731
12153363
3394416
4528444
7255040
4032813
7456548
10140500
2595489
743823
10202004
9839452
12579233
5140142
7086120
10194357
10404019
7463720
522182
2012838
9448153
9719214
12169154
8121312
5521266
10203715
5678447
8648057
1570673
601979
3265702
6401619
2901793
8670157
10817156
8111098
5207407
2035510
10243313
8924823
2496975
4482725
9128501
10283531
8886266
12388287
12038943
1452678
1674743
11759510
8655323
6430877
817400
9710580
1279634
5237364
2647145
8541823
12339271
11183701
7426050
2114487
1904204
7107499
4902398
310219
10300092
7329363
8168496
685241
11515879
5972062
12951529
4944101
5747008
10329709
11174106
12002000
674343
1209040
12414034
11880004
12009936
8477925
4961748
1508021
9647459
7374338
11124342
3876447
2750276
12444068
9434205
1630298
10524117
10382817
9884471
5061152
2625213
8547335
5576223
10652211
6442090
10095319
3808336
9332407
4750542
4714020
3308971
6490604
352889
1591415
11983803
4697808
1015346
7403398
3990477
8935478
9887509
8839760
2299979
2163519
2210464
416226
5048757
2456666
7454359
2980056
7772777
12125741
2726839
635807
2249509
2388144
1770483
11392489
4062992
9749416
957564
8458885
10208502
11132534
1200907
8409228
6768702
10093730
10110663
8865836
786287
2346716
4902895
688828
10336087
3531206
9617028
6679868
6108341
3032398
8550005
8319546
179350
4440587
1879932
6992535
6008703
12263887
11090937
3254339
2331528
8274635
8650628
5885975
1462421
2261551
5077742
568059
2056039
10240964
5570208
2551366
3429632
2389418
8673349
11411815
7255834
2340689
3429259
10393283
4665430
5940055
10315261
7268744
6800191
7787990
11246038
686338
8431413
11918321
7568093
6244498
11792738
3868480
146599
3002640
10966775
3442841
8543608
3853686
11972475
4799112
298000
4762301
11940755
8472629
10154190
12906924
6835054
5940858
6407769
10500219
8957478
2523217
2625858
4281957
1878417
6076161
7373119
2267431
12715608
4365370
8687429
10641708
12953590
12084307
12222427
11664647
8303356
3808534
2551546
11427700
12606702
11125606
8923701
10851298
6835592
10965742
408847
1930887
5848820
5830964
12755156
4535056
2407173
12055367
5259724
9381173
1989718
284890
6018534
11182958
4667386
12342327
4668731
8063770
3950197
4244668
3085819
6137460
772709
12251653
8918298
12405738
8458285
910760
10662280
10554744
6716952
2595018
960042
4208168
1736578
6795612
5027809
11562515
4695441
8952622
5895178
11895060
1177558
5535014
757521
1513724
11096193
5095997
6505121
5057827
102963
4979668
3994798
3256978
1966914
12973582
9148908
12541401
5224275
9624753
7069783
5105911
6344260
9482129
237424
9744623
5140885
9675481
7172327
6857484
7185019
3439105
11812323
10791790
10874677
12919744
10768559
9239445
5164964
10250470
3821998
7640002
4523586
9571880
5717137
10886674
8682995
5122202
10330277
7338632
6196684
5442010
5245001
3509096
11679574
11828216
8634235
9073652
6311497
8570320
7179712
10409735
1150847
5979027
3497419
4835347
1776811
5751643
10550230
4979251
9503223
1390718
10866906
8306001
12240431
420904
10943648
3177637
12761243
3247818
12630325
12214297
10133889
8541
12773207
921691
4643409
2788080
4653720
12478151
9005364
3353053
3734718
10912055
3175736
2557455
8846312
225009
7565257
742853
1706783
11770942
8755175
9268290
4513177
3005596
12164961
9774803
4130343
8025399
11844951
8118599
7559111
377282
6083635
12514212
1467915
11710265
4775328
1525956
8462112
9254873
1904850
11400204
4624354
2850941
2883310
5690200
1470860
8512263
11017269
137950
5346177
12762472
3316669
11537994
6866393
268446
11859205
4858330
1169487
11784378
3969162
10076653
2242710
1156268
8305642
1311252
8225593
8644908
5677668
1652327
4086037
1977897
8849410
1667194
9875191
6633572
10357094
5372269
9326675
1193806
7206487
2204520
2046850
5041459
5343371
9641080
7891658
872155
4448357
2443801
1057854
5817713
6987298
359131
2084958
159162
9018298
11778474
8492041
725726
4462408
12663352
11504152
5712071
8584994
3241237
8233269
3496614
7197104
6126969
11398712
9703370
7512213
5919776
7259144
2778499
10557018
10047589
3169146
3573439
1934312
3007675
9347046
12467942
2691855
12742196
5986215
9562796
