6514160
6486974
6506361
6503186
6478459
6505051
6497779
6502040
6475973
6495340
6495473
6517695
6508416
6479815
6505557
6508459
6521408
6504268
6503912
6496886
6504631
6492306
6494718
6491351
6511043
6521708
6496006
6494318
6508011
6478082
6511363
6499692
6524583
6500731
6483357
6499462
6509513
6479816
6494102
6514522
6515291
6509126
6493141
6502551
6486330
6520984
6477423
6515391
6502507
6486875
6488750
6516609
6502641
6511592
6508479
6503823
6489153
6487136
6491976
6492196
6503525
6510497
6505500
6518543
6515777
6498473
6493088
6509635
6507124
6512964
6506122
6482637
6489359
6495297
6490141
6488155
6501143
6482145
6488737
6497139
6497803
6513046
6487458
6490372
6487359
6499110
6488391
6501412
6482425
6503265
6473446
6485472
6503539
6475062
6502468
6496939
6499785
6513966
6497808
6505366
6521660
6505902
6509902
6506497
6491403
6501194
6501623
6495733
6489514
6495350
6498942
6498262
6510689
6481689
6488330
6520970
6502059
6482557
6510966
6484269
6483382
6473563
6492669
6519804
6485546
6509685
6510701
6498032
6498203
6499798
6504330
6513350
6503772
6528459
6508065
6507979
6496640
6503526
6512483
6496069
6503207
6496694
6508395
6492474
6499442
6495840
6516936
6506690
6515195
6490811
6501552
6515851
6501940
6528472
6518058
6485669
6506590
6525724
6486561
6487260
6524957
6499594
6502211
6515983
6491557
6495816
6495411
6529166
6520505
6480389
6486089
6507751
6534526
6517305
6479365
6474963
6499194
6518390
6501214
6486773
6478255
6504276
6495431
6518818
6487011
6489794
6493961
6510430
6474455
6492252
6502437
6482590
6515764
6491725
6500556
6496771
6515334
6490062
6494313
6486109
6501016
6495394
6488499
6493643
6506526
6520233
6494367
6526934
6502340
6492560
6518416
6469664
6504890
6508784
6496031
6499304
6506031
6491984
6496779
6507205
6528331
6513336
6498087
6515676
6479906
6491160
6501712
6511885
6497939
6485816
6502626
6490874
6488930
6521970
6506799
6504165
6510897
6486944
6497553
6491510
6507171
6464219
6497658
6496600
6494014
6495588
6501317
6504376
6475087
6492410
6520028
6458176
6498513
6501634
6506051
6493367
6515964
6487321
6496124
6497732
6483888
6489573
6523482
6509290
6499426
6505228
6504341
6481462
6516196
6505969
6495378
6489226
6481592
6475821
6499229
6494686
6502811
6486548
6506880
6479306
6494476
6486941
6496878
6485163
6509415
6511660
6498069
6509281
6493365
6489207
6503126
6474415
6504850
6524310
6511707
6526490
6503286
6487104
6476112
6468228
6504112
6507387
6506705
6495452
6470171
6516900
6511677
6481149
6496088
6516912
6518587
6496184
6491046
6519506
6494853
6498272
6499187
6487559
6512191
6495238
6480874
6524146
6506173
6519285
6506161
6499777
6487912
6508424
6510886
6496448
6481630
6505222
6486906
6488180
6467074
6492165
6510427
6484485
6483119
6510914
6508388
6490354
6506835
6503408
6508785
6483393
6489454
6481000
6499819
6513776
6510501
6512982
6497126
6509018
6512628
6515686
6500111
6472487
6490910
6512176
6502106
6495446
6497434
6484527
6495280
6499156
6492495
6490660
6517003
6489198
6520791
6488111
6510541
6505762
6493155
6509253
6520485
6501570
6488883
6506502
6499620
6496202
6503276
6495583
6505317
6490047
6512928
6501085
6472930
6475710
6511094
6511629
6505415
6511155
6532230
6499914
6505560
6506508
6483555
6525664
6485233
6498546
6516124
6489749
6499367
6476975
6490580
6513834
6518231
6501381
6501662
6498982
6484741
6494547
6516340
6504527
6494387
6496465
6500783
6489079
6512720
6505202
6511750
6484501
6506366
6503548
6503698
6509306
6544397
6501668
6503833
6494008
6494823
6502487
6498111
6502795
6504454
6516071
6497748
6491995
6515677
6501359
6526058
6466795
6487739
6515556
6496716
6525131
6488774
6511418
6483465
6483557
6503436
6504187
6488261
6517744
6479710
6508434
6496053
6497635
6483764
6504115
6520941
6493497
6494211
6501845
6504402
6480963
6500013
6480286
6519571
6514494
6511565
6501208
6501498
6503827
6508811
6477854
6518449
6519041
6506165
6488871
6493145
6524428
6488418
6480553
6505263
6504532
6513454
6474740
6491236
6502680
6499021
6494764
6516877
6513262
6501131
6501379
6509560
6519114
6496917
6516692
6496396
6484408
6500371
6495275
6484121
6477885
6499183
6488267
6491987
6522490
6505807
6485941
6502538
6500162
6521625
6504580
6500311
6473404
6489760
6518797
6483606
6513160
6520694
6502812
6513444
6502747
6512659
6483757
6525556
6492285
6512449
6504290
6480944
6489785
6504163
6505747
6496814
6487684
6491737
6494253
6512413
6509941
6496991
6535305
6490900
6492874
6507345
6510155
6506403
6485076
6532537
6513751
6508319
6493810
6496527
6508613
6497996
6506605
6492873
6490441
6514501
6504234
6506445
6482051
6479974
6471181
6501753
6506421
6487041
6530207
6508396
6469192
6498879
6499781
6495126
6491849
6502741
6483594
6498895
6482299
6519213
6499544
6483294
6526662
6500369
6503321
6501719
6511851
6518020
6504245
6508135
6525536
6496394
6502506
6505646
6500396
6492099
6512371
6481959
6517920
6501025
6480088
6490949
6507920
6491248
6504548
6522811
6507775
6489725
6502002
6483804
6511963
6482915
6507471
6491439
6484382
6491333
6496993
6504134
6481917
6490164
6507661
6510344
6487882
6483166
6498947
6520240
6502621
6484159
6502496
6500389
6493724
6484626
6487926
6486732
6507421
6506811
6504552
6499909
6515149
6517967
6528424
6503914
6514483
6498744
6511559
6508713
6498077
6499452
6509549
6506359
6517868
6513219
6499590
6501893
6498862
6497957
6506796
6510990
6474141
6478951
6505905
6475258
6490427
6496393
6511442
6524136
6492794
6504842
6534638
6504805
6500835
6511082
6511793
6507013
6488039
6513014
6503834
6468304
6526359
6487938
6505498
6494638
6494355
6496858
6510006
6485924
6501109
6505716
6487264
6515620
6489808
6502226
6494282
6510909
6502903
6485465
6491078
6505430
6480976
6498330
6506229
6502770
6495032
6524049
6504288
6486327
6503769
6501011
6501414
6506110
6525963
6491082
6498812
6508753
6500278
6509152
6496885
6488121
6487973
6495726
6519920
6479002
6504849
6503092
6493887
6492216
6495073
6504152
6513663
6481228
6515588
6493516
6498739
6509655
6496359
6489584
6493281
6516960
6490132
6499029
6514319
6502632
6505007
6502635
6514851
6516194
6517316
6503711
6503317
6493947
6502716
6496449
6486372
6489159
6525657
6508334
6487974
6507040
6497366
6486024
6505036
6506342
6516197
6485975
6503625
6495094
6510022
6513383
6471482
6513316
6500315
6506886
6487548
6510237
6507130
6514349
6496945
6482909
6515001
6540176
6493771
6496764
6511473
6479155
6496401
6506488
6503143
6503176
6490282
6513850
6502933
6522399
6485851
6488125
6500057
6483693
6487040
6497986
6495128
6511222
6496036
6501495
6498270
6491819
6504292
6512014
6513146
6496487
6502590
6506178
6495555
6496934
6485441
6502432
6493654
6517976
6488547
6478574
6527368
6476353
6502176
6489052
6497576
6478217
6512837
6483370
6486367
6478777
6489429
6473767
6478466
6485242
6514899
6511927
6495334
6495571
6477583
6507476
6494741
6489593
6510403
6519549
6482285
6500518
6509001
6494185
6511291
6496602
6495701
6506262
6534272
6474976
6485566
6518304
6509785
6505428
6521288
6509453
6513673
6502714
6480518
6492675
6488337
6504080
6488807
6508848
6515214
6491239
6497520
6490937
6517308
6513567
6485507
6507949
6504220
6498233
6489790
6502614
6506838
6487889
6507161
6498624
6471170
6510281
6500837
6505450
6485306
6474495
6505575
6516956
6483347
6505598
6503750
6529726
6521998
6495201
6505496
6500539
6496254
6503596
6518554
6507451
6498113
6500094
6495112
6532929
6474165
6506504
6471773
6490323
6495206
6501509
6509907
6501844
6481007
6520705
6485293
6507021
6522082
6499665
6516492
6525051
6487646
6492206
6481208
6494236
6508804
6513447
6522236
6485857
6493769
6518974
6510853
6520532
6492463
6499205
6495314
6498407
6502163
6496780
6506997
6498021
6491062
6506761
6516842
6489082
6479442
6522525
6498826
6515490
6507875
6474637
6516006
6510242
6505050
6482371
6496061
6504199
6514482
6494761
6517440
6492725
6510070
6474787
6496115
6514715
6504240
6513135
6530586
6496012
6489135
6503985
6498804
6473243
6497338
6489837
6502620
6507750
6520166
6505481
6486609
6497854
6507569
6486462
6498305
6526353
6501480
6497570
6492829
6494308
6474950
6488231
6485861
6509116
6511102
6501055
6498938
6517690
6487852
6508462
6504562
6509823
6517310
6472986
6496122
6510900
6507793
6472433
6486225
6488349
6501099
6478155
6472756
6503754
6515325
6508146
6487200
6489174
6505035
6479834
6505026
6490417
6482328
6520844
6492619
6516986
6500597
6503970
6526684
6513536
6474590
6485743
6524416
6503814
6495723
6508451
6495967
6492886
6512947
6501555
6495565
6485404
6487814
6512321
6511005
6548060
6466783
6490019
6496476
6502537
6470383
6486390
6528196
6482855
6504378
6462525
6498663
6487985
6511435
6511631
6498721
6467599
6504671
6481249
6491668
6496912
6499022
6498754
6505938
6496349
6502234
6480657
6486311
6484337
6503894
6511221
6488676
6519469
6494172
6517431
6492355
6506182
6506718
6512723
6481667
6511004
6477455
6487147
6492319
6511708
6501134
6484493
6509042
6507208
6491688
6489315
6511813
6490541
6504314
6511413
6513892
6497237
6498006
6500594
6507985
6509401
6500089
6510818
6511721
6494250
6477846
6508797
6511150
6487947
6508499
6513333
6501594
6508013
6485948
6497580
6506244
6515816
6516501
6505863
6511507
6481513
6501856
6498114
6511204
6513030
6484133
6489656
6512296
6498295
6482807
6502287
6484481
6494201
6499453
6503411
6511661
6476871
6494618
6492337
6509487
6480101
6495574
6476361
6502756
6500991
6503829
6512506
6489091
6515735
6487586
6503514
6489036
6511725
6517329
6494630
6510306
6486668
6504649
6489814
6504355
6523137
6483677
6498130
6506548
6495470
6483847
6500020
6486021
6503805
6519025
6489213
6480096
6511166
6495168
6503082
6485823
6491432
6495902
6483536
6490990
6517378
6492208
6500821
6515120
6480161
6500283
6498913
6485309
6520044
6525723
6481069
6475464
6492601
6505455
6486448
6502327
6507932
6489268
6493050
6507440
6509468
6483754
6508750
6494141
6514032
6508648
6500555
6513558
6485522
6501156
6508306
6494386
6503305
6502207
6503107
6529266
6512159
6498283
6495940
6505123
6499488
6483285
6483926
6512274
6498951
6496570
6511189
6489095
6491931
6497644
6527260
6496155
6489558
6514128
6501766
6502101
6517498
6506311
6504213
6480324
6518259
6502321
6473509
6488760
6503205
6484571
6507587
6517133
6502458
6483244
6529393
6511438
6499054
6503609
6497588
6479899
6492339
6493671
6486047
6529017
6495975
6514125
6490177
6488599
6507307
6498303
6506390
6511247
6510721
6500598
6515972
6488647
6500848
6496872
6488253
6498436
6510028
6505691
6504263
6480836
6512883
6512951
6491090
6512008
6476376
6471775
6496693
6496897
6516243
6520802
6494371
6498905
6499057
6500382
6477128
6495587
6483530
6502307
6496972
6527578
6508325
6519466
6488119
6526767
6494441
6489357
6514861
6520548
6507798
6530726
6489982
6500354
6493878
6489477
6483060
6491256
6512834
6497965
6508550
6496284
6487556
6508406
6496081
6516326
6483376
6489161
6519277
6510439
6474743
6506647
6489759
6489480
6511864
6524873
6500758
6491709
6483771
6510042
6492726
6501268
6484579
6505924
6528564
6501374
6510654
6490679
6514750
6494025
6510036
6480653
6493494
6505108
6510640
6510559
6493099
6498820
6495670
6501546
6486649
6535393
6497510
6499509
6495160
6504410
6473723
6478533
6516952
6494001
6500691
6480961
6505503
6487042
6479934
6501582
6476899
6505049
6507657
6507548
6522830
6498899
6487543
6484266
6495785
6480528
6510568
6488179
6489103
6523990
6501995
6497446
6487012
6497989
6505447
6513414
6523608
6504969
6502701
6483466
6492500
6521835
6524143
6518874
6521020
6498656
6521048
6502838
6508150
6492218
6498602
6486568
6507648
6500909
6524273
6501912
6500545
6491941
6497104
6492480
6490461
6514601
6478154
6508495
6493960
6477056
6501851
6490173
6502140
6513198
6510827
6502477
6508409
6508730
6482571
6493565
6520057
6506495
6521502
6492655
6487614
6503237
6493795
6495595
6479257
6489413
6512975
6500040
6504363
6517411
6512332
6475567
6506440
6494894
6507863
6491385
6494944
6489237
6491251
6488211
6484708
6491453
6492920
6483179
6502214
6506839
6490789
6496638
6486733
6513671
6503536
6484863
6508423
6485294
6489667
6529894
6513477
6490750
6487380
6509666
6488396
6508849
6506239
6501108
6497762
6501302
6505015
6512359
6500211
6507589
6507810
6517351
6490133
6486742
6501387
6502990
6481169
6514185
6496375
6502464
6512039
6490572
6493419
6514067
6491139
6526786
6486284
6484291
6488479
6511299
6488954
6478997
6483219
6494650
6521900
6513310
6496344
6483832
6507971
6520271
6515825
6525893
6498013
6492783
6504243
6507120
6489489
6516980
6480472
6516074
6493818
6514677
6498917
6511710
6489054
6527286
6491297
6498276
6492122
6481446
6502510
6519948
6516934
6507203
6487645
6482853
6512858
6505365
6510083
6499921
6478582
6493892
6499432
6483637
6494672
6491996
6487455
6485721
6504512
6505025
6482219
6515563
6493442
6479783
6487767
6494086
6486032
6507140
6493069
6508379
6505276
6503640
6496683
6506837
6514050
6488514
6484685
6507826
6505696
6494380
6500606
6507388
6506782
6523643
6512027
6519933
6506272
6507085
6501920
6509095
6504316
6498961
6504137
6497979
6486727
6490283
6504764
6504843
6502482
6473473
6473128
6520099
6485853
6494694
6550971
6513697
6506756
6489899
6518085
6507174
6482016
6479387
6499096
6506482
6507280
6505744
6497416
6476299
6507258
6519370
6476304
6498126
6500045
6497767
6510015
6496273
6508276
6510901
6504347
6511532
6502326
6501530
6507530
6502189
6521669
6481082
6478505
6512850
6497148
6490973
6500173
6503355
6505160
6495904
6484928
6492340
6496988
6516505
6514937
6512312
6474047
6504607
6492908
6518955
6521315
6517658
6499186
6487608
6506312
6522480
6530248
6500575
6510813
6500370
6513237
6493621
6491384
6503162
6495265
6518731
6501345
6485015
6515829
6506136
6499064
6478086
6506828
6520173
6494597
6490244
6520589
6499475
6502128
6498286
6485811
6507534
6488252
6491756
6486764
6518087
6517940
6487462
6496770
6479848
6483111
6492361
6484494
6497868
6498377
6491773
6487046
6479817
6473044
6499056
6520056
6498460
6496409
6494363
6496127
6505131
6478687
6519451
6490196
6523815
6507519
6474628
6489971
6500889
6509298
6486244
6514816
6492057
6508333
6508136
6492907
6512308
6499376
6504665
6485579
6478148
6507937
6506960
6522613
6516954
6491352
6490261
6496356
6507728
6480228
6501660
6519110
6495143
6506868
6494486
6504579
6504690
6498539
6504740
6485690
6502187
6509071
6494244
6505141
6496304
6481459
6501599
6500561
6514289
6493247
6491293
6504949
6494710
6517104
6502201
6484306
6508443
6459714
6507362
6496565
6496831
6485837
6477573
6516484
6512840
6512618
6498257
6504736
6508058
6487892
6487503
6499939
6490101
6491836
6492419
6508421
6513227
6521406
6500035
6519163
6516616
6492696
6481861
6496220
6510149
6506153
6492757
6492558
6509216
6502639
6473804
6478832
6499901
6495182
6495011
6490643
6493783
6500379
6499290
6517916
6493228
6496822
6470611
6519720
6481628
6483222
6515647
6505261
6496832
6519071
6525027
6491958
6501427
6495279
6491949
6494529
6508157
6501045
6531991
6507420
6492331
6512266
6525695
6505907
6496997
6511906
6478258
6493435
6494237
6501193
6487138
6488874
6512609
6489405
6505620
6507901
6506016
6504391
6530633
6504461
6509728
6495664
6497717
6517660
6501272
6525120
6517614
6492253
6514765
6517008
6508949
6499850
6507090
6480309
6510258
6513355
6485287
6508121
6506996
6494728
6475695
6494798
6449133
6520477
6488112
6519313
6493465
6497033
6531919
6494603
6495476
6492007
6514737
6509979
6517015
6493781
6484069
6493016
6506318
6504729
6499118
6500630
6495601
6508081
6509698
6486852
6481678
6506808
6512192
6500261
6514497
6541901
6513757
6509382
6523556
6495995
6491661
6511944
6484240
6495861
6507335
6499783
6510052
6483657
6505791
6501583
6526305
6490178
6486150
6499249
6496557
6488031
6496455
6499780
6475705
6498736
6507870
6470721
6512381
6481403
6515696
6521913
6466903
6510656
6505768
6498735
6510663
6499829
6538859
6505877
6510477
6503435
6487808
6481005
6488719
6488962
6495978
6502433
6500581
6511905
6510024
6491049
6494252
6496867
6500408
6484009
6502826
6477482
6521762
6481176
6497930
6497399
6514419
6496702
6475070
6500171
6491581
6503096
6493846
6498334
6506463
6492884
6514806
6510855
6496608
6489202
6504701
6496676
6497095
6470263
6511562
6512649
6494280
6505418
6491101
6502338
6487507
6479600
6499865
6516106
6517100
6512037
6487754
6476636
6499405
6497083
6488594
6510034
6485774
6501930
6479868
6511114
6514509
6467553
6508161
6505621
6501424
6469514
6525122
6499917
6484369
6502902
6488708
6511098
6494626
6509247
6503001
6504670
6481820
6500855
6514975
6498587
6490728
6532953
6493101
6511045
6489032
6502358
6502876
6517339
6526638
6495366
6515994
6508940
6485883
6493059
6498088
6509164
6504780
6500451
6480230
6493600
6481139
6479326
6508120
6489780
6504891
6509659
6506830
6493153
6489309
6532847
6521985
6495042
6492240
6493004
6511485
6519396
6501907
6505309
6505639
6497555
6494137
6509252
6486892
6493291
6516471
6503549
6540327
6502831
6508616
6499839
6513839
6496966
6505717
6478284
6517627
6471666
6506939
6485841
6521598
6530063
6498446
6493557
6489189
6495342
6497362
6527000
6489595
6507144
6505630
6492244
6498543
6519776
6490583
6506072
6489964
6510567
6494503
6482197
6493661
6483952
6494065
6492788
6501860
6514689
6497501
6519004
6487226
6510123
6510284
6513224
6473899
6500856
6489994
6503422
6502973
6499484
6514411
6511153
6515258
6524140
6524537
6508887
6504257
6494846
6524438
6493210
6489479
6492275
6487106
6483868
6504755
6525871
6519686
6484936
6511879
6517958
6509021
6506009
6516294
6494892
6503564
6492627
6503990
6477681
6503531
6502111
6504293
6483625
6478428
6506399
6505955
6481590
6493940
6491597
6517043
6506989
6530560
6485661
6502022
6497301
6515573
6511083
6478836
6509340
6524905
6492979
6508140
6503457
6508483
6493672
6523811
6484632
6492706
6489379
6475472
6508105
6492531
6482085
6494841
6484952
6495888
6490059
6490276
6492058
6503327
6496646
6490839
6487256
6505062
6492230
6503863
6528284
6491937
6497583
6498564
6480771
6496556
6483688
6487219
6519427
6485424
6497629
6499611
6473119
6511427
6497944
6509724
6465086
6500314
6495968
6498071
6489974
6506033
6478557
6482049
6505766
6509332
6488957
6493227
6493409
6488266
6515420
6477278
6492689
6490399
6506549
6507159
6520528
6496260
6477931
6497370
6495389
6497837
6502576
6481644
6493854
6492367
6481761
6516117
6495324
6481397
6506905
6495980
6480208
6503671
6507729
6480766
6515711
6487480
6498133
6494242
6511852
6500118
6513066
6488128
6482869
6496142
6523143
6512208
6503189
6484036
6513631
6487584
6494482
6490611
6506562
6496804
6491767
6474257
6501097
6495708
6495798
6513926
6529554
6502215
6514351
6492292
6506294
6493948
6485187
6493684
6482751
6510565
6493766
6515644
6483674
6489648
6521146
6510967
6488543
6511712
6486086
6481068
6493908
6494687
6491902
6494582
6505318
6474389
6483526
6501326
6505677
6492678
6514098
6507967
6478312
6524197
6509777
6508503
6520170
6486872
6478718
6493905
6482027
6481986
6516108
6496044
6504697
6508088
6523841
6507310
6482426
6476824
6490983
6496938
6493819
6517615
6478317
6481776
6481633
6496201
6505407
6506213
6489277
6504126
6498789
6503964
6494329
6508159
6512258
6507128
6517110
6468357
6495762
6501976
6478201
6525278
6507961
6502407
6493909
6487269
6488891
6505306
6496812
6504619
6495289
6480639
6476133
6488304
6522353
6502599
6507248
6499593
6504935
6497691
6509210
6504875
6509421
6507529
6495810
6509076
6493241
6493767
6487777
6516744
6497791
6471549
6494847
6501900
6495774
6507180
6500400
6496542
6496629
6485069
6501251
6488536
6518310
6500159
6502442
6503315
6492407
6524321
6485889
6493870
6507444
6504507
6494494
6498704
6480266
6513123
6510619
6499844
6492672
6507091
6479886
6496621
6491063
6473129
6496007
6465613
6484444
6507683
6481426
6479740
6488070
6503808
6487537
6501625
6497544
6514370
6508814
6494550
6516053
6487954
6519662
6494752
6507781
6515031
6491889
6504880
6500061
6512646
6519514
6520911
6498490
6509356
6513815
6508055
6494869
6527225
6510091
6501297
6515191
6508955
6490592
6495048
6525656
6506583
6527034
6511397
6491308
6499740
6484958
6510629
6476860
6505208
6519839
6507447
6515090
6526822
6507547
6494361
6499697
6510387
6503612
6508720
6483011
6497686
6495408
6502970
6503193
6508596
6502000
6495475
6482236
6488747
6489256
6514809
6532309
6498211
6525955
6501939
6490473
6494870
6502750
6492782
6509878
6497527
6523791
6495988
6512568
6477292
6507037
6512794
6519067
6517773
6504758
6496314
6499873
6498696
6492722
6486632
6486206
6504978
6479380
6483739
6464870
6493802
6520046
6497551
6489967
6487957
6488801
6500715
6504609
6505094
6499977
6479055
6489747
6513634
6490022
6507969
6499703
6498885
6497694
6479554
6503264
6480857
6505034
6499787
6497457
6509997
6489228
6492112
6517852
6472622
6474108
6507504
6495660
6522066
6505445
6518100
6510530
6507811
6503232
6505856
6498928
6495298
6502648
6501089
6498519
6497490
6515489
6485662
6499276
6504494
6497561
6490012
6480760
6487207
6517221
6482827
6491763
6505793
6482769
6473465
6489461
6523070
6509374
6494726
6507625
6512310
6515448
6514640
6494693
6484436
6510688
6506760
6500526
6491649
6493508
6490790
6505997
6497093
6514048
6502793
6488870
6511135
6522766
6492439
6485183
6477708
6497049
6496140
6495016
6481714
6488984
6502660
6491016
6495546
6497242
6487630
6500902
6497206
6511393
6482945
6475643
6498191
6505577
6483030
6519733
6497394
6494464
6494140
6479170
6498700
6522007
6502619
6515571
6484230
6529395
6529453
6516972
6486585
6496599
6480506
6514749
6503532
6513351
6532598
6496225
6490020
6502658
6487198
6498930
6498312
6516742
6485926
6507399
6476329
6496239
6496227
6503029
6497846
6485481
6505694
6488586
6539719
6503690
6499014
6508152
6483016
6485126
6482850
6500268
6490575
6499078
6504911
6503011
6501549
6507491
6505964
6509458
6501112
6498792
6496582
6507755
6490166
6514287
6491748
6511208
6508296
6510410
6485216
6497439
6499587
6508930
6505683
6514168
6504514
6510591
6514488
6501795
6508317
6491480
6520130
6510371
6524075
6510581
6503309
6484536
6482133
6501657
6506609
6480962
6486466
6502017
6504393
6493189
6471423
6490644
6492385
6517723
6504635
6470213
6489080
6490249
6499334
6514221
6516178
6481061
6502498
6514995
6512931
6522448
6525501
6494685
6515275
6507058
6468987
6493298
6495959
6491140
6478938
6499826
6520064
6525066
6498418
6491789
6487444
6504273
6507616
6491929
6512636
6486616
6506894
6480688
6504350
6498973
6501500
6516775
6511792
6506401
6501518
6498429
6500336
6508795
6496288
6497357
6469344
6520480
6506553
6498031
6508269
6499597
6482567
6517876
6498807
6533381
6484409
6491977
6496705
6504762
6491080
6514730
6513901
6491780
6508436
6497830
6514031
6458809
6493352
6491363
6504983
6504537
6488295
6488565
6477226
6492302
6511788
6477190
6526472
6494187
6497893
6504278
6491072
6496566
6522652
6472134
6467651
6505906
6499739
6506579
6488423
6486601
6509186
6509212
6492396
6477575
6504310
6495120
6511756
6504577
6500567
6506920
6492254
6523358
6503701
6497488
6505084
6508474
6496125
6495610
6517741
6507555
6500602
6509271
6478513
6485256
6517204
6487793
6478937
6501230
6510340
6482118
6514489
6499654
6505435
6485145
6489645
6513151
6472503
6502035
6519542
6487917
6511230
6498733
6499339
6490661
6483613
6504560
6495185
6501524
6519649
6516506
6481366
6508852
6503519
6502302
6493554
6495373
6488264
6509143
6506431
6475816
6488828
6484660
6494496
6519098
6486144
6485896
6510290
6499715
6506141
6490701
6487806
6497723
6503890
6514226
6517537
6477319
6512485
6494924
6503845
6510751
6498844
6500027
6509072
6477920
6509360
6509299
6507552
6491860
6501086
6498772
6530378
6499648
6477840
6495509
6488989
6493185
6489033
6509430
6521608
6503938
6505110
6512685
6496584
6495720
6509908
6504002
6503175
6506743
6506746
6524851
6494605
6504104
6498239
6509089
6502901
6504073
6520430
6500380
6495906
6485706
6489764
6495667
6504230
6493958
6511154
6491862
6460899
6507783
6489427
6514041
6516339
6505226
6522612
6479913
6495999
6492717
6494623
6522532
6520657
6528120
6477173
6494409
6498030
6497424
6505462
6506962
6519106
6500923
6481642
6500807
6504611
6513629
6490797
6526354
6512087
6488206
6496516
6494333
6512613
6503392
6495291
6488491
6504991
6511423
6501765
6485809
6495424
6490247
6517210
6507189
6510962
6487831
6509109
6497047
6479785
6503797
6510457
6491771
6515079
6497221
6491938
6475163
6500801
6500007
6516882
6501841
6498610
6513137
6497793
6499536
6515745
6512534
6502592
6483717
6503816
6494639
6505597
6487891
6483923
6476443
6496618
6508327
6514950
6487647
6505399
6505301
6501652
6475734
6482768
6488662
6513154
6506759
6491005
6495991
6511491
6494554
6486461
6523542
6506103
6519617
6511140
6490706
6480794
6511849
6504810
6514449
6502758
6480602
6500954
6499938
6486820
6504018
6490958
6514793
6488958
6486848
6525288
6490279
6487752
6499457
6507231
6493060
6498454
6504974
6509251
6497404
6515257
6532902
6502609
6487102
6509287
6494544
6519488
6482427
6502280
6493730
6487720
6492941
6513412
6481022
6486071
6504063
6506541
6504806
6507301
6515216
6487280
6489119
6487668
6500985
6504907
6507359
6506783
6507297
6495407
6519056
6482722
6512195
6483415
6494614
6500752
6500905
6507239
6496226
6537984
6484917
6475281
6526530
6483468
6505521
6483273
6500913
6473799
6492141
6496230
6486155
6492451
6492089
6536331
6514891
6483197
6500078
6505804
6510288
6516291
6491260
6510849
6521767
6506235
6504787
6518134
6497223
6489618
6508881
6499458
6513069
6504725
6512843
6510705
6501502
6485606
6510402
6528983
6495829
6501443
6512145
6511643
6514936
6496691
6520945
6490097
6518125
6490412
6525280
6478490
6494970
6494542
6506689
6497193
6507848
6483866
6500810
6495542
6506499
6492091
6510049
6500098
6496802
6511165
6514565
6491493
6498361
6511295
6487360
6481880
6511825
6473146
6488694
6490295
6488029
6530913
6512376
6495731
6516225
6490227
6519436
6504627
6519982
6510566
6489354
6496145
6491318
6485722
6488065
6504241
6498183
6489387
6498771
6485224
6512183
6486230
6508411
6508219
6510714
6526563
6504175
6471936
6496914
6501158
6503275
6485517
6500583
6501353
6498449
6484418
6525791
6496377
6506532
6510300
6498373
6516052
6515845
6512200
6511188
6506632
6513440
6505107
6492076
6507604
6531769
6493626
6508478
6490057
6482656
6495856
6485108
6484596
6499188
6492280
6494789
6493360
6493806
6493440
6480504
6513954
6491273
6500550
6513746
6477954
6502279
6484144
6489134
6509378
6492132
6515317
6516269
6498423
6519911
6495824
6505859
6483438
6502820
6481070
6485746
6501182
6505504
6504482
6524079
6503071
6491624
6496519
6505594
6483797
6481389
6517021
6478953
6492806
6504323
6486958
6494799
6486669
6491522
6497311
6492158
6481103
6521103
6495794
6497867
6517274
6481875
6484755
6487663
6508973
6497463
6493174
6517774
6501028
6502100
6505704
6514957
6482466
6523514
6504763
6506099
6522181
6507209
6518093
6497853
6503503
6487535
6451375
6497521
6509906
6483185
6499005
6501365
6503241
6502392
6499733
6478623
6488271
6500393
6480461
6498658
6497610
6484776
6493136
6513207
6505312
6503415
6511571
6495693
6510374
6499087
6501409
6481641
6518113
6506125
6490929
6503155
6493239
6480682
6498674
6514895
6515862
6493397
6486547
6514574
6495769
6511506
6497728
6517451
6519669
6511848
6495276
6509672
6524120
6514626
6477794
6501539
6506408
6487989
6502916
6509521
6506735
6517956
6479328
6480302
6503838
6490595
6480040
6485919
6510586
6510029
6499389
6488495
6498559
6489831
6511876
6496386
6502991
6496891
6486533
6484836
6493049
6503345
6500527
6516663
6492800
6506940
6502981
6480772
6495331
6504775
6500559
6498641
6498740
6489975
6482762
6492749
6488308
6501190
6510926
6489643
6480184
6489695
6492455
6485482
6482000
6491740
6477081
6479293
6520976
6519191
6503954
6485176
6496384
6522782
6506895
6508291
6496813
6502304
6492186
6483318
6482403
6479937
6502191
6504536
6479749
6477666
6488932
6483920
6504942
6490678
6491887
6477244
6494873
6514024
6500917
6502164
6490818
6492452
6509597
6493903
6516436
6494536
6510627
6482897
6492001
6509738
6516933
6482749
6489273
6499744
6487749
6503102
6476542
6499246
6489008
6475278
6508916
6510634
6493717
6500357
6510319
6513036
6504399
6510018
6514420
6509830
6527442
6489098
6502178
6490382
6475548
6507195
6489580
6511201
6510011
6496043
6519127
6491986
6503398
6499721
6483591
6502809
6502719
6497998
6504054
6468707
6503115
6496969
6487049
6491516
6505193
6499969
6503021
6507988
6509085
6466631
6481305
6484864
6492083
6490071
6500456
6528615
6514956
6466751
6523378
6513735
6493650
6513573
6490931
6530902
6511337
6505837
6500979
6517145
6514030
6521169
6493800
6479818
6498230
6503065
6495907
6515093
6511563
6499533
6518856
6506694
6487512
6503664
6500618
6478991
6469333
6482593
6487769
6523260
6492635
6492536
6483857
6501961
6483880
6497898
6493385
6482397
6504965
6500404
6484531
6510500
6501966
6484808
6506813
6472963
6477069
6489164
6492774
6505673
6495782
6525132
6505667
6521549
6517107
6511329
6503969
6506826
6509650
6489462
6472632
6496113
6491556
6512573
6498780
6497735
6495081
6503858
6495218
6505711
6504956
6499671
6521734
6502848
6485359
6473201
6512293
6498822
6512084
6536441
6511186
6491560
6498968
6490692
6486091
6480242
6504503
6503885
6504026
6481870
6507295
6466202
6504655
6494906
6515939
6511308
6528465
6500228
6494067
6497917
6496172
6485554
6511074
6515546
6503466
6516994
6504023
6505210
6511602
6493122
6499424
6515092
6493156
6517238
6505497
6526083
6495834
6485290
6488643
6518422
6483013
6517049
6491698
6489701
6472437
6519382
6491908
6511099
6503734
6491309
6475741
6506133
6490684
6479237
6506230
6505640
6490940
6489194
6495118
6499239
6507856
6501551
6510621
6501010
6486399
6500523
6498883
6500563
6510054
6508200
6491054
6474703
6506812
6504205
6528251
6490482
6514753
6509586
6502566
6523500
6465766
6476999
6496272
6502830
6520518
6495419
6498751
6491508
6482008
6497478
6470862
6504321
6502560
6488815
6522155
6498393
6480694
6495807
6529084
6476000
6489419
6494153
6519496
6496571
6503434
6517178
6484554
6497316
6488132
6494895
6485215
6496546
6518369
6497614
6508098
6480649
6492657
6490894
6509490
6497358
6492989
6509006
6522293
6494696
6503897
6505880
6483865
6489367
6490576
6528217
6518710
6489090
6500970
6496653
6490163
6511857
6489859
6502769
6468364
6513602
6507662
6489087
6495151
6502836
6492741
6488259
6501493
6486782
6485632
6508179
6480675
6496889
6501739
6496900
6498174
6498091
6486157
6498059
6491451
6511901
6521033
6506432
6493098
6505018
6490381
6515002
6492239
6491932
6501470
6511930
6488134
6497299
6484274
6491079
6488361
6525006
6481613
6519632
6485635
6525865
6513363
6491715
6487595
6480875
6491809
6494922
6509897
6500823
6499451
6484093
6499121
6492736
6480135
6518048
6492614
6497405
6494245
6479233
6488862
6485542
6503700
6490964
6512424
6491406
6503476
6491608
6519837
6503746
6508504
6486176
6509348
6507265
6478167
6498078
6500955
6501682
6487028
6492300
6515174
6483990
6480704
6505981
6475284
6515807
6484178
6515940
6488427
6507934
6503034
6517583
6528690
6500793
6520388
6487694
6508969
6494649
6506199
6512083
6511611
6497941
6513110
6519709
6511675
6514329
6496351
6492699
6498390
6502798
6489455
6519088
6512228
6473992
6477345
6503826
6512185
6492779
6507028
6500154
6509840
6501494
6488809
6505059
6486719
6471737
6498271
6485372
6489694
6482064
6500214
6487967
6506200
6507842
6512782
6485511
6493364
6514858
6517681
6501619
6529696
6523525
6514242
6491821
6514123
6506025
6480072
6493077
6511151
6486521
6505606
6509720
6511551
6521738
6475136
6485232
6492393
6510681
6489181
6488500
6516187
6507918
6508698
6506995
6498828
6509760
6519989
6522156
6505860
6506387
6516592
6499849
6511664
6492799
6527162
6480164
6505115
6498651
6492646
6510056
6495600
6486553
6493221
6485754
6486739
6493737
6483858
6499824
6497176
6493584
6524844
6492796
6496704
6500395
6530996
6503124
6510831
6485750
6506867
6511613
6499608
6498694
6502074
6530903
6494633
6501083
6501953
6500542
6487328
6516964
6502675
6503425
6503304
6509519
6504757
6510661
6480726
6494680
6498888
6501941
6504687
6492836
6517606
6519721
6509180
6500079
6527632
6509913
6512357
6496739
6503025
6503395
6486559
6505440
6509119
6500218
6499060
6500768
6476966
6528133
6484041
6505707
6522470
6491565
6508398
6492348
6484628
6512484
6498177
6491954
6498206
6526121
6494461
6493139
6503853
6501295
6518147
6520183
6490942
6518961
6476409
6510752
6495775
6516491
6499689
6515982
6493301
6512423
6509355
6515347
6486132
6474085
6504518
6498417
6490067
6493943
6486322
6492314
6492214
6501059
6524067
6495896
6509900
6493262
6492786
6486714
6501132
6483021
6491564
6491727
6467887
6505401
6525294
6500424
6502360
6490825
6504561
6515367
6502395
6479361
6483522
6501293
6496299
6484145
6487242
6490126
6492395
6502418
6518653
6483073
6516176
6507368
6494539
6500664
6500746
6514180
6493827
6506563
6512186
6481766
6489099
6506791
6502802
6502067
6497882
6482489
6488410
6511801
6512024
6480262
6503148
6492236
6532535
6513948
6512259
6483132
6509541
6514882
6505820
6486630
6505515
6506024
6486240
6512875
6486266
6506589
6496353
6511654
6499043
6514313
6491833
6492917
6502434
6489915
6497474
6494774
6505897
6488660
6495698
6491442
6512645
6475694
6493464
6488437
6495986
6514071
6503281
6496042
6487969
6490167
6511309
6520619
6510917
6505406
6507982
6516286
6508320
6498012
6505291
6507566
6488277
6518146
6511909
6492967
6499319
6472029
6472274
6478494
6516837
6473048
6497161
6467920
6521118
6498998
6509209
6502992
6492065
6514946
6498484
6517642
6500790
6521735
6482255
6482543
6494064
6486539
6483834
6506231
6508735
6501342
6523813
6499360
6476665
6488960
6478726
6514340
6531403
6503720
6501678
6498829
6508877
6521352
6505483
6502997
6501377
6500930
6503257
6493570
6515266
6485599
6510075
6504812
6499863
6508501
6510874
6501840
6489614
6473586
6505078
6482146
6477008
6494189
6495517
6514196
6507155
6507317
6495814
6488195
6505506
6502042
6498946
6495931
6523956
6508968
6492453
6488421
6503807
6496845
6499906
6494177
6508077
6487697
6513937
6514053
6512760
6490765
6518749
6497923
6508608
6496531
6509093
6507391
6494607
6494619
6510620
6484064
6502362
6505490
6483329
6519513
6501219
6508022
6515403
6505240
6496975
6527144
6489848
6496420
6510650
6490581
6478141
6506274
6511133
6507009
6499269
6505370
6493882
6501622
6517421
6494959
6495209
6507654
6479501
6503208
6492144
6519667
6486528
6502251
6487695
6495165
6512033
6499935
6495778
6490762
6490656
6476354
6502398
6503566
6476477
6502092
6507366
6486953
6509925
6506273
6488607
6521302
6507841
6514770
6518684
6494204
6491229
6486774
6504828
6502406
6490691
6491524
6517389
6523864
6498752
6490212
6522693
6528051
6492157
6488955
6500164
6477760
6490771
6495221
6496364
6518559
6506324
6526386
6487639
6521250
6490840
6496096
6508508
6488554
6503617
6534434
6489441
6500571
6485093
6511101
6482094
6507043
6491188
6484332
6511025
6508554
6511535
6479780
6494125
6479402
6499883
6500798
6504502
6515667
6485835
6512004
6500077
6489750
6510810
6508900
6508021
6499215
6492705
6524753
6500753
6493939
6494965
6506066
6525272
6510379
6503451
6510635
6509481
6517519
6500922
6489319
6497517
6497359
6490731
6496332
6496232
6462674
6498683
6526067
6510830
6502081
6493473
6504533
6499101
6489201
6514888
6522424
6504495
6524020
6506856
6494736
6499897
6496633
6510095
6498801
6501636
6481835
6503160
6507263
6480431
6499006
6526234
6495891
6501744
6485744
6493470
6495441
6495823
6504197
6506353
6516364
6503427
6494111
6516475
6525009
6507955
6504962
6486138
6521861
6509232
6510332
6519438
6485195
6499642
6517265
6495788
6502541
6512231
6508530
6478348
6522328
6501022
6489569
6503240
6485136
6505409
6518477
6518151
6500458
6500470
6499866
6497709
6500722
6497631
6505146
6481009
6522720
6511437
6498552
6508756
6496815
6501024
6486989
6508050
6485412
6498189
6498757
6490460
6489658
6517884
6493973
6487434
6488139
6494317
6515515
6522433
6489639
6487281
6509103
6485277
6497433
6499792
6499809
6473559
6498728
6466939
6495996
6519745
6495710
6516481
6504176
6496604
6480028
6510419
6514330
6523998
6499817
6488778
6484678
6493414
6505128
6507664
6497423
6498775
6508063
6499551
6517318
6489544
6520422
6504024
6475815
6514465
6501410
6496316
6495401
6522158
6476436
6493420
6515673
6504731
6500794
6492228
6507585
6513187
6483231
6488889
6493936
6495853
6502864
6522648
6492854
6494147
6508644
6499628
6486707
6529850
6504082
6510718
6525550
6495184
6483981
6495026
6490972
6501206
6518801
6500143
6498186
6493622
6503679
6505895
6518996
6478168
6514588
6490649
6487675
6483610
6502501
6524522
6476164
6491776
6517228
6496544
6518686
6512377
6483000
6497821
6490616
6517447
6477231
6487364
6495860
6505147
6511250
6492193
6474537
6487859
6497514
6492580
6484342
6470985
6516348
6511464
6494900
6510251
6492659
6470831
6514072
6504053
6495105
6497348
6517320
6505420
6499402
6508651
6488425
6500174
6479296
6493340
6501687
6513895
6490280
6495189
6508714
6501490
6482626
6488384
6507393
6504332
6531583
6499403
6515723
6468980
6506171
6514280
6491992
6508694
6504456
6500060
6515688
6484701
6493601
6479545
6515066
6491786
6509025
6494917
6505253
6484680
6517635
6478727
6500274
6499381
6517404
6495384
6514467
6477690
6495179
6510392
6517405
6501274
6485970
6490907
6466184
6494988
6485443
6517057
6490748
6492087
6493249
6512984
6487252
6495637
6491045
6496343
6508708
6496037
6510784
6486275
6483063
6480696
6477972
6487265
6489395
6517338
6503404
6507304
6513005
6506092
6505172
6491629
6509472
6496818
6488569
6483934
6494178
6490393
6507083
6494018
6517186
6473890
6487204
6495529
6502202
6482578
6508324
6501497
6520232
6525833
6504119
6478924
6492394
6517382
6509855
6496317
6500990
6497450
6509920
6488881
6504214
6511127
6508796
6497649
6502585
6512350
6494828
6498565
6489927
6507614
6489131
6496213
6529722
6488327
6521960
6505311
6497069
6504303
6493566
6508977
6481953
6498425
6490089
6506350
6513617
6485245
6484562
6480001
6494373
6514523
6505348
6496708
6494881
6509782
6502936
6489957
6503292
6526852
6517771
6492475
6480598
6491710
6510184
6471191
6476777
6486503
6492636
6502159
6492018
6505941
6496898
6486750
6496018
6503271
6495212
6500334
6515260
6492318
6492436
6504329
6499392
6476473
6487735
6482521
6495633
6485576
6506101
6501533
6480427
6499686
6489551
6510033
6498776
6508029
6494150
6506845
6498426
6512692
6508802
6496083
6508630
6501477
6471612
6522902
6493168
6475010
6516429
6493417
6504433
6477212
6496402
6524411
6489412
6487611
6503909
6495273
6489047
6510177
6518392
6492629
6465622
6470039
6495920
6528524
6523621
6482465
6475122
6483991
6507805
6500023
6506679
6496076
6492110
6481151
6499502
6477114
6512693
6485771
6505655
6482895
6499615
6500076
6517256
6483675
6497438
6498268
6519611
6474640
6518840
6501773
6518123
6509266
6494621
6491867
6466661
6489290
6508546
6529034
6512897
6504195
6523346
6511200
6503314
6512874
6499279
6485728
6488953
6514179
6486504
6523473
6487698
6506821
6524448
6498608
6505140
6484885
6514646
6499061
6509973
6489997
6490056
6498397
6468837
6471810
6506697
6513159
6521149
6482562
6505427
6504280
6525055
6493045
6504970
6500227
6496233
6511205
6527307
6493942
6490621
6509032
6522119
6495157
6486414
6457543
6513116
6507247
6479972
6510269
6502526
6509461
6504973
6513668
6521465
6522332
6501880
6513614
6505545
6502673
6520002
6494088
6482666
6499958
6513580
6459597
6485311
6516063
6466590
6501724
6501441
6496308
6504253
6476274
6477570
6494692
6515122
6477006
6502091
6507145
6527805
6483138
6508153
6514324
6501398
6504769
6490781
6470992
6506082
6517497
6491733
6510013
6515632
6515595
6518568
6510617
6482411
6476259
6532530
6510256
6512298
6505315
6480376
6500489
6490905
6502945
6495705
6498706
6514540
6481843
6489060
6510433
6507415
6494530
6522520
6506378
6498619
6481873
6500898
6471322
6470489
6504688
6497648
6503527
6497138
6493593
6497398
6525982
6524660
6515486
6505328
6505081
6482325
6495455
6488783
6498106
6506131
6493009
6499661
6513804
6484721
6501444
6517277
6520574
6509438
6506036
6492494
6483635
6506873
6483187
6487500
6475340
6519972
6499997
6513037
6508701
6486343
6497575
6494260
6516723
6500663
6485152
6516489
6491509
6497977
6496086
6500418
6493115
6493628
6493488
6500341
6502182
6515470
6497191
6499296
6492458
6478868
6507141
6481493
6521107
6499460
6499794
6499158
6507230
6501164
6519406
6499052
6479716
6511129
6516407
6509033
6506322
6512268
6492690
6494733
6512294
6511692
6520104
6495892
6491231
6484677
6495513
6490828
6481932
6497698
6504526
6475213
6493165
6503098
6487812
6485607
6491360
6519657
6475568
6508772
6505617
6518066
6503290
6491826
6500636
6480014
6482278
6523905
6494781
6497891
6511444
6495065
6515055
6525952
6481791
6474233
6479152
6477277
6493151
6472267
6500844
6486831
6500977
6501257
6504320
6500245
6491450
6516236
6494709
6520333
6504916
6504028
6496573
6471924
6507643
6496901
6482108
6517213
6495195
6476994
6520903
6479921
6496174
6502415
6499631
6490513
6501468
6500431
6484101
6491983
6511142
6502697
6495947
6495972
6469483
6509219
6498859
6512420
6515155
6488790
6505451
6498044
6511719
6510027
6486439
6480325
6511740
6477578
6481896
6499601
6505398
6497496
6514873
6490883
6513719
6508365
6505008
6494283
6508067
6511783
6508207
6487652
6494730
6509850
6487130
6499135
6503267
6497361
6500966
6493295
6512481
6495533
6507493
6504517
6492776
6515498
6503962
6491193
6504996
6503831
6496733
6512453
6481879
6500776
6508791
6510913
6486153
6497740
6505970
6517223
6504680
6509123
6508031
6497330
6510880
6494751
6477710
6484908
6507105
6502907
6511314
6489820
6486039
6486736
6489360
6503583
6491755
6499922
6512243
6482599
6473909
6512561
6462756
6511698
6486117
6509010
6479566
6503958
6491880
6509662
6474942
6505037
6484508
6482744
6488275
6494578
6481355
6487724
6500846
6490216
6516797
6499546
6519273
6510905
6517766
6508970
6495460
6493953
6488613
6485291
6513240
6481936
6491028
6498066
6485827
6519214
6499858
6510756
6504929
6504381
6507987
6506139
6507707
6496338
6519697
6512913
6506652
6490481
6488215
6484852
6506433
6511634
6500811
6494020
6499413
6519912
6505890
6503172
6503242
6495204
6524247
6490994
6491111
6495878
6514768
6489444
6484738
6488950
6481175
6505446
6512470
6501394
6493169
6500967
6502217
6488269
6488057
6514201
6495490
6512787
6475092
6492128
6506278
6497021
6477211
6476356
6512901
6521427
6500871
6516342
6474342
6475855
6517869
6496049
6529775
6506789
6499092
6498289
6529652
6528541
6482559
6513820
6485637
6526632
6502489
6493736
6508635
6506604
6483514
6509303
6490844
6498561
6492555
6501054
6484222
6490226
6516627
6501161
6496203
6505448
6511048
6517923
6512045
6492549
6505607
6511952
6507598
6491427
6496024
6500390
6483290
6497720
6514589
6475822
6505255
6520824
6516543
6491180
6481210
6499385
6540523
6506890
6511426
6510252
6503043
6482072
6493695
6482946
6522122
6506325
6513092
6509047
6488659
6502193
6505596
6508178
6513023
6527193
6511361
6521003
6467273
6481877
6499736
6496911
6523751
6486084
6526681
6500589
6481892
6504882
6484499
6488167
6511900
6476825
6489293
6495519
6482333
6503791
6497282
6478936
6513590
6493127
6513449
6519331
6489556
6479430
6480335
6504826
6490712
6486470
6509832
6461149
6512290
6497376
6510823
6532739
6462573
6498468
6483725
6508086
6516871
6513391
6485617
6512482
6487098
6489628
6492412
6516156
6499370
6496389
6490725
6492756
6514852
6486139
6522843
6485258
6494286
6494691
6504446
6504776
6505741
6513636
6514353
6507410
6511228
6508578
6490730
6499419
6493869
6513341
6481248
6484584
6515381
6486899
6499031
6501757
6497164
6502266
6480537
6487607
6506881
6523255
6499001
6498791
6508534
6492345
6494885
6495374
6506027
6518429
6517930
6499198
6504827
6493335
6494035
6490517
6499591
6512487
6501192
6502372
6501536
6496905
6529376
6482026
6528751
6513913
6507114
6499767
6493697
6480388
6503589
6511126
6501962
6515407
6491943
6504027
6503022
6496658
6504955
6511991
6521956
6515356
6507221
6496882
6500155
6528143
6505158
6489062
6482062
6507816
6512441
6497798
6510528
6477117
6477881
6465517
6525345
6469980
6475652
6513759
6523521
6493289
6480930
6509163
6504838
6487677
6502775
6476048
6508667
6496428
6477247
6514457
6489804
6492207
6490339
6513133
6473296
6495259
6498603
6502608
6518636
6500170
6499128
6492519
6501547
6511010
6499058
6495923
6514276
6492503
6478143
6516002
6490617
6505378
6523909
6494755
6488137
6483482
6510325
6481773
6502039
6512617
6512051
6502780
6494855
6491094
6462866
6501418
6507730
6505579
6504918
6517934
6485911
6494112
6514755
6521160
6511803
6510504
6520035
6501865
6514191
6516365
6495464
6517979
6490158
6498047
6490650
6473351
6496041
6499140
6477653
6499996
6485401
6529754
6517295
6511832
6481602
6514254
6496328
6492265
6475868
6483692
6499504
6490829
6501905
6490918
6493952
6497303
6482739
6502762
6498132
6499984
6506907
6525313
6477996
6527527
6494436
6506296
6493754
6499919
6477221
6489253
6493986
6525616
6489078
6502049
6490467
6507670
6507964
6519850
6504583
6486878
6492404
6495631
6470229
6500884
6490646
6485091
6485791
6528632
6499199
6505112
6501084
6512234
6513792
6491374
6475522
6522835
6497224
6496634
6501977
6506118
6493245
6504742
6487071
6505638
6510596
6467792
6499698
6508037
6519616
6470754
6495630
6500318
6501095
6512382
6494275
6511647
6509031
6500150
6489936
6496444
6503485
6513085
6499552
6502850
6467705
6494442
6507827
6509909
6508399
6490606
6516005
6484327
6512102
6498684
6504616
6503983
6514407
6482628
6474562
6494059
6489743
6505033
6511973
6509264
6496763
6501983
6500604
6485708
6504933
6510127
6513584
6507318
6517693
6472037
6502064
6490345
6506898
6515860
6498119
6510087
6494184
6494602
6517752
6487468
6475247
6512714
6490796
6498731
6498526
6508805
6501070
6488518
6501520
6502540
6501174
6476735
6513866
6484354
6490107
6510997
6507613
6517600
6488263
6479273
6500519
6486933
6520814
6498988
6484020
6514919
6496530
6510948
6505176
6507469
6507900
6500031
6493113
6488710
6498115
6488934
6511917
6512742
6486253
6482813
6509940
6534826
6509716
6516239
6498992
6500982
6504351
6490607
6495718
6489348
6529184
6499609
6473069
6510232
6491369
6489389
6492104
6464466
6498894
6486860
6490925
6500239
6510103
6517846
6523723
6513900
6508862
6496491
6497218
6516712
6499506
6491240
6500558
6500900
6522219
6485710
6507404
6493246
6492849
6476960
6499669
6501211
6492764
6502229
6506142
6496211
6483287
6497286
6481656
6483260
6498144
6495813
6499662
6509280
6535577
6481040
6479492
6492921
6492249
6508404
6499864
6499298
6511501
6506060
6513445
6490017
6492570
6500273
6499999
6501232
6498877
6489934
6521750
6486918
6500175
6498441
6500734
6498207
6470381
6488825
6480899
6486110
6491141
6490711
6513669
6500608
6520019
6502021
6509839
6524510
6509354
6495872
6504484
6489096
6488052
6488249
6504821
6478204
6514679
6475846
6488567
6523806
6492338
6500330
6503629
6501923
6493562
6504095
6485135
6512968
6507479
6481078
6508100
6489211
6482701
6494038
6523580
6509297
6494884
6516045
6491750
6467424
6498615
6485106
6478672
6496841
6503023
6494958
6518646
6498708
6514631
6514905
6495365
6506388
6528736
6499497
6478363
6494383
6498921
6495393
6490206
6495041
6497706
6477925
6499329
6470866
6479331
6514117
6494216
6491501
6524883
6488415
6489002
6536479
6494613
6481568
6486347
6493083
6480546
6487795
6522722
6502652
6492226
6461225
6503477
6510572
6510682
6479124
6488940
6499962
6501648
6464416
6505755
6507742
6522578
6480769
6488101
6508703
6508755
6493857
6508664
6474466
6514163
6504511
6511770
6492517
6489003
6514913
6503708
6500071
6488081
6492384
6504824
6518253
6521873
6500491
6482168
6495237
6490855
6507831
6498350
6518415
6506815
6497637
6502910
6493213
6518705
6501922
6485920
6515854
6509522
6518079
6510171
6487797
6504185
6523020
6486359
6484930
6488688
6475865
6498364
6505903
6474737
6503511
6481807
6499583
6490255
6486127
6512766
6487546
6486122
6520236
6492642
6499842
6498367
6485437
6526955
6500543
6511097
6520058
6505453
6473577
6506328
6489631
6520185
6494844
6492862
6510133
6505991
6512224
6487523
6523398
6497745
6518295
6500500
6488054
6517769
6506720
6475074
6491206
6485879
6490205
6498654
6504876
6518814
6489143
6485776
6493573
6501730
6500275
6481011
6507747
6491950
6520321
6494811
6499851
6522767
6493686
6499802
6508054
6511462
6502791
6491764
6493611
6510890
6511659
6508234
6504504
6496918
6510871
6503157
6496253
6498292
6517263
6501043
6512672
6478289
6518530
6504781
6500010
6511844
6496275
6505925
6495399
6510228
6497323
6504852
6508719
6492197
6503738
6498003
6496151
6516785
6520357
6505116
6493451
6522057
6507763
6489578
6519546
6497741
6507779
6500180
6499640
6490317
6530654
6467334
6510958
6489545
6510819
6493900
6473259
6521990
6497302
6489158
6486270
6483561
6503367
6504634
6489634
6478496
6489221
6513297
6496249
6481044
6501335
6504471
6484034
6509203
6513435
6513298
6512698
6512058
6520158
6532844
6494584
6505665
6506924
6480940
6482817
6505432
6499075
6523885
6511805
6514441
6522614
6520239
6497307
6495624
6490221
6486418
6476563
6481323
6523038
6490602
6499369
6494076
6494834
6486013
6489728
6499469
6468665
6496446
6522573
6493255
6517025
6493479
6485485
6508619
6520704
6480818
6498889
6496297
6511053
6513039
6489638
6501852
6512848
6485763
6519612
6526936
6507685
6512605
6499623
6536153
6483655
6520256
6503017
6503506
6486981
6502640
6534360
6499683
6497317
6487502
6507933
6475357
6507838
6486447
6496089
6482632
6497289
6489704
6518110
6524557
6502519
6491567
6499312
6532348
6500086
6512429
6481702
6488086
6513540
6523721
6495428
6507802
6510362
6496675
6494273
6500190
6498050
6504568
6497695
6509957
6513194
6511183
6506215
6469112
6515496
6506719
6494066
6484305
6489320
6488869
6516427
6510717
6497878
6485505
6506097
6493175
6500181
6522101
6517575
6495169
6488861
6485292
6507705
6488690
6525404
6510120
6509974
6490640
6504444
6526322
6510986
6498852
6524323
6500861
6509528
6492043
6483144
6490337
6509023
6502892
6502065
6511843
6501375
6512621
6500428
6494195
6504405
6491886
6500501
6499860
6501476
6482412
6514978
6513608
6507024
6520944
6502735
6514943
6519573
6492931
6485620
6511802
6507135
6483549
6506970
6502243
6478930
6497843
6509294
6521481
6482025
6484221
6498452
6494057
6479801
6487445
6472714
6509690
6509712
6482378
6518937
6485940
6503736
6521163
6502946
6495110
6492682
6505045
6520907
6488766
6490065
6494794
6496750
6513049
6505484
6500993
6502445
6490121
6503683
6476088
6519718
6511541
6495019
6496296
6492837
6500041
6492925
6497983
6510941
6508727
6489557
6508075
6509329
6478053
6515169
6518111
6480821
6508137
6506439
6509206
6504802
6486020
6486501
6510646
6497862
6509912
6489155
6504382
6499041
6514941
6523877
6482161
6489789
6490451
6517085
6482906
6484621
6509435
6489918
6503113
6528786
6491029
6527364
6507679
6499667
6508095
6498356
6496772
6493983
6492859
6481994
6516932
6489882
6490800
6502810
6501970
6504117
6508643
6494381
6500661
6504509
6478872
6478893
6491739
6510935
6503246
6484998
6505622
6495691
6519904
6489242
6501888
6521326
6497251
6508959
6484180
6506076
6496642
6512587
6517880
6478068
6486175
6509527
6501231
6508437
6490055
6500772
6510921
6469150
6505220
6506397
6503125
6506457
6504535
6482910
6489931
6489227
6501913
6516226
6485820
6497940
6498515
6507687
6513089
6483245
6499150
6496214
6489279
6517899
6496601
6501073
6518643
6518344
6507867
6512177
6483845
6501432
6506404
6494372
6503330
6494713
6474646
6508099
6498002
6508149
6498748
6483616
6525160
6510929
6494002
6479956
6489684
6509321
6493680
6507721
6498680
6500042
6494522
6512505
6503145
6501942
6476435
6516248
6469506
6473702
6498830
6465209
6514381
6494508
6495799
6500310
6486034
6499119
6488796
6494297
6495347
6495087
6494452
6496661
6501957
6495262
6501222
6494062
6512398
6508218
6481695
6518901
6507734
6502428
6475874
6494663
6509220
6511981
6503538
6508439
6476951
6492824
6490879
6501850
6501218
6504302
6506833
6488675
6519801
6522376
6491803
6484545
6498274
6476691
6494876
6511785
6485492
6486282
6473796
6498226
6509917
6523258
6476549
6477962
6498939
6512677
6494576
6508194
6507684
6485259
6498247
6497015
6501067
6525548
6502254
6494750
6500106
6488379
6496209
6487255
6501389
6510088
6510207
6522654
6485672
6499859
6481701
6497807
6489476
6487304
6518959
6499904
6484523
6511682
6483383
6506897
6490600
6510788
6492644
6476502
6474481
6484919
6527996
6522276
6487225
6496494
6516162
6514516
6520979
6486352
6489612
6487068
6502194
6526264
6503860
6501154
6511253
6512620
6502335
6483255
6499806
6481275
6500011
6517705
6497550
6510486
6508676
6494320
6500915
6512212
6507286
6511584
6511378
6492662
6500817
6505389
6513115
6464157
6493803
6469169
6480037
6509243
6516082
6470369
6493582
6486884
6514940
6522103
6490094
6502845
6493445
6482887
6518177
6495759
6505949
6510297
6501723
6501525
6488764
6528642
6526451
6517088
6484716
6477181
6504497
6518992
6484939
6514504
6478867
6470467
6484322
6487725
6486237
6480445
6493008
6466175
6489418
6476685
6517647
6489946
6500725
6478918
6503481
6493543
6501333
6492864
6498557
6513923
6478559
6510877
6518860
6484610
6510612
6505732
6480919
6492991
6493047
6489362
6500799
6500677
6487937
6525075
6491874
6496687
6482918
6489788
6496808
6502199
6512028
6524201
6489193
6512373
6500286
6496509
6494401
6494167
6499274
6504074
6486751
6495104
6496361
6513259
6510602
6478444
6514959
6495251
6519563
6511421
6517225
6494974
6502495
6478050
6515957
6480348
6498472
6475686
6488833
6501198
6510466
6537943
6488288
6468885
6488273
6516415
6469565
6492985
6503067
6512214
6496627
6508344
6483685
6506222
6502801
6498874
6500185
6519502
6512434
6491334
6496535
6503174
6508472
6478508
6495497
6482356
6497092
6499268
6498643
6509676
6483609
6490042
6476778
6508595
6497119
6493186
6497180
6482702
6494690
6477393
6505546
6479992
6498572
6500307
6502710
6488826
6493285
6497605
6501013
6508679
6498505
6487278
6508337
6483240
6495502
6500851
6524911
6501837
6508820
6492745
6517676
6491643
6487615
6475102
6497369
6502785
6488951
6511912
6482714
6493929
6484454
6510776
6505489
6501735
6495409
6469461
6489035
6514699
6486406
6506105
6519867
6481903
6497654
6514056
6508738
6502413
6499916
6502546
6485343
6502350
6504784
6490954
6499361
6485265
6501904
6509204
6493959
6482634
6473677
6510529
6516630
6498984
6498686
6479250
6497871
6510397
6523863
6484950
6500447
6494390
6469887
6503378
6492875
6498222
6481929
6496460
6504001
6494933
6487347
6493172
6501519
6501733
6507746
6491460
6507883
6504869
6495737
6508646
6494226
6496807
6497906
6476126
6508351
6504645
6509038
6521859
6486634
6483597
6476291
6470897
6497197
6502303
6494716
6506348
6499537
6504734
6499212
6502129
6500875
6486505
6499774
6518930
6494196
6495602
6504859
6501696
6488926
6501665
6509238
6485995
6503198
6482453
6505986
6501689
6493713
6484509
6502093
6494098
6520263
6495887
6484021
6493963
6494281
6499912
6480849
6471608
6504401
6508381
6520719
6478940
6489954
6503028
6500863
6505324
6495147
6515270
6517946
6525541
6502752
6489337
6485222
6489956
6505853
6518270
6494357
6511556
6513748
6503478
6503409
6497310
6500910
6504664
6500455
6496458
6503042
6496774
6527686
6497529
6489929
6490620
6517637
6502529
6511652
6510175
6484567
6509027
6514269
6488366
6500465
6483759
6486815
6500510
6507001
6509207
6515635
6500355
6498251
6496484
6501178
6506927
6494875
6503049
6503752
6494666
6508512
6505296
6486948
6506731
6489225
6492082
6487835
6486379
6499964
6495056
6490172
6514885
6516177
6494484
6514166
6485455
6516195
6485613
6518002
6503083
6515393
6503978
6488510
6502929
6494634
6492798
6479808
6490591
6476076
6500992
6502629
6493782
6514005
6487023
6499066
6499175
6501323
6503010
6486832
6518507
6486014
6500634
6493669
6490287
6483314
6515607
6479658
6506112
6475019
6501694
6531718
6507894
6494982
6504704
6491184
6505256
6489049
6488952
6497814
6489588
6534645
6483399
6516796
6499643
6500569
6492068
6506753
6496717
6487866
6508832
6500434
6512820
6502637
6510768
6499455
6509040
6507357
6499346
6496378
6521101
6483097
6515796
6510498
6502063
6486473
6482882
6506639
6509943
6481487
6523992
6513291
6504373
6485882
6505535
6492858
6506981
6504600
6525552
6500351
6500037
6500297
6490636
6481265
6509060
6484533
6527945
6482164
6520292
6492773
6534561
6516603
6501386
6496682
6497134
6499532
6511169
6477180
6508684
6497063
6495563
6475650
6486453
6485826
6489058
6484085
6502897
6495965
6493645
6461336
6499111
6506186
6491344
6506187
6497294
6516982
6531617
6492694
6502467
6501624
6509064
6505809
6509016
6499746
6506672
6520149
6473421
6501062
6509145
6491021
6526862
6518998
6495596
6503173
6515056
6506946
6502401
6508636
6518246
6497183
6498842
6493468
6523987
6516384
6515516
6491863
6489900
6488995
6479990
6507835
6481527
6535007
6483328
6506952
6467999
6484267
6493699
6471588
6501703
6505892
6508359
6504845
6514515
6502655
6507355
6512491
6501857
6508947
6485420
6512168
6494739
6505096
6491637
6480016
6495908
6503363
6517448
6497781
6521054
6512451
6483281
6508336
6516066
6497278
6480924
6527406
6503400
6487764
6510856
6515944
6492219
6507365
6515220
6482101
6508678
6493369
6524041
6514623
6482690
6491215
6486181
6516083
6506405
6503785
6511526
6510955
6478998
6492332
6523351
6495082
6495719
6502691
6506083
6522996
6494315
6485274
6503293
6507975
6508864
6509258
6487842
6529114
6523913
6502877
6516664
6479302
6472967
6491221
6513700
6486283
6526833
6479210
6504425
6508457
6506474
6504022
6500322
6509992
6505908
6508310
6517850
6493171
6485906
6474003
6509333
6475423
6485317
6509732
6486838
6493215
6523518
6496630
6498661
6503095
6468293
6472800
6493243
6512591
6499979
6504172
6495341
6497466
6482449
6486551
6498415
6498974
6510723
6481455
6500949
6501481
6513647
6493402
6490291
6517812
6511653
6504064
6522056
6481833
6513387
6480654
6493574
6486306
6496322
6492146
6476602
6491573
6491916
6492400
6496605
6507237
6479272
6513725
6486196
6513451
6501014
6487262
6495403
6476962
6485325
6526926
6520285
6508736
6499801
6507576
6515582
6511091
6510283
6487533
6475317
6500572
6465177
6470423
6509495
6527204
6503699
6502983
6514246
6520381
6520578
6507036
6499841
6491521
6484762
6511826
6506633
6503927
6513650
6494904
6492831
6489772
6490718
6488440
6506554
6490641
6532712
6513635
6509225
6500002
6495689
6519440
6502873
6488442
6485261
6485363
6515462
6516629
6502099
6499343
6503740
6502347
6486796
6488241
6502631
6499040
6516695
6492599
6515797
6513434
6511566
6482956
6492905
6493244
6512814
6477338
6479135
6482311
6514052
6487318
6518712
6519884
6501110
6506320
6495437
6493528
6509989
6513961
6486674
6522783
6512078
6492803
6491325
6505805
6505900
6513213
6511845
6511474
6494319
6510153
6507508
6512615
6490324
6495069
6510802
6513752
6493922
6475182
6512161
6492075
6491166
6511882
6511162
6510423
6488378
6503119
6517638
6509445
6483384
6506979
6522003
6493879
6493955
6500236
6520723
6472915
6499241
6497524
6506227
6500148
6501541
6510099
6494311
6475702
6494124
6516428
6489598
6507739
6516846
6516367
6499173
6488856
6497084
6503185
6494042
6498093
6493862
6503464
6513876
6486133
6500705
6476301
6487032
6509201
6488284
6512158
6491594
6515245
6503676
6501774
6512813
6505394
6500826
6504570
6484458
6502803
6501160
6490281
6488786
6516349
6490880
6466036
6503248
6503136
6489854
6485172
6487622
6483351
6506687
6482307
6477222
6511088
6495530
6527127
6506252
6494878
6512187
6488834
6484096
6516724
6508254
6501775
6495858
6525593
6519157
6490982
6482336
6512923
6502779
6506385
6505813
6506914
6490746
6477930
6475128
6489401
6500554
6491792
6489665
6485312
6480569
6500881
6506389
6490079
6524365
6491838
6503342
6509014
6509189
6511910
6498227
6475953
6505333
6513992
6487302
6508341
6498263
6506610
6494997
6501029
6500658
6496403
6504356
6510108
6488036
6502249
6481514
6512257
6534145
6509551
6514406
6473400
6500997
6507116
6492516
6496879
6520693
6520913
6504397
6501603
6522198
6493935
6501074
6526620
6512805
6493560
6503741
6497101
6501522
6493303
6505944
6498516
6500178
6514542
6499582
6520418
6506934
6478225
6508145
6503131
6499260
6517380
6496175
6501839
6488584
6509708
6495286
6499408
6486999
6494107
6521953
6477823
6494908
6496942
6467213
6497336
6481958
6489301
6492375
6486389
6524532
6529358
6487145
6512961
6495181
6498765
6493950
6498667
6496425
6493702
6483467
6500795
6505514
6484938
6502654
6498464
6507843
6514585
6489716
6480871
6480539
6455464
6535077
6503004
6491348
6523980
6487326
6520930
6488767
6493658
6499047
6503181
6527014
6521694
6504052
6487788
6501697
6519847
6492754
6504896
6508746
6503795
6489311
6483050
6492366
6480284
6498153
6507770
6495640
6504748
6503784
6487433
6492984
6494130
6483038
6485188
6529199
6506858
6492713
6496493
6506885
6475808
6493342
6506369
6490955
6484833
6483588
6512536
6516297
6518035
6484512
6504232
6492845
6484416
6502205
6514149
6499769
6475297
6510373
6511817
6496137
6497341
6492069
6499764
6519233
6496382
6492353
6493716
6485171
6514847
6498817
6482929
6501708
6520563
6499707
6473838
6493722
6509996
6498623
6492833
6493664
6479750
6497057
6529622
6486485
6511195
6511835
6515864
6515591
6513261
6491404
6494238
6525561
6475298
6485651
6505299
6515537
6493708
6521075
6500325
6487142
6501456
6504569
6509703
6505454
6505161
6505217
6508467
6513359
6491482
6476472
6502313
6499681
6502166
6501425
6501360
6489687
6511313
6522529
6519830
6504581
6475586
6495966
6533386
6518633
6501201
6498053
6508671
6488752
6483965
6485659
6501334
6527661
6507706
6496920
6518030
6483420
6510695
6502797
6500509
6511332
6519298
6512361
6517586
6487862
6477796
6523962
6485445
6505286
6505899
6483863
6485582
6488911
6497483
6535142
6504594
6505269
6514107
6506143
6498869
6499656
6488312
6505413
6477082
6498290
6491877
6486202
6488886
6500366
6512272
6497907
6490952
6505354
6503188
6510064
6494534
6518869
6497372
6508441
6511618
6504096
6519608
6500874
6513063
6495304
6508475
6503410
6483325
6503693
6492270
6497701
6514209
6499388
6494217
6500640
6518371
6485589
6503998
6519623
6506417
6493755
6499207
6494343
6497823
6489491
6497205
6522331
6494928
6478596
6530596
6519793
6504628
6492305
6488598
6508227
6512796
6502351
6498139
6496990
6514710
6494818
6509279
6482667
6479253
6492377
6492085
6490479
6495269
6500678
6487593
6496224
6487577
6496347
6513511
6500965
6502603
6507984
6521638
6504519
6494779
6505891
6493517
6490545
6484142
6509730
6495109
6494910
6493232
6489507
6517232
6507094
6488100
6492469
6484946
6493527
6514131
6503224
6516597
6502871
6500702
6492556
6480495
6504127
6498353
6513965
6493823
6487653
6504599
6508491
6503084
6496967
6489623
6511281
6497425
6490674
6519447
6478484
6502595
6487362
6504441
6494791
6495053
6498433
6501673
6471598
6505017
6533180
6521786
6515721
6497896
6491891
6498451
6502996
6516701
6482673
6509391
6491086
6498596
6482547
6509061
6493179
6528645
6482492
6500102
6489653
6524615
6504318
6513256
6486998
6480413
6522067
6512269
6482947
6477725
6508716
6483648
6493240
6519005
6510110
6497750
6527071
6484437
6505887
6516373
6475986
6498308
6484420
6516959
6502400
6523092
6502692
6505773
6516747
6500718
6500944
6513840
6489398
6495570
6496944
6498535
6501376
6500064
6496652
6508535
6464285
6479543
6508362
6518673
6495014
6491026
6507514
6511050
6493834
6511405
6496206
6499757
6470806
6489767
6502343
6484910
6523224
6508958
6489137
6496835
6508035
6492964
6494501
6485738
6516979
6492552
6477999
6498105
6508309
6504211
6474670
6505675
6496775
6503812
6497461
6492939
6480199
6506874
6518972
6515902
6497332
6507874
6484720
6522195
6511146
6469617
6491356
6490707
6496996
6468296
6501473
6503139
6488534
6514364
6505106
6500280
6497702
6477382
6484807
6499473
6509169
6511279
6516646
6481652
6524886
6519489
6523059
6501038
6483673
6497585
6503713
6492581
6512750
6490729
6511777
6492424
6505056
6485602
6514278
6477488
6509689
6491577
6491639
6502009
6500254
6507872
6489988
6484339
6521195
6493454
6513000
6479400
6512050
6507719
6479424
6487920
6491884
6496309
6485501
6524212
6515185
6493381
6503439
6515373
6519560
6489244
6525661
6503658
6491571
6500176
6499994
6494469
6518791
6510159
6498990
6515738
6481565
6513312
6499749
6471794
6509084
6501955
6481183
6506021
6507924
6488152
6476113
6503523
6490848
6493763
6505884
6526051
6468442
6475493
6499603
6501690
6489172
6489707
6501874
6489252
6516793
6469695
6508044
6506150
6476200
6484768
6492149
6472491
6476211
6498229
6495783
6500415
6499162
6499294
6503377
6511523
6479909
6478823
6518124
6501423
6514434
6509540
6514870
6489784
6508155
6497253
6497616
6502206
6493071
6474842
6492266
6494645
6501747
6502980
6486793
6508938
6487476
6507330
6492755
6494427
6497684
6499618
6526410
6514320
6500360
6513367
6513651
6486675
6509387
6498524
6494056
6505024
6505593
6510206
6512396
6507244
6487992
6501337
6509484
6508302
6512060
6511758
6517842
6515480
6497391
6499527
6514579
6490243
6509309
6507466
6515144
6490549
6508202
6494757
6518440
6498745
6529530
6482800
6504841
6514237
6492444
6505715
6495024
6488509
6505095
6527369
6510442
6487565
6500818
6493696
6477874
6490676
6505169
6513459
6510697
6509459
6518511
6490854
6489300
6522866
6491172
6512556
6489992
6492891
6511670
6502956
6465487
6510102
6464946
6521253
6513271
6500226
6480936
6489423
6505393
6487199
6505764
6501286
6480511
6510179
6504591
6506900
6486965
6502424
6493576
6480996
6480669
6491156
6481060
6503387
6509921
6497773
6505643
6511992
6502169
6499825
6516109
6517321
6501212
6520230
6501426
6497858
6502687
6511729
6510080
6492268
6503585
6492959
6486851
6490528
6519798
6517952
6510278
6512056
6499663
6483698
6483250
6539074
6506715
6484432
6490397
6505031
6483839
6472974
6515385
6470124
6490552
6512809
6486374
6499606
6499927
6502138
6495673
6475236
6507389
6484162
6504603
6508397
6506410
6485352
6512942
6497749
6499607
6506269
6512526
6518045
6484753
6514013
6519248
6524259
6501819
6524394
6502296
6474751
6513956
6505649
6496130
6498999
6486489
6498079
6481196
6473808
6507031
6521135
6484399
6484404
6515593
6485467
6496218
6489492
6516745
6476327
6478837
6487037
6491914
6492329
6492878
6497435
6493822
6498297
6498523
6517716
6504049
6481259
6504042
6518309
6495388
6512635
6490144
6499072
6496457
6515225
6484155
6495046
6497994
6491590
6503999
6488579
6514479
6495597
6489577
6493392
6479730
6484294
6490449
6502366
6533806
6494101
6537996
6479517
6518305
6524237
6501894
6492029
6517365
6498836
6498294
6522334
6511271
6484456
6496931
6530159
6499456
6506221
6474398
6489881
6501562
6476790
6487478
6515594
6498386
6480229
6500729
6502082
6517127
6488175
6528099
6506883
6520840
6513282
6479117
6488004
6491435
6511300
6493436
6489142
6534943
6500931
6475544
6532289
6523220
6521510
6491537
6475103
6487896
6500540
6486790
6503778
6512773
6502246
6502382
6513831
6496759
6504926
6514218
6514747
6491919
6492588
6497039
6514059
6494205
6517542
6506023
6477800
6491670
6487934
6502557
6474606
6485107
6492724
6489046
6526631
6490218
6489907
6498770
6508621
6494356
6488150
6504967
6478052
6493944
6497471
6472705
6509139
6510919
6476718
6484439
6489248
6492790
6505963
6481583
6494431
6500686
6515203
6492566
6505066
6470914
6514116
6480535
6482989
6488170
6483322
6502444
6491787
6510947
6500331
6495895
6498231
6513060
6512792
6504421
6502553
6506857
6501101
6499983
6487244
6507197
6505867
6502677
6477122
6503152
6493809
6504650
6499341
6486704
6485568
6504121
6513455
6502241
6493476
6494029
6491124
6490296
6508255
6512105
6501395
6512248
6492102
6514758
6507525
6484182
6510441
6506843
6508429
6492038
6519536
6496215
6512642
6491617
6505322
6516696
6490767
6480188
6475399
6471910
6507544
6507857
6508039
6517843
6505559
6508851
6497306
6481475
6486455
6499272
6489275
6488564
6499314
6501729
6495930
6507264
6522020
6510664
6485583
6485506
6517155
6501688
6485385
6507034
6501848
6522510
6506224
6483398
6496783
6506261
6502949
6494565
6499094
6500304
6509441
6500008
6507194
6488776
6515896
6493568
6515655
6507213
6483799
6513220
6484895
6507703
6509639
6472969
6527797
6487330
6505214
6493205
6505929
6498219
6521851
6493674
6496577
6484577
6498204
6510471
6509571
6493253
6507804
6480047
6493192
6498188
6485684
6510098
6503057
6492830
6514963
6486243
6499234
6476550
6501304
6518176
6486097
6499429
6533220
6495462
6513964
6502348
6481930
6496746
6496445
6482258
6518521
6502813
6503221
6490639
6508548
6491349
6520755
6501420
6491782
6484875
6505971
6483667
6511236
6482153
6505272
6489069
6509475
6515554
6498419
6497765
6488679
6503166
6483541
6478214
6493618
6507064
6493839
6521810
6522088
6483154
6510902
6492454
6507642
6496339
6517324
6511997
6493662
6511366
6533912
6488651
6508768
6492894
6503915
6505564
6505583
6496587
6495786
6492639
6506663
6494488
6498311
6504226
6497484
6491106
6503751
6496741
6486881
6536252
6489921
6503921
6524673
6487532
6508998
6506901
6495669
6489197
6514607
6504790
6497410
6503723
6505252
6511303
6499091
6498799
6490183
6483933
6502617
6483158
6522292
6500069
6497293
6481207
6487757
6487340
6503574
6510247
6497872
6475714
6501669
6495791
6502212
6492183
6492282
6515438
6506804
6493567
6518167
6487114
6506102
6486177
6507904
6500145
6486910
6484333
6482613
6498625
6473227
6510059
6528365
6523184
6502774
6485781
6477233
6513340
6514366
6520967
6490866
6513564
6498014
6483532
6479110
6516355
6523557
6511727
6502314
6482840
6499000
6486143
6511771
6518059
6509818
6502771
6517061
6494629
6494426
6510575
6497990
6520358
6495444
6504233
6517787
6504428
6494263
6502961
6510904
6488622
6492005
6506177
6486913
6512098
6499132
6501725
6512385
6477984
6495937
6486310
6499007
6504938
6470561
6522177
6481412
6499019
6484857
6525133
6498090
6485253
6498296
6501362
6507861
6491163
6497601
6525585
6489922
6495429
6504338
6518476
6494444
6521759
6494698
6509848
6515914
6476592
6495632
6482643
6480265
6517436
6494106
6514545
6503177
6526406
6490215
6488939
6501173
6507298
6501862
6501745
6498507
6503132
6486846
6479119
6507942
6507084
6493275
6505375
6512652
6489526
6483755
6506752
6525354
6498467
6479220
6529970
6503779
6491263
6505239
6517246
6485272
6480271
6484760
6494060
6508876
6497099
6514853
6469407
6496255
6493158
6513885
6495445
6491642
6495086
6496624
6522434
6519322
6509767
6501675
6494839
6477101
6510490
6512633
6509846
6500903
6510308
6485846
6521241
6528571
6486477
6501705
6483820
6486257
6485030
6497683
6504739
6506047
6521255
6495310
6502618
6493561
6506007
6511215
6489027
6492936
6455120
6493043
6478332
6481518
6530274
6510832
6497347
6506176
6494585
6507228
6506717
6519498
6486211
6497539
6500981
6485004
6511605
6483126
6502127
6509507
6499596
6515336
6494325
6502452
6499472
6501637
6502450
6517546
6490668
6507273
6512718
6496508
6493886
6480380
6507718
6510927
6512110
6514815
6480223
6510106
6480558
6480415
6497460
6477702
6471199
6502964
6524186
6502044
6525588
6491876
6496259
6515938
6505623
6510169
6501897
6479565
6512342
6485457
6501638
6482865
6505463
6478886
6498244
6509046
6501228
6514637
6486053
6530754
6485083
6518594
6477743
6491610
6502666
6511665
6499480
6487086
6512724
6504641
6493196
6531461
6494190
6512288
6477409
6491393
6506850
6497507
6518782
6505857
6496367
6481420
6503438
6520610
6516922
6505072
6491443
6500266
6497860
6531022
6500879
6501540
6505434
6497382
6512142
6514207
6506483
6524269
6510740
6507666
6499857
6486430
6483490
6474752
6507074
6497513
6485671
6465827
6495017
6487693
6484440
6478800
6487665
6518325
6482575
6504060
6484438
6494668
6488971
6511846
6513067
6524918
6514321
6511736
6495974
6490507
6502109
6472533
6508899
6488444
6526728
6510485
6497618
6523004
6496520
6468949
6486519
6516329
6508487
6500591
6497799
6486274
6470119
6502921
6523598
6509683
6522422
6514521
6504638
6488466
6501793
6480452
6473884
6493238
6488010
6513706
6495319
6520499
6488830
6478037
6497577
6509272
6486658
6498208
6500454
6498338
6531425
6498456
6508882
6499345
6488028
6489533
6497636
6503228
6498120
6487861
6528362
6515333
6487909
6523422
6506749
6488562
6456701
6491120
6505476
6525527
6496980
6500838
6506978
6521068
6506147
6493006
6481983
6477506
6531521
6498408
6518096
6495270
6522252
6512174
6505770
6500986
6496992
6513703
6485098
6507632
6485390
6499745
6528191
6500368
6518666
6483497
6477907
6489421
6504831
6509036
6485588
6527099
6516161
6510716
6498579
6502036
6490486
6511003
6523210
6500628
6509872
6495311
6509349
6498907
6481636
6483183
6497909
6505561
6502122
6515945
6497886
6498368
6516800
6503109
6500203
6503059
6504013
6504593
6491117
6483288
6491999
6504340
6516099
6501645
6520029
6485572
6497254
6491906
6506910
6491899
6491312
6478356
6484749
6518861
6501902
6491346
6514814
6500249
6517396
6494612
6477493
6512130
6507299
6504819
6487544
6500193
6511720
6482059
6500344
6518826
6503707
6510357
6502899
6503643
6491332
6495414
6497055
6510479
6506518
6497626
6510951
6497696
6502943
6512786
6527922
6483446
6494467
6524907
6487726
6486420
6493432
6490447
6509820
6498634
6509710
6498374
6490773
6478719
6500004
6521403
6488997
6515376
6512108
6485974
6486209
6506040
6512703
6504291
6514363
6512173
6487025
6505628
6500462
6466960
6530345
6479406
6499191
6481059
6511988
6484674
6506054
6466870
6515507
6484966
6500533
6508565
6510446
6507079
6482152
6487790
6503615
6504598
6495232
6494269
6500744
6524167
6484275
6486457
6486464
6510728
6514192
6494815
6512852
6501003
6516830
6521080
6487120
6498614
6508176
6494778
6483343
6474496
6503306
6480775
6483854
6504835
6482031
6499567
6501537
6486688
6511921
6488726
6498538
6486654
6518460
6479464
6519975
6499658
6486207
6499447
6509081
6512479
6483404
6473500
6496677
6510057
6510983
6488285
6502431
6492893
6501843
6514108
6494809
6495735
6505806
6500359
6501968
6491483
6497676
6503450
6503576
6500687
6506451
6489641
6510677
6499695
6488301
6492499
6509649
6499023
6499261
6483851
6502998
6495758
6476659
6489552
6484025
6510824
6512937
6501754
6500187
6506380
6518853
6488443
6487517
6488228
6510292
6504383
6493023
6487398
6539753
6510550
6513251
6495557
6507073
6494592
6513849
6502760
6511635
6488227
6494430
6513605
6487337
6511180
6496796
6511567
6503040
6482513
6504415
6491853
6499465
6501954
6490334
6487325
6501667
6499560
6506816
6488770
6495498
6505642
6502900
6496589
6518798
6513974
6498500
6501950
6511389
6484257
6512162
6512143
6510460
6510363
6503766
6497239
6461848
6503103
6512579
6481416
6493707
6490743
6499282
6488963
6486113
6514860
6517198
6496572
6515544
6512539
6489210
6489493
6498487
6487246
6492567
6483437
6489806
6488480
6508570
6511544
6495724
6508936
6516930
6494760
6491506
6506402
6528008
6501641
6514682
6498240
6509088
6509750
6480312
6495433
6512465
6504985
6498342
6486954
6495239
6516067
6499034
6511270
6534612
6509641
6498399
6517595
6512367
6518472
6486761
6500198
6520754
6504088
6506249
6498396
6510835
6482696
6500217
6503971
6520861
6491724
6479122
6502490
6485049
6519430
6509985
6507646
6503334
6502029
6508657
6485626
6493553
6498400
6489306
6480179
6517456
6498726
6486342
6510195
6514275
6480859
6523221
6499461
6490815
6499067
6519194
6497768
6514377
6503800
6492900
6517252
6512581
6508652
6520287
6489924
6491259
6492346
6511368
6503655
6497266
6496506
6507760
6520018
6527013
6518876
6515852
6507652
6498701
6472571
6483768
6512333
6496580
6520675
6517240
6517170
6505480
6499407
6514079
6496147
6519060
6493816
6470880
6497436
6503190
6496149
6495838
6485276
6526567
6504760
6522909
6503468
6511365
6497884
6480264
6473932
6489601
6495721
6485335
6492610
6497997
6505368
6509803
6515500
6499355
6491599
6472731
6486193
6494341
6500696
6506552
6508283
6516529
6509918
6494556
6504231
6494735
6493475
6488454
6487955
6494212
6477105
6494079
6480062
6493401
6508070
6523848
6490988
6505524
6507610
6502853
6501890
6509160
6521063
6513654
6480889
6499449
6544550
6502502
6504539
6503639
6487975
6515298
6512774
6503091
6512715
6487867
6493688
6507151
6485344
6506148
6502745
6505885
6518184
6496165
6473318
6507789
6496949
6520116
6495391
6489928
6504936
6507238
6505194
6500375
6504749
6504545
6511372
6489844
6500265
6513337
6476823
6498896
6491144
6489661
6521164
6522858
6501061
6497666
6495619
6486305
6505386
6470388
6515018
6496128
6525787
6487279
6512460
6494851
6495709
6496050
6495283
6517531
6469952
6476764
6524054
6488434
6470839
6481211
6499649
6526350
6495295
6516028
6492506
6506695
6488730
6507356
6524153
6499182
6487386
6508184
6510848
6519543
6494465
6486393
6508790
6510097
6486078
6511471
6477155
6493223
6481638
6523267
6488988
6515437
6525686
6499435
6484368
6495166
6491167
6486344
6504968
6477039
6517799
6510304
6518995
6471372
6495074
6498084
6513941
6502740
6501969
6469326
6491804
6476480
6523824
6492522
6492456
6502889
6501683
6494418
6491731
6514438
6502270
6496372
6493058
6501270
6519327
6500378
6476217
6476437
6528518
6511858
6548150
6491612
6493037
6501197
6500775
6538900
6501538
6487870
6480952
6516700
6520416
6503357
6500028
6512329
6488970
6491199
6524741
6507963
6517912
6507954
6521969
6511206
6518928
6492651
6502539
6521371
6491691
6526594
6494159
6492882
6510584
6511359
6479431
6520746
6491959
6505720
6493851
6502224
6492841
6506592
6504009
6501974
6494765
6494048
6484013
6504182
6490373
6490091
6499732
6505392
6498259
6487231
6506606
6516813
6520823
6477264
6507509
6506411
6501812
6477678
6494857
6515370
6495183
6509713
6497812
6511429
6506307
6496745
6499098
6484301
6485338
6499004
6504190
6515091
6479897
6500137
6477390
6516423
6482862
6495944
6496334
6482717
6491279
6521741
6516515
6508173
6486905
6525924
6500592
6484146
6519678
6499305
6522975
6504765
6498586
6511390
6479831
6500429
6477723
6476371
6501734
6491281
6499211
6495935
6461552
6483061
6500127
6504972
6485691
6518743
6469256
6481577
6488465
6508212
6491165
6497147
6499240
6502989
6511106
6474082
6513642
6521085
6495188
6490150
6508884
6507212
6497462
6508331
6480734
6486713
6518383
6490899
6517784
6478118
6494456
6507499
6494099
6491729
6513076
6500213
6515529
6492432
6486882
6508345
6497650
6481104
6501196
6479199
6508430
6507551
6506568
6494991
6506413
6512822
6498235
6486224
6502318
6507950
6491108
6504037
6509657
6501597
6489281
6501261
6510286
6501935
6488260
6502134
6475432
6521684
6499986
6490459
6512637
6500105
6499813
6485179
6502436
6487266
6516433
6509949
6520048
6471224
6497393
6507935
6505111
6475862
6520950
6478947
6496077
6469700
6496645
6504924
6500896
6480966
6476720
6515280
6495372
6488846
6490016
6496859
6503872
6495811
6517928
6502179
6512402
6501126
6520426
6494773
6463004
6498897
6475081
6492791
6505967
6501403
6495994
6478692
6486228
6500936
6503401
6506869
6526327
6521894
6511554
6484344
6488297
6481963
6487772
6500720
6491940
6491795
6508742
6505881
6515025
6511499
6494148
6500570
6525708
6482630
6452390
6489451
6491478
6503959
6500803
6493079
6497881
6498254
6498389
6500868
6513196
6511223
6506582
6501741
6489512
6470018
6500109
6487152
6496333
6506521
6491575
6474236
6514101
6522316
6482672
6509634
6501906
6489246
6482889
6517855
6487213
6516453
6488689
6501325
6517306
6497485
6492161
6507464
6515585
6478344
6485394
6505436
6506658
6479063
6504129
6505566
6537327
6513586
6473303
6479434
6508116
6494669
6479538
6505738
6503319
6499178
6505472
6502236
6491191
6465705
6514383
6509834
6521081
6511521
6495867
6477291
6514331
6524875
6497128
6509813
6485141
6503291
6502913
6480554
6489676
6485843
6475133
6523786
6498217
6482156
6465332
6490533
6511164
6492867
6532365
6515555
6483162
6503864
6527863
6514844
6493580
6517667
6506319
6500182
6517634
6493000
6509318
6515032
6518850
6489775
6502016
6483036
6496674
6510960
6522548
6500062
6483961
6501313
6471419
6491228
6500445
6502548
6505171
6520939
6498510
6517762
6493293
6476796
6510712
6505763
6515115
6511321
6528810
6476926
6502447
6504479
6518703
6503036
6511244
6492895
6486255
6515882
6520172
6528272
6497815
6522084
6505563
6491472
6510506
6503552
6483150
6500269
6512639
6513181
6486302
6497481
6517325
6495822
6480860
6525847
6491137
6494902
6501034
6490695
6486587
6498199
6507527
6493931
6507936
6534430
6501484
6493821
6503487
6484574
6483362
6510100
6490596
6482939
6477941
6479567
6494277
6507735
6525395
6495153
6492586
6500613
6494182
6481670
6486946
6506498
6498098
6492955
6498702
6512979
6520966
6461869
6511145
6485707
6511275
6509463
6475405
6491032
6495915
6509454
6504677
6506929
6511715
6521877
6490938
6481415
6496193
6492372
6519675
6496956
6525975
6512691
6483581
6506598
6484835
6524070
6497353
6518112
6515368
6530386
6488445
6522024
6501501
6505538
6500420
6516716
6500231
6517233
6507741
6511838
6494397
6466640
6491051
6484698
6491130
6502013
6506670
6515996
6489963
6494659
6496828
6501670
6501644
6484606
6491133
6512892
6500348
6512473
6520762
6492247
6508978
6474219
6490371
6475605
6516097
6499646
6516466
6517128
6517995
6513052
6494580
6519374
6492402
6494352
6503279
6516061
6504613
6487836
6479371
6511452
6492934
6523547
6476678
6530682
6494271
6480679
6495638
6488286
6492914
6494507
6514104
6500531
6481394
6487061
6527591
6496221
6503899
6527029
6502420
6496171
6493610
6504486
6495227
6510583
6511042
6490867
6509494
6488428
6483091
6498517
6519028
6507697
6519228
6491157
6496035
6501005
6487397
6509959
6493605
6529454
6491445
6496302
6488558
6501707
6484426
6484480
6504364
6502718
6490858
6508745
6520014
6530872
6495828
6505142
6490108
6507855
6493234
6487689
6517662
6492842
6502696
6504549
6505473
6531817
6487591
6482518
6512598
6500899
6510472
6472821
6490442
6485803
6497832
6481302
6523594
6483553
6506146
6478302
6495831
6498948
6489840
6494505
6498555
6493261
6497708
6499144
6508725
6503732
6485736
6474341
6504449
6484400
6510715
6507945
6507640
6483901
6505600
6502773
6483689
6513701
6485642
6514174
6510522
6491545
6494287
6507452
6493586
6505381
6482750
6498931
6473558
6500732
6483939
6496919
6529256
6494096
6526150
6492943
6494379
6490202
6504994
6493595
6499490
6494615
6497943
6529267
6487515
6518182
6499108
6493264
6516105
6501870
6478625
6499397
6491057
6512378
6514686
6496647
6493793
6492272
6480233
6518965
6484653
6488126
6505847
6514452
6500891
6513448
6508773
6528037
6502720
6472644
6494777
6535092
6490404
6517921
6453385
6527480
6512502
6503722
6490027
6494545
6468914
6509501
6488467
6515758
6501764
6511818
6526047
6501046
6489537
6481402
6527289
6523769
6500750
6501147
6496915
6506065
6499088
6511998
6497162
6526607
6499062
6511018
6523686
6502026
6499797
6481087
6490192
6480852
6476341
6523917
6504710
6505625
6507850
6528958
6484373
6466228
6486889
6476867
6512542
6513107
6494160
6498971
6525234
6492947
6511288
6504923
6525435
6470190
6484324
6494993
6518944
6496032
6474435
6522395
6495547
6492515
6502440
6498815
6510130
6514909
6503394
6503916
6491546
6499588
6500151
6497427
6498690
6487494
6497774
6512838
6492832
6518006
6506302
6490106
6486182
6528093
6509275
6484247
6505528
6501019
6505345
6495690
6522228
6489425
6500958
6511951
6474984
6497107
6526546
6485845
6516457
6521839
6527028
6518604
6483075
6491791
6508926
6516416
6519342
6495922
6487601
6499668
6515040
6511797
6503161
6466634
6480334
6506651
6498503
6478994
6509012
6510652
6493382
6516782
6504940
6506006
6503638
6504546
6499974
6501245
6501291
6506902
6501633
6490319
6481369
6500112
6509177
6521414
6500394
6518397
6475435
6508917
6505706
6494674
6485111
6486783
6478400
6495008
6491387
6520498
6493968
6495198
6506088
6483302
6508238
6506729
6497620
6487734
6492647
6516536
6506075
6499015
6512656
6502368
6495973
6495964
6512885
6488938
6512348
6503837
6502472
6503654
6525798
6513666
6503728
6473537
6483678
6503965
6503472
6511757
6497428
6518957
6506004
6508097
6503809
6511936
6487619
6501474
6483371
6506595
6497465
6495171
6512732
6522731
6488456
6489782
6505536
6493630
6514883
6489560
6490075
6509353
6513978
6509926
6484754
6507338
6483265
6529357
6512955
6484898
6533792
6494305
6480585
6501393
6490747
6490981
6509827
6497304
6495953
6507078
6502118
6496837
6500135
6530250
6488276
6510166
6484024
6526375
6517878
6496539
6518849
6489230
6513576
6491468
6489549
6507158
6501455
6495296
6505898
6492935
6496846
6499338
6525856
6528003
6504724
6488386
6468510
6503848
6492911
6502575
6522820
6520779
6480107
6521709
6517441
6523156
6504922
6502808
6505395
6525679
6478030
6500001
6501384
6482102
6503659
6490338
6499017
6515985
6509380
6504465
6478370
6512798
6484702
6512555
6522165
6503087
6513260
6472945
6490234
6497504
6489333
6503876
6480030
6482839
6500406
6506392
6501508
6509393
6529857
6500786
6513769
6502023
6505654
6511828
6496597
6493836
6497755
6502180
6508278
6493096
6503344
6486686
6502624
6503571
6530244
6485518
6512226
6492489
6478926
6486556
6482808
6472212
6495028
6510400
6492995
6508217
6521747
6493861
6478806
6491159
6509905
6504102
6504140
6499926
6504910
6492269
6511871
6502383
6502772
6512167
6475303
6505235
6510025
6504464
6502220
6496262
6514018
6480193
6504735
6495339
6489609
6501679
6498645
6519457
6504892
6511019
6503918
6490933
6496411
6495688
6498783
6523107
6498758
6475410
6510310
6516847
6510525
6496326
6516120
6502463
6513411
6515652
6501006
6497680
6489610
6487942
6498657
6476662
6508771
6515030
6519712
6477290
6494909
6503977
6478043
6524746
6500422
6495740
6510204
6507644
6529791
6493957
6495538
6507061
6509087
6517701
6489463
6494120
6489488
6512068
6481639
6507496
6492010
6475320
6493091
6494744
6497724
6490190
6482422
6506745
6492912
6496723
6482297
6517118
6495772
6505582
6499095
6488551
6503604
6495075
6496443
6512237
6492192
6490185
6520536
6518567
6500124
6499941
6503755
6502208
6505776
6486238
6488329
6485575
6504091
6520524
6476369
6506479
6480217
6529295
6492835
6474707
6512135
6517354
6471724
6507797
6497298
6503081
6506569
6517779
6493681
6486791
6514924
6516624
6474191
6487217
6489291
6510065
6516025
6518573
6493393
6496811
6495754
6501711
6508111
6503929
6481316
6500951
6523328
6503420
6508015
6498061
6510473
6483451
6484010
6492342
6500777
6491463
6528108
6503520
6503127
6494221
6484326
6487561
6482676
6494571
6489538
6492357
6508117
6490313
6513925
6486101
6509753
6503426
6484718
6501341
6518232
6488188
6501523
6500260
6514400
6504384
6504516
6501047
6499089
6502870
6508286
6520000
6490153
6474525
6506546
6524523
6500442
6503454
6500590
6527173
6505079
6517242
6489587
6495560
6495780
6506420
6512873
6510348
6497972
6516270
6497689
6511040
6489751
6489013
6506371
6526787
6497020
6500416
6508532
6499837
6484272
6515840
6519648
6490466
6488781
6485927
6488191
6493732
6515272
6507068
6487801
6487261
6505958
6503802
6483817
6503254
6508033
6511350
6482903
6496439
6479967
6497968
6487414
6489241
6501738
6488129
6518322
6481764
6506683
6522438
6492195
6505092
6502216
6487514
6522238
6506211
6493120
6488296
6486315
6496673
6475268
6504113
6468462
6528649
6501858
6492996
6485832
6504256
6492191
6489323
6506206
6498755
6493269
6500749
6525911
6497606
6512450
6521243
6513960
6517589
6489541
6495477
6489663
6486076
6499726
6494052
6527808
6495461
6507505
6511684
6495748
6509425
6491319
6508964
6532809
6509482
6521064
6479938
6507554
6515414
6525025
6516154
6515503
6514999
6497087
6499759
6503618
6505364
6526239
6509310
6493913
6499204
6513044
6529746
6491630
6497074
6481685
6513896
6517344
6495226
6485674
6521594
6499599
6496064
6516344
6521725
6487894
6509221
6471559
6499976
6506011
6508511
6514742
6481023
6495586
6493297
6512683
6509733
6477756
6482082
6482443
6515539
6494291
6496968
6519751
6505737
6527906
6516974
6493011
6485036
6494813
6518089
6483700
6491381
6514184
6479461
6513995
6497133
6477282
6523444
6500623
6492153
6468887
6487578
6475782
6501199
6503150
6483898
6514577
6487146
6494679
6492232
6509233
6480840
6504043
6508373
6518650
6505659
6512971
6516069
6508705
6509578
6494579
6487580
6497211
6512219
6505279
6503058
6480645
6514433
6503624
6516467
6487170
6518244
6499011
6514244
6493759
6482066
6491064
6493469
6498287
6515549
6491933
6519341
6493589
6502259
6504067
6504989
6494977
6494914
6472556
6504120
6493046
6526388
6473990
6516783
6494186
6487880
6464291
6496045
6501258
6485499
6506367
6497542
6491811
6515675
6462849
6490050
6509234
6496461
6494721
6496623
6492238
6504792
6491968
6487452
6482287
6491390
6506058
6489990
6482868
6488007
6490365
6534189
6486635
6505701
6507886
6517157
6521776
6495018
6505987
6478325
6510516
6500638
6471921
6504090
6523429
6500123
6501307
6490054
6504277
6494511
6482733
6499638
6488999
6485235
6522620
6492139
6499366
6494258
6499875
6500130
6493956
6483617
6509990
6486814
6486487
6483513
6495520
6484510
6510483
6500058
6497048
6497344
6504997
6511315
6502329
6507461
6483919
6492579
6501528
6484575
6480867
6482279
6518403
6480099
6473208
6509994
6483951
6513375
6504844
6506876
6510833
6489846
6492976
6509923
6505547
6505698
6501170
6483488
6514355
6491980
6504271
6502739
6489377
6487853
6517332
6519300
6496169
6509755
6478429
6479359
6505387
6509043
6487409
6498548
6501879
6491583
6483910
6497599
6506767
6508427
6523915
6501076
6486595
6500477
6506356
6504898
6492172
6498949
6509796
6516600
6487650
6509891
6496424
6515995
6511591
6503482
6500068
6491621
6515473
6498959
6486620
6494594
6490018
6490005
6512277
6507157
6493541
6485073
6483864
6479890
6510039
6493526
6499247
6499420
6494840
6521604
6503066
6510658
6495196
6509751
6485785
6515430
6516732
6482120
6513148
6522776
6497384
6514948
6496263
6512273
6487799
6495706
6497563
6521812
6543574
6505685
6473070
6483092
6492446
6507380
6488278
6524073
6498181
6500530
6522037
6494157
6500692
6487465
6503989
6485151
6509914
6510846
6496029
6520290
6489542
6510632
6518702
6515330
6510334
6501631
6491855
6493538
6489550
6496348
6494929
6500708
6501873
6483175
6499109
6493749
6496341
6479875
6494862
6487088
6494513
6514142
6531631
6465030
6504457
6501742
6472565
6503925
6509035
6491037
6521521
6486354
6499235
6498933
6493704
6501382
6510821
6500019
6510147
6479156
6490554
6490571
6496277
6499845
6513696
6519315
6504759
6512789
6524688
6486605
6512844
6485468
6503922
6503706
6490432
6507408
6509373
6508071
6515433
6500514
6511085
6527266
6506980
6479396
6476410
6520584
6486195
6485124
6500596
6502349
6536232
6487431
6487408
6502932
6484431
6500156
6504300
6505278
6499795
6495541
6496186
6496435
6467551
6524060
6498277
6492490
6472114
6501651
6489555
6507328
6513068
6517474
6499557
6510216
6499945
6501788
6501366
6474031
6491511
6483924
6492324
6490046
6506277
6486779
6508990
6517729
6509759
6500947
6489370
6503555
6483938
6492408
6484831
6471681
6502674
6491576
6487115
6490740
6504601
6492488
6518882
6489895
6516588
6499416
6476646
6504788
6502668
6487552
6499878
6494477
6493540
6488390
6497982
6479707
6496433
6499682
6483212
6503601
6498378
6518526
6497770
6498131
6504566
6501809
6492136
6494095
6505325
6509417
6493706
6493133
6504476
6478612
6504377
6505152
6507184
6521346
6479708
6503771
6516865
6508440
6495287
6513630
6489925
6500901
6487710
6508009
6518356
6488265
6496023
6508225
6525687
6524062
6532777
6513225
6489867
6490414
6483473
6508792
6480158
6515395
6496631
6493659
6489869
6501882
6489829
6492398
6492024
6504294
6469539
6504139
6494215
6482864
6522517
6484602
6511706
6496091
6495787
6491582
6491529
6497343
6521808
6494564
6502894
6497137
6494948
6494117
6491131
6513386
6502041
6512981
6491055
6485789
6518088
6490593
6497160
6520504
6497816
6496686
6516478
6508248
6507432
6496742
6496183
6523406
6517152
6483238
6482740
6470216
6502055
6505491
6477502
6526209
6515839
6498465
6488422
6503090
6503110
6475933
6507839
6511638
6514794
6505287
6491419
6505320
6467906
6499466
6519292
6497679
6500616
6479249
6476564
6502768
6519116
6491470
6509396
6500560
6497329
6511987
6494165
6479043
6532114
6499731
6521888
6489733
6483972
6485100
6502461
6479516
6491682
6507484
6503518
6501926
6499448
6506332
6481753
6478134
6502765
6502453
6539426
6486424
6510794
6524977
6513860
6498890
6478840
6506317
6480409
6484200
6505513
6504178
6504823
6474146
6507342
6502369
6510521
6515081
6475367
6492540
6496873
6477860
6497079
6509652
6497229
6509638
6496948
6501936
6491241
6471272
