7067394
617939
131158
11553685
1062823
2937693
601583
6803750
8602047
827625
6416631
7609083
10451931
2368899
6044986
191414
7752844
1049867
3868992
5242132
5455327
9378129
4172492
1303910
12964366
855366
12533667
6649265
3240266
7056989
7398552
670468
10798471
4368986
1876777
1517396
4733110
866052
12411297
2860399
8904631
12946543
3769962
4305180
6936754
6360726
1276335
11681919
6536516
6342078
4647257
5364044
4643421
2023237
7719962
8262674
11164627
11672827
12192224
715235
11686294
1012554
5235971
10729571
11885088
3623809
5499429
10243206
687407
7732206
330790
3075713
5023360
8606446
9592634
2834056
1505464
11490752
7563989
6209752
7730480
2123614
7159294
2443576
6031863
11630485
7024476
7223237
11671511
1413449
4649464
5361739
8184445
5279199
11242133
5736628
1608533
5409588
8288046
8481681
12387806
4733269
4340433
7551009
5489640
8536048
8568046
10443379
5795961
553345
5156727
9491288
3391791
4419554
6907028
203335
9698847
1395747
11326877
9262362
7938289
1494064
6180316
10646302
8984934
10342916
3466325
10535753
9071621
2670568
6306843
3936444
10153715
1868575
12070320
544991
2997874
11506935
2963589
5305218
10400711
7209770
5880296
8992823
4979371
5798935
8369851
5193165
1793616
10954103
3385592
8284030
9056158
1953360
1438019
6842402
282178
7392193
4390032
11417246
384450
5217834
5847400
1754516
8367665
4732068
1712025
12952166
8965195
1794890
6971150
9176765
8235370
1127635
11963
1886243
6747071
7102317
5269852
2779653
3879663
6427593
7604440
6576616
12816988
6800646
7421922
12675036
215612
1937550
12454364
5440026
5571079
912400
8844940
2550103
8910209
6685553
8796096
5130957
10679020
5554847
2865169
10445086
11291470
8921103
9802482
566849
9004357
10551374
9330565
332905
3550940
4666165
5005635
677346
574877
2226433
7200867
11147416
8371854
8291225
7011047
6709276
9007495
3855367
4110988
1399906
11902856
9293899
11299335
11948641
1613874
1438070
2583089
6594954
4812433
9890899
7287343
5642507
9204909
522778
12321426
4538798
6552303
10301356
7506501
4611893
4281962
6452770
7509868
7530961
2322290
10425353
12077017
1637626
2622571
119383
5691860
1089438
7925879
10724185
2517072
8485738
11728216
6852989
1453591
2389644
8817982
3273028
1156514
10631692
7799629
8232940
4000241
12971809
11463863
6517103
12962700
613449
11849052
10118171
2873849
10951817
5057786
50236
10453616
4979119
7258624
3501339
6923653
8651387
5180517
6508511
563758
5371946
2925202
6322194
9372200
241468
9656326
3631639
11075083
8939247
12425825
8936431
5450293
7391958
7685254
2304186
5858846
860499
11985785
986118
5106513
6885095
1218432
295683
4544265
2418466
9440816
10791991
12803900
3714117
8998013
4859287
8011992
12454970
477405
9059413
6481699
11398274
1825384
8711250
653872
8214333
1248584
2011253
1853920
11828766
2546795
3148495
10690761
1725816
2989887
8873483
1408983
120874
4280896
2936219
10158989
7743291
5213305
11357684
4380108
11739954
3253585
3049733
1874044
2196518
10070186
12304396
1745103
6900115
6248931
3340042
9415485
11206728
5964490
6127946
6403051
2605584
6120526
6366564
1812296
8250982
2527787
3775712
2808380
10506823
2582017
8984508
7165958
3991419
8042649
12464426
1242953
9043666
12697219
7718523
4497404
3764960
12918644
8888582
3115851
1577092
4957737
4351997
896709
3776792
10364591
12855831
1241905
8722139
10250439
9224640
10644923
12306163
12578897
12827682
2348843
6318319
309450
643967
10469125
5023764
45189
11143021
6507551
3123157
10107294
9889523
5601212
7875914
2618366
3561302
6076965
11871715
6972638
4538586
8061341
98751
1050780
4797040
4970138
381817
7044356
4431644
3203622
165539
11677364
7172379
6233634
10700062
6427048
5536041
5541558
720255
12728094
9146265
9167842
6647477
3255451
11908059
12785102
7352869
11802556
1691208
431648
10256519
11511545
10529894
11144635
9999281
7332228
7843505
2456430
9396790
7983904
1207811
12294383
12842163
2036650
2734556
9529237
3027906
1288459
9510648
2993179
10432330
9824618
12141486
12481423
7945806
8856163
3597657
12744748
8614128
8075971
5942408
2047301
818355
7293751
9576828
6403120
2217679
6994077
10190169
1142301
11664342
6040800
8429957
11265121
11445103
606100
7850224
5325642
4758084
4136763
4507115
3051627
3357271
3344013
5017612
3560748
10401872
10307068
1785281
10149050
9580487
4281546
9817294
11603538
4131668
54129
2477897
12856636
4072848
3509733
10796122
10041831
6064246
3935697
10705690
10187080
11821004
8644708
2361920
3824467
2524517
3575462
4073470
1627699
8623499
11585280
3582568
769441
10104550
8846962
6897308
2551312
10511897
7439631
575448
4882404
9313891
4211168
6019823
8578977
7001703
12534628
5105239
10245503
1833658
7320461
11001943
226562
11296588
10355119
1667214
8664480
5223342
4221294
12327102
4763235
7982785
7937459
11898580
9639776
12807821
2369561
7858948
5430846
1209704
2505635
3087070
7726900
12172892
485945
2270956
12260431
11853715
10786045
2923899
3733908
4991622
12751349
7505966
810996
8310369
8053629
6743514
7235037
2695274
6078510
1047282
5820400
6516542
8481720
8152143
2879727
10370954
5301373
87948
12430205
327570
6291505
10932412
4552238
5095014
5103250
9084449
4640069
2582635
3541677
4966909
4545816
12840579
12323963
2731978
6688750
2898262
6208031
6798075
2738834
7106882
11058149
12252661
12455250
7203162
3148627
3026413
6128220
9945556
6072478
10986187
310295
9612835
7042777
12191820
12724186
2941456
5967781
2957556
3274022
12546241
12468987
7807556
6889095
3309155
8318089
9946907
11257478
2988428
7323902
11270472
6689310
3842883
12627561
4434994
7667774
6120966
11249367
2005453
2339675
11241320
1815435
8706033
511835
4569535
779646
5918925
6417010
12404828
1930297
8202350
3570892
3061270
7209740
3294476
9398306
12049853
7032126
8797096
394183
3023139
2849632
10845942
5022960
3267935
4572375
6034499
4800429
2596194
4972339
5494828
10737858
6650912
5273728
11316040
10399789
7948279
10970014
6499962
1481418
3685323
12970085
3418010
2751880
12458941
7141659
10366635
10499949
2661885
9627725
10328387
8789045
9488670
2003939
6858854
10154323
7334986
4685480
10745856
10535185
12234545
5879646
3039782
3601060
6247222
1961293
560949
5511853
7963270
7136385
1290713
7573145
6983410
6398871
5306941
2095835
4334059
2458720
11823724
12978252
7423521
11685485
8893203
9518956
7254416
691151
4835517
8209561
6912595
6296461
2310111
2581705
2634999
6641091
1663408
7281333
3251486
11788228
2056644
12459256
5015740
11533312
10934857
12160723
311856
11942890
2118443
2101527
2861351
9738536
12289142
11226808
1557480
11663499
5613303
9959598
10480448
10643985
702421
3958687
5640944
7545353
9167349
10028919
9923253
10228206
3611227
2574695
11792987
10860655
6028993
4170702
3790574
5141357
12053991
9846060
2614382
9694611
10015074
10079757
1307325
363059
6389262
874440
987220
7066975
6703396
1564352
5842049
5929668
12227664
4968754
10330431
8820449
9811864
6181352
7135037
11180944
3576788
4806449
4200558
10646899
353020
10735704
10921175
858461
3684194
5566305
9994731
11003483
8051976
6364541
2001943
12157700
6951361
6025240
9544877
1463489
12673189
4485030
6264464
8866150
584435
2938396
12269364
3378013
556871
10498045
12970630
5607043
878734
12502791
7055985
1208343
7521623
2271495
9884382
11703204
12033161
7993152
8156482
10504697
31582
2033911
11725122
4137321
9903040
1340676
6891855
496962
12466483
6453388
4455278
10804490
8586819
10110399
12159971
12478343
4449677
11600088
8922344
507289
4388882
2561190
1587626
8821020
1703517
4907858
5117241
7265828
4200278
7122779
1610837
11265171
8694377
8786470
5527558
9017759
7627279
1111368
7909128
2254428
10936875
12225935
1218227
10742193
4188964
3768927
6728721
1896705
8428028
5441183
1489453
3439118
7932049
7491069
10008625
8033360
8745251
5145745
124679
10272083
11990965
10461041
7058593
7310318
5816700
3061923
3929254
6582608
4436977
8127776
9457630
12891053
10693520
6283058
3888243
6606371
10685143
10255258
2773300
10721515
12945670
6206465
3617390
1907181
10700229
408417
3334144
10671957
9711233
10133022
4159371
11784849
10047032
11057437
4967136
7969347
166102
8573651
8912972
3933336
5185519
9934672
5903327
10323158
1645028
1613120
1354274
8298661
11210174
8484211
1899078
1150578
1941736
2818577
6582615
466123
8300959
9713236
2360547
9994605
8604081
10321548
2291036
104365
12034608
8136800
11142159
268837
5149577
4327434
12758921
5782579
5480291
12709318
4234764
11955023
10456813
10577873
4023253
47125
3627776
6553614
2117515
269080
469912
16491
7311938
6850440
1974235
9159287
12546120
3535738
8638899
7817562
10623573
10875930
913946
9498780
4657830
9610040
1372510
4322614
4058721
2495658
6836525
12102530
775454
6285737
3527228
3439594
5539480
7184458
10743748
12528554
529133
4315593
2732176
7280048
11251624
11201029
5954209
12533609
12501469
134369
1775382
7810533
1058597
4582666
12456429
458981
3505755
4648704
4843659
1141571
3837741
8243040
6788107
4504956
10398111
11394789
4325920
10647989
6027077
1942524
2635636
4484731
2943728
3224021
1252164
11750520
9704307
2663191
4669902
8000946
3095108
4961448
8790268
6488484
2178436
3178907
4569278
7283192
13145
3534792
2886801
328067
8271043
3888902
7614341
10862673
4669374
3986745
4625339
5971032
155551
9424829
4544332
6288064
9018152
11986592
8555180
8850993
12159121
5036189
10086156
10295478
7302319
4805031
11886159
12825866
1635303
1498340
2389728
9847480
2503867
509351
4344062
4965247
7049152
2503534
1177776
3711932
4569444
6842333
4580952
1283751
3074426
12902567
12107007
2775624
2554113
5241917
571772
12062175
10357999
8672693
12864643
6530508
10645570
4576813
2129071
5249300
6688040
4837789
8622038
12107894
10536508
10524216
117318
12479633
3833004
3152770
12242790
10850447
4114202
7903268
11945723
7618928
287797
8909432
2693832
3504114
3800513
12894620
7507543
7430948
773071
7774844
2491867
9862744
7704263
1305864
178888
5506195
1704957
43645
11664792
3650907
8787044
5402161
5239469
3780071
11321561
8285347
1447711
1072746
7240428
5648330
3405839
4323811
5428874
9433130
4326356
3868684
10511682
1462344
12451218
11362350
5488940
3083116
4915626
6458062
9144964
1911677
3048864
9512561
3833112
2071082
7218867
11199405
9259577
1599329
6436974
8565150
5082336
662386
5013817
3535368
4047412
9894719
10625942
4795150
5564960
5547338
5192685
9576273
11871798
12295863
8336568
10500171
3183907
9374448
4345797
9606922
5933855
8844263
8751021
5438085
9844449
11805638
3435590
4250312
6088555
8131014
9649368
8869564
3698281
9274924
10006881
9223888
2566279
11124048
1919781
11991263
897145
513577
8083533
11125157
7083237
5434526
8455386
423042
1433104
8041202
8665518
2463317
4805538
10713036
2993967
940548
9760595
8569994
4119271
2541629
9992037
10792084
10819162
12852183
1904581
8464311
7165559
12627465
627381
9129940
762133
11263041
9724197
12094505
5048304
6618452
9367658
4667310
5214552
9297097
4666444
8876499
10725938
4683701
9540044
6293851
115558
3757570
6386370
210300
8805153
2968242
2660655
3234379
2091056
8666342
2992321
5902435
1516048
6133125
7913876
10153879
4299986
6527762
10780589
610745
416601
12499499
4141375
10754466
7970984
11515117
7765385
12675124
4840009
4554684
8287927
8607401
5399263
1550707
4174547
6714179
10934179
6604965
3000394
1732697
12860744
10887040
1371585
6001733
2912952
11895614
6533531
9756072
8774623
2670284
8043539
1723434
7278370
5935061
1667181
11259644
12050315
5953183
3632577
10654568
10179986
9786169
2476379
6156693
1236391
11611186
348704
3060385
2854615
5310999
792446
3114971
7957503
2794408
3084359
10295313
3611462
194157
5820821
3671699
3512264
11052597
12051949
11732330
8071664
2066469
2664746
7958411
8849289
6095508
5617872
8282692
758590
183056
12145215
2561392
10722842
9145752
3185826
9252125
9447947
11998828
4004741
12712704
8230243
8442555
8397083
440344
6389418
3868796
12542397
4029199
12229922
4233646
9618028
1117312
7423684
6035818
5371078
8241384
8073547
9611044
11839363
5720208
5517456
8352717
3317736
5478691
7143483
11728626
1439124
8343358
2855364
2742007
9827736
164900
12745439
6517542
1375693
15060
310201
978201
809505
8535616
1462924
427185
3973507
12515707
11304729
2068866
5400714
5003612
1982844
1328278
6183774
815666
1862683
3233287
3434941
5607570
181452
9034558
12713921
26992
7197900
3335414
10805076
7339613
6064250
3123732
5705677
3405055
1351501
7210759
5499523
7569678
3244158
19884
9523981
851159
9120699
4785314
5990378
2534311
5505741
10857951
3100824
2546112
207370
8773223
3429128
5128625
925089
6904869
1728385
3132134
6400578
6644132
10290633
5978751
11148004
3668636
1410428
11096233
6872876
492103
4528364
2410644
1647189
4740531
4222207
2652319
11749341
995571
12315805
12341961
170448
6168979
2667062
6610053
2964889
2095440
4104667
12543428
9682552
9690993
6906450
10818001
8392651
4529734
1605332
10027764
114764
12906210
3462822
10352157
7465296
8711628
12645535
1677297
12993227
1557511
11622048
886153
12359883
11078477
9980826
1097929
2769999
11512899
12563566
1991348
5920104
2123840
5002983
3106750
1768823
3876375
5700379
8718212
8512387
328014
7987249
4830042
2571344
7576544
7894475
6108829
4038374
5521352
426757
4683444
9971567
10258296
1893622
8743908
2464342
720176
12036454
3823227
3317846
11863771
171283
9301029
8050332
5234284
2649298
6173306
10732752
2608576
7545013
6882948
2365271
3435589
8101174
12245751
3363701
9003674
2867953
2220954
5172456
12280327
9787857
10784221
12177165
7609875
5157785
3874813
2496702
11130732
5663588
3359786
5852884
11549209
6139108
7862448
10839659
1740155
8665077
257760
10590881
2524996
6949421
11797701
7941443
503541
1860284
12320439
5037639
12613635
4535805
3465958
10588004
4917181
4961383
11190450
9478951
2707915
4355475
8899167
7442852
10198744
464681
4059640
5509092
7337634
6788898
10239268
12132341
2986031
3707936
12215263
5840892
9675160
6043277
8430924
1764840
486651
1123452
9652765
8010497
8492049
18045
6890262
1386057
1357816
2927603
4030419
7545708
9141867
1885035
1300938
9437378
11517583
3812405
10205794
7890085
4890897
10227394
10688685
12364041
991621
2896053
3600085
499659
1662738
1646281
10977355
1631336
8234588
1797752
5412567
7392996
7820257
1652421
3928068
10866875
9346664
8723220
12725692
3993517
9074195
10902515
6452197
7450187
3137939
4522062
9601555
11253741
9489728
2005870
11187062
8468828
5318664
1237417
1276701
2581848
12941281
733662
4987594
11728640
17675
3715832
9228501
10608284
2702531
3605175
2647328
6030102
11243923
9788065
4952808
6356171
3158108
8077553
1093132
7729412
51639
7915602
6929406
3423262
8876966
5101210
5435619
8002669
1172178
10597753
950323
11749989
9151673
1399170
10129668
6766836
2719504
6317001
11438374
3809122
8040122
521652
4915320
3754472
11311375
6897261
12390349
2717280
6793384
958416
4769459
4448991
7496322
12366694
9164252
4870652
3781408
570006
921558
4567522
4057880
826496
11778864
516803
486234
239705
9279790
7579267
7668165
12887539
2623035
2443109
8278288
12744062
5915064
11003655
6255015
1608984
8668188
9410102
9183292
2095747
4492810
1618787
12324167
8828609
528029
3715540
10574085
8590599
11803443
9404902
2927238
1864263
9520188
7165314
5577084
6873830
1859652
1258268
1866295
5139701
7778325
5733349
8435114
6208654
3209229
2217231
6932279
1496012
12537850
4424254
5207503
5195867
5915039
3564412
11745203
5168649
4688517
5143993
4643180
9913444
10336445
3553472
12444921
12779738
4030701
8521894
2604619
11054573
8576055
12365448
493216
6866676
10279730
4310022
10424042
2937172
2933927
10190101
10692834
8234532
7709016
12253957
10615958
6434717
871203
3676172
3019731
1617786
953832
12478005
6952893
2738079
10521435
6183738
3683024
7108122
816675
2062964
12692754
442396
10819447
11489837
3211544
7768591
425850
3803469
4389594
729071
1398595
12406275
3059198
2417394
9642310
2459766
8835808
516216
7246026
765737
11431252
3868721
578401
3167555
5358776
4533740
1621745
12506385
2972800
5223723
11766040
5209464
8725715
4648377
2149288
713801
6467682
11701836
6652682
879308
7959665
4777390
12666489
9881650
1828707
8128910
144752
5425296
11410358
11184550
2671881
7256210
12969000
7246818
2872790
7395176
939179
3282401
7293247
10733479
10354753
2652334
529134
3047150
7253568
8061202
6016815
9581950
12180442
10758834
12052839
11552440
8949403
391016
12817630
7461205
3769956
668981
4098554
774360
9115962
7201233
3453632
2018262
4061343
11042135
5388269
5517255
5112058
11489588
8690913
9191390
2487546
5762415
10322918
6525846
1926
1666262
8107001
11002481
9353085
9558334
3233754
2177502
8479575
2933242
12572192
3731805
10835962
8584529
9575471
10514160
8757905
3435823
1546924
2822481
1391182
10468060
3959386
9569253
12445706
7590153
6210933
7426905
10906537
4711929
1047687
7379973
9520585
5705961
6084735
2840512
3762424
7069971
5517153
35561
5751515
11928082
10196819
6758251
12968539
7947797
2261415
9533109
11269523
12652142
4568541
11171544
6052123
6077612
11149548
12103794
12762653
4744993
2640767
1894079
2077925
7485336
10718533
3325824
1563739
3970522
12798869
8711851
6203735
6656668
10866246
12126766
7562849
12428642
10454183
12836464
12699311
7558333
4369010
7489273
8268342
4253150
7555854
151743
4083816
3835844
5257436
10130290
11606847
3517336
827820
9447633
256317
3840293
6024573
3024063
1389372
8862685
10391348
10245388
5657674
4814857
11259289
2850420
5372824
3611639
11101531
9151648
8262870
2005940
10026609
8640121
3855506
8227360
8413543
11296137
11365921
7718370
1069725
1047021
5703457
10643883
1365810
3357152
71990
3248327
3588116
5202103
12423594
4797033
9824188
7333285
3781961
7397299
11822804
989642
2514821
7952666
12660853
4429596
11799666
9107075
691172
10970001
3755127
6628751
2495150
4481323
3688390
3898686
5624423
2885177
7952968
436779
2288250
10161197
1788318
9568017
2208751
8977559
7458465
2197311
6176028
5511372
12207511
4460216
1164272
11583851
9123476
12440540
12839100
7788554
11933930
11915007
11754883
6302072
4713327
3853907
5780753
631429
1647316
6616981
11409241
9836532
8231769
12428272
8901824
10567367
6756432
12894917
176338
5687544
4073721
6132479
7855590
12078854
7571158
11042552
8043675
6762412
10610988
11721138
530223
10880324
2470552
11490435
5653733
7003850
1669952
6529474
2739517
1970235
9461705
2547926
9540587
2352487
10923273
12796151
2265064
10184153
7267630
1526280
667320
9441885
3379013
3148219
4489970
1533812
7501221
6068759
11228168
6900941
8825375
12836544
2660174
2195726
1653625
6943822
3486487
12622206
4863363
7250419
7826904
2170243
5064531
4533677
6405117
10730959
11467169
9041695
7607376
420228
3097732
9179837
7126438
7475420
2849715
6933645
4361763
10589907
4371277
7939463
8854019
6147720
6345611
1085429
6946128
10470368
10297625
4577558
12865275
4103494
10619013
5556838
9880137
556312
2384818
5274644
5415690
7904342
7345133
10281218
5310722
1136053
257178
3926476
9516465
2691194
1488487
1124909
2417726
7182038
3285617
6559564
10882012
7092214
11899079
6952921
9919726
12394063
1215055
8554901
11399099
10048550
1421341
9376744
5925261
11401688
11510684
2437868
3057477
6753095
2951756
6051688
3174894
12893330
12961439
5417243
4825557
12729504
3490134
10343713
5282041
183927
1919201
10930288
7382754
5962026
1622619
2163694
12991519
3777275
1364436
11716994
5281111
1310761
9332692
3786921
10418665
8232457
7720579
6236668
233197
433789
12324350
4610079
10179603
458594
2161137
4593346
3241804
10574850
2805266
7685405
4306972
6737630
5454847
8074815
1676789
5019259
10767886
6220482
7334226
11900528
7622383
453097
7927786
5519760
2705510
12245369
10750017
11546222
7773548
363676
5069995
12195684
9746794
338747
4409789
1095266
11684285
10621429
4811385
2452188
8024855
522872
10976866
3518342
7475737
2362831
10934957
4123459
12822822
4449545
3203470
9198957
1311872
10378575
4267125
12708585
8618535
7950831
4944632
11403529
8322166
11304488
4682213
2328760
9866518
10350756
7224886
10445169
6319901
10222754
5169271
3776702
343042
1988629
2951042
12529687
11532763
7501712
5757052
10087399
1625604
342234
2566277
9997357
9601748
984166
6284631
11115231
12505828
11715123
6507200
4552686
895791
10062181
7681402
2758945
910686
9632815
1490755
1469806
10394817
472298
769886
5416735
11167696
2458069
9095793
7390939
1676167
7053150
12756424
6525213
38278
5253617
6058907
7818222
6238845
3937422
11569923
12712376
10589613
7299166
12984800
4595965
10132731
1811154
10003915
9700009
8448432
6372790
4602029
11981919
5121102
1077507
2861911
712405
2783257
6597756
10805126
12475516
1195301
6635618
4341085
7485171
2677485
10039243
4834798
1402606
6420172
988892
3065560
5975094
5299985
10721441
10273964
1158
5312843
6714325
1705353
5163034
11795008
7893531
4917324
4967443
1094666
12107049
1929129
12040592
12887766
613157
11647180
12132483
12794860
1125430
8221244
12863989
2193246
1745485
2793883
6987645
12434149
1678046
10733782
8869634
10639557
7142982
8221599
9082714
6681151
11390248
9070294
6124722
7991233
2124781
2402328
11736404
6422352
7709079
10457414
11527948
2836851
10265539
1839696
10019526
1387327
1378285
5544043
8463420
9829150
8894167
9092414
6596430
4379835
4059250
10233502
3919974
8595252
2666288
2063227
11147168
2520014
7396245
2640875
12642586
1650370
7427755
3216325
5822192
7274147
2530674
4243509
7805296
2759700
8515060
12120398
12419749
11761114
8060320
4434549
5959811
2502800
1249800
9767611
8419784
3705459
4007360
11952411
3556431
10068819
2229479
7017111
12873931
12558548
6643643
9572571
595678
8473938
11770381
1001007
6346895
729121
4205618
11963347
7266422
10959245
5148784
8660185
8026687
10853568
12225409
11457432
9952349
5755065
5188047
11885845
12332258
11963205
9947649
9517246
5959323
762506
292226
4234334
8159154
11022231
7290056
8410299
11689489
816783
11582030
7257372
8074883
7628844
4837400
5449792
12344784
5986254
11258308
4156617
2798230
1828746
1828343
10509769
2257841
12756757
4979582
7131015
3388488
11193586
1389763
9403362
243571
5645639
9659730
2109204
4227524
3262747
3006992
5662981
7478818
11195991
3926361
268483
10321320
1701338
12812803
2470355
7797755
10995147
10832271
1920239
11313821
7656322
4376401
2184459
4647233
5217050
9435160
11481901
11765902
9437086
12615836
3887346
6929377
6653855
12952964
7183824
11771948
11468406
6151916
12160170
4192200
6213938
1373677
9169083
4079430
7675466
6801935
11901166
4185588
8441375
8228627
11676072
11099687
4551007
1905849
8474645
10916744
4485517
3977977
5756400
3755482
9271336
7670356
10689876
12529401
5437483
11602119
8896858
9924395
9888231
4994129
2612319
2078953
12892772
9586314
5624670
12280888
11156602
4659440
9169253
6234383
8003739
3169231
1680460
2812781
8232374
5949521
4011594
12177713
11189494
8608322
8793513
5786761
11623380
594779
6889896
758707
10954471
9520733
9802429
1852953
5616593
12069715
12008719
6090002
4383976
12089615
9023631
9219672
5769391
7053795
221056
4501903
2458421
4940582
1910995
11808224
4989341
911951
3548201
254243
12421254
4354462
7950933
4898265
1057417
9575278
9717287
7233871
12937482
1534120
3998942
9841538
5559238
4513350
9996024
9345162
12320656
1707914
8745954
6546247
9896291
5847977
3101713
10969054
8701223
12235032
7295718
12387222
7465895
2773049
8828819
8219581
4289798
2328767
12549875
7724811
12382020
10023371
6839401
3969601
1534335
11412608
12981746
1147809
4487657
8716436
2248568
6003486
7320568
9007396
41675
11929611
10685751
10969500
2753101
10751319
11271659
1377312
9901169
7857789
7203133
10054292
892207
2382954
9180294
8189460
5219624
2618461
9842138
5657727
10777595
6076235
11355962
7904785
1830969
3575571
10978436
2966254
5071624
9607897
9308267
10528076
9629965
4617548
2307000
8411662
7840377
12624168
11847149
886953
12901929
5836842
8595064
10590034
1028269
10196180
6221130
12898279
791287
10833105
8383066
1694408
12090278
12120855
9765025
5967507
2923573
1774844
25155
364631
726456
1402732
12605076
12842055
9562181
12044273
7447622
8232424
3924983
6256982
11280863
2227201
11464298
10484362
8469368
2744667
1099587
1561358
3689653
5488418
2242913
7952934
12544395
4337004
10303445
8564269
7239971
12686760
9424547
6170183
8510184
5754853
275114
6383797
10356564
8431587
7104244
4770277
3049508
9487894
6806478
7244337
12105434
7218156
4824266
8479704
4218594
6605261
7623334
6326006
11253037
2968824
5667233
7788877
6690385
11733502
3229196
11609915
6749122
11564126
1407685
6042901
1559001
5891649
6367480
11355003
5464607
9689606
10920221
4676466
10277908
11038231
3517585
9382586
4358028
6974400
8962013
903399
250431
7542221
10566736
7249059
2524017
9491862
7673257
3009665
918435
8858415
10800703
12150169
3254583
395533
7845249
6552463
594187
1096729
465997
3442126
3352249
11949517
967848
8103094
7002351
195893
10864564
4903449
12909680
8598942
3795260
12187381
12686817
5873981
3730027
2072353
12387307
16128
5192753
6588535
370957
6959338
12862711
8204937
12648670
5773097
12349462
886938
7097685
3607094
10465122
10284036
803217
509175
694657
10979967
8279789
790196
10106488
2820247
388361
11200913
8658473
798097
11831187
10106601
7393517
331008
6461035
11449404
7086014
5156562
1546442
12329865
11316152
20813
6413975
1957105
3069321
11201770
5404928
6744114
5998866
278795
11187306
9296152
3327081
296944
12961799
12523944
11765589
10521327
7639067
8182752
10710916
7082455
12324412
279173
3687150
6574469
7555324
562954
1018409
8594887
914158
2712612
10257100
11470024
11474387
10557679
2300139
12639013
5731327
1551896
6003925
9755862
4424014
9221743
2565252
9507265
9168956
9477633
123641
11736224
6690754
12217867
813775
5746494
10102251
10690181
8798380
12073971
12891793
9205442
7326637
7728639
3515435
3619349
11820695
764413
2156268
6177700
2603552
10245408
3854523
11461604
11398164
940986
6815452
5618788
1928788
2178452
4156635
7733596
1184764
3744879
3337282
5506606
4325398
10869186
1402581
1718846
9542913
4668437
1250433
7815894
12688393
6878850
6242154
4896829
10109035
935500
6681163
8485455
9893332
547339
5704269
3266983
10206694
4188433
12463158
1944431
4844445
8473105
3070691
4404476
1198310
12558976
9186687
3001295
6681559
8283545
11491466
2672820
789525
8508521
5488146
8825308
2247949
1915700
3407772
4382742
3938496
577524
10278960
2826027
11718022
383581
12142135
10553137
1373451
6829106
3761995
7041890
12226857
2098494
7221635
6713247
6006092
9478034
1695543
7866695
12344915
7344850
2817319
4345731
8549119
5620350
12619004
1139077
8457891
7008149
2833808
8561179
8986152
6127038
11737676
12831598
5631559
8525035
194829
9191470
7386870
12187334
12065291
2374590
2648261
12295903
2162385
8000967
886502
6038109
5547209
12269085
9115363
6132846
9027327
7862395
11730085
3008315
432480
11092499
5028708
1608987
8640702
6923854
3198809
3515385
12154983
5502258
12784736
6034979
62890
9050948
4719713
6547923
763699
529518
6023122
3813731
1896050
3438784
5396021
7712069
11420973
9513004
3393388
9273663
1983825
10092996
905057
9977639
2091719
6142058
7331878
8575460
9013542
1694605
6142529
3626423
28461
11588828
8421823
1268874
389382
2706254
8843458
5102199
6845106
1562493
10823281
7391990
6510579
7122426
6637008
2185375
4926357
9270715
4903413
6463382
1281835
6971411
12231278
3457947
10430880
9758790
12139479
5487156
9743341
4882078
3328174
8118698
1585934
7521455
8196940
10132043
6456484
5939359
8826719
11526299
1196679
9434037
4142076
7720373
528118
955028
4709353
11373905
10691975
9419267
3587522
2131416
12873935
673859
7155838
9448606
8486895
2655234
2187118
1799450
5252881
10176732
4829541
8555197
10434612
3695274
6418790
11914863
1614615
3058358
10833728
4041420
10307463
8234137
1717059
632297
10318268
1013602
1470357
7208194
3068417
12787337
10360278
9534655
3042617
8972751
4778035
8832798
5722188
1833451
9574005
2230237
6194836
12502647
6487931
2294555
3404763
2547271
1652779
946355
7628095
10028196
10916633
6313049
1288074
10902192
12459146
5323193
3218123
4641672
3150858
6692045
12660318
10160729
5865076
984747
9657432
6516540
1502171
1655649
3386026
7061290
4485526
11888483
6425629
4939231
7447670
7965998
7464221
12438978
12956769
9910230
10532834
7354939
9054161
9396228
7167284
12054628
1468347
1927114
11524109
8602531
1091881
4990395
8874256
9095998
8386677
11375773
6485863
5622095
10768322
3637059
10458889
12680074
3123991
8308889
10958100
820104
4161986
2613352
8873020
2550653
3228145
3513033
7932324
945055
3252889
12288445
1347142
7498628
10690574
6801156
730842
6047588
4236094
11930390
5041004
3312223
1282259
81593
6834910
6935158
4658042
12073773
9187989
1130333
6418205
12216569
10866294
6469435
12708430
8503884
11456483
12940907
10500431
10825040
3775277
430507
12505030
10610882
12380819
7972917
1152109
4530665
551627
11401088
2887128
2533357
9388714
108996
5066993
9168380
9225791
698
151600
7072183
4071791
7924721
8634429
12788228
4314388
6406260
4297819
6085645
738420
22936
6556639
136294
4459735
5680193
4373915
100605
12922869
6319654
8600789
6783068
6276240
2991512
8134337
10662230
1400050
7245772
5954289
3328513
4374357
1396657
11199096
4903018
12297025
10816785
7112210
11236890
1486878
12842945
7754011
5290015
10515725
12332318
7791418
649159
1335276
12621264
3240183
9390231
10249206
9388915
1688172
566330
12878139
11554251
6801761
2203973
9169282
4042163
5438504
1661800
7689655
10190141
1216731
951199
1502285
10406393
7075069
6197267
6326996
1179291
9129880
1615075
7943396
9707638
5848882
4534483
12494874
9700877
9031530
6111218
9610988
7220949
6346790
1552324
4906413
10637149
11890884
8532230
4652740
4436484
2163625
11392763
6399964
2809136
6405808
3701516
3239858
7125398
3941326
10924704
4620777
5612196
5498438
11474892
2862068
8613655
7732261
6185059
11015188
8958593
8164211
4929166
2498169
10309688
10174570
4812582
7481784
4110627
9184042
4972529
6576143
6474903
10520080
12198014
12794600
9306884
5929116
2835918
10368831
12605755
3202843
544325
7096869
10416827
1405820
12616667
11670620
7018690
9869049
1213529
11792882
7104473
173343
8201445
12304267
2661592
6989620
1438122
5682225
5534498
6045714
9030977
4413442
7580735
1425522
5470312
6441167
4214265
9727392
9688609
6295420
2532154
11594737
2640310
5999394
4116309
10442504
3275829
9264777
6780906
2486596
6453669
10708014
12789004
10992426
6854806
4857142
2188750
11514660
1646005
7326866
819501
10823331
10515625
2858780
6816734
8011382
10682677
273235
3738381
1270479
2395887
5756095
1114791
7110115
1113484
1829209
7982323
3072026
12934286
1753126
10436885
5876358
9380860
11823243
3121419
3321023
7111756
10574407
5850562
4265066
2275171
10905572
5509003
11942248
9513436
1710112
2937657
12417699
10585803
3902769
829045
8079914
9535985
8476055
788911
2942929
8380566
964992
5816364
2559222
160305
4885614
11654609
3059959
7626332
6076392
5283734
7341783
1395138
1348486
10209592
7174316
2202136
6578172
5865037
1839361
5760855
5816054
5495917
2791553
7130786
194003
7848500
6796089
3315195
7983135
10308640
6522477
12609250
1810028
9066497
588224
12878304
4430233
6746080
11332891
6056705
2185891
2288433
12522732
3483003
9971613
5177872
9673844
7453092
9562302
11347672
7600397
2511102
4472214
7471206
4964898
1875412
7356509
12262528
4936027
10631431
9845076
5225054
7378651
2258874
7565857
11911008
9884632
7581887
1909828
12193016
8779815
11409902
3664505
7481195
6422652
2891810
9293823
1497820
10427490
12265921
11015191
31523
3078909
12285058
3711016
9361852
12154100
12651802
11783765
12003463
1272265
12493834
10736548
11288054
12739765
7438615
8984536
12302982
3584673
6244467
6262385
7672643
10164060
10041573
1867575
3532118
10271381
1546842
12771959
771005
6681504
248628
8785799
4594475
87753
7592814
1956414
1436061
5505564
5823978
6128019
8742906
5463239
10603452
4654822
7956778
983429
12371182
6125972
7878449
10144402
1459057
12146257
3254059
2295155
5239015
12880013
4132896
4594605
9960830
2272502
8731015
3752203
1718889
7149282
2644650
2900983
11674873
9506973
11293619
6539557
5225596
8741957
5892602
4860067
8708504
6004758
420921
3445571
6416897
6159017
2430483
644323
6515699
981962
11924635
6750526
8375045
10012721
798327
12097103
12327187
11137293
11125582
606289
7413918
1418401
5066295
5733049
3729797
6449459
8197132
11705902
1330792
6577912
1424494
2025884
7418798
12887364
7585169
3997556
2089958
1996568
9844358
11286749
12725506
3589853
5338929
8040930
5513406
12395092
2704053
2074552
3629648
6499591
9805499
9838420
11939954
5038159
9621177
10343135
10004685
3493613
6699474
8952584
3508904
12505623
7083972
2362569
9619404
12633236
4105004
12018335
8149213
3677887
7407870
2478219
1704803
1755427
10576151
6788721
8484265
3456513
9059298
3554012
1005456
747394
11524835
2422599
1095569
5920293
2581047
6953240
9298170
6066799
11251558
2847574
7745359
4104422
5445794
8257440
1831573
3768632
11596500
4100154
11840593
1935463
10610672
4801204
9826281
12924027
4006336
6493528
5049894
5476271
3747550
6000717
7401683
3718230
10410653
2506803
10086759
2123641
8099406
2783392
10837179
2560997
4818094
7848306
6897320
4783374
2613144
4541212
1871134
8738533
2331367
2010953
10853751
843207
4234135
12597578
12271527
1521710
2625645
1356221
174681
10727545
4422924
5757597
6146178
3339630
9446478
272914
6630285
4077927
6459203
3112877
5705955
3976007
1213405
432414
2843555
7871246
3849376
5179082
9128523
11278656
12523416
8553865
2642502
12993780
1874867
9438300
7311209
3354342
7348110
552720
11248810
11012440
6198059
9157742
9373017
4798842
7249582
12012587
4018536
11506569
8771729
2322716
4055547
5487738
7494875
11479208
3166488
1403736
397482
8058684
10857235
6758900
2199384
11149883
11175783
7169553
491492
9530987
6367771
3550092
2114484
2188788
4208534
10928177
8523649
7047797
2298666
4636820
9853226
10506897
10795667
6602510
2918496
7372126
11217767
958715
9191246
715892
3347335
6201181
10176417
3899444
4986656
4955898
10602279
3706819
9913022
8189446
9519999
11140675
9834993
12647377
1300458
12904999
2848940
6084935
8085277
3638686
7951647
9997678
6781796
11053767
2232024
6851639
12839685
652167
1141389
10329804
11615538
4613844
9743509
5558984
10186199
5286572
4736902
1165773
3056155
6222022
947833
3217845
11984433
760
10549139
1416931
12487110
10640704
8078028
552199
6904132
4701512
6117263
101468
740616
1448206
10985668
4017868
2191769
9016718
6252119
6926244
11992219
99456
11728468
4120090
11562086
10896761
9350470
2325861
9881599
11807665
2066670
5874592
9111066
8983027
630881
12863438
4729858
2343232
7384486
1096406
6765433
8416142
12464330
9902508
2222558
5572827
8759885
2476223
450260
12406670
12620473
2677470
12059138
10136285
11256850
10168358
4190616
9680365
4355083
11130186
12936588
4077173
10799531
7629850
8002951
657035
5043310
10362608
2232404
892570
8792403
2471107
8699989
7874512
8338026
9832731
426954
9742102
1567998
10326253
6280698
2722531
11485464
1618143
2856839
3183853
10596195
11437121
4347439
2486050
12828211
7098027
647497
12749750
7758160
4990188
9158581
11106166
10114797
8083775
10878076
12837159
9629244
11432166
1160211
3045373
1609077
683940
12471539
675024
4519114
6380938
7905307
7583493
1094124
9568108
2378273
7800338
8025699
7891498
12822808
3151744
5845092
5254624
1845304
6846710
12743620
9114620
3226036
9653909
2463929
11676719
9784021
11996267
3105133
187179
7415859
4470894
11998604
1812351
8805841
1828979
6575456
969112
4507770
9738782
8978526
3322393
4957953
11593516
2845377
1447199
8269932
11388863
12237417
5244227
6840857
5667587
9300977
11214587
5322869
5941921
4959492
490787
4229071
11736506
169404
1579312
6301255
9821715
7094723
8285142
11330186
1297991
12790600
6922435
977177
8202909
10148186
3305606
1042410
12067538
4377600
6845788
714698
12369514
6870275
1915627
6042031
2146763
11641816
2966124
7729643
5925559
5660887
8532241
10012510
812758
3735525
12909901
1763961
5894349
10618513
7046847
7451709
12825360
3826385
9157026
3875390
4910017
3102302
8286768
9767183
12865260
6522965
6221096
7411931
12783175
12624935
11233534
7099880
1849268
4991400
8222241
10213245
4046689
7663577
2943439
1718501
4990521
12003087
11559008
1794
1248390
9934511
8523849
3774518
11827254
1589024
12166624
4944311
7677752
2009765
1340903
6004408
10062026
10624599
12421869
5879265
5123179
1758031
2296984
9476061
12542918
5616974
8062503
2902278
9928352
11379380
5327884
9815457
5890325
5023454
9213327
8752439
11875258
9008314
11908980
8235584
2953084
8835337
7083000
9018007
3823979
6537345
12818803
2583766
6057756
6972375
11515174
12051272
5490367
264484
11255621
10551882
2690281
3581799
9739876
9568125
6133121
2521812
12301729
11861327
4124232
10935471
1475185
9967667
6127326
3242424
9760831
3944642
2391166
5388986
2822706
3822642
10721482
11107893
10865683
10085151
4722256
10405437
8544463
6867696
3269253
3184494
1631159
4172138
6561615
6711010
6805397
10446990
8076980
8924500
11208553
8263762
6224229
11062093
6828808
7156724
403916
4256033
12868182
9103315
6943430
11199894
1108952
10824498
7331277
2066301
4658837
10293995
6251153
11562398
12387396
6060627
9553254
7752644
9591916
9751141
12426025
376625
5857770
7603984
7627318
2585671
12464158
4203778
11144563
6486250
5211523
3607233
5155545
8527917
6085787
4016726
185674
1010263
10233536
5908948
10089385
415198
3718139
1811494
822615
9326278
12397923
12741620
4684643
11755237
2040490
5775763
9525962
1438982
2397319
2931268
2047392
167717
10563464
85520
6698165
11087469
7396555
3324
1529267
782245
2832396
337459
668166
2811493
3178254
2541831
3121602
10580249
12423748
8639434
3500082
9642289
7722976
5421841
11497043
4382806
4290709
9334734
3024003
171356
477857
4144223
8061620
2076093
3434488
11681404
1745549
5101095
3680382
12258827
9468926
11152106
10908653
536461
9345841
2744955
3241548
5433203
9515521
4147117
6492323
3150202
1880665
7327380
10203588
4900690
3247397
2124587
5537921
7822689
12123354
12429032
12319433
2643964
7269596
1401188
3964369
620244
9587579
5877326
2251620
6540249
4498720
5260029
2819930
4529931
5507622
7589189
1338902
2311128
11793621
6500560
7912860
4449127
5178439
483543
6808657
2844110
12214818
10991106
7599685
1987934
4238438
1221049
3172434
6185564
8398403
1337275
7341665
10167376
7707553
7121122
10520240
11454554
5805059
7346846
7260967
4175235
1595905
46511
4110269
7089288
5073821
4612599
7303994
1605296
204346
1234651
10588806
1399110
4365605
6659846
12159308
505829
11451059
178052
5018681
6083352
3910018
1805093
9431573
11024082
10039200
12994985
9408231
9787738
10052263
5993183
9727849
479865
7540329
10772604
7603025
5559070
6687420
5477243
1037969
1450711
10730779
5178560
10321605
780561
7148918
11407613
1964904
1898292
540304
4918609
2577423
12452277
1196113
9021300
274837
586098
2975591
3394817
3811695
2175291
9646644
8083052
2785069
12028643
7002593
8206003
11902188
5105072
5993142
7047665
9151014
2887680
7424994
9957922
10563016
11048028
8646811
4799838
7745664
5435204
4778221
6499276
9323478
2793978
11503178
9598030
9650961
7944144
4224971
4291963
2951329
10976278
12709702
7613518
7548236
7256297
11071477
12631868
10918954
6629352
1889409
11310515
1372858
5700765
10521157
10183582
7281161
12045563
8375603
4068785
9912117
4316078
10349159
4508229
12647010
8232571
4796592
11603198
4076156
11081109
9203578
4316853
12336062
1346181
2912899
8037020
11109535
371116
1550465
907290
6174899
5604880
8951167
12568259
1473021
756202
2346558
3906760
8198063
76467
9485896
7731179
6860151
1044310
5712700
3076894
11253362
606850
12605440
11326131
3149477
8733604
8714665
8711786
3441134
9558253
9269860
6847542
9985472
9546759
11860594
6145326
4392821
12794077
8679280
3283250
9312694
4506537
11538653
167045
5506366
14173
8795631
181911
8781198
2622738
12241706
7422135
4726451
1848775
6963926
12621881
1222127
439568
1629090
9215368
1992977
5088022
9276101
3012753
5464138
2129039
12767946
5473007
1511345
12194652
1032503
4944574
1930175
11202894
2829864
3005803
10586465
2605330
6216679
12950443
8176546
2985017
7874430
10575037
1666923
3907524
2601502
8342173
10696290
5571506
11688107
3606064
11225384
3543536
11946456
2264577
8510240
8151634
10829384
6165519
4999755
1016515
9354738
3177212
10224807
5415775
1858270
7189875
3807975
818370
3761931
2562974
4872343
10134310
12699882
4497636
7225857
10861376
239308
4201167
4743066
5208552
4421542
3546489
11295714
10121957
9275890
10095945
7236911
9054227
2712633
117503
9834136
9238063
8005600
11689239
9496805
6170830
6822258
7220756
1308198
11664215
11415361
5016593
7316124
5615497
4092787
260074
3979145
1877155
11305462
30452
1168555
7383888
1109281
11361805
9464463
866252
10391713
6780142
2688774
12058327
5390431
10828812
2671473
11097434
11185878
6591521
11630643
1405089
2011164
1206609
4926785
11331998
6583626
3379276
5713191
4107090
703591
5564364
12359697
498739
9413996
5580017
3345977
1980240
8835558
2816881
10468594
1150444
532022
10563312
1384110
6480462
6249104
3604885
11552281
12485732
9331086
11379725
7894381
644399
3520361
8870771
11488609
12525084
7062964
6764903
2788834
12443166
11872393
10635422
2669201
10810794
596014
6730795
11439044
7118719
1258974
3807571
5897397
2091815
2855358
9994097
1840644
2781025
11872531
3101903
9863703
10407897
6619344
3611343
9889480
8786765
9002689
8112294
4612087
9272247
12263863
9036236
5946542
11265685
11801591
9976642
11722840
11939184
11474722
6611721
3468091
10894179
7688989
8693449
1277844
12158636
9336963
10903570
4863609
10144101
3750159
8222816
7112375
2942967
11417918
10878264
5027830
7985350
2279549
6022683
10865482
8848466
10879849
385471
3790035
393977
7530379
12187416
11842948
8985472
10759305
7006258
5070627
11292467
10153779
2168376
4734167
2177621
2252220
9531978
11530450
5281426
12196418
7833403
3319660
3999833
1071847
12975091
451926
10012634
911030
10808364
2364304
1651617
8801548
8667862
4460569
4562873
9091090
12534476
3022110
6542292
704446
9448699
124101
473527
9949415
5166369
8311955
10568449
92360
6729755
9416959
7066115
837688
4987460
1903483
7073294
1313806
6129933
2340561
4078685
2603434
2878170
253914
5757896
6839300
1779300
9201756
5550555
4894720
5620829
2915776
6630544
8535251
6230141
12271249
4684743
835757
10786536
4670416
7860895
5376872
12756818
11426177
2512596
6635594
3624542
12544056
3578775
8687757
5420557
4555862
6874313
3525397
1867090
7855895
5334332
9516072
6640694
3326795
3928809
10262556
9294756
380405
960702
11285057
1676188
11694189
1984886
3776234
9270365
406284
7682616
5885207
3675737
791072
8277194
8031431
3400542
2505930
2492400
11529631
4993454
1504205
2052586
815920
1632348
1133394
4578024
4465474
8561192
8998198
6902106
6701662
9259556
11244580
12366701
4043568
8493477
5218872
1839051
1261455
5658487
7740011
391010
1332097
568582
10922979
8899749
6463436
991601
938853
8547343
748736
11689778
7592004
6350393
4865119
8197938
7675822
9165930
319515
772641
85625
2929883
4395797
2129667
2726652
8778032
10236436
1152735
3023381
12512952
3439105
8227210
3781724
3144667
411239
10090571
3691926
8636483
4988063
1447183
22118
11881004
7812673
4835090
4450354
5705214
11661820
6772247
4717135
5213668
769301
6877667
5040613
1440915
1320257
9814168
8792979
6869565
1982294
3502260
10541616
445719
11550752
1055854
2024422
10839291
4982454
7436114
4642591
8633086
5775673
9584105
2146712
6966354
2538824
1898808
2857992
12522647
6882110
6971957
2461682
1602168
11200105
3414796
8003148
12258048
9023757
5684954
1743752
12846228
8160364
2612064
2426044
11624501
2148879
984872
7541482
8061001
11023870
615540
3873111
12182274
682057
6119131
12806063
7797569
1843060
7739842
5173233
11663336
9432678
8342146
10705047
3424472
141974
7757266
4042846
4614781
3096419
1732494
4675706
7141798
5707226
5575277
9709004
8257068
10029136
5454194
2660286
1780634
1229933
3744099
6607048
7401736
9583982
12139045
9300011
7427453
6793017
1439722
3938281
7536021
841621
633283
10483760
11388053
6519936
11120838
6809417
2567492
7304667
3420190
835888
3722910
10088575
8957361
10213380
5557969
4271585
3464312
5920699
10280817
1447503
7719821
11279943
3299430
8285062
1484519
10087682
9078571
6210595
2140355
7676154
9013491
9420965
3775707
9337328
4474396
1117952
9321733
5254830
952736
11010051
9709820
974197
11560667
644770
6012468
12320968
6831405
11915948
4679271
3193480
4858800
4492528
12347581
1171151
276882
6740008
11178359
3231652
7876722
4332973
4674559
2052510
9002473
10735119
12541055
12110766
11917732
10205245
2082006
5982542
8719729
4012996
10723957
12232554
1653074
1855077
11708677
1281565
5451384
4586249
12428746
284420
12930058
10075134
8993556
5973146
12471149
307953
175828
10578658
6399474
3913220
366457
11627127
10882817
8160385
10676998
9339577
5597957
478019
2396350
9008322
8656692
1633836
10140466
12358220
3272830
308222
10420633
5136326
5324117
1789219
9709459
6120548
8947676
4669996
2391468
2106862
8458748
1589141
7831742
9780997
8134646
4554588
2859558
5976833
9708913
8112836
3996218
5021866
4357955
4402738
4720908
7247984
299721
7345877
11866730
6547257
10093593
9969855
590348
10567335
2527321
10937163
1218800
10170822
3588999
2642904
891293
6797344
9040319
3376640
3920736
8872314
9847259
8556933
420840
12350446
4120791
5256828
8782253
6320999
10811237
11642680
10626908
2489413
7576053
1631482
11019536
427442
7930225
5056430
3057905
1621095
8484338
7302903
6011153
1335554
5213307
2082991
5939264
5656712
3033880
2253793
829010
9186965
11383438
1666268
4492588
9588679
11984809
1454770
8853296
1930635
8898862
8664178
7400028
8308369
5585228
3935268
11933749
10898039
9643669
3051554
5821266
8973347
10490648
5819376
3205964
8651281
12281072
9249820
1148019
1537159
12175937
3172176
3080493
10621104
5869758
3256755
11899473
3096764
3763614
1436059
7328019
8577559
7986586
11225277
8175429
10142467
5930807
10212809
2375084
6733285
1183972
4341365
11391702
3630199
1258368
11716348
4146403
6265136
8609338
9296780
459960
4269987
4643071
2558466
8967223
5513228
6390194
8134114
8496562
5650679
3129142
9955847
2380583
12030548
11958660
4558000
9469199
5415451
12169203
3753187
11140448
11114575
2869902
5279836
10528230
7089528
1342687
9450567
8270159
392366
2118351
997632
196477
11639841
7844550
7239788
472911
10065983
10956072
4649285
12048858
1553161
6598961
10786497
1263207
171147
10143616
9564203
1621000
3242714
11331477
4115695
5852378
58115
7087165
8884553
5768118
1664308
2014222
4726435
9835047
3615300
11893427
10276961
3464899
4837156
11349844
12488922
10185781
12776443
37480
6469067
11342272
547408
10401329
6665863
2841445
1706600
5653699
7665187
1497079
1273850
10115120
467700
10370138
3197530
4773740
9093719
5291331
12323187
3342265
1522613
7525704
9644479
8084483
6768055
12619528
7523992
11539821
4151679
3334314
3039994
9727619
2069928
4093872
1879422
923102
1743131
4869963
113121
12700815
4272888
2386974
4220761
3176879
7548549
2460877
8788982
3821554
2449417
1933923
6917567
11302839
1244220
1009915
2432234
8461517
8405196
11986585
4484666
2809888
3326557
8900940
2010509
8116746
8615399
2153077
3018113
11719208
6902203
6860632
8735993
8844474
1176303
2869558
4580035
2323475
12761246
11280423
2550719
5306458
3506473
12318634
3668075
5328917
4154849
8733132
1655795
5806316
2839664
962231
262965
11126610
5992533
11420013
2812266
10221034
2651223
1359506
8693261
6277946
9348241
6460863
43355
12919744
7921299
2289890
3581991
12167316
11666963
9847076
9513766
1765585
12358527
11108650
4574342
10964329
4000811
5039487
6695448
6723158
11020720
2448790
11475763
8743353
6748815
11453291
7159529
10120837
5617755
8391377
4865991
7875666
3437574
11305341
8744540
8850908
2957742
5530298
89194
12719589
11489063
4596376
9688953
10786968
11967052
129450
4815742
9365580
2205731
9230193
10848545
2962695
5002020
7201905
5069998
12290607
8746078
2682124
6049968
12869173
6346983
59556
10511143
7367777
6385480
7400890
8619361
9266353
1529182
12139931
11786648
7913818
5346148
11631172
9962591
8324761
8780778
12074525
12197868
1744656
3251347
11180323
2101860
6213492
10534236
8252873
9652134
3850498
9137191
1036273
11469780
9883838
383340
10327556
1894568
1396738
11319224
1568439
9118079
8361898
1067308
3288946
303240
3158724
6494410
12420255
11452415
6454854
12213219
5073948
4658763
2783674
5850442
5616771
6825245
8008706
3337948
2459705
10189816
3486038
2236153
8942429
2902167
8147263
11322798
2323454
10881796
6010705
1499687
6668089
10193828
2570463
5518160
3431080
2530473
10213289
11608582
7636103
11752215
7707842
10312121
12066736
4247110
4156992
10148029
11334366
4458631
10932551
12789346
141839
8044299
11067866
3091542
9388618
7211481
7870512
12085498
12043280
3259605
12518290
11153402
11815500
6448213
8511858
5061244
9595339
7694838
5527495
8881529
6836766
4925679
3707889
9573256
7687598
8246842
10484696
10368489
3053196
1366637
5061720
7657579
11655088
7915418
8595083
6946145
10182615
7976274
12990054
6503477
12194216
6278417
7021343
5653722
6550858
11728081
4035131
253942
2198551
7799031
6306265
8576220
6004020
11924524
1612623
10017387
10619150
8013360
12679397
12407847
3557050
8008510
437178
3090720
954368
12567944
12864145
2421764
7400769
11316590
7242872
1888285
3465017
9093031
1526393
6875984
7248117
9917869
10452560
4953303
7357872
9264536
1731654
10203632
6977450
1404850
4348205
11743366
10382258
6371169
5730060
3903538
3433712
11564548
5968616
1506736
10736260
1582599
12745178
10565602
8766983
7810207
9899949
7916964
6579309
8310353
10603847
10854877
7473799
5901955
2092621
12378813
7657126
1978909
10089336
5680868
1816837
6054251
3403899
529887
4424416
9266037
12050524
4542304
1063760
11189148
12651113
6751255
6927376
2965273
3977957
10110386
4933091
8072790
1182015
5296983
12702780
10649089
10000876
6072866
7549613
5569519
3502856
2557124
9590895
12299960
4336408
5351492
3837189
12847243
12947291
1714331
6794622
1529451
2162255
12629356
682844
11641801
1131387
12965135
11537837
94102
928916
981418
1846400
5096089
12343394
6077562
390345
8149632
923339
1249490
3485949
6519989
4489066
12684680
11676374
4080020
11206305
6906281
8652853
12635435
967349
9411331
9762241
9036728
10710619
4360286
11672936
5278728
1734904
5682948
11078326
11014553
12325364
2305945
6542766
9805751
7416993
184229
4282149
9290272
2921930
8897158
3587997
11719327
8955257
2642657
7294846
8930515
12702079
7303915
12250978
3991767
12107275
2079504
5621697
12288747
11849121
9327620
4031690
5264496
4629692
3791374
689446
4024267
115951
4927971
7051531
5249098
702663
2423694
2874254
12697697
3839616
9372982
5857194
2268165
3513147
2399204
4147218
8744639
3778244
894249
2579316
11511265
1114908
372214
7428837
8789500
10506625
6812139
2350874
2106777
3765835
4587886
12970044
6986738
6037011
9195923
12301489
7715536
9405171
117950
5408043
3897079
1064049
10418030
2518703
3895103
11962679
6489410
5717311
1402557
12898649
11814040
11687327
3748793
11952994
5481836
2921907
10725746
8396950
3807944
5929297
2827085
11409918
4795548
12767964
7762282
3749321
7144808
7142136
8777503
1352418
3437560
6769083
1276681
4700971
11103931
10111783
3709534
54344
604648
9452967
3920169
3219632
5776586
12504778
2317377
10127817
6881945
1218625
12543935
297246
5727780
11914189
7846827
8665304
7701899
11967040
5547081
7514699
10582708
9844802
6199400
12896844
6322976
6841380
7063198
3459305
9094897
886417
9188541
2783986
7551059
8076542
5230635
8955632
8609934
4225951
8714786
5658391
7116248
6806749
272862
2645540
12878857
3066797
10447315
1237778
3011475
5137996
543371
9458708
2446218
10760599
10698148
11535288
6079675
11808246
6738891
3399829
3335285
2074476
12482926
12761591
5928372
5837154
9546904
10147410
7628708
10590323
1614707
6043736
5205180
4035776
12092862
5850237
2719713
7130557
1822861
10714274
3200123
7513175
12782385
1350990
12479197
1291131
458504
8124355
3016050
3699299
757832
5261955
11570656
5844902
363644
6484363
8265157
7847873
7532144
3008567
11117792
1828051
834232
6082852
5112732
7829957
5145992
1298706
851824
1204441
6233593
3394615
3944183
5987886
3536196
8872811
8040031
12865244
79365
11128338
9390650
6257967
9875888
11438340
12078229
1348890
12470209
11797191
2320650
11275508
7227185
9953104
12037584
2657057
4819411
4004587
4936801
2768315
6728432
8457000
2028130
799609
10893370
8574640
3938266
9150300
6670089
9329974
7949241
4884500
7077410
597931
10773410
4529994
7345475
7125557
10803493
11275699
10218800
2202517
10101955
7307234
2756741
11227825
11404523
1038609
2583338
937867
4415048
2309673
1846966
11656762
8107345
11480541
9645353
10725896
1953630
2670681
3767176
12840114
1362625
6144045
4603222
9120035
12149292
12766020
10846625
5878236
9308729
9117512
8911049
9916154
334123
12879785
2006463
7526923
7487174
941397
7291208
6187011
1390243
10069794
1959832
2068183
3384779
7212099
8134889
1373269
5945861
12895577
4150913
4406767
10877559
3821453
1320854
7085583
3081400
12249605
6671953
777748
8740153
6085555
8561730
4450115
3990554
8722379
5232396
2369189
11504864
3496012
3000675
1309687
7857430
12790247
7212093
3881767
1366179
9186827
10529779
3240573
999469
2968944
9446888
138217
98403
5208378
837784
2488275
8942524
3244138
2950927
11705873
10987973
8642450
7502442
10403133
5879359
885217
576558
4564721
12292196
1240518
1715912
3290501
11019113
11866410
3732038
995293
12658603
7661040
591638
84103
4585279
3242248
174886
2078381
4209070
10325573
12471944
10159228
3789689
3861234
1720222
4048221
9046178
8130531
4395959
3635270
8655267
10455536
10619429
2035152
9249449
6928138
7893690
10785280
1595624
5514119
4128616
4568583
1662328
12398573
5300467
7083498
5029535
11904436
8881324
4052780
6463199
5225097
1607688
8617672
10330855
2240941
4737840
3783678
4166123
9076851
12575014
7534838
67638
3376892
4742559
5446620
6820941
9841484
4796459
4068238
5808215
7083779
7736963
593115
1874403
11521413
12713323
4938231
12358337
8339392
7865297
5271574
7863947
6981059
9217043
