6498520
6499856
6501286
6499771
6500510
6499917
6502171
6501145
6498100
6499334
6500639
6501597
6500540
6499087
6499514
6498961
6501146
6498249
6500452
6500332
6501297
6500274
6499453
6499451
6500962
6499822
6500211
6499689
6498940
6502178
6501345
6499698
6500037
6501064
6500080
6500311
6501853
6500257
6498514
6499279
6499670
6499193
6499135
6499649
6499602
6501274
6500409
6498788
6500047
6500854
6500350
6499371
6500519
6499866
6500605
6501006
6501452
6501948
6499763
6499463
6500473
6501405
6500434
6498757
6500978
6499324
6499524
6500166
6500107
6499008
6501062
6500843
6502025
6500265
6499701
6502318
6500164
6499873
6500959
6498879
6500250
6500714
6499441
6500439
6498957
6499877
6499489
6501567
6499847
6498849
6500470
6500533
6500320
6498880
6499770
6499419
6499192
6498920
6499943
6501026
6499151
6498287
6499786
6499687
6498189
6497887
6501616
6498331
6499418
6499268
6499992
6499379
6502161
6498773
6499732
6500103
6498818
6498807
6498441
6499431
6498008
6499921
6499459
6500627
6500276
6500456
6500601
6499932
6498421
6499236
6499153
6498172
6499541
6499913
6497394
6499982
6500341
6500674
6500254
6498080
6500150
6499997
6498280
6499271
6499560
6501036
6499565
6499964
6500369
6499529
6500588
6499838
6499761
6500617
6500618
6500636
6499811
6500118
6500061
6499542
6500692
6500609
6500625
6499081
6499911
6498741
6499390
6499405
6501073
6499212
6500281
6499204
6500023
6498908
6501065
6499623
6499998
6499272
6498110
6499924
6500464
6500597
6500004
6501990
6501305
6501164
6499416
6499956
6499179
6498539
6500165
6501016
6498638
6498634
6499724
6501790
6502092
6499488
6500210
6502057
6500101
6499948
6501283
6498806
6498913
6500931
6500442
6500180
6499534
6499308
6499878
6500594
6499933
6500147
6499950
6503682
6501982
6500125
6499610
6499076
6499449
6498253
6498537
6499895
6502648
6499134
6498713
6499825
6500227
6501265
6500471
6499530
6501005
6500832
6499713
6499756
6499666
6499068
6500985
6500970
6501684
6499241
6499543
6499092
6500900
6497919
6499341
6500536
6500396
6500197
6501242
6499799
6500903
6500405
6500329
6500347
6502250
6499307
6499160
6501057
6498431
6499101
6500494
6497184
6501670
6501772
6500402
6500933
6497830
6499548
6499392
6499423
6498707
6497676
6500323
6500568
6498054
6497825
6500357
6498669
6500093
6499248
6497744
6499683
6499690
6498497
6499939
6500028
6499362
6500515
6499754
6498610
6500213
6500506
6499834
6498324
6501438
6499523
6502079
6500204
6499798
6498712
6498932
6501070
6502060
6499240
6500372
6498142
6501056
6497896
6498985
6498828
6498697
6501433
6500899
6502764
6500309
6500284
6498824
6498141
6499426
6500132
6500763
6499914
6499606
6501437
6498655
6499297
6499009
6501364
6499223
6498834
6499226
6499558
6498658
6500481
6499679
6501834
6500046
6500837
6499513
6500019
6501912
6499753
6500465
6499607
6501039
6499365
6498837
6499807
6500850
6500045
6500798
6498438
6500788
6499344
6500851
6498914
6499897
6500152
6498692
6500144
6502119
6498370
6499377
6500438
6501528
6501339
6499858
6499704
6502072
6499452
6499726
6498653
6498747
6499209
6498371
6500604
6500820
6499879
6499706
6500701
6500802
6499230
6501425
6501903
6499731
6501976
6500371
6500208
6498362
6500896
6501835
6501262
6498959
6499697
6501130
6500253
6498856
6500354
6500936
6500821
6500988
6499585
6502920
6500242
6499868
6500108
6499102
6499642
6499360
6499100
6499575
6501645
6499384
6500223
6499108
6500975
6499298
6498911
6501999
6500085
6498990
6501168
6499243
6500131
6500364
6500660
6499217
6497908
6501682
6499547
6499958
6498717
6500003
6500825
6501025
6500095
6501058
6500231
6499433
6500348
6498751
6500956
6498813
6501316
6498845
6499232
6500791
6502203
6498709
6499750
6500624
6501015
6500972
6500087
6499577
6498774
6499275
6500100
6498797
6499277
6498927
6499393
6499984
6499442
6499633
6499257
6498649
6500855
6498161
6499820
6500370
6499221
6500425
6498916
6499138
6500516
6498219
6499899
6498877
6501251
6500732
6498832
6500295
6500130
6498789
6498293
6500154
6499447
6498187
6498007
6499896
6501098
6500596
6500220
6498993
6498855
6498144
6500287
6502347
6500916
6500810
6500412
6500251
6501328
6501411
6499854
6499310
6501120
6498056
6500216
6500891
6500589
6499628
6499803
6502193
6501018
6499088
6496956
6501068
6500839
6499504
6500640
6500040
6499680
6499561
6500389
6499508
6498425
6500458
6499794
6499667
6499283
6501101
6498726
6500158
6500109
6499586
6501106
6501578
6498667
6499677
6498771
6500325
6501502
6500613
6500513
6498544
6500463
6499675
6500544
6499672
6501753
6500669
6499634
6500333
6500497
6500562
6501100
6500421
6499527
6501188
6501426
6500317
6499080
6499286
6498659
6500679
6499800
6498616
6501225
6500709
6500258
6500937
6498560
6499050
6500082
6500867
6499001
6500844
6499503
6499428
6500952
6499520
6499826
6500563
6498981
6499413
6500393
6499605
6500501
6499596
6498944
6498289
6501721
6501744
6499573
6500020
6500642
6501996
6500035
6501117
6498399
6500875
6500340
6500489
6501161
6499813
6501871
6499305
6500048
6498865
6500012
6500294
6499472
6501607
6501119
6501052
6500199
6500920
6500170
6498934
6500368
6500751
6498903
6501270
6498725
6499795
6498580
6499859
6500316
6499965
6500908
6501888
6500346
6499590
6501201
6500598
6501030
6500906
6500385
6501458
6499829
6501554
6501857
6500328
6499329
6499836
6498921
6499898
6500592
6498675
6500249
6502397
6500673
6499267
6499253
6498223
6498750
6501195
6499339
6498273
6499869
6500192
6500275
6500631
6499417
6499963
6500816
6497814
6499213
6499765
6501789
6499454
6499566
6500845
6497489
6499719
6500971
6499758
6500009
6498555
6500686
6497563
6500973
6501507
6498346
6499169
6498973
6500685
6500367
6499450
6499983
6499054
6499563
6500247
6500397
6498454
6500361
6500222
6499175
6498673
6499497
6499215
6500929
6500504
6498983
6499812
6500789
6499382
6498314
6499954
6502922
6500572
6500868
6498256
6500566
6501413
6500528
6499841
6500797
6498840
6500644
6499755
6499597
6500153
6500365
6501152
6498411
6500878
6499171
6499252
6500233
6500734
6501457
6499536
6497635
6500217
6499388
6501113
6500334
6498704
6500097
6500554
6499511
6499127
6502232
6499288
6501031
6499150
6501363
6500185
6499977
6499909
6501272
6501937
6498486
6500707
6498780
6500723
6500313
6498004
6500226
6499147
6499980
6501021
6499486
6500761
6500785
6499725
6501354
6500235
6498931
6499640
6499891
6499608
6498216
6498163
6499024
6499458
6500440
6502189
6501237
6500296
6498602
6500383
6500680
6500945
6500735
6499668
6501336
6500178
6500492
6500638
6501529
6500404
6499376
6500662
6500081
6502050
6499444
6499905
6501043
6501367
6501082
6500025
6500927
6500537
6499995
6498527
6499319
6499622
6500987
6501182
6501266
6498978
6500049
6499557
6498775
6501474
6498262
6500786
6500484
6498652
6500155
6499487
6501110
6502519
6501053
6498986
6501634
6500129
6499931
6498218
6497716
6499349
6499107
6500814
6500573
6500767
6499968
6499883
6498552
6498476
6501861
6498211
6501083
6499361
6498878
6500228
6500271
6501315
6499070
6499321
6501549
6499358
6500092
6498737
6498735
6499890
6501656
6500293
6499611
6501407
6499517
6500539
6499170
6501186
6498282
6499901
6498974
6499448
6499663
6500968
6497661
6498950
6500708
6501087
6499409
6502114
6499637
6501324
6502157
6499928
6500823
6498732
6498676
6499584
6499111
6498935
6501751
6501353
6500122
6501234
6499700
6501176
6503199
6499845
6501979
6500860
6497425
6500472
6499518
6499952
6499422
6501908
6500050
6499927
6498912
6498715
6501310
6499922
6501720
6501199
6498167
6501236
6500840
6499094
6499066
6498174
6500996
6498487
6500358
6499013
6502123
6501485
6499466
6502692
6501746
6500202
6499975
6499182
6500141
6500459
6500252
6500021
6499480
6501357
6499318
6500337
6499312
6498792
6499259
6499564
6501463
6498662
6501573
6500653
6500509
6501777
6501633
6497497
6500593
6500702
6498867
6499728
6499599
6500711
6499685
6498910
6499399
6500401
6500664
6499661
6500480
6501194
6500522
6500060
6501127
6499181
6500719
6500419
6501118
6500982
6500063
6497992
6500628
6499815
6499682
6499934
6500036
6499375
6499751
6500184
6498505
6499655
6498263
6501066
6499777
6499760
6500394
6500958
6498889
6500924
6499919
6499894
6499589
6499396
6498052
6501954
6499973
6498469
6501601
6500543
6501992
6500981
6500301
6499224
6500013
6499185
6501112
6498522
6501023
6501609
6500339
6500077
6498984
6501136
6501376
6499884
6497884
6499473
6498604
6499893
6498050
6498918
6501916
6498194
6499900
6499772
6500567
6499516
6498731
6500804
6498224
6499904
6499372
6501767
6501650
6499028
6500455
6498162
6498897
6503464
6500240
6503737
6500581
6500177
6499354
6500022
6501470
6500835
6499545
6498711
6500946
6497852
6499053
6499071
6501211
6500033
6501412
6499121
6500741
6500457
6502419
6498887
6499846
6499967
6498466
6499437
6501525
6500386
6499646
6502981
6501216
6498635
6500411
6498488
6501184
6501538
6497915
6499631
6501431
6500852
6499328
6500038
6497802
6500121
6499407
6499364
6500403
6499177
6497738
6501378
6500935
6501477
6498871
6499260
6498687
6500535
6500591
6500120
6498907
6502746
6501365
6501281
6500889
6499285
6500980
6498345
6498354
6499657
6499105
6499546
6499533
6499851
6501653
6499572
6499716
6500619
6499987
6500410
6499055
6501075
6499843
6500955
6500520
6500256
6500623
6500876
6500270
6499063
6500303
6501257
6500395
6499797
6498764
6502323
6501248
6500001
6499381
6498338
6499686
6500974
6497928
6501114
6501241
6500637
6499006
6500428
6500305
6499289
6500377
6501530
6497989
6499710
6498478
6501295
6498883
6500194
6499300
6499852
6497706
6500951
6500315
6499733
6499471
6499778
6498998
6499532
6499576
6500621
6499654
6499501
6500319
6500400
6499367
6499338
6498699
6500392
6500176
6500445
6498955
6499157
6497602
6498562
6500297
6500075
6500017
6499306
6499961
6500948
6499084
6499492
6499647
6498394
6499908
6502140
6499120
6499720
6500055
6500826
6502416
6500014
6500676
6499037
6499295
6501191
6500420
6500774
6497257
6500453
6501309
6499142
6497638
6501093
6500819
6500282
6499872
6500239
6501531
6499494
6499048
6501181
6499929
6500105
6500214
6499227
6500957
6501674
6497171
6499538
6499202
6499671
6498963
6499626
6500949
6500493
6498206
6501138
6499550
6498729
6498991
6499551
6499902
6502209
6499568
6497120
6500078
6498330
6501042
6501797
6501577
6501897
6499912
6499096
6498628
6498492
6500546
6500503
6499903
6501045
6499086
6498703
6500016
6499773
6499819
6499774
6498320
6500200
6502328
6500099
6500277
6500682
6498471
6498103
6498462
6502093
6500997
6500054
6500248
6499747
6501655
6499636
6499330
6500783
6499620
6501539
6498671
6500765
6501874
6498609
6501081
6500169
6500675
6500909
6500451
6499757
6500159
6498766
6500557
6499580
6499085
6501985
6500418
6501047
6501144
6500999
6499699
6500173
6500083
6502091
6499970
6500796
6499705
6498341
6500848
6500382
6498893
6500345
6499876
6499020
6499015
6500737
6499630
6498329
6498902
6501029
6499058
6499242
6501859
6501640
6498966
6502621
6501198
6499840
6499353
6501398
6500134
6500126
6500225
6500795
6500044
6499446
6501362
6499629
6500467
6500930
6498646
6501521
6497518
6500574
6499552
6501094
6498022
6502204
6500739
6498723
6501886
6499664
6500179
6499039
6498563
6500769
6500738
6498579
6498857
6499172
6499174
6499587
6500884
6501012
6499304
6499553
6499325
6498246
6501556
6497685
6500414
6498208
6497791
6499887
6501072
6500148
6497980
6501289
6500002
6499073
6500950
6500010
6498258
6500111
6501344
6500570
6499370
6498923
6500647
6500032
6499653
6499888
6500186
6498195
6499148
6500712
6500770
6502005
6499363
6499882
6500659
6500718
6500538
6500335
6500645
6503079
6500318
6498146
6499512
6501384
6501055
6500602
6498776
6499123
6497477
6498408
6499203
6499333
6499828
6499853
6498607
6499359
6500893
6498948
6501975
6499722
6497414
6498568
6500586
6500579
6501778
6501635
6499787
6499188
6498035
6498482
6500715
6497183
6499688
6500768
6501449
6502020
6499165
6500462
6497946
6498838
6499598
6499064
6499282
6498550
6498666
6499000
6500351
6499498
6500663
6499261
6500803
6499436
6500195
6499400
6500157
6501419
6501340
6501662
6500091
6502345
6501010
6501646
6501163
6500468
6498749
6500353
6499946
6499129
6500026
6499106
6500039
6501304
6498132
6498392
6499839
6498374
6500283
6499569
6501764
6501077
6501388
6499455
6500787
6502899
6498898
6500426
6500771
6499881
6501584
6500292
6498442
6500569
6499709
6502255
6502082
6498350
6498092
6501775
6499475
6499941
6499906
6500499
6500143
6501126
6498724
6500806
6498755
6499191
6501000
6499093
6498847
6501482
6501568
6499926
6499960
6499505
6499156
6499116
6499246
6500632
6498929
6499656
6498793
6498784
6499380
6500114
6499199
6501051
6499335
6499161
6500888
6500729
6501205
6500161
6499195
6499837
6502070
6497494
6501451
6499823
6498885
6501644
6500117
6499855
6501798
6498968
6500363
6500861
6500655
6500236
6499669
6500088
6499746
6500413
6502268
6501442
6499762
6499861
6499320
6500865
6500450
6498201
6499591
6499323
6500858
6500112
6500406
6498076
6498869
6499889
6499178
6499184
6501128
6500954
6499456
6499322
6499457
6501385
6501506
6498493
6500547
6500344
6500399
6500496
6499163
6500203
6498884
6498203
6500801
6499137
6500073
6499276
6502827
6501825
6499460
6501551
6499011
6499603
6499539
6499676
6500189
6500352
6499496
6497699
6499041
6500191
6500460
6498620
6502446
6500072
6500246
6500743
6501586
6498798
6499002
6500321
6498032
6499327
6498215
6497016
6499114
6499254
6502026
6497743
6500135
6501131
6501121
6501738
6499827
6498529
6499374
6499434
6499509
6499791
6501034
6497305
6500895
6498664
6500525
6499910
6501445
6500833
6499562
6500031
6497294
6499681
6500018
6498744
6499462
6500324
6500887
6499003
6500530
6501801
6499593
6499937
6499270
6499744
6499938
6500058
6499849
6498390
6500969
6501630
6499097
6499470
6499860
6498899
6499848
6498495
6501187
6498337
6499136
6499299
6500447
6501155
6501396
6499144
6500552
6500187
6500066
6498266
6498812
6500643
6500542
6498365
6500278
6499727
6501279
6497786
6501545
6499103
6499045
6498205
6500585
6499578
6497319
6500116
6498202
6501166
6499830
6500753
6499091
6501359
6501387
6502311
6496855
6501512
6500648
6499303
6498355
6498567
6499735
6500415
6500327
6498192
6501134
6500479
6498926
6500201
6499625
6499662
6499978
6501019
6500654
6501059
6498109
6498028
6500755
6501214
6501806
6500436
6501379
6500616
6500272
6499531
6500171
6500699
6498241
6498681
6501159
6499095
6501046
6498500
6498640
6500084
6499741
6500127
6499420
6500558
6503101
6500138
6500137
6501086
6501980
6500433
6501401
6500863
6498767
6500614
6501115
6499776
6498975
6502462
6499729
6500390
6499269
6498888
6498825
6499711
6499443
6498569
6500408
6502479
6498116
6500417
6500238
6500822
6498696
6499425
6499806
6499930
6499118
6501084
6498083
6499556
6499554
6496738
6500106
6499336
6499804
6497691
6498474
6500482
6502175
6498915
6498479
6501103
6502379
6498988
6498680
6498728
6500079
6499133
6500232
6500666
6500740
6501424
6500262
6500115
6500938
6501762
6500507
6501410
6497813
6499229
6500174
6499743
6500688
6499424
6498319
6498575
6501249
6500620
6500728
6502037
6498730
6498090
6498593
6498835
6498412
6500966
6501204
6500760
6500967
6500652
6497770
6501383
6500376
6498565
6501829
6498589
6500681
6498501
6499430
6498794
6500600
6501479
6499659
6500175
6502224
6500384
6499613
6500218
6501226
6501730
6501338
6501253
6498483
6501589
6501224
6499314
6502278
6500190
6500338
6500772
6499945
6497905
6499955
6500646
6500123
6500747
6498924
6499485
6500119
6498859
6498121
6501306
6500759
6500000
6499368
6500744
6500209
6499515
6500939
6500423
6500800
6500070
6500443
6498886
6500892
6498779
6499386
6501689
6499643
6498039
6497352
6500449
6498150
6500279
6499885
6498987
6499969
6497092
6501135
6498922
6499808
6499124
6499205
6498297
6500359
6499026
6500934
6498765
6498129
6499918
6499060
6502044
6501300
6499264
6500517
6500071
6500139
6499650
6501472
6498393
6500518
6498939
6498852
6501173
6499923
6500110
6499207
6499197
6499595
6501285
6500742
6500913
6500725
6499141
6499942
6500706
6498554
6498503
6500268
6501533
6501575
6498833
6501240
6498507
6501814
6500928
6498532
6498925
6497941
6500041
6501048
6498212
6499218
6498599
6501323
6501060
6499113
6500667
6499238
6500556
6500407
6498708
6500255
6498020
6501090
6500322
6499395
6501123
6498498
6499632
6499034
6501314
6499220
6498804
6501380
6501301
6499016
6500229
6500331
6498453
6501745
6498536
6499235
6498714
6498643
6501747
6500244
6500074
6500043
6498760
6501552
6498864
6501210
6502252
6499357
6501587
6498077
6499500
6497229
6498980
6499935
6499435
6501356
6501523
6497357
6499234
6498996
6499244
6499617
6499966
6498473
6501627
6499694
6498170
6500237
6498214
6498516
6502410
6500587
6500827
6500308
6497931
6500757
6499951
6498553
6500541
6499537
6500678
6499373
6500940
6501439
6500990
6500498
6499043
6499278
6500661
6502282
6498972
6500326
6499154
6498928
6499639
6497773
6499824
6501335
6499421
6501576
6498875
6499638
6501001
6498193
6499331
6499645
6498829
6497853
6500703
6500502
6501160
6498168
6500608
6496932
6500378
6501007
6500454
6501150
6499164
6500961
6501245
6498252
6501953
6499519
6499476
6498663
6498591
6501739
6502064
6502206
6499149
6499780
6499693
6501991
6499255
6499717
6500775
6499069
6498600
6497780
6499601
6501313
6500657
6498182
6501459
6501158
6498308
6500196
6498191
6500808
6499644
6501461
6500261
6497670
6500687
6500782
6500656
6498230
6499047
6498742
6498892
6501671
6501619
6500705
6498325
6499292
6499715
6500124
6499522
6501702
6500373
6501162
6499740
6500633
6500286
6500986
6498596
6498861
6501453
6501311
6499140
6499996
6499767
6498443
6501894
6498787
6498933
6500527
6498502
6501028
6500336
6498768
6497060
6502414
6500726
6498235
6498738
6501220
6499469
6498381
6500062
6500495
6501391
6499168
6499651
6499844
6498383
6501622
6499326
6499712
6501141
6501415
6501171
6499167
6500461
6499549
6499301
6501942
6499540
6500575
6499225
6499082
6499940
6499920
6500273
6498515
6502191
6498303
6499766
6499999
6498384
6500291
6497924
6499089
6500684
6500380
6499981
6500870
6501232
6500722
6500634
6500435
6499790
6497620
6499579
6500776
6500259
6500163
6499036
6499696
6499022
6499474
6500953
6500398
6498962
6498979
6499768
6500221
6500448
6502069
6498461
6499432
6502284
6499010
6501657
6501389
6499402
6499702
6498086
6501078
6499962
6500094
6502213
6498535
6500881
6500478
6497849
6499615
6501793
6499730
6499949
6499152
6499818
6500584
6498603
6499792
6501544
6499196
6500622
6499483
6501319
6500241
6500500
6498982
6499366
6498612
6500521
6499880
6499274
6499313
6498584
6499057
6499287
6499126
6497566
6500606
6500998
6501748
6502303
6500142
6497304
6499049
6501308
6501231
6499936
6500068
6498547
6500612
6499262
6500360
6502761
6498122
6500752
6500830
6497981
6500430
6500650
6497572
6499959
6499280
6498863
6500704
6499814
6498178
6498700
6499007
6501085
6501833
6502061
6499526
6499412
6497862
6500015
6501615
6500724
6500672
6500720
6500947
6500302
6499678
6500067
6500086
6498952
6501691
6498876
6498819
6501469
6499695
6496818
6501872
6498843
6499233
6500995
6501011
6501004
6500416
6499477
6499391
6499624
6502390
6504239
6499293
6497646
6500842
6501040
6497751
6498831
6499378
6499075
6501428
6498247
6502348
6500034
6499387
6501278
6500907
6502007
6497785
6501592
6498543
6501481
6500310
6501244
6499618
6498949
6501080
6498435
6498104
6501003
6499410
6501434
6499614
6499994
6497752
6497726
6501221
6501826
6501149
6500658
6499986
6499266
6499237
6499721
6500366
6499355
6501941
6501913
6497581
6499406
6501696
6498745
6498936
6498410
6499208
6498557
6499481
6499991
6499309
6499738
6499296
6500064
6498930
6497867
6501377
6500437
6501273
6501542
6499332
6498803
6499019
6500490
6500076
6499403
6500145
6501759
6501571
6500508
6501548
6501054
6501147
6501582
6501629
6503549
6499401
6498672
6500750
6498402
6500824
6500551
6497803
6501504
6500102
6498821
6502222
6502106
6501429
6499805
6502984
6499155
6499033
6501002
6497735
6500670
6498746
6498800
6501079
6499555
6500745
6498777
6500595
6499779
6502420
6498259
6499925
6500446
6499173
6503075
6500859
6498590
6500626
6499143
6501699
6501409
6500915
6498430
6500136
6501440
6502817
6500580
6499038
6498375
6499067
6499892
6501693
6498769
6499427
6500993
6499916
6498395
6501312
6500205
6501443
6501276
6501351
6499612
6502510
6497755
6499394
6501402
6501519
6497194
6501275
6499652
6498572
6499464
6500583
6499122
6499867
6498688
6498305
6499769
6501557
6500841
6500006
6501330
6497615
6499821
6501287
6499245
6501303
6498439
6498594
6499789
6502036
6501097
6498517
6501563
6499439
6500531
6499506
6499714
6501332
6499194
6499014
6497972
6501284
6502349
6498152
6500838
6501009
6501877
6502229
6501092
6499739
6499198
6500511
6501850
6499544
6499801
6499491
6500857
6499971
6498817
6499311
6500289
6498719
6501569
6497650
6499594
6501264
6500379
6499228
6498251
6498976
6500921
6498796
6498271
6500683
6499582
6500983
6500007
6501014
6500207
6501708
6498947
6501261
6502359
6498130
6499871
6501352
6498382
6499957
6500212
6499648
6498822
6501360
6498564
6500182
6499231
6500029
6498645
6499031
6498650
6500677
6499183
6501153
6497617
6502024
6497610
6500431
6498315
6501325
6500487
6498016
6498379
6500526
6498300
6498458
6502150
6499490
6498686
6500610
6501197
6500635
6498278
6501372
6498679
6498823
6497673
6498827
6498288
6501350
6500387
6498622
6499796
6501864
6500374
6500805
6500488
6499785
6502367
6501247
6500629
6498566
6499976
6502138
6500651
6499061
6500299
6499265
6499465
6501914
6498951
6500932
6500422
6498477
6498648
6499592
6499077
6500224
6500984
6499734
6502475
6500943
6499988
6498067
6498619
6501193
6500882
6502971
6498754
6501517
6501403
6499383
6499222
6500312
6498720
6499211
6501099
6499752
6499343
6500089
6499781
6499056
6495961
6500565
6498175
6499040
6501496
6497875
6498123
6498352
6498309
6499691
6499079
6501076
6498481
6499621
6501465
6499250
6502747
6498496
6498627
6499478
6499886
6499340
6500754
6498198
6501381
6501666
6498546
6498358
6501925
6501815
6497890
6501493
6501462
6499032
6499745
6501719
6497927
6498761
6500133
6499347
6501235
6498409
6501535
6498091
6501343
6498588
6498763
6499493
6499440
6498029
6499042
6502963
6502216
6500886
6500778
6501962
6499707
6499802
6501369
6498701
6501774
6497805
6501408
6501788
6498811
6501756
6501471
6500721
6498049
6498770
6498363
6499570
6501170
6500307
6501520
6498432
6497165
6500736
6501421
6498037
6501143
6498625
6502685
6500263
6500096
6500172
6499583
6501290
6500052
6499187
6498336
6502021
6500717
6500690
6501890
6497722
6500817
6498846
6500314
6500912
6502427
6499408
6499674
6501770
6501510
6500234
6501157
6497556
6498261
6498909
6500922
6498958
6502386
6498953
6498967
6498642
6500864
6498416
6500104
6502593
6498941
6501416
6502565
6501497
6501116
6498890
6500266
6502313
6501346
6499857
6500923
6499718
6500375
6498894
6500206
6499214
6500427
6499864
6499411
6500883
6500856
6499018
6497958
6500991
6501280
6501803
6499099
6499816
6499953
6500523
6498403
6501096
6500989
6498753
6501664
6498106
6500042
6502391
6499863
6499337
6497713
6500862
6498113
6499842
6500582
6500964
6499993
6500057
6500812
6500219
6498364
6500898
6500008
6498387
6499128
6498678
6501921
6498267
6500285
6498611
6502480
6501061
6498066
6498874
6498078
6498656
6497672
6501555
6500917
6501509
6500758
6501843
6500710
6497775
6499356
6501652
6502800
6502567
6500869
6501091
6502196
6501537
6501808
6497880
6498971
6498057
6500564
6498322
6499559
6498420
6501200
6501024
6500532
6498299
6498956
6499342
6502533
6501122
6501151
6499748
6500290
6499461
6501460
6501855
6502188
6501088
6497807
6500524
6496874
6500146
6498965
6502802
6498240
6500156
6501862
6497794
6498311
6501167
6501296
6498295
6498538
6501620
6501725
6501920
6500069
6498964
6498136
6501839
6497290
6501229
6499831
6498117
6500766
6501417
6501508
6500748
6502680
6498826
6501125
6501750
6499535
6501931
6499397
6498783
6501768
6501133
6500910
6498468
6498073
6501258
6498286
6500243
6500777
6499146
6499737
6501342
6500534
6499345
6498693
6500731
6497012
6500911
6501355
6500550
6500476
6500965
6501420
6497669
6499684
6499044
6500215
6501949
6497971
6502382
6497976
6498809
6502407
6499445
6502892
6500264
6499369
6503668
6499865
6497145
6501142
6499604
6500901
6500188
6499062
6496673
6499990
6499495
6500056
6501406
6497936
6499166
6498184
6500689
6498937
6500027
6499749
6501743
6498463
6501448
6498759
6501109
6499835
6499627
6500466
6498917
6498464
6499665
6502638
6498799
6501618
6499692
6498485
6501209
6498108
6500577
6501524
6502513
6502109
6500128
6501821
6498862
6501478
6500429
6498782
6499972
6498999
6499110
6498585
6499742
6500514
6498120
6502836
6501591
6498748
6501217
6498541
6498674
6501631
6499389
6497493
6500160
6501880
6501816
6500362
6498243
6499703
6501716
6502053
6500388
6499581
6499600
6497135
6499249
6499764
6498762
6502034
6498721
6499190
6497939
6501207
6498388
6497837
6500877
6499404
6499574
6500941
6498404
6501503
6500818
6499027
6497496
6501599
6501981
6501132
6500781
6499247
6500668
6500343
6500665
6500792
6498508
6501771
6501230
6500695
6499775
6498841
6499723
6500549
6500762
6501108
6502337
6499989
6501923
6500300
6501393
6499025
6498626
6501107
6498087
6500065
6502346
6500871
6501813
6501522
6500853
6499078
6499850
6498456
6498270
6500280
6501614
6502257
6498734
6500553
6501299
6499521
6497795
6499352
6500880
6497983
6501516
6500727
6501681
6498617
6500559
6501776
6500424
6499784
6500733
6498427
6499119
6501239
6501794
6498615
6499673
6501063
6499567
6503239
6500330
6499468
6499588
6498945
6501611
6501074
6501172
6502741
6498702
6501610
6499290
6499658
6500298
6501760
6499317
6498171
6497091
6500306
6502767
6498245
6502101
6497891
6499708
6501254
6502566
6500914
6498905
6501828
6498154
6501476
6499294
6500090
6500561
6498268
6501795
6497776
6499104
6500784
6498328
6502314
6500149
6498231
6499273
6498385
6497281
6498576
6501447
6500641
6502483
6498786
6497955
6500342
6501467
6500811
6498269
6501243
6502134
6502561
6500730
6499005
6502047
6502316
6501148
6498873
6501183
6500512
6498571
6502065
6500649
6499065
6500847
6498989
6498820
6501333
6499510
6500475
6502078
6498882
6501560
6498323
6499641
6501238
6502265
6498199
6498082
6500183
6499974
6501020
6501621
6501256
6499115
6501395
6498134
6501180
6501169
6499281
6498995
6499180
6498860
6497488
6500693
6501140
6498633
6501271
6497893
6497530
6501050
6498942
6502681
6502054
6499201
6499398
6501879
6497784
6501729
6498661
6499915
6501673
6502338
6502437
6498901
6502126
6500098
6501761
6497977
6502354
6499415
6499507
6497421
6502262
6500799
6499291
6498938
6501707
6502027
6500545
6501564
6498733
6501604
6502086
6502110
6501430
6498997
6498528
6498343
6498943
6501727
6498048
6500994
6498429
6500836
6502009
6502176
6498896
6498274
6496844
6499616
6500432
6499609
6498573
6502861
6502149
6499139
6500469
6498743
6501432
6497243
6501382
6501875
6498814
6500391
6501269
6501049
6500599
6497259
6501641
6498356
6501710
6501394
6498969
6501013
6498312
6501370
6500267
6501946
6498540
6500979
6502225
6499206
6501625
6502261
6499947
6501252
6500902
6502330
6498373
6498739
6500444
6498919
6501137
6498434
6500288
6498524
6497569
6498436
6497187
6498808
6499029
6501095
6502105
6502441
6500828
6499870
6502572
6500746
6497999
6501259
6500691
6497430
6501505
6499875
6502586
6502042
6500269
6500486
6498530
6500548
6502588
6501579
6501782
6499782
6501963
6503879
6501326
6500849
6498017
6502240
6501823
6502068
6500474
6497628
6500866
6499145
6501665
6501882
6498033
6500198
6502946
6500162
6501608
6500349
6501678
6500011
6498327
6498685
6503050
6497832
6500113
6498689
6500181
6497760
6501965
6500051
6499350
6500897
6499635
6501685
6498946
6498406
6499046
6498470
6500846
6501423
6499316
6498151
6498542
6497764
6498582
6499736
6498559
6498858
6498683
6498684
6498577
6501404
6497508
6498005
6501918
6499346
6502305
6498895
6499176
6500483
6500813
6498621
6499219
6501178
6501714
6498698
6498670
6498651
6502237
6497988
6500905
6503156
6498868
6501501
6501302
6501347
6498606
6501361
6502457
6501246
6501069
6502210
6497944
6501492
6501475
6500831
6502485
6498636
6497898
6499035
6500590
6501500
6498426
6497450
6499052
6499525
6497618
6501978
6500942
6496843
6497205
6497403
6498475
6500615
6502394
6498455
6501786
6502102
6498677
6498233
6501215
6501688
6497930
6501495
6501654
6500630
6498608
6501105
6501292
6498081
6500944
6501812
6501044
6502327
6497300
6500168
6501572
6498344
6502537
6500355
6498190
6500491
6501994
6500571
6501190
6501494
6498639
6498970
6502463
6501435
6500578
6498361
6501071
6497817
6498166
6498647
6498531
6497452
6499783
6501399
6499414
6500885
6501008
6500918
6498448
6502340
6500230
6502234
6499059
6497965
6500780
6498613
6498149
6501321
6502938
6502302
6497769
6499017
6498407
6498040
6501915
6502182
6498691
6501536
6498694
6499810
6497540
6498069
6500700
6501017
6500441
6497645
6500807
6500749
6497588
6497457
6498176
6498340
6499186
6499051
6496679
6501202
6501222
6498525
6499348
6501196
6499251
6498002
6500713
6498095
6499809
6500793
6497799
6498506
6498630
6501787
6502023
6502366
6500872
6500773
6498752
6501922
6501705
6498705
6498197
6499132
6498790
6501037
6500381
6501436
6501444
6501547
6501366
6501233
6501600
6499479
6501414
6498180
6500607
6499023
6500904
6502301
6501450
6499788
6501701
6499571
6497970
6501638
6498556
6501263
6502029
6501838
6498226
6500611
6498668
6498512
6497860
6497963
6500809
6502798
6500790
6500576
6501515
6502554
6498605
6500560
6499315
6498291
6498422
6496922
6497947
6498415
6500304
6498380
6501919
6500879
6501534
6501027
6500992
6502074
6501854
6498881
6501700
6502885
6498186
6499502
6496434
6500779
6501124
6496794
6499239
6501830
6501717
6498583
6501038
6498597
6498204
6497175
6501878
6497747
6502357
6502570
6498561
6501728
6498452
6500925
6499793
6502205
6501513
6501955
6500764
6496839
6498570
6502389
6501687
6502522
6502143
6501518
6502428
6497730
6501104
6497144
6501089
6497839
6501288
6498795
6501228
6498801
6497959
6499074
6498225
6501174
6499130
6501840
6501712
6499131
6501154
6498499
6499090
6498417
6502201
6503424
6497895
6498419
6498063
6501550
6502049
6498960
6499619
6497993
6500260
6499528
6501348
6498061
6498690
6497413
6501218
6498772
6498592
6497912
6497921
6498629
6499258
6498521
6501881
6501733
6502041
6502266
6497838
6502287
6499907
6498114
6498217
6501491
6499159
6501943
6498509
6502137
6499944
6497382
6497922
6498317
6498055
6499385
6497715
6499200
6497990
6497731
6500603
6501532
6502192
6498296
6498830
6497547
6501156
6501754
6498302
6500555
6498275
6498449
6498518
6499759
6499874
6500529
6498900
6499158
6498618
6501889
6498906
6498446
6501935
6497603
6497597
6502708
6502221
6501698
6501212
6498207
6498281
6501802
6501692
6496522
6500167
6497324
6501904
6497327
6501374
6500834
6498450
6498139
6501298
6498277
6500024
6498853
6500963
6502775
6499109
6498127
6502326
6502162
6498854
6501637
6498158
6501905
6497978
6500697
6498484
6502794
6499256
6499482
6497480
6500756
6500030
6503017
6497224
6501213
6502331
6496532
6498372
6499284
6500874
6501318
6498265
6501203
6501651
6501041
6498977
6498994
6502195
6502124
6502501
6497407
6497561
6501832
6502438
6501676
6497574
6502646
6498695
6500059
6498836
6497987
6501924
6498102
6498053
6502273
6501892
6502715
6501192
6498848
6499429
6497816
6498491
6501400
6498042
6497829
6498177
6501307
6503226
6502012
6502542
6501371
6502142
6501940
6498440
6498145
6502808
6500873
6499985
6499162
6498183
6498706
6501884
6498242
6501255
6500671
6499117
6502264
6498396
6498079
6502445
6498418
6498872
6497707
6500926
6501749
6501553
6501626
6497330
6501487
6502272
6502654
6502959
6498740
6498068
6497509
6498276
6500485
6502484
6497777
6499832
6498632
6498334
6497991
6501836
6498221
6498097
6502033
6497768
6501596
6498400
6502166
6502781
6498238
6498489
6501659
6499030
6498232
6501219
6500894
6498046
6500794
6497630
6500716
6501386
6500694
6501706
6501334
6497502
6502395
6497654
6498313
6502466
6498307
6501514
6501742
6502014
6497850
6500696
6498624
6498301
6498227
6497331
6498367
6498084
6503093
6497916
6497668
6501580
6501967
6501844
6498405
6501267
6499484
6502051
6498587
6497619
6502046
6498148
6499833
6498264
6501819
6497846
6501489
6498722
6498304
6502377
6497913
6498891
6500005
6502217
6497742
6501277
6498159
6499660
6497693
6497888
6501757
6501282
6500193
6501731
6502332
6501139
6499351
6497641
6499098
6501896
6498657
6498424
6502022
6502406
6500890
6502321
6497714
6501111
6501973
6500976
6502077
6501067
6497940
6499499
6498051
6497873
6498179
6502294
6498511
6501647
6502197
6499263
6497737
6501660
6500053
6502223
6500960
6501765
6497525
6502369
6502083
6499817
6501704
6500140
6498339
6498359
6502404
6502177
6501102
6502017
6496678
6501873
6498000
6501957
