6498042
6500477
6499527
6500968
6498416
6500654
6499664
6499757
6499731
6501018
6499353
6499802
6499908
6499859
6500607
6499368
6499428
6500546
6500712
6501709
6498876
6497998
6499018
6499622
6500138
6499987
6500800
6498522
6499149
6497879
6501310
6498905
6500706
6498882
6499517
6501598
6500882
6500242
6500430
6499083
6499733
6501420
6499669
6499288
6501225
6500391
6500912
6500501
6498951
6501507
6499897
6499593
6499344
6499845
6500664
6499978
6498673
6501128
6501381
6498169
6502187
6500215
6498924
6500825
6501205
6501069
6500740
6498081
6499966
6499273
6499754
6499281
6498945
6501039
6499240
6500338
6500919
6499507
6500774
6498995
6501707
6500646
6499774
6499494
6500264
6498942
6499113
6498959
6499449
6501036
6501521
6501749
6498645
6501969
6501795
6499613
6499306
6498918
6499110
6499469
6499956
6500213
6498368
6499614
6500575
6499836
6499086
6500949
6502900
6501109
6498449
6498397
6499953
6500095
6501288
6500628
6498843
6498633
6499849
6499584
6500907
6500928
6500733
6500087
6500231
6499039
6500299
6500386
6499824
6500695
6499776
6499397
6499673
6500648
6500630
6499657
6499369
6499000
6500789
6500991
6499974
6499967
6499033
6499703
6500011
6500182
6499822
6499487
6498910
6497893
6498897
6499030
6500448
6500476
6500121
6500572
6500034
6498016
6500098
6499524
6501120
6500387
6498901
6501916
6501144
6500744
6501038
6499875
6499832
6500702
6501005
6501316
6500625
6500140
6499325
6499750
6498187
6500529
6500163
6500294
6498892
6499784
6500153
6500408
6500416
6500875
6501363
6498927
6500400
6501102
6500510
6501377
6498229
6498886
6498428
6500235
6499624
6500238
6500178
6501228
6499200
6499874
6500728
6500336
6499134
6500649
6499088
6500327
6499274
6499641
6499402
6500950
6500188
6498909
6501240
6501010
6499769
6500852
6500741
6499732
6501940
6501331
6498550
6498543
6500267
6499234
6499958
6500291
6501006
6500201
6500899
6499969
6499825
6498452
6498011
6500035
6497190
6501337
6497673
6499935
6501471
6498445
6499236
6499270
6500588
6499334
6498015
6500883
6498623
6500661
6499186
6500762
6501226
6499828
6500996
6500117
6501302
6501460
6499193
6499151
6500166
6500632
6498467
6499376
6499547
6499532
6499722
6500378
6501398
6499684
6498393
6500085
6500747
6498715
6499109
6500658
6501585
6499865
6499169
6499812
6499984
6499604
6502660
6499275
6499426
6500052
6501037
6500474
6500462
6499474
6500344
6498979
6500067
6500746
6499807
6499963
6499235
6499483
6499335
6499749
6499627
6500258
6499679
6499318
6500498
6499918
6500272
6501233
6499413
6500019
6499343
6499804
6501653
6499971
6500443
6500785
6500889
6500261
6500890
6501528
6501047
6498806
6500152
6501779
6500288
6498781
6500724
6501301
6499934
6498721
6498619
6502474
6498718
6498275
6501592
6499944
6499803
6500814
6500451
6498349
6500490
6500600
6501829
6499195
6499311
6498246
6499926
6499260
6500101
6499823
6498432
6498969
6499246
6499238
6499696
6499141
6499753
6499877
6500555
6499515
6501737
6501898
6501058
6500714
6499831
6501207
6501056
6499415
6499840
6500460
6499299
6499350
6499543
6500505
6500073
6500309
6499834
6500417
6501850
6500895
6500232
6498654
6499728
6499322
6500275
6499232
6500445
6501026
6497576
6502343
6499329
6500450
6499800
6499549
6499521
6500957
6500756
6500159
6498232
6500776
6501575
6499651
6498642
6500016
6499916
6501129
6499595
6500089
6499697
6498742
6500141
6499150
6497160
6501559
6500118
6500504
6500220
6500353
6500865
6500553
6500777
6500862
6502220
6500315
6500683
6500030
6498028
6498145
6500967
6499899
6500540
6498313
6499767
6500029
6500426
6498464
6500516
6500273
6499081
6498248
6499665
6500584
6500979
6499866
6500538
6498547
6500104
6500442
6499357
6498143
6499459
6499158
6499143
6500076
6499608
6500570
6499936
6498922
6501257
6500002
6500492
6500075
6499498
6497838
6497375
6499503
6500125
6498802
6500636
6500805
6498866
6499771
6498172
6499439
6500626
6499165
6501858
6497408
6499406
6498385
6499458
6499968
6500752
6500186
6499853
6500639
6500130
6501525
6499785
6499129
6500780
6499773
6501960
6499881
6499180
6499084
6499873
6499535
6498938
6501041
6499204
6500839
6500004
6501994
6500282
6497773
6500251
6500167
6500123
6499979
6501643
6499550
6498735
6499654
6500576
6498060
6500412
6498939
6499473
6501479
6499746
6499951
6498276
6500249
6500835
6500481
6499485
6501159
6500995
6499741
6500149
6500128
6500587
6498197
6498640
6499723
6501720
6498917
6501186
6499842
6499858
6501065
6499052
6498797
6499380
6500763
6499585
6498297
6498805
6500366
6499342
6500660
6499516
6500468
6499818
6500962
6498964
6498374
6499407
6498236
6499332
6499798
6499819
6499394
6499385
6501607
6498783
6502147
6498114
6500340
6499502
6500681
6500940
6500370
6498659
6498667
6500015
6498512
6500446
6499913
6498755
6497894
6501175
6499196
6499642
6500074
6499207
6501195
6499256
6500037
6500509
6498672
6499759
6497590
6499577
6500161
6500189
6498835
6498646
6498749
6501434
6499450
6501029
6500611
6501021
6501211
6501473
6500210
6502068
6500441
6500228
6498774
6500069
6500720
6498012
6500335
6501138
6501091
6498249
6501075
6500693
6500559
6501260
6499416
6500119
6500978
6500909
6500655
6499780
6500222
6500394
6499366
6499778
6499992
6499760
6500284
6500266
6499756
6500162
6500094
6500406
6498981
6499962
6499145
6500775
6499455
6500593
6500174
6500209
6500454
6499730
6497888
6499837
6502806
6500701
6500500
6498765
6501806
6499712
6500565
6500544
6499079
6498574
6499993
6499715
6498241
6500144
6500806
6498553
6501130
6498332
6499906
6500608
6499927
6500946
6499263
6499286
6500059
6500435
6498527
6500126
6502828
6499779
6498902
6498519
6499181
6499702
6499443
6502297
6499277
6500409
6500038
6498476
6498847
6500809
6499477
6498963
6497962
6499028
6500168
6501002
6501326
6500944
6498399
6501015
6501531
6502282
6499851
6497636
6499867
6498583
6501030
6499182
6501481
6502037
6500562
6499346
6500581
6500216
6501118
6500072
6500204
6500797
6498207
6498610
6500300
6498483
6500459
6499988
6498120
6498480
6499456
6499646
6498609
6500134
6499403
6497538
6499131
6499496
6501162
6502242
6500527
6501632
6499618
6500385
6500748
6499554
6500904
6498506
6499806
6500917
6499049
6500389
6500519
6499043
6500887
6500343
6500070
6500155
6501085
6499994
6499592
6499484
6499680
6500609
6499513
6501194
6498746
6501413
6500793
6498961
6500321
6499569
6498810
6501600
6498647
6499821
6499026
6500684
6499598
6497278
6499495
6499915
6498898
6498830
6498123
6499567
6500480
6500652
6501088
6499384
6500918
6499421
6500371
6500023
6497640
6499518
6497946
6499378
6497866
6501503
6500807
6501131
6500224
6499509
6500036
6499489
6499656
6500543
6498855
6500399
6500921
6502327
6499493
6500731
6500226
6499472
6501116
6502733
6499261
6500078
6499786
6500833
6498825
6498620
6498124
6497560
6499650
6500906
6500851
6500246
6499287
6500253
6499718
6501213
6498771
6500250
6500757
6499581
6500539
6501215
6500876
6500592
6501034
6498575
6499794
6500708
6500779
6498637
6498163
6499700
6500102
6499241
6499216
6500566
6500191
6498795
6499465
6499882
6500071
6500112
6500798
6498234
6500317
6499010
6500310
6499893
6498739
6497738
6499937
6499625
6499365
6499003
6502607
6501272
6500542
6499370
6498787
6499037
6498970
6498859
6499789
6501562
6498293
6500425
6500020
6499985
6499267
6501380
6500154
6499392
6498529
6502203
6498684
6500120
6500270
6500927
6500854
6500229
6500311
6497848
6499738
6500795
6499015
6500420
6500008
6501539
6500334
6498595
6500715
6499724
6500332
6499931
6499266
6500082
6500622
6501803
6499433
6499713
6501115
6499973
6501161
6500662
6500039
6502136
6500856
6498671
6499983
6501132
6500248
6499634
6498454
6500124
6500131
6499617
6501751
6499328
6500669
6499054
6499704
6498457
6501987
6500596
6500618
6501741
6500688
6500530
6500115
6500515
6499576
6499691
6498101
6499558
6499660
6499063
6498301
6499157
6500433
6501602
6501728
6499611
6500411
6501114
6500903
6499430
6501486
6500502
6500006
6498894
6501064
6501327
6500180
6498683
6498556
6500853
6500135
6499896
6499736
6498554
6499546
6499027
6500380
6499104
6501033
6500185
6500709
6499461
6500771
6500365
6502009
6500205
6501139
6500158
6499947
6498724
6500508
6500745
6501167
6499198
6498370
6499793
6498455
6498889
6501418
6501485
6500754
6500497
6499522
6497720
6500820
6500847
6500295
6499590
6500841
6500738
6497861
6501721
6499686
6500734
6500065
6500236
6498444
6498615
6501322
6499695
6501631
6500956
6498883
6498704
6498713
6500257
6498814
6500980
6500879
6500181
6499589
6500464
6500578
6500597
6498688
6499237
6500911
6499154
6500437
6502606
6499323
6501862
6499620
6498352
6499843
6498419
6499372
6502959
6500100
6499552
6501243
6501076
6500657
6500952
6500061
6499847
6499405
6499573
6500414
6499628
6499070
6499152
6499468
6500617
6501784
6500692
6497630
6498832
6499889
6499203
6499390
6498440
6499887
6501944
6498994
6498131
6499295
6500577
6499213
6499230
6498775
6500018
6500415
6498921
6499360
6499167
6498794
6498326
6500347
6500507
6499121
6496993
6498551
6498565
6499074
6499388
6497601
6498395
6500281
6499297
6500948
6501197
6500514
6499327
6501527
6500766
6500369
6501591
6500511
6498089
6499135
6500557
6499175
6499419
6500676
6499907
6498501
6498785
6501489
6498354
6500484
6499619
6498555
6499795
6501079
6498339
6500905
6498915
6501376
6501605
6500122
6501742
6500324
6498848
6500151
6499930
6500888
6498769
6499578
6501126
6498481
6499787
6500524
6501229
6501596
6498655
6499313
6500254
6499017
6500822
6499948
6501107
6500832
6500520
6501983
6501453
6500804
6497974
6501082
6498822
6500320
6500413
6498535
6501066
6499871
6500091
6498833
6499560
6498515
6500729
6501724
6499179
6498699
6500179
6500028
6500535
6499852
6500594
6500040
6499854
6499452
6500977
6499942
6501095
6499799
6500329
6499300
6502500
6497857
6499092
6502118
6503228
6499609
6500390
6500560
6501516
6501296
6500431
6499174
6499835
6499772
6500225
6500171
6500401
6499649
6499933
6500055
6499826
6499727
6499217
6498292
6498203
6500586
6499194
6501014
6499255
6500297
6501373
6500547
6501852
6500954
6500164
6498612
6498183
6500046
6501524
6497933
6500938
6499073
6500479
6498649
6498978
6499862
6501879
6501081
6498070
6496065
6498956
6500884
6499964
6499539
6502396
6497845
6499436
6499716
6501204
6498082
6498498
6502688
6498635
6501125
6501392
6500768
6499817
6499829
6498702
6499178
6502381
6501554
6501586
6501641
6499675
6498593
6499231
6500432
6500328
6499434
6501025
6498192
6500289
6500465
6498823
6500707
6498296
6499878
6500033
6501894
6502749
6499315
6499884
6500276
6500796
6499095
6500440
6500531
6502227
6500670
6498329
6499119
6500672
6501869
6499427
6498616
6501164
6500599
6500031
6500487
6499373
6501157
6500022
6501678
6502256
6498064
6501624
6501135
6499308
6500621
6500730
6500217
6501522
6498034
6499453
6500624
6499790
6499142
6499991
6499693
6502022
6500453
6499844
6499747
6500811
6501263
6501391
6498152
6499972
6500199
6499652
6499770
6498758
6499383
6498880
6500187
6502490
6501315
6500177
6498989
6501000
6499348
6500090
6499080
6501059
6501321
6500097
6499632
6499047
6499324
6500348
6498068
6499283
6500054
6499565
6499254
6500045
6499224
6501594
6500495
6500066
6500647
6500064
6500009
6499667
6500245
6500357
6499768
6498221
6500506
6502709
6500488
6499557
6499938
6499902
6499976
6498472
6500881
6501919
6497815
6498796
6501268
6498767
6500552
6499612
6499950
6500961
6500277
6501020
6499846
6499575
6498497
6498920
6499445
6502016
6498220
6499740
6499553
6499034
6500494
6502550
6499091
6500675
6501640
6498888
6500436
6499682
6502034
6500271
6499766
6499371
6501028
6499101
6499644
6502030
6499894
6499354
6498295
6500012
6501145
6502273
6498820
6498996
6498798
6500666
6500554
6500062
6500716
6500402
6500214
6500898
6501771
6499998
6499227
6500840
6499965
6502729
6498751
6499961
6500815
6499655
6499214
6498937
6499082
6499140
6501137
6501103
6499137
6499391
6499417
6498513
6500109
6498873
6499960
6501789
6499418
6498274
6499356
6499603
6499296
6500583
6500873
6501334
6499880
6500202
6500080
6500913
6500351
6499742
6498808
6499153
6500877
6501295
6497760
6499683
6498829
6501035
6499510
6501703
6501299
6500156
6500044
6500183
6501369
6500198
6499250
6499317
6499481
6499678
6500788
6499672
6497545
6500602
6498913
6498906
6500363
6500574
6497875
6501506
6500769
6501768
6499571
6501073
6499805
6501560
6500237
6497952
6499647
6501255
6500590
6499429
6500802
6501262
6502517
6499128
6499630
6499184
6499533
6500274
6501710
6498811
6498990
6500568
6497099
6500221
6500932
6499694
6502402
6498738
6500422
6498907
6498030
6501568
6499114
6500612
6501389
6501627
6501542
6500551
6500667
6499409
6503241
6498648
6497935
6499827
6498836
6500641
6499500
6500017
6497681
6502061
6498605
6501209
6500988
6500455
6501464
6500114
6500358
6501603
6499100
6501701
6498606
6497350
6500691
6499545
6499975
6499077
6499721
6497378
6499636
6497809
6497564
6499739
6499499
6498618
6500206
6499107
6499505
6499914
6502077
6499291
6500550
6498908
6498386
6501111
6500381
6501581
6502005
6499166
6502214
6499781
6497048
6498875
6501705
6499868
6500146
6499562
6501177
6498257
6501153
6498264
6500723
6498116
6501361
6501003
6502075
6500963
6501057
6498200
6500605
6497871
6500014
6497679
6500834
6499952
6499386
6500781
6499124
6498038
6501223
6499879
6501417
6497122
6500990
6502164
6500051
6501040
6500350
6498962
6497907
6498069
6498111
6498294
6499504
6498139
6498926
6501873
6499748
6501457
6501362
6500696
6501988
6499457
6499810
6499541
6497666
6500894
6501332
6501151
6499638
6499548
6498697
6500845
6501401
6497694
6500195
6497597
6501104
6501615
6499629
6500975
6499594
6499623
6500142
6499692
6500910
6502525
6499364
6501078
6500259
6501180
6500801
6501012
6500945
6501769
6498670
6500671
6498952
6499520
6498923
6497794
6498644
6498258
6500110
6501681
6502724
6499009
6500685
6500523
6500373
6499977
6498987
6499559
6499293
6500772
6498815
6499570
6500190
6498957
6501922
6500861
6501360
6500718
6500337
6498451
6500836
6499381
6499008
6499156
6501518
6501245
6498288
6500093
6500230
6501160
6499464
6498020
6501390
6501271
6498154
6501206
6499572
6501529
6499725
6499314
6500244
6498960
6498287
6499876
6500936
6499463
6499743
6502172
6498334
6501052
6499480
6498402
6501100
6498861
6500486
6498375
6501147
6499717
6500063
6499132
6500349
6499379
6500233
6500021
6501269
6499122
6500150
6502050
6498707
6501483
6499999
6499076
6499959
6503357
6501170
6500863
6497997
6498932
6500564
6500817
6499068
6500139
6501284
6499243
6498664
6499752
6501637
6501478
6500211
6499602
6499758
6501253
6499861
6501748
6501046
6499212
6499860
6496832
6500645
6499163
6500697
6499596
6500635
6499925
6499424
6501880
6500041
6498470
6499761
6500526
6499071
6499586
6499699
6501053
6502655
6500193
6501412
6498380
6498589
6498858
6498333
6499437
6499292
6500056
6498993
6498720
6500227
6497885
6502657
6500601
6498849
6501127
6500640
6499120
6500677
6499525
6499922
6501399
6501351
6498943
6499511
6498474
6501022
6499435
6500396
6501570
6498325
6500496
6500784
6499564
6499486
6500674
6500604
6500866
6499411
6500449
6500147
6500826
6502145
6500307
6501429
6500330
6498581
6499451
6500113
6497892
6499720
6497313
6498098
6501448
6499078
6500764
6501444
6502085
6500623
6497970
6499362
6500970
6499173
6499097
6498812
6498206
6498636
6501863
6500739
6498502
6500778
6500846
6501550
6500005
6499990
6498066
6500489
6500345
6499136
6499066
6499663
6499905
6499648
6499909
6500829
6502494
6500942
6500333
6501342
6496979
6499662
6499791
6500760
6499995
6500383
6502545
6500478
6500356
6501753
6498499
6500255
6499808
6499534
6501110
6499252
6501563
6499225
6499042
6500458
6498363
6498168
6499244
6497591
6498186
6500902
6500717
6499358
6498837
6501954
6499111
6500824
6499155
6499099
6498975
6503043
6500563
6499670
6501080
6498383
6498584
6499447
6500461
6498791
6498167
6500955
6501276
6501191
6499705
6502128
6499029
6501601
6502639
6498256
6500638
6497654
6499139
6500561
6500239
6499282
6501009
6501016
6497006
6499326
6498010
6501719
6497752
6499471
6499041
6499580
6499422
6499199
6499345
6501395
6498716
6501242
6500493
6498678
6499939
6501256
6499002
6501520
6498744
6497869
6499763
6498065
6499160
6499996
6499490
6499920
6502831
6500303
6499301
6501105
6500901
6500736
6500388
6501673
6501419
6500077
6501414
6500603
6500682
6499125
6499674
6499098
6500573
6498853
6497336
6500050
6499857
6500532
6499635
6497898
6501636
6498816
6499639
6501801
6499208
6500629
6499316
6501541
6502092
6499440
6500828
6500447
6498364
6498624
6500423
6497237
6498185
6498230
6499566
6501946
6499982
6501335
6500483
6498130
6501027
6498083
6500042
6501512
6499597
6501517
6499188
6500619
6500791
6499501
6497457
6499398
6498641
6502188
6499303
6499687
6500482
6499060
6499929
6497761
6498473
6499361
6500341
6499146
6498622
6500268
6499016
6498650
6501185
6499228
6498840
6498259
6497711
6498398
6498801
6498001
6498824
6502010
6499901
6499206
6500571
6499820
6499540
6499923
6499734
6500398
6501289
6501355
6500308
6501549
6498803
6501866
6499087
6501155
6500984
6498387
6502152
6500770
6500690
6499599
6498846
6502466
6500929
6500285
6499389
6499711
6501113
6500203
6502103
6498517
6500234
6498569
6499340
6500886
6499615
6500359
6499563
6497469
6502087
6502190
6498485
6501092
6501989
6499289
6502319
6498224
6500705
6499946
6500558
6499374
6497782
6501062
6500668
6498032
6498378
6497764
6498260
6500057
6501621
6498722
6499886
6498760
6500595
6498675
6497999
6500549
6500331
6499012
6502031
6501280
6499970
6500659
6499269
6499782
6498193
6500197
6498826
6500068
6500633
6501188
6502268
6500106
6501553
6499869
6499888
6500096
6500923
6498231
6500874
6500313
6501354
6497896
6500169
6501366
6501097
6498245
6499561
6498562
6501072
6498525
6501343
6499690
6498494
6497400
6500698
6500148
6497459
6501743
6500319
6501713
6500280
6500223
6501054
6500326
6501930
6499870
6498546
6498342
6499106
6497598
6503284
6500032
6498817
6498119
6500871
6501084
6499850
6497565
6500859
6497830
6499940
6500704
6499955
6501914
6498461
6498335
6499531
6501252
6498475
6500943
6499247
6499891
6498137
6498150
6500439
6499191
6500346
6498054
6499555
6501669
6500405
6498558
6500522
6501588
6499928
6501655
6501700
6501704
6500844
6500444
6498394
6499382
6501443
6501043
6498940
6497667
6499401
6500719
6498592
6498247
6500049
6498252
6499526
6499220
6501150
6499945
6499053
6500503
6500060
6502040
6499668
6500521
6501774
6499755
6499783
6498456
6498972
6500864
6500318
6499219
6497836
6501933
6499957
6498520
6497147
6500869
6497301
6498717
6501818
6500541
6501564
6500713
6501650
6499162
6497701
6498666
6498243
6501277
6502288
6500994
6498734
6498753
6501123
6502544
6500939
6499607
6498194
6502117
6497440
6501278
6500374
6499271
6500567
6502591
6498638
6500287
6500981
6500816
6501465
6501825
6501067
6499215
6499811
6497077
6499872
6500710
6499883
6501165
6499512
6501773
6499333
6501772
6501861
6497478
6499551
6497546
6498850
6498479
6499890
6498895
6501210
6498935
6499645
6501739
6501499
6501141
6501583
6501384
6499185
6499900
6499399
6500116
6499400
6501616
6501491
6498792
6500025
6499001
6501320
6500379
6498540
6499171
6499105
6501488
6501573
6501192
6498009
6499055
6501099
6503505
6501442
6500463
6500808
6501218
6498406
6500053
6501510
6497435
6502562
6501171
6498348
6500384
6501309
6501353
6500908
6499981
6499797
6500058
6500837
6497868
6500325
6499492
6500047
6501477
6500010
6502307
6500362
6498280
6499147
6499708
6497124
6499544
6499949
6500613
6502048
6498214
6499005
6499444
6501725
6498773
6499621
6502352
6500687
6499986
6500286
6501070
6497916
6499600
6498585
6501293
6501083
6501822
6500556
6500265
6496893
6500298
6500880
6502044
6499218
6500105
6498561
6500810
6499714
6498967
6501974
6498864
6499170
6500043
6501328
6499312
6499537
6499488
6501247
6498351
6500732
6499508
6500241
6500812
6501400
6498136
6500403
6499587
6501893
6497429
6499659
6499809
6499004
6500175
6499280
6501766
6498299
6500103
6502349
6499284
6499466
6500631
6499262
6499265
6500616
6500536
6500656
6498777
6501298
6500916
6501777
6499523
6500218
6499653
6500048
6498273
6502239
6500026
6498950
6499290
6499917
6500518
6498052
6502142
6501831
6501593
6498776
6501230
6501134
6498240
6501425
6499021
6499777
6499201
6499432
6498790
6500339
6499408
6500850
6500302
6496988
6502144
6501787
6500127
6501574
6501759
6500000
6501281
6501264
6500473
6498353
6498871
6500679
6499997
6500424
6500240
6500643
6499310
6500208
6500823
6498255
6500200
6500517
6498613
6498458
6502033
6499904
6499226
6501462
6500472
6500925
6499442
6500079
6498844
6501258
6502137
6498438
6499591
6500007
6498831
6498997
6501086
6501244
6499478
6501812
6499788
6498625
6500528
6498401
6501867
6498226
6499666
6500614
6501431
6499331
6501234
6499187
6499583
6499375
6498171
6499912
6498528
6497791
6498772
6501048
6500410
6502008
6499814
6497736
6500392
6499352
6498661
6499601
6498930
6500976
6499423
6500580
6500721
6501358
6501196
6499633
6497399
6496477
6498682
6498024
6500219
6501375
6501203
6501441
6501305
6499605
6499681
6500703
6499631
6498344
6500084
6498677
6501467
6499864
6499737
6501142
6500428
6501433
6501470
6499689
6500013
6497756
6499367
6502784
6501136
6498919
6499209
6502248
6500419
6500421
6501561
6501089
6499556
6500694
6498507
6503437
6501891
6500606
6499103
6498013
6500404
6500650
6499698
6501051
6499249
6501013
6500376
6499019
6498626
6499144
6500985
6501811
6498202
6499514
6498863
6499765
6500627
6498617
6499924
6500818
6501017
6498860
6502202
6498706
6501318
6498238
6501493
6501508
6497594
6501163
6499272
6500342
6501537
6499075
6502007
6498148
6499126
6501001
6499192
6500024
6501962
6498159
6498138
6499069
6498253
6497955
6497283
6500591
6498946
6500737
6501526
6500243
6499133
6500891
6499038
6500711
6501158
6499470
6500827
6497929
6499626
6500136
6500920
6501108
6502936
6500958
6500194
6499377
6497610
6501455
6501319
6499117
6500743
6498379
6501926
6500755
6499046
6499438
6498845
6502114
6500092
6500582
6500027
6497186
6498586
6499582
6497818
6500252
6501406
6500897
6499044
6498536
6497776
6501402
6501416
6498361
6501214
6498877
6500637
6501347
6499637
6500173
6501304
6502053
6499023
6499616
6498782
6499090
6496023
6500278
6500726
6500322
6497231
6502475
6500965
6502226
6500849
6500982
6499168
6499011
6499245
6497716
6499007
6501290
6499610
6497289
6500296
6500885
6501497
6500361
6499404
6498628
6500941
6501352
6499130
6498587
6498903
6500364
6500099
6500305
6499309
6497968
6498597
6499172
6499138
6498563
6501458
6502277
6499579
6498144
6500914
6501569
6500262
6498658
6497620
6501024
6501788
6502029
6500129
6499414
6499796
6498549
6500615
6500533
6497801
6501121
6500367
6498944
6498460
6500382
6499815
6502800
6501668
6501338
6499707
6501654
6498692
6500878
6499710
6500934
6498912
6497789
6499040
6501096
6499115
6500790
6501275
6497727
6500438
6498392
6498237
6499792
6500485
6499745
6502896
6498784
6498279
6499744
6498712
6498029
6498278
6499305
6499276
6499848
6500915
6498705
6499528
6501246
6500132
6498627
6498741
6499351
6500269
6498177
6501359
6502342
6502084
6499339
6498572
6501984
6498948
6498896
6499164
6500966
6497275
6501577
6500368
6497988
6499148
6502448
6498656
6500499
6497658
6500735
6501980
6502161
6501511
6498786
6500256
6501300
6502232
6499347
6500001
6499024
6498093
6498033
6499954
6498983
6497880
6497577
6501365
6501667
6500673
6502111
6498629
6500821
6502638
6501912
6498971
6501662
6498632
6499425
6499482
6501868
6500857
6497943
6500545
6498973
6500999
6499479
6499709
6501612
6498865
6500896
6498690
6502090
6498988
6498602
6498611
6501169
6499706
6501947
6501044
6501004
6500207
6498947
6497455
6497198
6500534
6498857
6501323
6499801
6500848
6499112
6498809
6499319
6498949
6499446
6499816
6502356
6497850
6502279
6502334
6502088
6500783
6498914
6501143
6499701
6499839
6498213
6499257
6497979
6501421
6499223
6498190
6501386
6499762
6501439
6500360
6500858
6500304
6501646
6499035
6501424
6497765
6499239
6499751
6502183
6501248
6500813
6500900
6500987
6498316
6501445
6501973
6501045
6497346
6499222
6501172
6500160
6501459
6500133
6500355
6500725
6499395
6498621
6501182
6499676
6498778
6502252
6500689
6498870
6498281
6501931
6501551
6500352
6499359
6501958
6500170
6502305
6502513
6502299
6498669
6498350
6500377
6497884
6501140
6501830
6501371
6499396
6500407
6500081
6498189
6498728
6501174
6499253
6500937
6498668
6500157
6500644
6498225
6498360
6502278
6501747
6496674
6501050
6501466
6499321
6498663
6498343
6500620
6499211
6499065
6498357
6501216
6501599
6501279
6498686
6498639
6501824
6501348
6498311
6501727
6497703
6501231
6501325
6501941
6498764
6501875
6498043
6501683
6501648
6498630
6499688
6498577
6500926
6501890
6498698
6499441
6497699
6502404
6498104
6498537
6497749
6501692
6499885
6498965
6502003
6498362
6501387
6501311
6498634
6500598
6497357
6501437
6499980
6498205
6500137
6500831
6501566
6499431
6501535
6501224
6499006
6499089
6499189
6501049
6499454
6501374
6499919
6502594
6500761
6499536
6501270
6498980
6501154
6503364
6502920
6500176
6499476
6500983
6499176
6501250
6498568
6497187
6499538
6500651
6502043
6497495
6498904
6500418
6499294
6501336
6499233
6501404
6500466
6501832
6501345
6500860
6501536
6499337
6498196
6498559
6498881
6498303
6498265
6502222
6498588
6500610
6498789
6498884
6501658
6497967
6501274
6500470
6501093
6497936
6500749
6498453
6498976
6499159
6498442
6499903
6499025
6501490
6498441
6498433
6499830
6498191
6498514
6497930
6501023
6501408
6499775
6501674
6499892
6498807
6501990
6499813
6501190
6501063
6502078
6499606
6500293
6501407
6501166
6501813
6497899
6498017
6501826
6497465
6497770
6500953
6497856
6497508
6502488
6501613
6500989
6499251
6501731
6498958
6498766
6500513
6500699
6498109
6497657
6497797
6498285
6501090
6500467
6501031
6498762
6497995
6499058
6499059
6500279
6501856
6500892
6499671
6498318
6498421
6498813
6498736
6501555
6498614
6498869
6501722
6501606
6500799
6498631
6501752
6500260
6501814
6498390
6500108
6500247
6500973
6499036
6499330
6501546
6501572
6499242
6503073
6497717
6501011
6501435
6500794
6501472
6496684
6498862
6498466
6501514
6501432
6499307
6499258
6501008
6500750
6499640
6502561
6502326
6502414
6499229
6497873
6501181
6502961
6498731
6497555
6502129
6498048
6499013
6501887
6501686
6501677
6501949
6497693
6502259
6500375
6498142
6499264
6498538
6501292
6500993
6498487
6499118
6498651
6501745
6499085
6501187
6498841
6502112
6498899
6497769
6498893
6503127
6501694
6501780
6501282
6498727
6501645
6501968
6499943
6501306
6502903
6499051
6503347
6501259
6500471
6501953
6500751
6500665
6499304
6500537
6500998
6498594
6498415
6498149
6499014
6501357
6501993
6501937
6498422
6501237
6499127
6499855
6498933
6497063
6502024
6497973
6498953
6501533
6501106
6499259
6499298
6498800
6498900
6502042
6502059
6501693
6498941
6498222
6501314
6499190
6500525
6498714
6500924
6501513
6501294
6499393
6500700
6497568
6501189
6501077
6500312
6497680
6499530
6501251
6498414
6500111
6499574
6501532
6501119
6500429
6501840
6501068
6497140
6498058
6498867
6501628
6499349
6501903
6500767
6501943
6501308
6501726
6500290
6498868
6501783
6500086
6498856
6497864
6497547
6499833
6501492
6501156
6502115
6502168
6497923
6498041
6500678
6500727
6498570
6501019
6500427
6498929
6497574
6498495
6498676
6501699
6500843
6498261
6500314
6500792
6498356
6499205
6500872
6497340
6499661
6498336
6502611
6499050
6497285
6498752
6498367
6497570
6503000
6502434
6498435
6501851
6501273
6498992
6500642
6497342
6501202
6499057
6497741
6501915
6498147
6502058
6501317
6498018
6499045
6501857
6499677
6498693
6501291
6501101
6500868
6499248
6497887
6501333
6497273
6499941
6500933
6500569
6497645
6501544
6498591
6500143
6497551
6499863
6500196
6500773
6498652
6499032
6501609
6498212
6501519
6498851
6502230
6498284
6499031
6499729
6498491
6497890
6501797
6502000
6501865
6501071
6497819
6498384
6501679
6501711
6501220
6502463
6501212
6501383
6500323
6501610
6501776
6500787
6498173
6500088
6498268
6497904
6501565
6498524
6498110
6498211
6497194
6497659
6502177
6499685
6497561
6498842
6500172
6501409
6498756
6497961
6500930
6501808
6498925
6501501
6497700
6502012
6497991
6497863
6501495
6501689
6503094
6498679
6501913
6502300
6502194
6501625
6499116
6501324
6501765
6498745
6501344
6501178
6498998
6501582
6498062
6498347
6498057
6497909
6502193
6500301
6498885
6498653
6502169
6501877
6498750
6499278
6500263
6500165
6499302
6500212
6501286
6501597
6502026
6498086
6498982
6501208
6498854
6500434
6501697
6498174
6502181
6498878
6501807
6497364
6498590
6501698
6500722
6498754
6502345
6501543
6499096
6499898
6501173
6503190
6498426
6498729
6499420
6500585
6501545
6497971
6501285
6499210
6501438
6498911
6501241
6500512
6498251
6498209
6498075
6499336
6500753
6501901
6500972
6501716
6501755
6499363
6498691
6500758
6496989
6501815
6497925
6498302
6497721
6499719
6497065
6498662
6498382
6497430
6500192
6499475
6499491
6502312
6502627
6498541
6498608
6502393
6497966
6501782
6501122
6498003
6497406
6497951
6500960
6498155
6498310
6502379
6498689
6499932
6497348
6501504
6500947
6502032
6497872
6498317
6501148
6502659
6498076
6502829
6501350
6498531
6502218
6500992
6499320
6498539
6500765
6499895
6501505
6502918
6502101
6501540
6500306
6498545
6498503
6501760
6500686
6498818
6501740
6497513
6501364
6497915
6501676
6502571
6497835
6500354
6501124
6498596
6499856
6499529
6501979
6500759
6499067
6501767
6498838
6502264
6502102
6498049
6500457
6497412
6501810
6501254
6501217
6498372
6497519
6501265
6497827
6498700
6501179
6502070
6498223
6498730
6498839
6501839
6501340
6502178
6498244
6500830
6498657
6498446
6500742
6498510
6501430
6497877
6499161
6499279
6499838
6500842
6497719
6498160
6498188
6501666
6500283
6498337
6499643
6498208
6502127
6500184
6501634
6500969
6497631
6502170
6501876
6502038
6498270
6502775
6500855
6499542
6499568
6498740
6498319
6499202
6499221
6497853
6500083
6498488
6498891
6500974
6497786
6501098
6498007
6498463
6501410
6497947
6501007
6498218
6498725
6502702
6501307
6501855
6501446
6500395
6497661
6498748
6502328
6498216
6498709
6498934
6500803
6497805
6498759
6498788
6498471
6497762
6502243
6498269
6501312
6498490
6499448
6502391
6499497
6501661
6499658
6498966
6501923
6499197
6499910
6501618
6497366
6501087
6501368
6502076
6501977
6501346
6502382
6498327
6499519
6499020
6498180
6502625
6500003
6500316
6502262
6500397
6497322
6498604
6497392
6501117
6499022
6500452
6501695
6499412
6498852
6501961
6498827
6499506
6498046
6502799
6498879
6503297
6501952
6498312
6498306
6501236
6498037
6501287
6499123
6498603
6498991
6498096
6498346
6501494
6497870
6497490
6500107
6497942
6498056
6497503
6498526
6497064
6501671
6501571
6501393
6499048
6500819
6497944
6497604
6501786
6501133
6501837
6502512
6497562
6501910
6501924
6500867
6498874
6498542
6498533
6503404
6501717
6501382
6502306
6498576
6498508
6502206
6498984
6502049
6497723
6497607
6502224
6501530
6497213
6500548
6498045
6498307
6501793
6500964
6497702
6498523
6500579
6498516
6497825
6498266
6503255
6498063
6501032
6499108
6500653
6501468
6497964
6497746
6501261
6501895
6497739
6498469
6501657
6498486
6501790
6501578
6501149
6497439
6499387
6498928
6502542
6497950
6500893
6498039
6501168
6498358
6498219
6503304
6502838
6502309
6501356
6498564
6503032
6501623
6498436
6501461
6498768
6500663
6502231
6502158
6499588
6501595
6502375
6498448
6498696
6498986
6498478
6502770
6501339
6500786
6502338
6501405
6497485
6497924
6496628
6497980
6498770
6498305
6498779
6501663
6501702
6501199
6501112
6498493
6498732
6501456
6503107
6501183
6498607
6497817
6498156
6498217
6501770
6502547
6498304
6499410
6498821
6498573
6497992
6497785
6497526
6498377
6501484
6497491
6499467
6501620
6501580
6498477
6498834
6497917
6499460
6501447
6497589
6500456
6496297
6499072
6501239
6502072
6498239
6497852
6498283
6498324
6498322
6498548
6497843
6501403
6498703
6498146
6500971
6498819
6497599
6497624
6502159
6502443
6498184
6498954
6499355
6501992
6501672
6497328
6498228
6502249
6502578
6501635
6501388
6501897
6497691
6501647
6498566
6497958
6500145
6498437
6498571
6500935
6498040
6499064
6498599
6502015
6500393
6502445
6498674
6497981
6498425
6501303
6498708
6499764
6498504
6501642
6501476
6498936
6502658
6498955
6501534
6498067
6498681
6502696
6500589
6500931
6499841
6498680
6497784
6502017
6499177
6498262
6503084
6501706
6501878
6501883
6498665
6500634
6502153
6499726
6497928
6502135
6498418
6501659
6499911
6501449
6502131
6502013
6501454
6501736
6497833
6499061
6498381
6501629
6496903
6500838
6502943
6501874
6501055
6502198
6502071
6497897
6501238
6497302
6498567
6501756
6498974
6502697
6501367
6499462
6502054
6497882
6498263
6499094
6502428
6501042
6497517
6501859
6501899
6498006
