9060411
10375573
8847841
2969854
4799486
12639763
7615516
3660816
10126614
1351797
8897740
6741719
3473890
10902337
1301777
12379635
9496895
11897873
11280330
7428189
3962292
764222
3270021
12486538
9405891
1430723
11867778
5361235
8069027
3305212
7804580
1903818
6675185
7328646
296662
10241249
6252282
5740032
11157436
11848865
25600
10785803
1115105
5420610
10687452
5404101
1235216
12189181
9584530
7514283
10535761
1364420
4533290
556638
8756686
1206498
10302362
3995203
5726494
2425701
9168428
10275034
2886826
4295435
11750769
11401317
5559043
10198487
5547776
12513513
6173258
5336777
12521933
4704954
7525985
8001736
12475703
2133522
10326509
4619757
11231746
10259010
8212383
12360530
3423436
2443709
12298862
11165894
2706835
8227466
10474161
5732230
7904766
7978761
11982262
1537834
90259
3899009
5198733
5665614
12860858
2198696
161054
6209571
3358358
3290901
10041509
10664400
7963243
5461395
11512529
553801
5831933
6914030
4093667
4441107
12829244
1025320
12022284
5177265
6251637
9868821
9896366
5061791
2037119
9676556
6689302
6151565
747258
4595350
2482655
11007176
12730671
2666159
4924046
1902134
7978274
3947933
1963113
3938740
6558842
5265195
9912521
6806179
11559227
10430862
3787973
10665595
10736146
7601604
1390918
242151
4913177
4597470
6858825
6851198
7980405
2679682
9119108
5046979
827064
9920293
10005881
4604326
1279698
12106378
5460859
1617052
7187094
3842281
8962865
6390800
4391664
4993744
7443845
4213151
2444432
4965560
8723773
1631560
11638142
5417712
10845696
7161830
164127
2683081
10584285
3670601
315370
1051447
6597455
7383175
9704313
4929375
701918
287786
834228
2029053
12096000
11312950
11942567
1320610
12088088
1644474
10548683
11993672
8797149
6267442
12410470
3974220
400173
10841877
3919047
8962347
2802519
323283
6672788
5470148
6191159
12776490
5260694
5143914
5026920
10164937
2735089
740446
12110513
3545147
9549742
2648749
30059
2003290
3433419
2763710
2165905
5380526
3744004
3320308
31549
2330077
4978497
4865468
4955543
6471586
3452038
386319
11137427
4996087
10105904
3805515
4626803
8096838
5148772
11651209
3995473
10547133
3977512
7727313
8631654
7254429
8025587
12327677
12720924
3237618
9890237
9938251
2405219
10452189
3737573
200977
10089304
1042220
5365559
2110157
9693335
8180100
5129327
15460
9894518
2425568
2528178
1132035
11657037
10573883
2368346
12997660
12258433
3111587
1146842
3000892
6119688
4650571
8686314
3703116
10795923
533678
562744
4378507
5877902
7256999
12301908
11845399
5709396
11961689
16905
8886439
10871574
12517272
3663446
6859087
9293659
12405931
5258353
1200894
12805944
6511738
220829
9523209
5906595
7382516
10582673
4220758
8541035
7236033
12024949
4542962
9194113
6964157
5311336
11546439
1509414
5590139
3101579
8428080
2258850
12986551
12462982
11851493
2306546
7669138
12558354
9679200
9645103
5160454
1680561
11095220
10277308
11983042
5720703
11642256
10311357
8606247
2811445
8751968
12100550
10795562
311844
11295404
4752933
3559811
12523096
12433100
9722093
6251777
12201491
276443
10950035
10742924
9733150
2394491
9471598
6975
4954719
1512948
3629952
1277275
9497201
2637565
10021663
2388153
12665987
3271261
12309769
11356371
87543
3002313
7775442
10702031
6071563
12872875
4565445
7429573
8539965
119209
10675737
9201606
3635206
6572865
853703
5636619
8511411
8823748
9158817
3839458
12332469
12999743
1181581
1768134
9872975
8432401
6975104
7484236
4108866
5688042
4831696
7170239
6300841
6704101
6354908
8432373
11045250
558501
9373733
10368848
1678007
1153339
3794420
8596306
2582067
7419320
4690619
2703401
228143
7709673
8354799
5891399
11324599
8267649
10370626
284955
4070250
10877626
3502137
11025456
11410420
10727465
1348991
5689677
1669308
9348714
12918371
5627833
60894
11914369
6922591
6434515
1156130
12085707
7561240
5982090
12252164
5769300
12959363
11963502
4836038
8505002
9049121
4920814
7198156
9396360
5775215
5024676
2972121
11327260
4052593
10130026
6768343
8784932
11937554
9554020
1906528
4697845
840444
10543564
12739581
8643987
6706247
1839333
8764738
8221684
11617889
4367246
4325971
6097881
5224847
9561567
4360395
9077065
8230829
1343746
12271012
1939335
2504838
5530034
12362048
10457617
11541743
6013013
9228174
4408102
9396073
10223657
4158499
9339407
992709
8082465
3256180
5778115
504675
4843772
3340947
9005352
4559076
3310296
9336721
3419323
12829672
11504435
1947182
4623634
10703219
9195247
1792627
7099638
12595788
459041
11256614
1451000
1519125
9389540
5599189
5682792
11529964
7012646
8472006
825648
8249056
3545693
11696103
8965159
10154285
4784269
590381
2924048
8000327
5915721
7663872
4782890
9890765
9572103
3408028
741319
5664038
587257
7805411
10731082
383548
3085150
5733369
966929
9291461
6199335
4229400
6453324
3905132
9417952
2283170
11111063
2003772
6031816
9472093
5619454
6610026
5061629
325762
3450806
2086850
12578283
11521333
11545236
2968916
12311009
5469405
9817134
9652196
11752647
741810
4462367
721952
12807507
10051568
12507601
12730492
11519937
1239403
969518
11723398
9415524
12335722
1402514
6171036
7688486
11562169
9834600
4226990
11438159
7559254
7598860
10073236
8390301
9709721
2390568
4132848
11280985
12583267
9186636
704089
10450204
6482871
4125426
1128558
8106267
12179420
2587610
11372037
2049024
8363795
722900
10179922
7833507
1950418
11815348
12035873
489668
6708317
5498196
4194367
9005626
3984792
1781202
12037392
5215066
8239776
891744
9394179
9958627
3370439
2219353
2611437
10940149
6086403
11805655
1970345
7825542
4784842
11106818
2217999
4203936
41745
8641498
8007191
5556155
1939195
1306002
8421743
12577129
4497983
10273722
3782364
1776592
7913818
5640492
9011633
8602777
5705924
421514
3896990
5606693
6569331
1684694
8914487
6699865
523461
10358954
6447687
12390286
12215677
5660858
7719984
12889046
2834593
10823711
4306212
3614381
7325971
1174185
10083272
492566
11023001
10657364
3360104
5999115
11671096
5538227
2261771
7684376
9182105
12839136
8687036
553876
5650964
11119825
1809609
11763122
7787541
11627293
818874
2808313
6266017
10918399
9891782
8018340
1243760
9658223
7788167
11313195
9245284
11893755
708921
1870547
11759097
9723769
9450335
9781383
9107704
6224445
6677460
8301994
1724443
844723
4827629
12377840
6089296
5603330
2581320
2795511
4052034
8805346
7615142
11581622
9110963
12384987
12255650
9279002
6826817
8003932
6964236
6712658
11899701
10561039
1531251
4070900
10042544
7826415
8922130
7206825
4442086
12897570
4644715
3927031
4418440
9817866
4737497
3660895
621644
9787818
1978861
8880137
8713754
7293780
7288039
8828287
8803917
5342963
211951
11359377
11848575
12072614
1131756
7368375
12246029
8003590
7366631
10806807
5096691
349951
6657621
929237
1891776
6436324
11221823
2227438
12290224
12358047
6333501
11432209
434954
7377344
10746188
2051858
10323396
2432506
4295046
6984589
1805926
1921331
7096268
7816154
1644250
199081
9493536
7903018
3402
12128046
3450109
3605563
4695954
8043247
5834386
675231
11995561
8713349
8320914
586375
5523542
9327478
1237828
9030521
9848340
5638900
2761408
7681339
10572489
965938
3700967
3938183
7371033
4140269
4847809
4015071
3117945
9568680
1745533
7717978
11228991
8599738
11104560
10875489
7046589
12545918
2779917
11284426
11993878
9144126
5154195
12234404
4462878
12689393
650260
12416027
6722541
9766851
3674031
12438071
8559813
10664161
5086610
10868121
9402356
7356655
5121787
11635859
3505632
1008585
12341328
10816018
1477995
1690132
8450240
8946134
12273058
5096062
12633006
778553
7956464
7869201
1942261
3047176
4763533
7935335
9029759
3979419
2353428
8853387
818549
4624056
5952264
759464
6124785
9052048
12613554
4929997
3014721
9995270
11268005
5569714
7034778
3126475
8071954
1851479
884536
3467754
12829948
11802339
2939078
1708553
9327104
367480
5995139
9280105
10115554
846095
12314997
12158936
8253757
3207144
9687437
2786493
11720473
2345916
6974826
1331183
1071324
5488413
6063502
1505240
7162496
7022176
3886687
2384817
2396453
7944704
12286963
3555651
6874999
12238984
10008817
768484
232213
172728
4581006
11314618
6377623
2302960
4141166
842484
11288453
8037249
995845
1204239
4102755
4237120
6284131
3581487
3734391
11740379
7549893
9125805
11508091
5137163
12126910
6739766
3575443
1072173
6442822
759908
2321512
2039533
3954857
957830
11161662
5549850
11889603
7608431
9452546
2620695
11675644
3798066
7439880
12310054
237983
946339
9255981
7187983
10323817
11861257
3238999
3128097
6916999
6435370
7522169
10972124
7949898
7167260
4134392
5316140
6378381
6569776
5174037
12527483
6424855
12073468
8290266
1863603
1350603
12904651
6738864
4160647
8186882
9749480
3278625
4939796
6881919
10027125
6394751
4342833
3638209
4267045
5855696
3001176
2868504
7648356
12015725
6887836
663768
10643727
11673725
7762582
12443427
5616876
11956165
5241586
7847700
10083155
10231203
12462571
3371754
4664564
8888748
9626998
9144652
8138460
12706798
6535891
886755
11494695
12319045
11745433
390250
7858181
4119776
6504803
4315615
8646985
9175861
10865508
11914382
12699068
369049
3152093
10985653
603564
6340897
166701
12537760
4284654
12121562
10483498
3978571
4407627
3480023
1250306
7435230
12330035
559449
394023
10842942
8148397
3053931
10150992
11555526
67147
10167145
11158084
6971094
517292
1819976
2200603
2038308
7230109
12288006
3630851
7864463
8992404
10100093
7271533
9567172
8995683
2705829
7581410
4166795
8044839
6986890
1743962
109761
5749679
6747821
10759271
2027629
3881811
1399193
4303990
3124666
12156929
1938499
788269
9154675
4052760
4295879
5167707
5855430
11681558
3424453
4057158
9517214
4953744
12436508
4019622
11884554
12427018
12555188
11247720
1309155
6176984
5717590
2162572
2403917
3161746
5057618
5538239
253462
9178033
3028706
10036977
5350162
4438369
2737454
10782912
1989230
704275
2370825
2900118
8552599
12737117
2180428
5282919
4600181
2569703
3900158
4126154
7685140
324329
4763132
8822670
1263558
4023322
3420653
134269
5425636
72841
1303425
879751
9518293
7151248
11728340
3929031
5150826
1421530
9386851
1740038
7297897
8027000
3039177
4055383
6387295
3365172
12415195
8036233
11337031
11808249
12984181
9802456
1291731
6471052
548816
12856863
4281022
11162869
8613072
8811298
12040193
1828736
8926694
9547080
7073026
2529327
11568644
10628049
9176050
4540876
491665
5990756
6756605
6607444
4137296
8223777
12198289
6881163
10771824
5216614
11593344
8621849
4884127
11761291
7575481
3909202
5324033
2704462
6746279
2049598
6433114
11199032
11237882
8718345
10180943
7775510
4281347
6121045
3877890
1688404
2171585
11303843
4102707
10722235
9369766
3287245
5164341
10244035
1601411
8466470
6949413
7931381
8832689
7654989
12051869
8638832
5704357
8374289
2676486
12237784
9749051
6141500
3650339
6813765
12615722
8475072
8064389
9515278
11997874
6995001
6032249
2057138
10781322
2728006
11506554
3765083
3536072
9634605
8617839
1128111
2518413
4032773
3596629
4991709
7934042
6578172
7485126
4708724
12433771
2923298
12388770
3908443
5142441
10461756
10859970
448957
5991638
10656902
3409887
6740310
5623869
9268354
6640076
9758565
8521888
7478382
11848967
12125935
12044404
5040668
6957477
4722348
1315009
8918948
11771071
5319982
4094150
3525750
10913473
983911
8923668
11139278
10708818
5739240
10076353
6563735
2347301
922915
9715253
3693300
1296544
12211560
10349936
4050916
538791
558963
7407609
12028192
206351
5659499
6052160
12120437
3360469
10513483
2525024
9931645
2631809
7039703
8682417
8519825
9065095
8902423
2396436
12849004
10719897
758868
8217158
9129775
5530158
12296399
3212322
4372067
7235982
7691740
8993007
1523015
10542784
11093349
453142
10971263
1675054
9051105
6143822
3792568
8036382
680272
5876398
2233405
7712861
11909669
8595479
11336217
3241610
11510907
4524235
4414360
8046261
9433691
8343046
3623192
10975948
7738386
9775729
9695514
5718702
2526406
2427778
9994650
4902366
8492494
2934062
7486953
5952295
6470352
4675611
7218292
11894216
8549243
6888528
5558127
1622291
3957128
5479646
9260792
935648
7590984
8018490
6311010
2350314
2557678
12656565
1980645
12952527
10933568
4996547
8504126
10661664
2690495
12603238
9722814
12036793
7546012
11163224
9701963
5850601
1757008
195136
1343491
1539795
657799
2799926
9905260
8658550
12692863
8634181
8604043
12319112
5703068
12545436
11108253
11877981
6615162
9003051
347500
5217325
8822990
3130263
9344904
11754693
3400020
56826
9930076
8050359
5555295
10393033
4766286
1016631
9075868
1584268
1961365
5048236
9771103
11926236
1072871
12553772
4370971
12397895
12791427
11910241
3745008
7761919
3333721
10122503
8239782
4709180
11551536
6442995
6830987
10309490
11109256
8376262
12831227
11547610
3964158
11921280
12256666
11206328
1076273
2175502
9221349
10061958
8703210
9766813
12350751
2074625
4413556
727281
10623299
2592123
11216365
5049403
4612083
1573540
6684986
9899685
4648006
11721617
3677624
175475
5325641
8764879
9158500
10339658
10953057
11206885
696875
4250260
3764983
2559570
313860
7731818
3496570
11822063
4440223
9284084
7195036
2283653
2533590
1136437
9830560
10627688
8764138
3364898
11244745
8547229
4388448
6154490
4090220
5875922
8538691
5604964
12402300
12243184
11639496
5352462
5429269
5064557
3235797
5782386
7319694
2312711
111966
2270970
6387039
2276406
7731553
5645957
5713143
3193846
11240865
9945324
10904275
4899411
5893336
6647783
244383
2681893
12354261
12071206
7469395
11147327
10720168
1366838
9675420
6130481
5677164
2826764
6728007
7214794
9122612
5188498
2791403
1873349
4160138
2576678
12758258
4485110
1722845
12049296
8610790
9584716
1125085
9045942
2055179
5899010
8287317
8453544
7382565
2824001
3827957
1664710
7340387
4097852
6768447
7795903
3647191
12857332
8705500
7210631
8463608
10710056
12734984
12283650
5550949
1685876
1118610
5824333
12271257
2363483
6670532
7587603
8361622
7910305
6257019
10858721
3419244
10100606
9782937
4040990
4412853
3570539
3029557
1205084
5349392
12055976
4305783
9056386
6168444
4006652
8352064
1858289
9266584
326340
6690595
4316893
9188184
6618136
12882351
2913958
12142902
6180975
12953586
12824971
326732
12071928
2630136
6458678
1476896
2843895
1274553
8550884
4857461
3790541
4049525
2488951
12587726
9381858
4273464
5826910
2605936
5256674
8193736
9928802
6531725
2215965
11830088
8177191
11202481
12364288
7927868
1495339
5435654
1202668
10268562
10395467
7324460
5669678
3327185
1025242
8836790
11536279
399299
4099784
8071671
4328152
11882395
1082182
10947097
12116103
7519333
5445451
4925193
3573132
3290654
12490264
3172466
5113231
12824780
11054496
10191019
1703927
11832773
7643307
8522186
8823464
6707815
10801490
4027032
6657658
5700427
10562418
4644912
7735520
2938568
5090666
8893454
497189
11789414
9756600
6679216
11826240
10238487
11295760
8441146
8867070
5277409
4541824
5034159
12115913
6052340
8726052
1441473
9193137
11009127
5074882
10970104
6715529
3560212
12187957
8937966
9151830
6614149
10704002
2813623
173564
3513951
3658342
2595844
12556396
3894334
3649231
7206130
4772198
1586548
903372
308726
1496361
3920976
2178286
3101851
8841660
8222983
2482827
5460956
8935767
2759265
8433890
468503
5243647
6646749
1348427
7014786
4451423
8644317
6657526
697145
1966212
1609408
2256367
10710234
4106405
4596041
516374
10784065
1737748
10978952
3437952
10267961
11044880
638875
11169525
1574271
7963106
10344261
10435749
5348684
3122838
11912011
2277115
9478303
7694767
12466809
4297838
8117964
1349094
1282688
12522622
6568207
812623
9467199
1814499
3968626
851800
10655100
11423495
12919407
4642393
7791088
11579550
852337
219219
3724135
1520773
8062335
12616112
304197
1976523
7167926
3644507
3502484
9836704
3038863
5319887
7955614
2324840
4241648
2429125
139691
10443392
9567950
2049219
10851828
6428426
4099466
11496049
1766295
12475335
12618851
3239429
1751132
7081179
2095317
11883019
10876493
7270954
1444886
7115730
11928811
9407899
9401535
4857866
758479
11913180
12590357
10835057
990723
11869003
2143838
8966045
6456081
461557
2102980
4841964
568967
2820619
9119687
10947932
4935425
2854741
8922584
256712
1771401
11983097
9345815
9568211
739265
396870
10201447
8467203
683959
12833000
3333490
884286
562451
6892964
3053787
12733311
6633167
2512167
5791700
6385223
2031329
3071115
9754875
5324709
8594067
5015947
3949878
1476417
9161733
1922914
7798039
12539023
9247305
12600466
10081959
1275611
287562
4585332
7588590
3584383
2951676
8761969
5163617
3646391
2836129
7435351
8624302
5750879
6717541
9421515
11468777
8300431
4386994
10529529
8330367
6628902
10105476
4384920
6953999
7078254
1086096
9179785
1317769
12868982
8235130
8054755
3438155
11799693
3455564
10333568
5732823
8325286
945398
8054820
11087616
6734628
2961567
12595007
4692545
7721531
10909911
9079339
399948
2725345
849835
8306538
2022156
8479636
3470655
6183567
664503
2465545
5981345
9563235
8020864
7631444
1631143
2885716
6768939
12699074
3083045
6385119
5525894
9548464
8055600
944656
11812382
10823297
556594
12683001
5226584
7427990
11273483
1828120
12163795
5485317
9113966
3440643
2235973
10358343
7876990
6293454
5585090
11713730
1564729
9612360
12911950
3521466
11122474
1497296
6016210
2006888
9561427
7323140
6326192
5820441
1060723
4569153
9920972
1322498
382671
11956604
5097822
2523976
10675769
7426676
134903
3874934
7821569
11076299
11529901
8836589
4516548
5633275
1747227
10323172
5339911
11438095
2908246
8600334
1197864
1007590
9103
8147008
8857535
4011375
4663424
11870855
2865401
12238888
5210210
10458942
5633857
11744588
4967575
817863
11522551
11675116
5329149
11814489
4795378
9395627
1179714
12423109
9472820
3951971
12013471
12813930
5501456
8057287
6267810
11968932
11046919
12317394
218182
8843100
7631582
12741149
5569026
8436464
10569330
9493941
11883317
115307
7776278
12689182
11437106
10874365
3800913
986165
5996902
2038157
9330592
7124483
3970310
2181065
1857626
1098142
9956268
2526145
6851529
11188897
8913948
8326612
3560466
12764599
9634790
2562120
11429076
341321
3743118
4443702
6939635
6872107
9696693
5744126
6731680
12999237
9749889
262100
10360424
11229702
12199996
12424266
8476582
10137219
11419836
8654490
4054365
184343
4309528
12789854
7150285
10941155
5874704
3662968
8708079
6565636
5805447
12969945
8922023
4948764
2571557
4014824
6868949
6966202
12486971
4151270
6166544
2087647
5805449
9366545
4057336
4791949
3801999
1063484
3393296
6558683
10449634
983587
6820103
2355832
12821342
2756933
2225579
9148062
1459330
5066805
5725881
12559280
10815442
3147462
11817968
12793158
7026842
2560397
4065960
1148018
3645528
12303684
12641221
78314
6385821
1958516
1266644
5259427
11424431
9242832
6469397
7714926
278295
7501152
1185326
842318
9353090
1579879
7789353
8006799
9011930
8469043
12802563
4604620
6364573
7230170
6043531
8935017
10957040
12913466
11539530
747241
3119790
2398182
11172788
2151308
7653483
11471307
11653214
1803566
7583567
9310914
2413081
8119233
12371626
3019418
6226252
3369789
8791994
3467908
5649780
7784251
2479628
2875796
8989369
7541733
2150218
7778676
6493601
7903539
2452933
2782666
1224523
672234
9326315
2389386
10485349
4846700
12234563
9808178
6807737
3640224
9992484
1078174
12325645
8175485
762681
11178348
2096745
10925109
12823380
1948161
8003929
4184637
10946603
9519892
9186071
12886476
4064347
1069116
2370203
11275617
7480693
4068564
11796999
1263761
12127933
12060173
2845680
2801564
8234325
1411953
10302306
10266233
517928
10241500
238980
10600469
2222682
10991825
820919
11678319
5124555
4382629
5919522
12803079
1334966
2737688
11274765
7030249
9830554
8674876
10237493
9304208
3235518
12715983
5619300
3666643
3735837
2147104
4323569
7425961
6829880
3500425
7062835
5382103
4397843
4313899
765132
10310999
10405619
8796466
1024306
2408613
10981241
11772532
555172
83365
12374126
11643924
2795486
6750803
1465186
3594054
9659538
8327721
6232560
8699638
12633750
4878074
4965845
12128156
4364335
5686699
12495358
286600
7796194
6120232
8882718
3597824
9049421
10725926
8252326
8846456
7233466
12697177
5979732
10916378
9958348
8145257
2399995
755807
4952355
6860220
6494251
11156902
6314628
10382484
5766160
5993473
11617969
9719703
2819125
2459110
6711954
12046417
9661223
5471537
1964980
7445061
5560435
11790395
12553788
10176747
6354155
378393
12324859
8640915
6099029
5028821
7242878
11121083
11414188
9235803
12096552
2812022
437407
3269731
11372177
3211470
5655474
2816278
3597102
12836746
9206578
11423824
980871
12043138
3413421
2792585
6389516
1836758
2398289
2290084
9484619
4648639
10991793
9214038
1094769
11420139
12089224
12995440
11396920
265177
6210474
9418030
2395648
12885795
598764
11476371
9045165
4158377
10193583
10410998
3805944
7923433
7351295
7870027
12969574
2804098
8383480
5836812
9988751
9933231
8821883
9844454
3169065
5676876
2055546
4903094
8957980
7232850
9426393
6337142
1387286
3084765
7487507
12649745
8858551
9608998
9760315
3273836
3982698
11716717
9236048
5925286
4932363
5806551
10219930
9946492
388701
11419743
3416306
7821974
9127108
5397605
2916333
6200975
274917
3625074
9888634
4676181
3954654
4355836
4184793
6752036
2526121
1888255
11896797
2122094
4753453
9596539
1465172
8370380
10958168
7153917
3091337
6175285
5543895
8401066
6043589
5122426
11365855
12528567
1222802
6177168
8893145
3541872
3409684
8468354
12014992
10758770
10576555
7984302
311037
5173446
9105589
8860267
11338463
3913179
1108928
8375250
1627745
1870540
12890308
12044271
7149452
10776279
12885236
357044
3342031
7247136
11836842
12813550
6917597
10962167
6127231
6986076
126044
557670
3643583
5336069
3386309
64847
12136259
12025995
8062460
9206665
2986558
10969463
12764613
4287801
3628178
12589902
1300629
2348601
6680670
2661388
6779560
8825667
5273290
1202463
7875623
341764
12297470
4067245
8115307
12578327
10766760
12408743
7541885
7286140
9153534
10265075
11321992
8129602
4070978
4387561
7185235
11948912
6368480
5163157
12430528
1861721
12383293
12522496
9501666
80487
12912589
10579199
1222372
320539
5791679
2630449
9038892
7872911
6875026
4784422
9681439
1657420
8007664
7017231
9832605
6347068
6173681
6590103
8852434
1991316
340182
6240477
10898424
4503295
1096370
6243053
8508306
4146439
3184197
10141069
5878983
8886578
9887378
10092215
9259322
2619258
3430897
4452615
9601792
2028971
6672729
3235622
4067837
7882070
11041613
2554079
5601315
11349236
3151715
4512354
6604977
3473160
5126427
9537199
9369903
12251669
3096614
1316697
6277305
10920278
11304892
11012195
7854870
6829288
1176857
2455860
4033998
1353669
9426278
11485053
2906852
4373249
9272852
2336506
9568097
4007265
9472555
5054790
8120727
11748321
5958232
9984663
11669984
5812835
1181280
4385272
2615760
10737010
5699230
7761257
6960323
12645354
9412084
8674946
9450281
12664117
3662037
3275495
9388550
8774739
8153318
5809314
7878906
12874368
6716408
5908455
2122787
4002788
6809903
2033658
205894
8145718
6320499
12835691
9659907
5832367
9746172
5875533
8700683
11403765
11896590
7710099
8380943
5283151
9692816
3255750
10474613
3085522
3133582
1321413
2226335
11665882
4652318
1415310
2983636
9986334
11166168
10863417
7329022
1450023
11887039
1877976
6550637
10826517
11127537
9794661
5610524
2086675
6611896
9008899
7246790
9470933
6523968
5832643
12472020
628939
7497673
5568639
8391364
5183701
2597909
3774195
10404475
9833856
2798390
10236034
11140438
11746362
6454603
2903008
6729078
8946995
5340510
9964746
5286270
10359215
8887402
3433005
11172920
5098283
4936647
8324672
8838262
6843534
6546428
5085922
6085606
3272731
6745725
6545150
6227828
422880
10254708
406097
7583317
5703963
2576196
12910604
7087851
11782683
10364126
1622544
6808619
8685400
4328686
10253822
3811353
470480
9403607
486703
12821688
5932039
2662580
2973144
9221880
292616
2762319
3486766
12571097
4740982
11427697
2760266
359579
3359110
11061510
3305030
10176240
61582
5845790
839087
5431326
11358531
12826095
3380262
2135751
6408631
8773655
4350750
7726395
554438
8644607
6394868
6673626
11993876
772968
2075072
8361453
2514960
6144987
9991266
11393115
731429
8576418
6931670
7991526
7943496
4152434
1739476
9285854
8882400
4520676
2108195
12222877
434780
10339551
8371229
11346331
8561607
3213897
12785005
711361
2710148
10715632
1966303
8722511
371747
5994195
8393341
10119135
10894235
9979377
3099065
6765084
9686207
8765875
6636885
5704168
4850698
2792936
21594
6064309
394651
1360662
459687
9582353
9458844
184988
2510989
5946141
3109151
8512120
2686418
4132457
8017838
2056568
9400649
365238
4677294
9341989
3959575
11963267
12149881
10891267
5265263
8382178
207981
4914168
5413198
12282985
3417021
8467267
684358
1795778
7072897
1979383
7116652
9649943
2410066
3023700
5536456
5472867
8632800
8549077
9591488
8118709
1380665
5304670
12517584
7526496
10249021
1115915
516739
6899181
2444699
3690880
4873841
8684948
10182950
8830552
7477351
133027
7810669
5697997
10176647
7416624
10470892
2361800
4061795
4140461
7562429
1398495
8516751
3315938
931127
10327990
6500314
5237042
6890596
358698
10169459
7159773
12415437
4594810
1287227
8754022
4828007
6511024
10525644
231486
2190088
12681477
1370732
10763359
8858113
9776471
2234750
4456711
12964743
3381821
5835829
838754
2361169
87488
10413781
12768616
2874267
5017736
2992234
393545
12312938
11396311
7648598
11238721
1181402
6438525
5028384
11222916
2915601
7530108
7874609
2157740
6185864
2455667
8021548
6317097
6328697
4713605
4373343
318698
6374741
7520649
5402152
3610195
5183496
4275529
1804025
4320859
3810468
3351714
7678770
9833398
3591545
9590676
6835895
12787827
493568
9763574
1108724
6142749
750791
3107188
6392952
6143844
4608641
6155218
7098925
9200989
11080618
2212257
6258643
11013686
8932477
5496285
2355155
4010894
9135322
1783018
6394914
6970628
441441
3750781
1545175
3593022
11150297
1530863
644088
5609967
1505182
4142163
2325247
6648866
6792089
3524525
10118520
3856309
2166830
10611567
5286492
807227
1739486
10806649
4901500
3692761
8078247
474869
9102254
6751283
1025787
11174758
5455731
8760883
463492
10023498
10537053
5702722
4321958
5045185
4230220
236888
2242415
699127
12542045
345319
5134731
3832112
1133670
9728295
10754339
7209536
7798512
10739667
1489192
11060798
7966214
4499991
10314063
8426028
1281671
698943
11890849
3364590
3602075
4971617
5104336
11725836
6031174
9142705
5305582
1778530
348163
8084967
9987138
10102676
6609099
12341410
12621902
463549
12828342
2524512
12223922
1469032
10981569
7087169
151605
8713541
5934808
6532952
3684721
10685376
10036085
5053793
5967226
1129384
6662356
10480216
969790
9201608
6615836
5505105
10523892
9532353
7212975
8121265
5859179
10606067
8485231
7516946
4448403
1377772
6590825
10353348
5873956
10003135
9267862
9239210
11558107
1200561
12566376
4223504
3456700
9672271
5195118
4068824
2122322
8889644
4484383
2286590
8107628
10917605
3647145
8450525
8875500
3772442
5005432
6374832
3431006
11942821
3238103
2939650
7315409
3793657
10600450
9681480
1513466
264083
9011700
6681291
5590573
10927792
2907278
4402507
9910929
9676201
11216976
7120350
9224396
12655829
4119448
9913446
9909166
9390669
5193013
6553412
7439971
978759
8919469
1696840
6441287
1421399
4558984
3407044
8009188
7799191
6990048
4516309
8708370
2808824
426883
7889441
1008966
1273091
7278283
4758835
2222254
1159767
1010245
7685363
7772297
4684579
6484833
11743314
12511541
2270346
8631374
829235
11891068
4664955
6626217
1080676
4729129
9937545
1740091
6793378
4460148
10560222
9795407
12854897
8863779
12774064
12815036
9886739
7257252
10412312
12788627
6772378
8176532
3062332
1273951
4336584
6638279
251209
5701282
6546935
5747846
3966195
3533005
563728
7846950
1057947
12682582
1911298
2530371
4729551
6653797
4935800
584046
9932048
6410992
3420669
8602075
8751411
11751554
4831297
4687614
9500253
8089919
12874979
8410646
3824289
9149496
4698511
6308957
8176782
1022275
10067547
11916699
6295504
64248
9395673
3101284
189088
3503026
4307568
6186909
1180920
2939924
12177192
8125056
1671391
5798813
3098616
10668439
351020
7039792
5764536
5758378
3818030
4685911
1198532
10112659
3496391
11106883
1151900
2181276
6306766
7137481
4771238
7330901
6787203
11058688
1102436
9470547
3697538
431574
7167413
2783850
983657
9004330
8689140
9384114
3740533
7753684
9373708
4370801
10849303
10061896
6864686
7418593
8508952
5945127
6427300
3289196
1579306
5935654
851989
2753754
5339541
5738613
370961
11231267
10610561
10905464
7951272
9873334
7748063
1067507
5216918
12915087
10392244
9974664
8002895
5506500
1391757
12173918
2938463
3640784
3983548
10160785
1898471
10053818
9879379
3416986
5411687
8428931
7597271
3828592
11221857
4666780
11858035
4744833
9840051
9477249
7786710
903719
7223964
11658793
4115114
7136112
12880557
1195633
2573240
10144945
7292117
3875817
10663014
7902304
6731524
11961936
5066757
9421058
11530833
3276683
6903180
7385416
3491929
12286626
4233732
3118624
11105295
10254684
4226999
7752254
7561640
4301535
8661556
10276884
12359268
11596288
3873081
2855493
8347638
6846291
8622822
1940630
12041742
6274578
11290754
1363750
5093912
8243398
2910562
8810825
8798201
593754
5699621
11462521
12099134
12639134
10180423
9051666
10720219
12193855
133622
10121316
465530
8066871
12712177
8783144
4025327
11393974
4260079
10673871
12995380
877494
1693024
8031579
10719975
8442064
5550372
8965725
6048277
5602638
6588107
6401215
12792781
7008886
1719905
9887861
2852625
10945662
4591021
9685593
3199354
4124152
5279511
9869858
2442710
3087335
9405634
2584622
9869451
6842444
6111440
7053427
4815341
1530578
2959647
4389089
12699813
7780265
3742296
11363869
8943635
9286627
12132990
5327898
3064526
1162481
1342430
4500693
1953543
1617173
9333359
7869486
10311698
6522990
11999325
7521638
2797515
3355851
10182191
5119660
8148097
6109268
7910045
6146929
7540742
1012025
11309117
1060891
2590716
9269577
7916866
5937654
3201121
11384425
11106126
7168320
2219357
6319402
3428580
9964511
3232632
10284452
3050610
12533035
2622511
7753378
3491850
9211536
5847073
6754766
11289036
3379772
3907940
9923442
7724201
12027333
11944687
904851
11413385
6438353
364910
10388993
7177585
8431502
2360816
3412751
9336906
1731690
3156440
12161646
12079025
5810396
336729
12291531
3758715
11831965
9126764
6773144
6163344
3428115
7733403
7239765
424971
1428938
9476450
12029796
10951736
11788628
4506468
1621381
11168320
1155057
9509752
1518785
258034
9912809
9115798
9643833
3622561
12534188
3263880
2812572
2874639
4029670
4625619
6248894
5143576
12251232
10429367
5766711
3001022
11874940
2097570
6939416
9020259
10311566
3473616
10645201
12353625
10688740
7196919
8211362
5172433
5292752
506653
6498181
10027076
2350527
12416505
3543331
12984573
3464107
11892885
8498789
12356652
8493946
5898149
1764754
12924880
380534
3389988
10780832
2523787
11590342
9316780
10255985
4793863
8767937
10759127
8177542
10331798
7793354
1712760
9241509
9362287
4441974
4923375
4971286
8344885
12495313
2051988
7038428
11330288
6208464
3403795
6818998
8934826
3235231
9571077
4487864
4349824
6121232
7774240
27941
11002948
1149945
6774997
7928487
2780272
2888822
8559857
6697074
6436781
4526666
303053
3400809
5433361
2772031
4578793
2717564
9059488
11453520
2888796
8498834
8855444
9974066
6169653
9269440
11702337
5469667
10773173
913175
5872757
5726442
29346
8593356
3924352
7572493
1979057
8604538
7040674
4644572
7768775
9137594
12007880
2760340
6332327
11524961
12897760
10682793
3227433
6654670
6091603
10050821
11637276
1564671
258338
5758367
11091024
11779746
2323653
9093214
4181232
7002926
11289758
7800080
9458995
1407990
4782946
2083347
5428851
10886006
12084094
11389950
10747399
1643721
1296844
5716934
2737764
7812008
5645145
4454344
6819573
6736307
4188967
3971826
4913651
8969704
15779
7636014
3462754
7311488
11743146
9561542
2427448
6663608
5167618
12954812
8165364
2348338
10966548
8763282
4376248
10352092
727939
3877390
8644500
4809663
7260780
10335648
4475204
9128438
7538228
2128336
12951582
825209
3032534
10457487
1453972
9022367
3447916
9729024
502619
2549285
12788120
4599719
8270181
4739075
3415135
1480702
12387660
5019703
5381198
12514889
1651237
1480799
9333168
1531484
1792977
1874070
8022157
3094484
8038294
909794
7530926
1719895
7783107
7569582
8676702
5504070
6856156
12482747
3695341
7697841
2417107
286374
2026425
789386
12780812
8717890
7372854
1198110
6698418
10886409
1240581
11784751
5332659
4238508
10250708
12820072
5495848
12230045
1921923
6818386
10173751
9329888
23508
9642862
11770550
2157131
1949797
11763550
8106989
4997228
7022920
1706621
9933113
810166
2517740
1748597
11732043
6642833
12353912
6753781
2523218
2865643
3203613
3053382
4220929
7313971
8729847
11124393
9399999
5649759
5777616
3565710
1217953
12857660
11013302
6013594
12648813
394558
6535959
10277114
1259612
7528243
6273138
11632661
5310927
2400674
6912331
3923633
8396552
9406655
10139446
3019305
8241162
498781
7447335
9945385
12657841
2989346
3546245
10171698
9636487
11190875
11873637
958386
10056137
9763161
5589287
6958722
12445513
6518486
7814725
2914349
2424692
5337321
9826841
12374216
7258412
4445065
6143620
855986
6781294
11534928
10879251
3774268
5554456
8871851
1653504
550865
6549010
5542728
1589117
4382224
1401621
8745633
11803969
3103203
2761030
5781924
6666972
11441423
6021543
5012480
10209328
10664536
4342479
7465281
8481661
6040744
10624270
2349311
7095274
5033085
4892926
4000825
4667102
8098296
5389896
9202614
6689667
5477526
1008071
5309235
414295
12996641
9365829
3034861
4451203
10236131
9775314
7404531
3053957
1262583
5927292
12456937
3211064
6870150
11171195
12298831
8308331
3866363
12165645
8624481
8087046
5880370
1199092
11280022
7574050
12489794
9899658
2202081
11955359
12725741
11436249
12745908
9950421
3407880
5429954
7402017
1235796
5692120
11175163
8862316
7596915
3359002
7925484
7833417
8043695
10809873
6648947
11492710
5699151
9896626
9022761
12701302
12108567
1194518
2757705
8014257
4851960
11968486
9417759
1754876
10496251
11026269
8479928
6473117
12427454
12707967
9416110
8372633
12557054
12017779
3906664
7132382
12017958
4440496
3401255
8914202
1806320
12971335
6589749
3960631
8722621
3642730
1053158
8168563
714928
3911029
5753081
12739924
10033159
10660513
8583785
10842130
10450228
12487271
7034792
306460
1669241
6492422
7368537
10988052
5145671
12140758
10768701
7755651
3566646
3943736
10463652
9887258
10368022
8087230
12891092
9905081
5627435
8253293
12873961
5375882
1826452
8082959
4945650
11086975
10215918
10487166
2331939
2933967
5017768
3298864
2453174
8619952
2938317
8824184
2299352
10754992
3568820
7378670
436591
4842048
10746390
780509
1931146
11295224
7879575
11970592
10771733
5070941
6711596
1836038
12153251
7285411
3335677
10160845
12952813
10303472
3925475
2858694
8738576
11800833
322100
7983186
8635718
4732369
10973511
4977252
2736427
5996257
8227819
2400087
11825261
4552289
6258968
4871504
7583294
8765339
12195137
5530660
2891017
708855
443523
6973801
7295177
2163293
9546792
975601
6895131
5175383
995005
12653119
9615047
8755364
7033546
10307766
10922110
2234421
11378722
8726997
7101919
9515086
2970860
10575757
4403275
7101543
10561655
6767874
11623514
547933
5894351
6927435
12080706
5178263
3688208
10173484
10589257
4889682
11342687
12287311
12209367
9372743
5302690
918007
12130707
4625185
9427292
3376245
9730750
6314647
7644560
1841636
2095249
5675818
3206873
1579558
2748845
9679142
54992
9364136
6494914
7349858
5525934
12892705
1414760
9616920
2528863
2431863
682049
4117566
3416585
2338859
3568522
1886572
73060
12318705
3338740
7065230
5284815
1697573
12101002
5675495
9193159
4685587
4598886
5956835
9923099
4060887
7867130
3182366
10458540
4309174
1899278
1643238
2435847
11839819
555752
11027887
6137868
8868067
5036459
246810
12639576
2945371
684538
1851728
12880401
72073
6211843
12829649
11633210
12221694
5809098
7973634
9203877
7307290
3446609
2166353
6108235
7218517
7280761
2506097
8538190
5506619
3297882
11065053
11080038
9418303
11084660
6172231
12575383
2209940
7142009
9784010
9136479
3781566
2565300
7490672
10144473
5755282
10191145
2900033
6343161
4692865
9939466
5217630
2819550
12033519
12464758
3271371
10081022
11186115
5015816
5814122
4727131
3621801
3342712
2436084
11836016
6935427
4383218
6036842
12947502
3678094
1206517
7316304
11755049
11151661
12602430
3743582
10520181
7363436
7257405
9792559
9451914
5044259
7346889
11127619
7972630
12428019
9836879
6651360
3867790
750547
579440
3034339
3920821
12141928
4739498
6815042
364757
2584011
3834650
9790769
3932611
9841346
4123595
6636865
4547592
7733174
6056505
8359102
10894619
11937568
11322193
4045594
7566929
12242894
2447177
12092591
918720
10194765
2107800
9322502
5182993
1746385
49960
12019094
3537345
4891687
11372642
8751619
9146571
10362429
1087102
10009300
2141645
8920974
6609578
12992441
2087726
7083085
10768266
785766
2074540
471572
3316181
7934968
6712549
5304309
12310955
2653330
10596040
3814141
11679683
8810026
9516648
9061194
1291598
8058029
792565
12961135
765836
9858848
12767301
3474286
2404827
9466148
6819066
1671674
10787941
2449768
10018431
1631748
7306860
2643330
796121
5443848
3123490
4857350
8423376
6791035
12099241
12751193
4586265
10810624
11333450
9642921
5520834
4461018
7126
12032936
3681271
560678
9489550
10594464
395492
6609616
3591483
3373811
342413
9329291
1752705
6073313
7082261
1358995
7266384
974451
4498194
7154509
10138558
5835700
9445642
12595363
8817764
5899950
5216011
1585235
2075794
7734305
10150901
5875882
4263596
6259247
11091475
6097221
12642774
6449739
10018913
216260
4677882
4064388
64092
5511837
3011679
4193587
8210174
108685
6919486
1652560
8373579
1484092
563633
2102496
8231764
7726302
4425615
8922044
9533546
4307094
4593813
7149042
3469803
5398754
12081606
11878362
3969678
10723827
10906593
6606248
11042785
5522468
12222028
9367420
2561344
5938323
1655482
12437487
2396902
12183961
9080190
4240205
6965902
867386
9091232
4291440
2886990
3057343
5756911
9211073
1165254
9589896
12210472
1380394
7453008
9587899
5940893
715012
3083006
6624538
9126501
8986510
10899791
2901760
786497
3723910
3381060
12823244
8067748
10543478
7835209
10456389
4259364
12413813
1794450
10578571
7485754
8402356
5796848
2986088
2125658
6109565
4064581
1268005
2120048
8378086
4601409
2804511
2824736
3339443
5916071
10051704
194021
12772332
5782381
8547434
6367308
128324
3388025
10262476
4929755
5672696
5637011
4328717
3159915
257020
8959497
3344770
1038250
1815964
5276742
9718813
10456769
10693663
1944844
5578917
3105506
10634640
1466455
712700
7677271
12349409
2606078
6129372
6774583
10712679
7317269
11210809
7236503
11574983
12408860
6448929
6891988
12298013
4076677
11258741
11368348
3616113
5806578
10241714
4303070
450194
2936297
1822528
8160932
10084784
11101204
9606276
7154571
10082837
638085
6526679
9649570
8938088
6130359
1009160
7734602
3402055
6472801
1729585
11176405
10613454
1455107
3123325
2159406
6751159
8028556
2060478
7871838
1747231
5380264
2573449
10455349
5705792
4221726
8491627
667391
1852739
12177784
1997390
9649921
1334711
6752240
1616576
1372395
2383796
12898905
4826389
4333656
7554357
9242572
7559258
2136798
1369565
6570922
12685383
1610061
8502925
10025853
10333564
6302828
6999092
5671093
5781881
2435678
4806616
4734510
3605843
1485101
12567842
3626491
7023697
8061430
6919141
9046843
5798998
11248817
6874804
2191201
4148220
10471102
11835705
12264106
7018292
12730094
10791449
10360396
1007490
3105436
5700377
5627
6591341
5251201
9514066
11207590
6454652
7878673
5230310
10377800
3496532
7490795
7500371
12581669
1735768
6457308
4859795
9926367
8395533
7786815
1302279
453819
7630508
4298692
3209010
7443838
5899816
7188646
11972080
6257884
2408404
11538063
9584499
3373738
12164072
5757632
1701393
10900363
3736233
11261499
8285391
4282002
775253
5411374
2516458
8818705
12597144
10972899
11123723
4501255
7418584
9984772
11769037
2214515
646396
9653874
1095387
12816647
12208267
12311923
4996950
2428290
8789118
9967622
12104541
12002012
8848244
5259048
7570890
4279112
9848444
2257336
7222760
2041467
12965204
9176244
5411117
10894571
5376311
2051566
7756070
2360261
392808
6552463
3214823
5640661
7926645
6055218
3084897
2826028
10876135
1061871
4551009
4182457
11277675
650843
1016641
568911
6890042
1563066
983825
2736006
4319919
3701223
11080872
9919709
12177960
10778702
2781010
1939083
4969838
3008606
376565
7862184
11231829
1044094
12717962
3330952
9957381
187919
7413281
9406518
9636458
11405900
9563446
2442591
9408081
5968446
7786756
9499923
5695848
12363598
10528441
2829145
12208102
10109176
4719522
7611467
3467999
4739551
11570453
9221591
3972795
4063131
807571
1733635
9188043
1867394
10972452
10250176
7749617
781864
11377327
351312
11875695
7107467
8243065
7585951
2364394
4728999
6007051
1780415
8266256
8716977
868509
12460032
3852250
6713662
4257013
11238986
5627483
4719619
9961538
202813
10611073
12396409
1000574
5549731
4717649
10013490
1998526
5542093
1249983
4894885
2917819
3630804
3650004
6914786
8832194
10273329
9624920
8213782
12936860
9399276
4348196
12597580
4668502
1094205
8081309
112231
4204516
5928553
3344381
480698
3121348
6749467
465950
4142229
3119284
3568792
9933010
3251748
11245467
4626148
4842130
2071419
3594813
4675871
8551018
12994902
2448005
9540368
4488886
1197768
1876878
1589953
1376424
7490415
5771331
12816476
3955123
7668986
4913627
358650
9723280
5805812
8023544
1347538
7966868
9904272
4935520
499662
12758163
4969774
2970568
7132087
12393160
9890358
11007287
3172263
11849872
4690639
2410446
1595470
3795252
10041093
7388726
3307814
10562293
4568555
9795285
8058149
445892
6918501
9629417
7474845
7619319
250924
893131
644558
12203960
793993
924910
8944129
7903531
11591433
9757287
3838086
11507402
8069866
5709733
7749362
2464214
9865854
9250432
770694
5297794
5503455
1407759
1093045
2789507
7387637
11146608
7948763
6425406
879619
472905
2279689
6976290
11170662
3050823
10445411
10622483
7303546
2155427
5344939
995677
3035846
11688654
1142819
9272059
8687578
4046103
12466630
11991722
1994979
7615424
11563707
12402619
4004711
11740420
1842857
7612561
123294
340283
12511702
8137270
8181333
5540394
8506611
9166483
6452578
3245910
2384535
1873953
3063115
4743178
11399620
6403775
5578252
2266184
4071359
4363724
115963
5827119
5489863
4754042
11814846
11820265
6830541
3743242
5840065
1019772
7793997
10952936
3790009
4529644
2521979
7659844
11866040
9011037
1233401
534782
1867641
7962687
3102651
11338354
8153534
1902516
12081590
7003525
3757523
6647629
10117683
8707880
4161568
7317256
2057740
5115765
9904055
6003616
10242868
11577983
10311152
652707
8331660
11897814
3696970
157613
1755482
11697265
8121996
4395878
1138853
10829467
8078098
9759670
12776391
2943871
9241325
9396040
9937773
2416525
10184609
1488658
10974948
4983548
6363854
12639538
9529750
6151887
9792952
6212411
5434519
6659042
7137148
7094870
12702363
2061164
10719484
11672774
1819876
3428737
7584506
5843348
9704698
5563915
9003981
1952639
5825949
8021853
11587690
11952239
8494535
11534726
2577746
2336258
8370816
10902941
12783366
10041842
8781548
2755273
7261314
10389177
12313821
10732007
7057274
12063760
11286022
10374131
10178345
191914
1708963
8996389
7361867
11228961
1872014
12968793
5673988
3215551
5269546
981514
5344765
11909093
5931483
10022009
188814
10704114
4921760
10199223
9549152
2478731
8250988
185552
9196510
8981832
6980753
4474989
4267355
562783
9547365
473180
6857036
11787663
7446065
866959
8076811
2493908
11502250
7896631
7656791
735210
4038716
470830
11975519
39285
5577427
4616002
2658903
521064
7071493
10185877
10450083
99367
2671809
6882685
6958926
7308226
12965214
2496321
10871025
5133494
9099199
1949395
2825200
5686576
10202853
11853879
4081701
12515666
12125714
9193462
7113123
5694831
11828755
7425724
1675810
1596900
12235849
1129508
10731591
6602585
10875320
12772162
10840727
11533411
12488876
12629061
10104554
5021141
11228977
12324340
583399
10518818
8581529
7416217
143027
12503974
5828392
5749101
3208371
6399901
11825558
10913518
12953185
3533019
5167652
12577277
11040801
3120971
1905513
5322427
1325154
12037492
12750356
8468949
11435207
5788730
798840
1660078
7676106
8308466
480171
10249284
3255952
297767
9966664
6993458
3325245
6743239
3232765
9689132
2938808
715478
1235190
3294065
6163111
7349817
2942275
10500122
10124361
8365537
3704235
1902613
7208252
9891839
10595824
416832
5385917
4301267
3652020
697869
9252677
4090432
5397559
9099663
840278
4291339
9172067
10515154
8816518
4346792
80857
12581144
2812387
4057537
3602536
854898
9142140
1544649
6092843
4187492
12230188
2747393
5904229
7421380
6833468
11747134
9774267
11588
1486099
247303
10824537
6189650
11700091
8193217
7973032
2947488
1054914
10422189
10446171
8523293
6191278
7816783
12265455
2605644
8293517
1085864
7494749
7144935
4447534
537502
9729124
8015229
12106822
6087204
6211970
7843012
2392249
11325404
2006536
11092007
12524690
7786482
11101167
10329434
12025733
12171208
8330510
8065669
6026924
4573015
3858566
5430051
3084416
7927559
7076966
8619232
9309535
8164760
3459222
3750406
1799590
10396130
8994282
6952161
4643609
4851321
8406366
3266994
3107689
6027472
8956738
4513106
11987223
9631545
10160952
5912652
3719471
10927225
1507891
12266776
6101666
8923955
8097382
12964572
4678906
4428222
6850866
4308125
2867774
9645930
10352619
11807901
6001007
11695507
6522182
1193365
12340550
3908120
5049716
4106805
7309682
5723568
12493717
3695607
2915051
9681442
4892660
7419884
7274026
10865661
1692564
8399813
7409552
7897531
8887869
10134937
12705986
5305608
11050368
12348821
618719
3276053
9443018
7422160
9694388
1162453
11509950
10469700
12225816
1139608
5915895
3664352
53270
5273647
9567376
11887022
11387707
8822755
6664445
7481892
9629684
11756045
455731
5402037
2954186
3793534
12160222
7340164
4951001
12482562
11175747
5288694
4168065
387046
12721662
1285685
1619592
7859258
605133
7418454
6352328
2258642
6992262
8215130
4739866
600731
323273
10523807
6136958
5266907
3148288
12615701
1504988
9107473
4245135
2275041
9766961
9270964
9572446
11264575
3187495
58980
4636074
12719369
10251501
7793206
1709823
8656756
9465476
5195809
5769888
9703275
1574123
12035312
3409050
7498929
1097506
519492
576878
272759
10807300
2438182
2623378
10539844
5784597
8206747
8168377
10086060
11298317
476356
2254136
1462954
51802
6389682
7867437
5985167
8585216
10935887
7289974
5621661
8675628
3203047
11710521
8359312
4432062
3763963
9867510
4862050
7327040
6076222
2926881
7951480
123778
4971815
9585466
6127555
3791297
8700064
4581904
6008643
9008416
1872227
8469750
12603826
6719532
7164658
4892542
4505423
1816560
10265396
7411762
8545742
3739238
8962221
11753783
2790736
294209
3133966
11682556
8132685
2526073
5328585
9976741
3221634
2156269
5781402
2385004
3637195
9957170
718794
7345055
10361729
10507416
6564665
10500844
1269653
6356577
1708538
3883081
8222151
11663039
10791344
7271361
4917517
6044772
10984926
9146997
10636334
7290785
9457863
9940957
9273372
3536836
8915316
1006931
5689215
7725420
10104884
11569781
12698570
9745770
7456328
12841879
7287766
11937434
10453947
1263445
8511013
1707206
2853311
3069798
7748588
156296
4674397
1557657
9355672
7713914
2254985
11706903
2636610
12356210
10326521
1292996
11315036
12318382
511844
10268552
10932755
11488678
7436684
12726374
4500104
12842251
3948582
9511602
7963224
2381759
11557577
4038512
494363
5173344
1621667
1910826
2659597
11537639
3202895
11473904
4838279
9157220
2947174
12587809
383572
10288635
7239613
6300392
12502384
9707831
7979686
7829803
3059191
8007287
2568269
5390815
11743790
11024229
2143580
7895533
5424867
12003375
8368443
169928
7031188
1187359
482531
6471575
6440371
8927187
9245565
8587634
1337678
9610642
7054232
9135360
5227389
2496445
8710017
7229008
3966504
51650
11165606
12077693
7442945
2855374
1600317
390069
7884969
3757765
2770873
6309634
4956015
4271664
4220447
10962680
4883209
6707494
1320285
8384059
2521766
12124827
4703283
1948379
8875302
12021543
9459135
12085196
12564322
9419727
1061100
5676820
8474325
12481294
4704504
4973567
12383312
8016955
12636229
5537094
1920956
8999835
2517558
4991143
12082766
5240716
2734402
11810654
2047950
10266656
8761985
4558903
786849
8739459
6066293
9445487
2495415
11816038
5517541
3113050
7609287
688213
12845115
8389313
9943778
4281242
3842403
3839619
12371939
8437161
12243090
2803253
8396580
11594912
8172257
5582136
490395
4234687
11499674
11182840
676267
9244444
3722155
1029019
580140
11698634
1194100
12450669
205541
3652603
9742033
1262908
233552
8812963
2401644
1746819
486756
3677423
3645144
9816972
8117027
2625195
6292954
11045520
11288930
11030292
6342610
2695063
9818567
3656482
6847601
5075346
11955352
378494
4530764
4876012
6888866
8915258
9885807
1632417
7128364
10631338
4391192
2875192
8385319
8582277
11291480
11370568
9874783
511932
10255452
11400667
10545044
5910137
12523795
4504938
11222029
9593959
5580720
9452556
7031179
12506259
4386852
11624461
1893513
1302931
4472117
629775
10957648
4590208
4256052
11335532
8583810
5687848
9878777
9748017
11163294
12864588
6626410
8838649
12092723
1000256
3421709
12328526
639254
9514990
8733927
5708000
9370333
1822162
10119857
853298
11538775
439772
11798331
8039697
2195777
557510
2015782
3202407
4971339
8823869
11200448
6564580
3136403
4199472
1058108
2170178
9507864
184222
10735201
10946994
12804276
6569539
6228674
12025685
11274961
8543742
1518613
7232305
10040310
10222092
4595787
5841342
9894773
1422731
7795731
11756245
8252829
12715250
1131982
5437364
8071866
4984983
8501015
5227761
987767
1356565
8908332
12515736
10481415
1111366
5951172
5448176
1322589
1402040
8703174
9923357
4590388
5510586
569956
6763999
5975405
1322871
12084920
1674564
1546852
3806102
6196165
4709622
6384165
4149871
10216602
10032876
7945637
3982497
12374745
5390864
7819705
9807951
9460653
4348722
8746946
2656120
2772020
5940167
9012615
12157498
7068789
12380470
12794159
9274157
5650234
9919558
8925853
1304191
6711246
11315244
2337277
8808775
5764678
3507537
10376259
2493900
7281439
9379127
12220126
11268541
4995132
8736682
5247490
12121247
6122775
8323202
5026386
4232393
2001527
11628945
4322422
4344018
11741289
2376655
142794
5284957
10215837
11008339
1063780
5982167
11424460
2833975
12370812
5041451
9525606
7314709
9117750
9782727
3878864
1743692
4245086
7751845
3887356
11415080
5302219
12144713
6437606
4208125
1297403
525059
1264649
3912652
9021484
753241
12092356
7686960
5582154
983518
2410889
11136515
2292667
7328565
11260629
4908815
12319474
2132630
10488319
3790627
7720600
2300653
11941031
5704618
4709771
2940732
8165722
5440541
2979406
8818523
3317040
1065051
7518040
2476961
2434085
7838274
12005523
9072930
9769030
12517877
6346912
5295654
9741636
10159191
3477212
2936641
8774122
8021191
11575868
4090337
8773347
5740390
10598763
2415829
11373607
11606292
7195088
11999838
3559443
6146844
5895422
6284631
1847350
9342815
1870413
10986562
9743708
2229581
7105288
10229764
12194555
5458999
10418973
5840315
789993
1373504
12606577
4728503
11761926
12163434
4222289
8895698
7224126
2995530
10404372
5848701
8513976
6517773
12074887
12514452
6809421
4197479
9772935
3157996
1443101
5104281
11528122
9256338
4021214
7665683
8028669
8597479
10615128
3861730
1570433
400267
12842410
1084020
8990505
11550854
10969435
1559956
10835975
1262978
8103652
8458348
1313608
1080745
4254961
10645163
1305543
11592970
6533322
696289
524526
7531385
7651492
6145331
8873693
4895995
793100
11614193
6120680
4569389
3201477
6707062
4138083
6533543
10110777
787882
2212642
6126090
391185
5143843
7376772
6930305
1071852
4261605
8437245
6863719
12248429
12740853
6268463
28429
8881486
7734633
4034457
836613
5405308
5611344
5933585
12279832
9519858
6042038
7234876
9685151
7623407
12171870
12418611
2386599
10860095
2027046
2937051
8919603
10029254
7479278
363314
10010147
5876604
6733473
10720823
6281728
1150429
3656260
9360787
525089
6748179
111094
36710
10657136
7947558
1475966
2772315
1765659
8362626
3366061
5839647
3968953
11578960
10597733
1543140
5651011
2590282
6410925
9028040
338304
4725666
5216639
12727056
8863395
1936646
10366389
2320852
9061639
12227049
4733242
5792812
126745
10516296
7334432
4209003
6180235
11337190
6951663
2587299
7953741
1060784
5972260
4800896
10100999
9758718
10664491
6764442
7293605
11883938
5478017
8209149
8613188
2651576
5631481
2226686
4405318
8107973
3259349
12632081
562308
3770145
5263906
7667
6289387
12336065
557587
7992912
10034470
9970831
11762977
11900745
3150511
3342630
7743467
8873676
4443405
550621
7745348
10928836
11352986
11242357
3627859
7583593
12618741
9408807
3784913
9687742
3223367
10986112
9593266
9505449
11593079
12298348
868012
7810385
7939618
5310313
857886
7858340
6521503
3631832
4479311
10457567
5044994
4685026
10952603
8245797
12800688
9977056
11994052
10870594
6129405
1868928
11071510
7354072
2800110
12936703
7874605
4708331
3181309
8341848
6206765
9534057
5819662
10819288
9778604
3780627
2736844
10912252
922791
12067696
5032103
3432299
10924582
4863698
9653534
12649928
12216759
9364958
11720344
3099622
5989665
2543566
12168339
595275
5862360
5035354
10750178
11577699
1579349
3074168
11925065
1628086
11330
12908221
9579504
10884455
12243666
11477085
6971173
3093089
9621961
8490557
238065
1586725
469859
74559
8592308
10006723
548303
7798120
5148114
2928951
6848107
8622648
7006939
4809550
11465476
9932381
12502663
11696645
7436496
6363239
7778840
4637900
4507655
1319021
6408421
5875393
5884786
1135924
1876186
6166530
12514396
4767753
9917416
4023354
1041546
2171992
6762040
5220219
5804383
10066520
3526375
6692890
6394786
10257693
1075245
207838
5582967
2178299
1181925
5967020
5218362
1277402
12480591
4020728
12990111
11978060
5961287
5877263
11751015
5984360
8521363
11376914
1028000
9067764
8335537
6559721
12939764
3855965
9287645
8805771
11135185
8139898
474796
6178080
536357
4016185
2710059
