4501236
4501335
4500478
4501491
4500855
4503423
4500132
4499687
4497265
4498665
4499466
4498339
4500223
4499938
4499598
4501216
4499847
4501950
4499032
4500403
4499494
4499284
4501342
4498492
4500865
4499954
4499574
4499307
4500589
4498936
4500982
4500862
4500249
4500193
4500903
4499402
4500892
4500408
4501866
4497802
4500819
4499469
4498808
4498951
4499203
4499653
4499695
4501743
4500194
4500150
4500861
4500224
4499293
4498116
4499959
4500641
4500890
4499279
4499468
4501767
4500776
4500031
4500157
4498848
4499766
4500468
4500063
4499575
4500361
4500798
4499862
4498731
4499651
4500887
4499752
4500459
4499898
4497866
4500777
4498788
4500483
4498133
4499821
4500556
4499921
4499674
4500669
4501520
4501392
4497876
4499626
4500596
4499793
4501869
4498553
4499335
4500401
4499834
4498811
4499681
4499465
4499398
4500023
4501140
4499671
4500558
4501786
4500662
4500490
4500910
4497519
4500536
4499082
4500643
4501808
4499239
4499763
4501251
4501564
4500511
4501642
4500665
4498156
4499949
4498825
4499139
4499633
4498526
4500125
4499507
4499063
4499800
4499644
4501329
4500065
4500704
4499136
4498457
4502229
4498989
4496321
4500527
4498578
4498661
4500210
4498965
4500382
4501158
4498771
4498606
4500360
4498762
4498565
4500355
4499632
4499358
4500305
4501593
4500351
4501565
4498864
4499012
4500921
4500755
4498020
4501401
4497762
4501109
4501153
4499802
4498959
4500751
4500795
4499779
4500666
4499495
4500451
4500411
4500198
4501002
4499016
4499844
4499361
4500464
4501136
4498914
4499767
4500572
4500161
4500054
4500335
4498287
4499058
4498402
4501599
4498517
4499454
4499374
4499017
4499992
4501159
4498719
4500628
4501975
4499983
4499935
4500512
4499707
4501031
4500094
4501548
4500127
4499513
4499542
4499957
4499451
4500287
4502091
4500124
4502770
4499004
4498532
4500152
4501466
4498919
4500257
4500139
4499563
4500292
4501912
4498725
4500192
4501396
4500653
4499945
4501425
4499194
4500430
4500814
4501536
4498342
4499510
4501449
4499718
4499706
4499480
4498143
4499649
4500306
4500427
4499720
4500748
4500876
4500275
4499318
4499786
4499924
4502276
4499999
4501475
4499842
4500655
4501314
4501209
4500077
4499227
4498332
4500331
4501185
4500465
4500502
4499586
4498482
4500618
4500747
4498067
4498175
4500836
4500622
4499157
4500789
4499885
4499705
4501232
4499351
4499034
4500613
4498688
4500301
4498262
4501098
4500000
4499816
4500999
4500003
4502688
4498632
4500126
4500096
4500794
4501317
4499074
4500852
4498085
4500298
4499943
4499420
4500537
4501345
4500001
4499619
4499484
4500637
4498045
4502319
4500900
4500064
4500974
4500420
4498790
4499713
4500642
4499998
4499765
4500383
4500018
4499719
4499283
4501868
4499903
4502757
4499916
4500352
4499394
4500453
4500644
4500389
4499399
4498087
4500489
4501115
4499869
4499255
4498125
4499927
4500307
4499561
4500134
4499892
4500201
4499430
4499936
4501269
4499121
4499309
4498878
4501472
4499158
4499870
4499893
4499805
4499316
4498235
4499481
4499551
4498690
4499778
4500853
4500927
4499296
4501240
4499596
4499573
4499523
4502846
4500571
4501182
4500616
4499345
4499124
4500990
4501336
4499803
4501060
4499168
4501572
4500656
4499148
4500110
4500947
4498188
4500253
4499982
4499557
4498803
4498102
4501063
4497994
4501275
4501936
4501016
4499252
4499216
4498686
4500404
4500674
4501007
4498397
4499691
4500226
4499354
4499140
4500421
4499743
4500692
4497605
4499812
4501535
4499425
4499931
4499756
4499537
4498281
4501653
4498039
4500273
4500522
4498813
4501256
4497577
4498817
4499487
4499442
4499118
4500113
4500768
4498221
4501274
4499473
4498345
4501464
4498843
4498721
4499068
4499952
4500566
4499549
4500949
4498664
4501135
4501156
4498414
4499871
4500168
4500010
4499658
4499531
4499745
4499804
4499524
4501226
4498286
4502722
4498814
4501186
4499701
4499350
4498726
4498331
4499087
4499857
4500988
4499676
4499582
4500756
4500744
4501422
4498877
4499997
4501061
4498516
4501403
4499051
4500529
4498400
4500533
4499067
4499736
4499348
4500178
4499744
4500034
4500825
4498269
4498348
4499776
4499446
4501774
4501463
4501069
4499905
4502029
4499746
4498928
4501589
4502082
4500735
4501106
4500195
4499496
4501397
4500392
4498859
4500599
4500079
4500602
4500791
4500576
4498818
4501354
4497924
4499125
4499836
4498149
4498915
4501857
4497584
4501257
4499801
4501051
4500363
4500160
4501723
4499417
4501728
4500625
4499639
4500217
4497734
4499036
4499971
4500805
4500924
4498881
4500019
4499471
4499155
4500555
4499988
4498692
4500615
4499964
4501042
4499896
4500845
4500495
4500969
4500120
4498767
4498398
4500481
4501402
4499657
4501782
4501036
4498327
4500931
4500049
4500353
4499381
4501414
4498018
4499584
4499993
4500846
4500373
4501394
4498228
4499212
4499655
4498196
4501450
4500658
4501266
4501462
4500832
4502086
4500543
4500214
4501044
4500219
4498193
4500324
4500838
4498544
4501088
4499975
4499555
4500648
4498620
4499841
4499724
4501183
4499845
4501169
4500683
4499311
4498847
4500714
4499347
4500444
4500783
4498842
4498978
4502879
4499043
4501582
4501093
4500282
4500104
4499491
4501040
4501258
4501001
4501610
4500196
4499709
4499214
4500243
4500263
4498765
4499661
4499579
4500035
4501434
4499702
4500234
4499662
4501326
4501014
4499965
4501914
4502167
4499955
4497152
4500614
4500269
4500672
4501838
4500236
4500303
4500362
4501725
4499053
4499107
4498307
4500354
4499629
4498898
4498903
4497868
4497704
4500295
4497805
4498673
4498600
4501204
4500425
4501083
4499690
4498366
4500222
4502173
4501006
4499617
4499609
4500213
4501644
4500961
4499874
4501708
4500873
4499359
4500203
4498891
4500588
4499753
4500973
4499923
4502111
4499527
4500770
4499848
4500265
4500006
4499343
4501122
4501124
4499251
4500552
4499246
4500274
4500188
4499908
4500025
4500238
4498270
4501067
4501351
4499401
4500317
4502627
4501126
4500507
4499421
4498718
4499772
4500640
4499963
4499382
4499152
4500661
4499686
4501574
4500594
4498705
4502055
4498462
4502061
4499039
4498727
4499085
4500270
4500040
4498854
4499306
4501072
4499003
4499823
4500378
4499019
4499238
4499872
4498273
4500062
4499725
4501224
4498870
4499692
4499860
4499072
4499863
4499315
4501316
4499498
4500220
4499131
4500690
4500993
4501037
4499006
4500332
4500816
4498920
4499864
4500546
4498716
4498575
4498894
4498252
4499669
4501346
4499787
4501745
4500021
4501009
4501339
4501228
4500790
4501988
4500342
4500883
4499230
4500413
4501255
4500315
4498350
4501731
4498539
4498696
4500057
4498559
4501105
4499912
4500474
4499101
4500232
4498639
4498828
4499849
4497287
4499189
4499970
4498234
4497481
4502344
4501709
4500841
4501501
4500707
4497765
4498766
4500313
4498405
4497644
4498960
4501296
4499127
4500989
4498998
4499217
4499464
4500078
4501273
4498760
4500365
4500530
4499482
4499818
4500405
4501092
4501844
4500452
4500423
4500041
4499130
4502176
4498459
4498343
4500187
4499660
4500066
4498417
4499271
4500659
4500180
4499204
4498798
4500412
4501033
4498662
4499184
4499218
4500729
4499911
4500241
4500967
4500833
4498546
4498318
4501114
4497733
4499209
4500583
4500491
4499906
4499187
4500334
4499588
4500325
4500619
4500587
4497940
4498344
4499948
4500175
4502028
4499533
4500638
4500753
4499939
4501820
4501058
4498657
4501029
4497793
4499234
4498580
4498968
4500229
4499207
4500764
4498047
4498160
4499516
4499388
4501506
4500076
4501112
4498925
4499324
4502541
4500651
4500271
4500787
4500893
4500154
4499667
4501776
4500957
4500148
4501496
4498242
4501455
4498769
4499046
4499146
4500636
4499406
4499953
4499659
4499956
4500689
4499441
4501065
4500868
4500911
4500627
4498404
4499525
4502710
4499543
4499798
4500033
4499414
4501587
4501143
4501391
4499827
4500366
4499416
4500933
4499569
4502463
4500932
4499670
4500752
4500858
4500414
4497715
4500660
4499615
4501028
4498902
4499907
4499228
4501702
4500968
4499558
4498935
4500724
4500106
4500584
4500008
4498681
4498319
4500140
4500708
4499832
4501667
4498391
4498361
4499514
4498945
4500103
4499792
4499145
4499608
4500341
4499616
4500891
4501370
4499589
4500986
4501049
4501288
4500667
4499475
4499717
4501378
4501687
4498583
4500476
4498294
4499192
4500042
4502320
4499729
4499099
4500514
4500943
4498733
4500796
4499304
4498950
4500089
4500133
4499642
4499384
4500463
4500115
4499541
4498101
4501373
4500834
4500878
4500603
4500296
4498869
4500929
4499231
4500121
4499605
4500321
4499976
4501047
4499727
4500097
4501004
4501697
4499585
4499389
4500228
4499933
4500429
4501628
4498364
4501590
4500173
4499673
4500052
4501134
4500212
4499033
4499583
4499025
4498723
4500311
4499529
4501362
4498815
4499910
4498804
4499169
4500695
4499548
4501456
4496971
4500693
4500754
4500047
4500379
4498624
4500320
4500417
4499694
4499013
4498584
4500591
4499672
4497572
4500100
4501874
4498972
4500687
4501103
4499762
4500037
4501166
4502222
4498812
4498595
4499546
4498821
4499526
4498017
4500719
4500516
4500456
4501452
4498444
4500680
4499280
4498783
4500517
4501297
4500715
4500817
4499509
4499326
4499593
4499177
4500829
4499789
4500551
4498981
4499788
4501272
4501082
4499889
4499913
4500172
4500022
4500387
4500515
4500304
4501372
4500765
4500409
4500364
4500345
4500995
4499760
4501420
4499831
4498485
4498265
4502071
4499979
4499795
4498967
4502424
4501278
4500925
4500863
4498579
4499303
4501880
4501570
4501460
4499532
4499807
4501740
4500826
4502230
4500095
4499631
4499698
4500938
4497798
4500539
4500230
4499530
4501206
4501624
4501662
4500266
4500518
4502068
4499621
4498183
4500779
4499340
4499929
4500815
4501025
4500375
4497977
4498899
4501249
4499934
4500784
4498469
4500760
4501270
4502338
4497747
4498924
4501910
4499054
4500877
4499396
4501113
4499813
4498218
4500318
4500322
4500726
4500497
4498975
4498693
4502006
4501445
4500278
4499815
4502269
4498874
4499424
4500711
4499377
4501284
4500737
4500624
4499715
4501149
4500702
4497702
4499391
4497677
4499268
4500688
4500359
4498117
4500963
4499851
4499791
4501325
4500632
4498714
4500017
4498939
4500007
4500668
4499021
4501720
4501417
4500185
4500233
4500745
4498687
4499390
4501469
4501799
4501645
4499443
4499734
4503290
4500336
4498100
4498882
4501427
4500935
4500880
4497550
4501152
4502005
4500812
4499829
4502141
4500679
4500135
4501508
4500731
4500758
4500085
4500762
4499984
4500498
4499774
4499138
4500593
4500200
4501197
4501281
4498207
4498746
4498768
4499991
4500258
4501205
4499380
4499010
4501046
4498601
4500867
4499884
4500809
4499876
4500087
4498019
4503003
4499622
4499291
4499352
4501567
4501440
4501310
4500761
4499562
4499435
4501032
4499918
4498278
4500098
4501892
4502136
4499360
4498285
4499262
4498863
4501430
4500208
4500705
4501473
4500267
4499257
4499716
4499638
4501850
4499005
4500540
4499022
4502866
4498468
4501809
4501066
4500561
4500763
4501622
4499828
4498749
4502801
4499648
4501024
4498413
4500300
4499287
4501018
4501527
4500550
4502522
4499699
4499647
4501300
4500549
4500866
4499109
4500595
4500197
4499985
4501703
4499295
4500091
4499723
4501759
4500447
4501789
4500310
4499488
4500060
4500329
4501841
4498908
4501248
4501285
4499292
4501315
4501410
4498631
4500039
4500854
4500069
4501261
4500810
4500837
4498337
4500182
4499298
4499944
4500119
4502148
4499877
4499886
4500245
4498145
4499600
4499887
4499684
4499385
4499809
4499654
4500649
4500803
4501651
4500231
4500026
4499747
4499305
4498964
4500111
4498614
4498752
4500797
4499625
4499235
4499211
4499855
4499545
4498588
4499995
4499922
4500053
4499996
4501948
4501864
4499198
4499708
4500585
4500255
4498576
4498562
4499149
4499902
4499677
4497742
4499128
4501099
4499341
4501562
4500563
4501760
4500475
4498428
4498352
4501534
4497463
4500725
4501746
4500093
4501358
4500652
4499193
4499679
4500508
4498824
4501352
4499037
4500410
4501458
4499937
4500369
4499565
4499830
4498393
4501287
4499973
4500043
4498206
4498917
4497422
4498833
4501637
4498737
4499540
4498213
4499418
4499474
4501995
4499440
4499029
4500209
4500316
4500843
4498510
4500419
4501279
4499606
4500288
4500500
4500488
4499342
4499185
4500416
4498524
4499299
4500202
4498203
4499367
4500284
4500386
4500639
4499081
4501347
4498107
4498741
4500782
4500759
4499159
4500985
4501118
4498805
4500524
4499711
4501311
4500966
4498663
4499930
4498255
4501747
4500248
4499260
4499556
4500813
4499769
4500808
4499571
4499409
4499512
4500276
4498702
4500138
4501053
4500384
4500207
4501048
4501131
4499751
4498963
4501899
4500426
4500799
4500137
4501050
4499191
4500771
4500547
4499981
4500984
4499181
4500673
4500038
4501859
4500720
4501507
4499689
4500391
4500570
4500402
4498557
4500011
4497945
4498909
4500856
4501510
4499205
4499461
4497880
4500466
4499178
4497046
4500237
4498545
4499980
4497612
4501658
4499439
4499873
4501074
4502014
4498835
4501768
4503520
4499946
4501985
4499133
4500013
4500189
4498699
4500376
4500774
4501465
4498567
4500338
4499166
4498800
4501433
4501344
4500592
4498933
4500792
4500485
4497629
4499951
4502444
4499560
4499544
4498439
4499112
4500962
4499458
4500462
4501034
4499961
4499492
4499754
4498885
4501676
4499219
4500727
4499620
4499895
4498841
4497976
4500917
4501059
4499447
4498050
4499879
4502468
4500092
4500922
4498652
4500437
4500279
4500299
4497508
4499990
4499926
4501170
4498013
4500859
4500344
4499008
4501579
4501791
4498420
4500948
4500937
4499917
4500123
4499332
4501416
4501330
4499483
4499826
4499031
4501883
4501027
4500992
4500431
4497811
4500061
4498314
4500906
4499114
4498856
4500073
4499196
4499755
4499535
4500513
4501276
4499247
4499741
4500028
4502256
4501199
4500163
4501121
4499768
4500099
4500136
4501490
4497603
4500244
4500712
4500670
4498623
4497925
4500211
4498137
4500027
4499825
4499875
4501493
4499433
4502211
4500285
4500503
4499111
4499950
4500114
4499018
4500293
4499438
4498995
4502000
4499856
4497967
4498598
4499682
4498483
4500775
4500631
4498897
4499738
4498449
4502527
4498513
4499534
4501041
4500368
4499078
4501634
4500050
4498208
4501863
4501298
4499014
4500802
4499781
4501787
4501970
4498455
4498984
4499880
4500142
4500773
4500728
4499088
4499969
4502943
4501000
4501439
4498773
4499349
4501395
4499618
4499141
4501387
4501062
4499685
4497738
4500621
4500606
4497648
4501675
4501973
4498080
4500505
4501078
4501407
4499675
4501620
4499426
4500441
4498040
4500004
4499278
4501353
4499835
4501307
4499375
4498966
4499415
4500700
4500769
4501246
4501444
4500977
4499511
4498594
4500337
4501909
4499059
4501220
4501328
4499301
4497579
4499861
4499904
4502043
4500646
4498927
4499783
4500261
4499947
4501210
4501779
4498622
4499313
4499559
4498512
4500046
4498412
4500685
4498991
4501173
4500470
4501629
4498217
4502003
4501546
4501399
4501019
4497745
4501233
4500525
4501319
4499095
4499470
4501435
4501242
4499448
4499376
4500422
4502397
4502353
4500742
4497857
4497894
4498511
4501996
4499839
4499254
4499336
4498704
4501901
4498290
4499663
4499379
4498930
4500349
4500682
4500510
4502172
4502034
4498739
4499180
4497807
4498609
4501157
4499323
4500717
4498669
4502514
4498570
4499846
4501021
4498024
4498146
4498308
4498209
4500936
4501485
4501573
4501735
4500144
4498301
4498904
4499225
4499049
4499065
4500706
4499472
4497913
4498279
4500443
4498934
4497948
4500851
4498009
4500480
4500216
4498640
4500722
4500749
4501525
4499290
4498929
4501994
4501792
4499366
4498621
4500247
4500438
4499700
4500086
4500221
4500804
4499900
4500698
4499940
4497161
4499502
4499603
4500850
4501225
4499636
4498561
4498370
4499897
4501039
4499758
4499854
4501538
4500015
4499853
4501626
4500526
4501606
4498873
4499056
4501035
4499960
4498536
4499320
4497512
4501959
4500743
4499928
4501614
4499410
4501625
4502432
4499722
4500905
4498994
4500418
4500913
4498394
4497130
4498761
4500650
4499242
4500075
4502131
4499882
4498054
4498694
4500532
4500870
4497382
4499150
4498802
4500395
4501906
4498568
4501836
4499899
4501865
4497695
4502138
4499073
4499353
4500289
4498706
4500020
4500694
4502054
4499838
4499553
4499730
4500721
4500445
4502036
4498470
4501120
4500528
4500460
4500944
4501213
4500971
4500608
4497532
4500473
4499171
4500129
4499412
4499785
4499052
4501174
4498819
4498613
4498700
4500449
4497957
4499822
4500970
4502042
4500831
4499097
4499740
4501089
4497754
4498577
4501052
4501175
4499519
4499083
4498708
4500541
4498986
4500309
4499120
4500030
4500377
4498682
4499086
4499265
4500645
4501555
4498179
4499165
4499506
4498955
4499285
4499552
4500577
4499404
4501254
4502584
4499256
4502194
4501237
4499092
4500343
4497133
4502349
4501830
4500960
4498982
4499794
4502160
4499357
4500381
4500675
4498983
4499403
4499240
4499777
4501368
4501503
4499173
4496880
4501123
4501795
4501376
4499742
4499914
4500183
4501810
4500472
4499215
4499129
4500823
4500455
4499604
4501324
4499057
4501359
4499503
4501160
4501238
4501479
4501650
4498030
4500297
4501090
4501045
4498867
4500975
4500678
4501294
4501068
4499883
4498157
4498425
4500496
4500713
4500012
4501605
4502095
4498789
4500633
4497264
4499167
4498905
4498976
4501438
4500607
4499080
4501375
4499259
4501100
4499263
4498872
4500479
4498971
4498589
4498466
4499040
4499244
4499453
4499650
4499369
4502103
4498722
4501234
4501404
4500084
4498830
4499748
4498460
4501340
4501635
4498456
4500169
4500545
4499522
4500956
4500448
4500370
4498169
4501318
4499790
4500954
4497712
4500246
4500553
4501289
4498401
4498382
4501583
4500112
4498602
4500565
4500083
4502008
4499308
4499704
4500915
4501138
4501008
4499089
4500048
4500934
4498993
4499071
4500538
4500772
4500520
4501679
4501094
4501486
4501831
4499486
4498574
4497797
4500564
4501057
4499819
4500842
4499515
4501937
4502356
4499920
4500611
4498592
4501646
4499289
4499868
4500909
4498711
4501192
4498732
4499344
4499281
4501214
4500166
4498875
4500504
4500884
4500190
4499601
4499188
4501202
4499594
4498151
4501139
4500972
4501640
4500916
4499408
4502285
4499132
4501026
4501010
4499634
4501177
4500199
4500131
4499362
4500128
4498736
4502027
4501793
4496819
4499881
4501076
4498992
4498363
4498880
4499186
4501621
4500434
4500080
4498527
4501243
4498372
4499153
4500709
4499356
4499224
4501908
4497985
4498001
4499566
4500872
4498407
4500116
4499253
4497664
4500155
4499652
4499116
4501055
4499055
4502182
4502004
4498949
4499852
4499972
4499612
4501405
4498533
4497844
4500014
4500979
4499570
4498634
4500240
4501989
4503194
4501533
4500184
4501894
4499664
4500251
4499987
4499578
4501556
4500283
4499817
4498494
4503780
4501940
4500397
4499144
4497896
4500432
4499459
4497760
4498901
4501305
4500446
4500958
4500895
4500835
4501821
4499732
4499269
4499061
4502769
4498442
4499646
4499703
4501364
4496403
4500684
4499122
4498943
4500058
4497663
4499210
4501843
4500067
4501235
4499490
4501260
4501984
4501753
4501212
4498865
4499428
4498560
4499273
4499797
4501660
4500147
4499407
4499457
4501900
4500450
4500492
4499909
4499226
4499137
4499613
4499966
4500406
4501592
4497914
4501385
4499867
4497589
4501308
4500506
4498159
4498860
4498845
4502738
4499888
4501504
4500327
4502379
4498780
4501446
4500457
4498131
4500372
4500554
4502244
4499028
4501413
4498433
4499237
4500385
4501454
4498312
4499258
4500964
4499456
4500703
4499554
4501517
4502383
4497986
4500439
4501054
4498550
4501262
4497978
4501986
4501291
4501886
4497932
4500806
4497686
4500280
4498942
4499710
4498724
4498907
4501012
4501771
4502158
4499079
4502016
4500117
4500951
4498322
4500218
4499172
4499814
4500159
4501349
4499288
4500623
4500016
4498758
4498750
4498997
4499666
4500162
4500654
4499179
4500581
4499368
4497662
4502343
4498776
4498605
4498754
4498409
4500024
4501201
4499208
4499568
4500122
4502163
4498334
4500739
4500176
4499346
4498645
4500356
4501699
4501111
4500398
4498563
4498839
4500235
4501613
4498796
4499820
4499160
4498182
4500070
4499539
4497609
4499624
4501638
4500467
4502557
4499547
4499321
4499656
4498446
4500290
4501086
4497402
4501528
4501313
4498734
4500548
4501022
4501277
4498031
4499272
4497939
4497013
4499764
4498647
4498712
4498503
4498844
4499094
4498837
4497530
4500005
4500590
4498095
4499047
4498751
4498035
4499806
4498141
4501769
4501553
4501356
4502352
4500358
4501132
4500072
4497721
4499941
4499476
4499643
4499770
4502051
4500912
4500259
4501736
4500436
4497634
4500560
4500629
4498538
4498715
4501698
4498453
4498408
4499499
4498742
4499735
4500544
4501075
4498256
4499331
4500388
4501558
4496723
4499858
4499286
4498360
4501483
4497872
4502073
4498701
4498608
4498467
4499093
4497989
4499105
4498477
4501334
4501011
4501800
4501374
4500569
4499264
4504026
4499267
4500849
4502450
4501400
4499737
4500308
4500827
4500314
4500781
4501147
4498003
4501084
4501489
4498041
4500738
4502012
4501128
4499967
4498674
4501196
4498755
4499223
4498668
4501327
4498530
4498728
4500145
4498974
4498617
4500939
4500568
4501974
4498161
4500002
4498357
4500461
4501478
4500871
4501379
4500681
4498283
4500716
4498248
4497624
4498791
4501543
4499277
4499200
4500531
4500635
4499915
4501331
4501581
4498777
4500981
4498795
4499714
4501070
4500158
4502150
4499220
4500499
4501935
4500393
4500225
4499261
4501856
4499002
4502322
4502922
4501320
4500978
4502911
4498671
4498954
4500484
4500399
4501494
4500068
4498111
4499363
4500523
4500697
4499386
4501108
4499799
4501436
4500250
4500996
4500699
4500108
4500941
4501164
4498685
4497219
4498656
4501333
4498581
4499395
4499248
4499091
4502811
4498695
4501607
4498823
4501393
4498654
4502132
4501080
4500350
4501193
4499007
4500107
4501386
4498977
4498378
4502125
4497771
4498167
4502366
4499024
4498659
4500897
4500950
4497785
4497770
4498826
4501516
4499050
4499590
4499393
4499151
4499434
4501580
4501811
4499275
4499731
4501851
4497495
4499015
4498388
4499808
4499096
4498543
4502221
4499405
4502178
4500339
4499387
4498094
4500542
4498643
4500330
4498368
4501983
4502084
4501377
4501265
4498254
4502057
4498500
4497707
4498098
4500582
4498190
4498103
4500940
4501350
4498931
4501408
4498630
4500848
4499479
4501849
4500864
4500657
4499437
4498946
4498415
4497555
4501878
4499355
4499623
4501981
4499026
4500766
4498979
4500071
4502181
4500326
4499250
4497684
4498938
4498784
4502023
4499195
4500268
4501148
4498520
4501955
4499637
4501107
4499467
4500691
4498846
4498253
4501560
4500440
4501777
4500394
4499505
4501085
4502214
4501154
4500141
4497306
4499843
4499020
4502641
4499069
4499497
4498076
4501861
4501575
4501064
4499478
4500118
4498547
4499840
4500102
4499174
4499038
4498464
4500396
4500242
4501545
4500898
4500081
4501231
4498450
4500346
4498564
4501766
4499493
4501187
4500830
4501682
4498641
4501017
4502453
4499183
4498822
4501451
4500294
4500302
4498487
4499411
4500227
4499576
4501917
4497810
4501301
4500881
4498603
4499610
4501432
4501366
4500740
4498610
4499338
4499878
4500899
4498473
4499521
4500186
4499962
4501680
4501748
4499462
4499274
4500281
4499317
4500153
4499142
4500215
4497691
4499243
4500926
4498956
4499322
4499837
4500319
4498973
4499759
4502373
4501649
4500174
4498061
4498032
4500044
4500800
4499119
4500955
4501163
4499452
4497751
4499640
4501474
4502392
4501947
4501956
4501137
4497614
4500818
4501938
4499587
4501415
4501961
4500371
4499048
4497963
4500886
4500664
4498921
4501409
4502101
4500580
4499450
4499110
4498127
4501222
4500036
4500171
4498071
4501765
4499733
4501696
4498028
4498893
4500167
4498463
4502114
4499328
4498906
4500323
4499041
4499062
4500286
4499113
4499392
4500264
4497922
4500205
4502311
4500482
4502321
4498365
4499339
4501692
4501194
4501079
4499156
4501476
4499378
4502053
4498059
4500082
4501127
4498710
4499749
4498599
4500882
4499312
4498772
4499266
4498756
4498952
4502130
4499865
4501293
4501684
4499693
4498912
4499986
4499919
4499592
4499611
4497439
4497335
4499500
4499771
4499011
4502075
4501227
4501130
4500143
4501431
4499641
4501161
4500997
4500980
4501195
4498432
4501211
4500055
4497671
4501964
4500604
4500885
4500976
4499325
4500630
4499665
4501247
4499108
4502207
4500733
4502913
4498220
4501532
4498353
4502267
4501737
4498932
4499536
4497573
4499373
4500170
4498717
4498832
4501023
4498748
4498988
4498900
4501155
4501500
4500519
4503422
4499329
4498782
4500686
4501087
4498437
4500357
4500730
4498246
4502532
4501541
4501453
4500696
4499635
4498868
4498886
4501312
4499330
4500736
4500908
4499517
4502816
4498666
4499538
4501991
4501775
4497368
4497990
4498892
4500567
4498329
4501398
4500191
4498566
4498430
4498615
4501167
4498216
4501168
4498423
4498807
4501299
4500609
4499925
4500620
4500435
4498336
4501038
4500333
4497746
4501133
4500165
4498418
4500059
4501363
4497818
4498356
4502593
4498173
4498558
4498406
4502270
4499100
4498922
4499757
4502119
4496793
4501595
4502410
4502184
4498525
4499302
4498633
4498021
4498537
4499455
4501879
4501259
4501165
4499000
4500757
4501091
4502702
4500559
4501568
4500663
4499680
4500840
4500074
4499697
4501200
4500535
4498474
4498519
4498440
4499102
4498335
4500824
4500778
4498326
4498502
4499866
4502741
4499035
4499427
4501283
4498888
4501117
4498320
4498655
4502763
4499327
4497753
4501960
4502142
4498289
4499520
4501468
4501598
4499811
4501803
4501162
4501056
4499337
4500347
4501371
4499431
4498355
4499599
4499297
4501951
4502693
4499591
4498058
4498480
4497906
4498597
4498658
4498642
4497719
4502773
4498799
4500626
4500156
4499423
4501355
4501488
4501744
4500105
4500509
4498958
4502022
4501557
4498770
4499319
4497030
4500605
4499233
4500433
4501071
4497597
4499229
4498471
4500600
4500579
4500254
4498940
4500902
4498887
4498250
4499773
4498548
4499030
4501526
4501151
4499436
4498002
4498496
4501229
4501750
4499213
4499782
4502112
4500671
4498296
4498124
4497675
4501631
4499824
4501102
4500647
4501852
4498187
4498233
4500206
4500146
4500164
4499628
4498079
4502237
4502469
4499077
4498472
4498323
4501563
4498529
4500919
4498619
4499890
4498046
4499550
4501290
4500494
4502544
4501694
4498596
4499236
4500400
4499678
4498247
4500874
4501608
4500407
4500734
4502279
4500493
4497816
4502718
4499485
4498638
4501734
4501191
4498392
4498514
4501411
4499190
4496621
4500844
4501674
4499780
4499994
4498277
4498089
4499045
4498962
4501343
4498541
4500952
4498852
4497778
4499444
4502755
4500875
4499668
4500839
4501732
4499422
4502433
4502020
4497863
4501876
4500786
4499974
4502124
4500149
4500256
4501681
4500177
4498698
4497454
4499712
4500032
4502050
4501511
4501700
4498628
4499580
4499977
4500942
4500994
4500987
4499232
4501302
4500998
4500262
4498810
4502369
4502236
4500598
4500723
4498987
4498144
4498916
4500181
4498436
4499314
4501367
4498333
4500109
4501030
4499761
4497636
4497974
4501755
4502113
4501571
4502525
4502295
4502196
4498743
4500277
4501554
4501639
4499489
4501706
4498043
4498923
4500151
4498660
4502121
4501502
4497873
4498948
4500822
4498953
4502197
4497959
4498375
4498174
4502129
4502099
4499796
4496974
4501693
4500811
4499009
4502080
4498540
4498056
4499449
4498572
4499688
4499958
4501357
4497338
4497837
4499429
4499775
4497699
4501176
4498240
4500718
4498276
4501125
4498676
4502018
4498792
4501481
4502861
4498779
4497926
4498913
4500348
4498238
4498611
4497487
4498403
4502151
4498591
4498178
4501388
4497858
4501189
4499044
4500380
4497898
4498636
4501839
4498884
4500574
4502385
4501609
4497709
4499477
4499241
4501096
4501219
4498816
4501756
4501544
4500009
4501497
4498542
4499932
4500896
4497965
4497639
4503008
4500471
4502421
4502744
4497835
4499276
4498241
4498025
4501003
4500454
4501648
4501073
4500732
4501566
4502198
4499968
4498488
4499147
4499135
4498586
4499595
4501683
4498861
4498257
4501172
4497883
4501184
4501384
4498362
4500056
4501522
4497054
4502462
4500469
4499175
4501467
4501282
4501020
4502185
4501539
4499134
4497293
4498395
4498359
4498509
4499365
4498162
4498554
4498377
4500272
4502923
4497909
4499833
4499726
4498691
4498703
4501043
4501244
4498764
4499023
4501480
4499463
4501664
4498381
4502026
4497927
4498627
4501321
4498857
4498330
4499942
4500428
4500807
4501110
4499614
4501604
4500677
4500390
4498729
4502262
4497972
4498006
4498740
4498263
4499222
4502612
4498569
4499859
4501719
4500051
4500029
4499310
4497345
4497616
4502118
4499221
4502720
4498651
4499162
4498793
4498556
4498202
4499372
4503152
4501715
4501945
4501505
4497491
4498292
4501492
4501178
4498505
4502147
4502351
4501529
4498396
4501889
4499143
4498192
4500780
4500930
4496911
4500521
4497547
4497943
4502146
4500179
4501447
4499564
4500793
4497669
4500857
4501965
4501406
4501730
4503051
4499602
4502399
4501773
4498317
4501381
4499784
4498498
4497188
4500894
4500367
4498075
4501691
4498518
4500486
4500204
4499064
4497743
4500869
4498120
4500312
4501145
4499627
4500557
4500860
4497222
4498738
4498679
4501015
4500601
4501119
4499577
4500907
4500767
4502105
4501654
4498142
4498629
4501338
4499683
4501250
4498876
4497893
4500821
4498970
4501218
4500340
4499432
4498507
4498616
4500612
4497455
4501823
4502261
4502437
4501426
4502063
4502117
4497728
4501870
4498448
4498961
4498667
4499413
4500888
4497975
4502465
4499090
4500914
4500045
4499126
4498070
4501588
4498552
4501509
4498249
4497935
4501794
4497595
4499460
4501915
4502031
4501208
4500424
4498429
4498170
4497788
4500617
4499901
4497930
4498850
4501263
4502474
4500904
4498177
4499103
4498896
4502033
4498297
4501920
4499597
4498299
4501976
4498637
4498573
4500945
4498088
4501751
4498194
4497558
4497749
4501129
4501749
4498236
4499810
4498305
4498855
4500090
4501788
4500965
4501837
4498313
4498827
4501253
4497209
4498328
4498980
4498180
