3499485
3499788
3499586
3499837
3500289
3498832
3499446
3500989
3498920
3499965
3500198
3498686
3499842
3498956
3502268
3500101
3500684
3500102
3498147
3499672
3502083
3500385
3498780
3499656
3499547
3500528
3500270
3500243
3498860
3499208
3500911
3499069
3499527
3500565
3499063
3498284
3500210
3499024
3499123
3500249
3499585
3500511
3499451
3499724
3499053
3499754
3499981
3499613
3501560
3499619
3500378
3501422
3499977
3499436
3500333
3498261
3503244
3500431
3499201
3499882
3500069
3502353
3499644
3500694
3502009
3498929
3499771
3501151
3499474
3500537
3500447
3498116
3500047
3501635
3499505
3499213
3500191
3498153
3499751
3500217
3499859
3498774
3500229
3499855
3500510
3500914
3501182
3500798
3501219
3499494
3501359
3497821
3500274
3501199
3500334
3499556
3499526
3500513
3499152
3500785
3499921
3499833
3499841
3500077
3499077
3500303
3498815
3501367
3500089
3498768
3498817
3499230
3498553
3499352
3500809
3499105
3499779
3500366
3499343
3499393
3499883
3497688
3499885
3499146
3499091
3500030
3499255
3501273
3500915
3500383
3500253
3501275
3500566
3500420
3500956
3499522
3499302
3500607
3499805
3499617
3500392
3501005
3501030
3499534
3499456
3500756
3501150
3499726
3498503
3501461
3498606
3499627
3499717
3500262
3500539
3500190
3498941
3501326
3500660
3500598
3501952
3499948
3499598
3499189
3501786
3499820
3500861
3501492
3499864
3499673
3500070
3499498
3501261
3500176
3498530
3499417
3499174
3499877
3500322
3499506
3498322
3500118
3498762
3500526
3499497
3500087
3498215
3500700
3500930
3498207
3498884
3501484
3501324
3499160
3498798
3501198
3500341
3498369
3500445
3498186
3499683
3498472
3500083
3500929
3499112
3499305
3499889
3500627
3499759
3499654
3500487
3500530
3501015
3499475
3498890
3499388
3500255
3500726
3500288
3500417
3499693
3500792
3498474
3499824
3498664
3499002
3499804
3499727
3500781
3498952
3498536
3500645
3499459
3499580
3499993
3500515
3500206
3499412
3501733
3501281
3499480
3500503
3500056
3500171
3499744
3499631
3498372
3499614
3498178
3499471
3501877
3498793
3501674
3500890
3499401
3501269
3500370
3499746
3497583
3500114
3499455
3500022
3498900
3501771
3499869
3501129
3498592
3499978
3499090
3500661
3501115
3499949
3500568
3503356
3499555
3499909
3499411
3500567
3498773
3499557
3499430
3499615
3499836
3499449
3501001
3499601
3500948
3499318
3499628
3501344
3500464
3498589
3498944
3498894
3498030
3501587
3499785
3500172
3499905
3499603
3499528
3498203
3499941
3500133
3498143
3502507
3498515
3501131
3500068
3501851
3500540
3500808
3499894
3499682
3499418
3500345
3500153
3498811
3498866
3499994
3499452
3501813
3500496
3499638
3498259
3499421
3498883
3501118
3500247
3498439
3500583
3498063
3498311
3499443
3499675
3499790
3500319
3501919
3500355
3499132
3500902
3499517
3499723
3500778
3501721
3499344
3500219
3501582
3499573
3501470
3501493
3499933
3499348
3500146
3498437
3501190
3501540
3499946
3501205
3500144
3501079
3500869
3499873
3500036
3499725
3498998
3501122
3498960
3499087
3499422
3500414
3499831
3500465
3500053
3500999
3499084
3499760
3500850
3500092
3501338
3499504
3499125
3498452
3499970
3500084
3500316
3499690
3499982
3501152
3499835
3499752
3498448
3500865
3499904
3500085
3499027
3499735
3499781
3500889
3497993
3499523
3499044
3499204
3501053
3500248
3499525
3501320
3499968
3501550
3498504
3498605
3501631
3499353
3499035
3500813
3497985
3500283
3499139
3499457
3499839
3500664
3499829
3502261
3498483
3499925
3499796
3499817
3498495
3499862
3498934
3501012
3499662
3497092
3500261
3500713
3500794
3500574
3499658
3501094
3500451
3499516
3501863
3499626
3499325
3500949
3500943
3499337
3500435
3499071
3499492
3500589
3501167
3501204
3498955
3499983
3499916
3500817
3500737
3500358
3501889
3498578
3499256
3498361
3497025
3498745
3500129
3500174
3498164
3500695
3499918
3500746
3499825
3500196
3500596
3502329
3498662
3500325
3499774
3501911
3499844
3499441
3498172
3500134
3500390
3498925
3497471
3500724
3501605
3500051
3499689
3500475
3499813
3498843
3499821
3501404
3501716
3500963
3501206
3500433
3500225
3499643
3498795
3501769
3500061
3501436
3499366
3498252
3500204
3500608
3499972
3499900
3499961
3500547
3498096
3498107
3499729
3500457
3499701
3498761
3498577
3501731
3502126
3499551
3498306
3498374
3498162
3500839
3501272
3500426
3500879
3499696
3500111
3501565
3501532
3500895
3498293
3501618
3500007
3499569
3500901
3500293
3498923
3500415
3500586
3499907
3500454
3499903
3499465
3501397
3500177
3500110
3499666
3498419
3498630
3499737
3499508
3500878
3499398
3501185
3497991
3501025
3500235
3499111
3501776
3499536
3500638
3500461
3500397
3499043
3498829
3500398
3500752
3499576
3498777
3500266
3499484
3501241
3500147
3499664
3498930
3500548
3499678
3497512
3498687
3499997
3502952
3500120
3498775
3499426
3499822
3503187
3500961
3499028
3500393
3499128
3499581
3499102
3501575
3500161
3498461
3500525
3498995
3499153
3498970
3500312
3499138
3500250
3499730
3499871
3500135
3499326
3500043
3497839
3498491
3500137
3497624
3499936
3500260
3498946
3500005
3501251
3501462
3498870
3499669
3502231
3498655
3499462
3499811
3500041
3498682
3500577
3498869
3500854
3499463
3498262
3499976
3499282
3500315
3500774
3499902
3499482
3500324
3499543
3500273
3502193
3501299
3497453
3499565
3499646
3500576
3500193
3500025
3501223
3500962
3500227
3499252
3500474
3500409
3499219
3500175
3500038
3499698
3499645
3500597
3501091
3499081
3502057
3501706
3498906
3500523
3501650
3500372
3498197
3500212
3499891
3498104
3498228
3498826
3500201
3498476
3499642
3499056
3499618
3498114
3502309
3500002
3498751
3500027
3497695
3499926
3500434
3499625
3501371
3500601
3500148
3497581
3499799
3499562
3498564
3500970
3499780
3499828
3500973
3500969
3499750
3501283
3500359
3498393
3499734
3499281
3500616
3501902
3500106
3499001
3499487
3499853
3500984
3499145
3498867
3501029
3500928
3499334
3499283
3497712
3499886
3500209
3500958
3502224
3498628
3500019
3499106
3500169
3497926
3501466
3500184
3499265
3499704
3500489
3500644
3500959
3500241
3499253
3500780
3499101
3500157
3499155
3499568
3501142
3499371
3500122
3500373
3499989
3501918
3501202
3502016
3499816
3500103
3501020
3501038
3499550
3499599
3499979
3498349
3500419
3500162
3498620
3499175
3501489
3500553
3498862
3500458
3499803
3499299
3500203
3501619
3499445
3502568
3500006
3499748
3500639
3500450
3500812
3501950
3498785
3502007
3500271
3501416
3499165
3499374
3500683
3500552
3499295
3498531
3499587
3500259
3498705
3502470
3500761
3500998
3500330
3500394
3499346
3499910
3498196
3498953
3501100
3499875
3499668
3500635
3500952
3500502
3498038
3500279
3501439
3498747
3499310
3500519
3501161
3497988
3498400
3501431
3500593
3500614
3498831
3499339
3499639
3498078
3499351
3501777
3499011
3502543
3501068
3499560
3500672
3498878
3500470
3500950
3499239
3500154
3500764
3501380
3499966
3501799
3498673
3500715
3502728
3500946
3499365
3498985
3502026
3498416
3500448
3501848
3499041
3500721
3499812
3499911
3500919
3501076
3501257
3500945
3499857
3500651
3502090
3500652
3501860
3499757
3501023
3501513
3500541
3500080
3498939
3499086
3500034
3499814
3502664
3499403
3498641
3500637
3499037
3499202
3498984
3499593
3501036
3500665
3500365
3500714
3499167
3499158
3500395
3500807
3500508
3501358
3499115
3499341
3498958
3500267
3500443
3501819
3500004
3501516
3499782
3502135
3499544
3500909
3498151
3500478
3500078
3498646
3500093
3499121
3500722
3499083
3501558
3498453
3499330
3500734
3500466
3501249
3499996
3499384
3498856
3499974
3500422
3499786
3501353
3499636
3500301
3499721
3500166
3499808
3502596
3500832
3498997
3501092
3500728
3500232
3499133
3499607
3500405
3499178
3500723
3500403
3498708
3501717
3498051
3501778
3498756
3500862
3501319
3499060
3499047
3500743
3498520
3498139
3499054
3500360
3499382
3498481
3499620
3501050
3499762
3499655
3498721
3499279
3499531
3499018
3499917
3497204
3499852
3500421
3499896
3501034
3499899
3499793
3501060
3498758
3499939
3498205
3500584
3499240
3500524
3499567
3499677
3498072
3500477
3500423
3501406
3500763
3497838
3498446
3500430
3500942
3500226
3500783
3499860
3499023
3498914
3499947
3499036
3501047
3500789
3500003
3499950
3498996
3500178
3498545
3500941
3501428
3499665
3501264
3500071
3499005
3498285
3499716
3499458
3501708
3501317
3500769
3500882
3499114
3499731
3499789
3498991
3500368
3499356
3500606
3501959
3500888
3501607
3500595
3498880
3500841
3500054
3499552
3500848
3499287
3499963
3500891
3500314
3500580
3498666
3501583
3499764
3500972
3500896
3501632
3499606
3499987
3501126
3500801
3500691
3501254
3499708
3499739
3498695
3500335
3500787
3498696
3498771
3501429
3499062
3498022
3500663
3499433
3501743
3501116
3499046
3499246
3499012
3500329
3498982
3498667
3500011
3498391
3498468
3500680
3498506
3498325
3499076
3500894
3501857
3500380
3500391
3501774
3497927
3500693
3501409
3500772
3502004
3500059
3499154
3498516
3501487
3499466
3500486
3501143
3500344
3501539
3501139
3497795
3500681
3500493
3499845
3499324
3501233
3501056
3499168
3499858
3501040
3499454
3499884
3500076
3499055
3499495
3500516
3502397
3501280
3500561
3500546
3500710
3498895
3501441
3500603
3500542
3501373
3499491
3497738
3501297
3499542
3498253
3500277
3499801
3499684
3496929
3501203
3499707
3501450
3501194
3499205
3500898
3499304
3500195
3500871
3498556
3501787
3500507
3498852
3500049
3499479
3498754
3500676
3500125
3500750
3498876
3501158
3500687
3498282
3499688
3500452
3499702
3500313
3501153
3499322
3500646
3499635
3500820
3500788
3498433
3499510
3499595
3497387
3500429
3499130
3499923
3500717
3500115
3499958
3500996
3501351
3502363
3501865
3499532
3499775
3499554
3500843
3500935
3499003
3501303
3499990
3501336
3498750
3499838
3498304
3502427
3500858
3499427
3501718
3500492
3499826
3501055
3497541
3500079
3500932
3500572
3500299
3500331
3498912
3501343
3499819
3498480
3499897
3500298
3500183
3500624
3502021
3498962
3500123
3499171
3499520
3500336
3500245
3500062
3500863
3504067
3500128
3499944
3500337
3501037
3501727
3499170
3499308
3499784
3499648
3499541
3501168
3501258
3498458
3500323
3500870
3500112
3499579
3502908
3497796
3501566
3500499
3500156
3498381
3501611
3501699
3499278
3499270
3499039
3500472
3498330
3500917
3501018
3501444
3501393
3501095
3501617
3498807
3500017
3498753
3499529
3500163
3501588
3501621
3499758
3499092
3500242
3500851
3499622
3499778
3499345
3500350
3501028
3498571
3498598
3500357
3499919
3499583
3498220
3500214
3501456
3500666
3499935
3499507
3500488
3500964
3501176
3499959
3499439
3500686
3498423
3500213
3498818
3498296
3500160
3500688
3500831
3501296
3500012
3498881
3501602
3499472
3499413
3499695
3500762
3501597
3500768
3501136
3499391
3499681
3499399
3500290
3500251
3499705
3500767
3499375
3500018
3500379
3499490
3500469
3499840
3497741
3498804
3499940
3500529
3502017
3500923
3499050
3499714
3499215
3499584
3501891
3500495
3499931
3499473
3500046
3497909
3501263
3498739
3498289
3500362
3500463
3501013
3503185
3498992
3500592
3501009
3502643
3499621
3500834
3501661
3498103
3500098
3499767
3501174
3499248
3501225
3500109
3501180
3498889
3499363
3498528
3502068
3500791
3500512
3500966
3500040
3502275
3499651
3501049
3500759
3500732
3500105
3499661
3499986
3501893
3500674
3500342
3499377
3500933
3497713
3499247
3500091
3502066
3500880
3501723
3500300
3499671
3499611
3499211
3500613
3500557
3499499
3500374
3500938
3502123
3499093
3499937
3497828
3501810
3500640
3500411
3499861
3499694
3500130
3499156
3499234
3498102
3502252
3499085
3499772
3501266
3500924
3498853
3499539
3498462
3498328
3499280
3498378
3500382
3501451
3500459
3497903
3501104
3500231
3499834
3499927
3499395
3499865
3499051
3500363
3501803
3499545
3499878
3501569
3499637
3500671
3499358
3500239
3501181
3498887
3499756
3501117
3499338
3500535
3498459
3500456
3499943
3500371
3497466
3499493
3500310
3500581
3498152
3500910
3500286
3502565
3499166
3499203
3500940
3500440
3501293
3498781
3498980
3498170
3497831
3499766
3500758
3499647
3502256
3500033
3498489
3501965
3500304
3500211
3499738
3502031
3500284
3498837
3500442
3500297
3498949
3498068
3500899
3499082
3499228
3499217
3501478
3500804
3501403
3499999
3500010
3501458
3498651
3500886
3499461
3499042
3497968
3498341
3500418
3501124
3501839
3499712
3500550
3502237
3498981
3498037
3498983
3499496
3498513
3499960
3501488
3501506
3501593
3501921
3499518
3499530
3500057
3500356
3499450
3502328
3498810
3499361
3499830
3499629
3501430
3500352
3501097
3500757
3500649
3500619
3499624
3498591
3500705
3502018
3499321
3501659
3500167
3499008
3499594
3498048
3501479
3500441
3502290
3499179
3498703
3499088
3498482
3498979
3501871
3498948
3499020
3500050
3501764
3501026
3499709
3496797
3499486
3500849
3499733
3501066
3498502
3502100
3502111
3500505
3501008
3499605
3499570
3499274
3498678
3498961
3498408
3500739
3500145
3498938
3501687
3497851
3498607
3502970
3500138
3499301
3499147
3499218
3500139
3499360
3499236
3500015
3498478
3500400
3500060
3501078
3498094
3500741
3498963
3499561
3500873
3500151
3498621
3500375
3500609
3499823
3500037
3498770
3502611
3500765
3502301
3497758
3501362
3499118
3501556
3500028
3500538
3501016
3498546
3498276
3498497
3500779
3500136
3501714
3498338
3501531
3497834
3501106
3500296
3501039
3500063
3501616
3499207
3500622
3500775
3499264
3500560
3501626
3500749
3500479
3500590
3500708
3500692
3500202
3499596
3500291
3499768
3498609
3499298
3500876
3500517
3500208
3501197
3498475
3499431
3501246
3500407
3500793
3500224
3499962
3498676
3500268
3500556
3499424
3501162
3499316
3502656
3499912
3498099
3501705
3498640
3498194
3499521
3501423
3498926
3500265
3501209
3498642
3501641
3501796
3500549
3500594
3501061
3499653
3501433
3501967
3498485
3501211
3499538
3501377
3501010
3499680
3498552
3500143
3500755
3502161
3498638
3498212
3500920
3501827
3500827
3501465
3499187
3500320
3500937
3501775
3498155
3501677
3501339
3500234
3500729
3500468
3499590
3498916
3498385
3498783
3499612
3501512
3499572
3498977
3500685
3499913
3501973
3499776
3500467
3498802
3497655
3501043
3500009
3501301
3500968
3500555
3498273
3498786
3499275
3501074
3499640
3497923
3499444
3498347
3497215
3501141
3499954
3500281
3499150
3501159
3498421
3501090
3502346
3500682
3501332
3500926
3498594
3501327
3498457
3499333
3500132
3499928
3500181
3498731
3498822
3501244
3500939
3499749
3501424
3500165
3496840
3501620
3498583
3500404
3500518
3501874
3502523
3500116
3501021
3499089
3498988
3499340
3501538
3498204
3500066
3501553
3498279
3500753
3499980
3499397
3502219
3500918
3497222
3500187
3501089
3498839
3498584
3500269
3499251
3500883
3499261
3499880
3501962
3500168
3500976
3501541
3500052
3500617
3500866
3499000
3502032
3498596
3498806
3500867
3498855
3502371
3498376
3500353
3498644
3500377
3496995
3499192
3500690
3500207
3500954
3502054
3499064
3498271
3499284
3501633
3500799
3498986
3500263
3501004
3501262
3498789
3500075
3501086
3501065
3501137
3499221
3499263
3499920
3499854
3501648
3498660
3500570
3498814
3499387
3497521
3498921
3499107
3500953
3499437
3499293
3500220
3498848
3501615
3499848
3499072
3498500
3497916
3501527
3498808
3501702
3501703
3498840
3499210
3498222
3499373
3501184
3498363
3500992
3500256
3500770
3500090
3501555
3501341
3499649
3500306
3500551
3500974
3497836
3502117
3500648
3501407
3502093
3500237
3499267
3499300
3501290
3499209
3500527
3501300
3498251
3499117
3498054
3500893
3500936
3501761
3499250
3500308
3499350
3498542
3500013
3498727
3501119
3498972
3498989
3500908
3498945
3499357
3499616
3498511
3500072
3501191
3499157
3500703
3499876
3499320
3499934
3500498
3497887
3502544
3499697
3498671
3500725
3499031
3500412
3499434
3500179
3502519
3498820
3500230
3497788
3500233
3499670
3499327
3499763
3498077
3499602
3498943
3500180
3499049
3500164
3500844
3499223
3498532
3499597
3498258
3501751
3499097
3498292
3500655
3498791
3498085
3498766
3500258
3499722
3501235
3499843
3499761
3500677
3501042
3500605
3498595
3499957
3499469
3499795
3501684
3499634
3498121
3499863
3500868
3498692
3499687
3498842
3501051
3499964
3499951
3499191
3501268
3499410
3501189
3501519
3499066
3501329
3498969
3498436
3501477
3500008
3498065
3498464
3500634
3498404
3500875
3500980
3498738
3500197
3498919
3501739
3498431
3499137
3500615
3501455
3499753
3499898
3499249
3500023
3499224
3500159
3500742
3501265
3499755
3501108
3500035
3501342
3498819
3501482
3499818
3499368
3499892
3500900
3496954
3500216
3499770
3499425
3501853
3498927
3497590
3500575
3502081
3500295
3499447
3502175
3499549
3501125
3498710
3502134
3499225
3499915
3499079
3498752
3499065
3499332
3501144
3498726
3498788
3501134
3499769
3499578
3498213
3498512
3501747
3498526
3501361
3501719
3499136
3501145
3500533
3498821
3500490
3499078
3499231
3500096
3501564
3501175
3500810
3499415
3499537
3498026
3499094
3501278
3501638
3501508
3497602
3499108
3498833
3500735
3500558
3500328
3501474
3498008
3500021
3500367
3498082
3499577
3498521
3499685
3501232
3500806
3498411
3499783
3502217
3498693
3500104
3499347
3498614
3500282
3500067
3500476
3499798
3501856
3499718
3499741
3500302
3502246
3499849
3497627
3499553
3501634
3499533
3500119
3498180
3499874
3499406
3498857
3501147
3501472
3501644
3500668
3501247
3500278
3499355
3500287
3499846
3502013
3498653
3500150
3501528
3501156
3499016
3501365
3498841
3499245
3501062
3500903
3499582
3500141
3501135
3500504
3499797
3498936
3497898
3500521
3499149
3499464
3501947
3501715
3497634
3500697
3498397
3498561
3499040
3499260
3499692
3499402
3500569
3501109
3502158
3502065
3502001
3499519
3499807
3498782
3499307
3502028
3499328
3499034
3499193
3500031
3501485
3502212
3500228
3499238
3499488
3499312
3501521
3501589
3500437
3499765
3500853
3498562
3499901
3498479
3500588
3499177
3499745
3498698
3499400
3498352
3498064
3500388
3501758
3500307
3500736
3498132
3500585
3500819
3498447
3498879
3501304
3499679
3499686
3501505
3500599
3499703
3500347
3500766
3499052
3500835
3502235
3499244
3498486
3498484
3499720
3498585
3500364
3499419
3501529
3502103
3500280
3500887
3500014
3501573
3498812
3501088
3498835
3500416
3498435
3499432
3500042
3500667
3498858
3498904
3499429
3499096
3500126
3500127
3498527
3500483
3500185
3502067
3498823
3501236
3498684
3501302
3501824
3499059
3500531
3498402
3501305
3501922
3497819
3499908
3500082
3500582
3498348
3499659
3497856
3499188
3499362
3499420
3499719
3501071
3497282
3498236
3501063
3498455
3502129
3500332
3500816
3499184
3499151
3500094
3499489
3501570
3500194
3502509
3499120
3499237
3498070
3500600
3499262
3498859
3499103
3502276
3499881
3499890
3500155
3499742
3498896
3499800
3500131
3500222
3501672
3500305
3499574
3501179
3501346
3501098
3499630
3499985
3500931
3500860
3501664
3497587
3502195
3501577
3501400
3498975
3499113
3501937
3501350
3500719
3501876
3500387
3498586
3502101
3500485
3497518
3501473
3501058
3498844
3501507
3498931
3499973
3498707
3498874
3502540
3500612
3501826
3499163
3500338
3501976
3500800
3498572
3498353
3501712
3499394
3498725
3499389
3498850
3497957
3500916
3500396
3498493
3501059
3502208
3500113
3501954
3500837
3498331
3501562
3501333
3497937
3498442
3497974
3500294
3499416
3499652
3498957
3501113
3497924
3500044
3500389
3499289
3501835
3499383
3501075
3500188
3499588
3501502
3498769
3502447
3499271
3501270
3499509
3501504
3501543
3498627
3499290
3498652
3499232
3498893
3502800
3500881
3499197
3497750
3501389
3502051
3499575
3501354
3500218
3502327
3501676
3500001
3500032
3502053
3501046
3498001
3501785
3500782
3498612
3502114
3499998
3501415
3500563
3502418
3501186
3499329
3499623
3498401
3498714
3501311
3498888
3502166
3501867
3499126
3498959
3498619
3500965
3499535
3499229
3500628
3500650
3500658
3499995
3501314
3501559
3501085
3499067
3499700
3498947
3499699
3502272
3498345
3501120
3498623
3500698
3501940
3501376
3499511
3498332
3499269
3500460
3499802
3498877
3498389
3499453
3501123
3497572
3497549
3498307
3500776
3499254
3501812
3501546
3501854
3499929
3499571
3499728
3500621
3500246
3500186
3501730
3500348
3499787
3502668
3501213
3501229
3500845
3501426
3500564
3500121
3500951
3498828
3502269
3499390
3500048
3502171
3499942
3498539
3499364
3500877
3501554
3501447
3499438
3501288
3499663
3499810
3499122
3498156
3499468
3498971
3497956
3501468
3498041
3499440
3500088
3501862
3499258
3500838
3501170
3497930
3499372
3501742
3500520
3501515
3500633
3502439
3498463
3501655
3500981
3498032
3497561
3501101
3500745
3499014
3498250
3499119
3499222
3500602
3501445
3499009
3500340
3500039
3500514
3499512
3500494
3500455
3500864
3499827
3499045
3500432
3499893
3497895
3501969
3499172
3500967
3498115
3498951
3501128
3500907
3498499
3500629
3498451
3500453
3498911
3497977
3499257
3498813
3500099
3499369
3499313
3500311
3501082
3501032
3502172
3501171
3502050
3498525
3498776
3502288
3498494
3501253
3501245
3499185
3498177
3500748
3501226
3499190
3499608
3500408
3499559
3501080
3501017
3498550
3499930
3500818
3500731
3501201
3499070
3498450
3501282
3498907
3499033
3499906
3500993
3499674
3501734
3498383
3501884
3499971
3501256
3501496
3500618
3498787
3499502
3498505
3499032
3501454
3500264
3499563
3499992
3499057
3500376
3499100
3499477
3498847
3498649
3499832
3501568
3498716
3501639
3500830
3498712
3499564
3499242
3498587
3498908
3501765
3500988
3501130
3500000
3500653
3502459
3497594
3499404
3500971
3501313
3498697
3498354
3501534
3497469
3499206
3501383
3498967
3501307
3502642
3498254
3502006
3498318
3499272
3501572
3501928
3498704
3500073
3498333
3498036
3500987
3500825
3497145
3500659
3499975
3498267
3500814
3498940
3500786
3498031
3500543
3499408
3500439
3497918
3498081
3498631
3500730
3501417
3498387
3500922
3499176
3498364
3497964
3502340
3498897
3500702
3499143
3497694
3502179
3501781
3498300
3500626
3500947
3501557
3498871
3498973
3501643
3498608
3499736
3500024
3498599
3502345
3500978
3501957
3500610
3501898
3501537
3501374
3499141
3498580
3501093
3498225
3501934
3499073
3500484
3500636
3498071
3501881
3499428
3500449
3502015
3499888
3500436
3499080
3498490
3501780
3500020
3499029
3500796
3501590
3500438
3501169
3497657
3501453
3499336
3499409
3500058
3499922
3503062
3501982
3500285
3500410
3502779
3500790
3501064
3501195
3499342
3499988
3500346
3500081
3499142
3498629
3502202
3499015
3502055
3498181
3497753
3500925
3500205
3498633
3502351
3498942
3501277
3500994
3498966
3497894
3500712
3500501
3501483
3500960
3500630
3498324
3500522
3498740
3500643
3497411
3497904
3501271
3497973
3498922
3499216
3497948
3501944
3501146
3498809
3498624
3501099
3498778
3500711
3499134
3500995
3500913
3501401
3500727
3498636
3501177
3501514
3498024
3500822
3501102
3501096
3501657
3502457
3500244
3497412
3497881
3498122
3499161
3498359
3497678
3498801
3500892
3501369
3500055
3499938
3501834
3497859
3496779
3499657
3501646
3501217
3502048
3499098
3497928
3500252
3497628
3500354
3498310
3501112
3498050
3498760
3501331
3500292
3500064
3497854
3499740
3498016
3497344
3501818
3498974
3500811
3500100
3498978
3498799
3499181
3498240
3501385
3500591
3501210
3499809
3500399
3499124
3500124
3497698
3498797
3498635
3498718
3502060
3500095
3499711
3498625
3498206
3498779
3499856
3501440
3502010
3500189
3500425
3497823
3500654
3500716
3499633
3502412
3499650
3500912
3499952
3500544
3498223
3499467
3499396
3501048
3498287
3501574
3500754
3502442
3501419
3501366
3502546
3498994
3499317
3500986
3499273
3498905
3501925
3497877
3500462
3498688
3499294
3499794
3499953
3500272
3500173
3498294
3498838
3501640
3501173
3498743
3501435
3500704
3500413
3501675
3499226
3497268
3498928
3501701
3498675
3499131
3497992
3501682
3500402
3501375
3499407
3502389
3502280
3501939
3498149
3499476
3499546
3499589
3499660
3498898
3500424
3501214
3502064
3500829
3500855
3501974
3499414
3499991
3499314
3500369
3501274
3501316
3500158
3500631
3501923
3498851
3501690
3501239
3500833
3498875
3500696
3501160
3497531
3500554
3498615
3497717
3501549
3501216
3502688
3499243
3501825
3499183
3498519
3497144
3501155
3497811
3502220
3502151
3498618
3499367
3500805
3502143
3502339
3498390
3498200
3501421
3498830
3501459
3501044
3499296
3499004
3501960
3500318
3502102
3498683
3500744
3501228
3501083
3501215
3498142
3498441
3501402
3497199
3498501
3498138
3501524
3500108
3500275
3501497
3498123
3501164
3498557
3496721
3500707
3499381
3501399
3498669
3499691
3501931
3499259
3501772
3501410
3501882
3500623
3498582
3500480
3498891
3501392
3501114
3500428
3501750
3501022
3501636
3499019
3499227
3498792
3498198
3497386
3502571
3497580
3498767
3499667
3500733
3501958
3499887
3497792
3498241
3501352
3501379
3501200
3499276
3498729
3496945
3502451
3497757
3499182
3501647
3501748
3497675
3502074
3501084
3499478
3501695
3499600
3501895
3497643
3501259
3501165
3498680
3498069
3498375
3501467
3498566
3502160
3498816
3500934
3501522
3498470
3501286
3502221
3502505
3500579
3502149
3498648
3502732
3497829
3500343
3497395
3500215
3498467
3499851
3500906
3497780
3500509
3498993
3500381
3500979
3498663
3499610
3500309
3501491
3497742
3501686
3498417
3499288
3501609
3499277
3501386
3500029
3498039
3501476
3501024
3500406
3498689
3501449
3500921
3498909
3500604
3500152
3499173
3501192
3500673
3499955
3498588
3500699
3498570
3499866
3499540
3502234
3500386
3497777
3500997
3498133
3502242
3500074
3501642
3499481
3501660
3501547
3497704
3501295
3499872
3498796
3498487
3498965
3502357
3499500
3501836
3501460
3501345
3502529
3498106
3497473
3501405
3497936
3502580
3498169
3499380
3500481
3498426
3498932
3501864
3496991
3502084
3499021
3500427
3502184
3503533
3501234
3502471
3498537
3499514
3498283
3502364
3501140
3501276
3500620
3500842
3497947
3499180
3502085
3500983
3499548
3498534
3498175
3498095
3498759
3500738
3501132
3498179
3500491
3498148
3498040
3500573
3502251
3498326
3502168
3498563
3497051
3499006
3502266
3500662
3498434
3501551
3501654
3503162
3500847
3500709
3499194
3500872
3498255
3498723
3498168
3502185
3499292
3501368
3499405
3501432
3498656
3501260
3501667
3502203
3499513
3502508
3501689
3501782
3499632
3497210
3502597
3500482
3499129
3500349
3501411
3497342
3498112
3499777
3500740
3501045
3500500
3498677
3499932
3501692
3498221
3499007
3502241
3498937
3498685
3498135
3501035
3499558
3499144
3497931
3498744
3501490
3501073
3499319
3498903
3500656
3502582
3500977
3500221
3500182
