5728249
1533741
2236398
1023671
3696011
2967337
2874757
5401566
1929928
143189
1120289
5907131
5254478
5235865
2080119
2298795
3191970
5947736
2412504
449872
6824681
2665093
4251069
858050
4990415
4237197
6619086
5006622
2172005
3519562
1519193
3628462
216472
108022
5397612
5285502
4651690
2721962
196050
1508556
1970863
3143257
1888790
4789541
2822683
6313044
5413631
1014686
1424952
5579764
3038106
1732857
2466233
3386248
105082
2981758
850447
5786497
2900250
4183172
193056
934
2184038
3489
3654457
4311793
6983343
5907606
615991
858267
5077578
6832902
3129744
5736273
3719276
739636
5435189
6643162
4407458
6905744
5514423
155149
3501202
3309954
801593
1454314
3025631
3732375
734871
3280280
2591486
5543921
5112611
5647156
6548730
3364251
6363869
3916357
292970
2176974
5726985
546332
5190610
984960
4958579
2740836
4687148
2487146
1540544
707040
6211587
1757864
2587609
4795573
5790707
2922397
6589195
5576494
252998
5394925
4589915
6654850
111220
4261000
215857
987632
4213638
4318762
2538730
6797874
4766532
6606233
5822803
1965551
2420862
3644126
6206237
2361248
4237830
1459914
2943646
4161332
1073003
6206918
4464831
5837893
4467349
731607
6112839
2119042
3809590
4181306
942816
4430014
853631
72344
207388
362325
6452390
6399016
199881
6994566
3550175
4805309
1775915
5117181
6608943
2090836
5323431
6132234
238852
5329144
5915642
4861525
71937
624673
5039896
2465706
5834269
2845120
839452
1680465
1162278
836326
4630390
3566159
1667025
3952444
5971970
3395941
59920
189058
3956550
4865095
4762833
6376749
616950
3373602
6891027
4876770
6685248
685572
1335568
80790
922290
6914956
1768486
5875431
2414549
3719743
4038759
2128738
6500359
3839149
4222307
5255236
5425225
3213137
1386790
6393682
6391878
1496956
2502204
4528977
1298007
761187
399592
4718617
3318766
473237
458109
6381303
5638091
3374449
2231634
3305192
1390040
1852355
885637
5725686
4311609
2329610
5654822
1299962
5448966
6803814
5415510
6818715
5881296
6440713
989932
6196050
4725733
3578023
6877832
5001515
2990020
3855318
4235835
6785801
4177144
1379059
3774673
55308
52198
4005124
282381
1482610
6125374
6244959
5959693
5615446
4171336
2022376
5341983
4865629
63290
2006380
1327324
4075767
1298123
5177169
83864
2233410
1966163
6809569
5196371
1144300
3783510
4358441
5220052
1064632
3934410
4592295
5193805
3444142
4177445
2964755
2100926
1898158
6224188
2195900
1638857
2888200
4572010
3569050
1855091
6960143
489840
4328599
4766104
6457803
1780049
6018249
6347183
1521286
6498918
4565889
2213743
2891451
3924691
1089565
5946415
3487916
6242136
6129741
1239477
4541717
4568083
961336
6789401
4852954
5316305
6776593
6857449
1554656
6081431
1032404
508491
5585712
5727529
3378049
6281436
3215646
6876859
5652590
3148925
6619554
6401429
2066506
5994829
5881228
5326032
1860666
6417111
6050289
408472
480965
4645884
162254
2152441
4963229
2611379
6537266
2257463
5552290
1908186
2294164
2414478
825297
1429515
6822176
1104046
5154496
4298874
3643584
4601218
1558480
329613
400873
6570160
1162162
2667941
131692
474530
4312383
828956
6707585
1595525
2930090
5031276
6556116
6806877
4440292
4875586
441813
6883709
2337725
370083
6073880
4216207
5106373
744028
3939118
1996534
2777049
5277613
1560913
4637613
110377
3448112
3785078
5292669
3480141
157735
4637733
4500832
1251034
5064230
694927
1606464
2759456
5344999
5475208
81419
4694835
4235095
4581504
5912224
6292001
6667896
4547279
2008115
1274377
3510312
4255559
4248059
3373441
4188268
429989
389058
3982611
4762272
1605537
1530782
6703431
2810881
5789802
4631050
344605
68947
373600
3507856
4668727
4228288
4119360
2658222
1432065
3198636
4449616
4080007
5545042
1908847
4894114
6377902
475780
5480881
1042279
2761135
6524607
1421762
6672159
3907023
5837154
6083647
2774065
1120346
4494355
712002
6515205
3698735
2146802
946846
3970090
226400
2145622
4686026
4886854
1714882
3316752
1692836
4973099
6507952
6699518
2878656
2374221
1090924
1863328
1811506
4752207
6872587
2940580
6884976
6806118
2161247
1259088
2484007
5853733
6498555
3939649
3002333
676926
3890180
1223084
6352007
6469169
5902022
3493556
3765907
5537540
4352908
5053863
4052780
48200
2214790
124366
488033
4233148
4151345
3639789
3527670
5420238
5278995
889036
1550566
1697158
3930527
3481227
5189646
4918686
416209
1079504
2294345
5998621
2350236
168072
5226927
595721
6155658
5644260
1144829
2349160
63966
4143397
4808585
3814537
1423137
438775
3095355
4644266
1833664
3582682
6372125
1794459
5817392
3975899
3805536
2556014
6439520
5274062
1431093
3820463
6533527
998379
1959418
3431407
462306
2189571
3046144
1365315
3726301
6847070
5786334
1045912
3789955
1848943
2120015
659683
4442385
4144003
5171071
133039
5080427
5728415
596218
2935584
2244241
2357769
397831
6555909
2924658
700621
2432489
1252124
6107068
5193025
6790185
2413672
173094
6477532
1739120
4623194
1632250
2228150
6550478
395857
2266116
6661245
5330111
3194072
5339387
2193677
6695459
4490459
6239517
3691081
4812586
4190320
1390436
2575623
85747
5197052
3208806
1822010
21491
2485758
5531611
2855148
1539582
4853765
4734405
6607055
2130015
4497475
44339
6587572
5835556
3608059
1644097
3640021
6126200
3950520
2745568
2787019
5481713
6163129
6320894
5816262
5144479
3557574
6450935
6434673
4505996
412137
2472373
2894697
5232943
2252919
6806891
5611923
6656838
2816762
3291520
58768
4462227
5247334
450868
6845159
4766434
4937718
3501303
3350145
2013144
1879178
6478284
6604056
198157
2475431
1802117
5713117
2493491
5785386
4752703
2058770
5414274
6401709
6248761
3339040
1403536
3368926
5312525
4779485
4887117
6674207
2754044
43719
5347356
18790
1907558
3564599
5251538
476348
6009910
1749847
5605087
1557288
879650
6678662
5542078
1258998
4098794
1820800
5313223
902100
2718487
6739313
3317430
23200
377445
4805029
530949
5025567
4110900
272346
5829754
4161828
2581564
6047362
3988442
440210
4665882
6868788
4521247
2158112
2341779
4488948
6808232
2976324
2171892
6565230
5203486
4889763
4597127
884424
1207536
2889445
1094982
1823331
3938756
2602919
2406271
2257557
1781477
298466
2342881
5153359
1747073
5513089
4134591
5227386
774708
4496667
4967657
601834
3518660
2475807
6569905
3141957
607405
2095451
5240849
6117021
4715705
3265580
581225
95670
391338
3396041
5011763
5456819
5298848
1735657
1028627
740384
5839663
5433597
4581067
4006183
1901925
6635951
2709030
4804332
511321
2429537
5715135
1838588
1873790
5375049
6695015
1004157
4202236
1817018
44949
6096619
4929443
5462943
2589727
3428138
6309818
3286887
3805452
3699340
6397536
1706813
4941270
6598926
5019426
5101004
2708282
2533081
1532682
1125
4335303
1618209
2538678
2181778
1765055
1409114
6092163
6055296
3296002
1166500
3229508
69972
5812461
5814853
4300697
6974592
2747994
3096441
6907591
1606592
6256573
5637708
4879486
3108588
1660367
3412557
671399
2652903
222476
477123
1928305
2111337
19552
3968856
2724351
518911
1086198
6591842
3985935
345373
1120902
5121323
32019
1650748
2824748
541226
6797800
2225410
2584547
6969787
4793946
4570933
5821516
2769231
408914
3977291
507470
178847
2670846
3318345
6564332
6232366
6958480
4912118
6837889
242101
3933188
6013130
3387752
961130
5411001
5590091
6243278
6982322
1557359
4316474
3674276
5763377
1565808
5287165
5582519
6677329
1025492
6731423
3938172
1059407
5949529
1299640
1159409
97164
2612573
1757791
1191074
4312957
6226102
4974985
2877716
2380915
5264704
779185
5976272
3162029
3797558
3834413
6745696
1483449
3949238
3088954
2829996
473424
3686661
3968398
3429872
566352
4258352
6035512
5113851
4001640
2533633
5584070
3170424
2061838
94838
5266512
1134493
4981741
2192215
2424484
5419951
4600138
1883069
541845
6423816
1918108
575747
566846
3574183
5277298
1617428
902061
6919474
2341586
1664789
4187113
4931153
4920762
4405153
3193140
3075369
5195621
772110
4771915
6908504
6570127
6971054
1001857
6658391
4805019
1396425
5363314
3501895
2334903
2582640
1988892
2063786
4710599
1341724
3968853
6637445
5459716
959738
6224308
4893141
6935708
1086603
5882635
569967
5767541
4596753
6951510
3797884
1919164
5073326
5067314
486886
2759023
5067316
6275779
4775670
961038
2976452
308809
6212562
5412892
27804
2406802
5991792
3007643
2081859
646575
1355233
4209874
1800735
5150856
416093
2592460
2896024
2983853
6405528
5310292
416698
5677869
5942867
628993
6588160
4093299
227774
3924625
3778969
5661148
5333023
6556889
2194818
2743999
2589477
4371254
2376600
3733548
5933382
5026475
4858568
6330405
6079963
5181068
6780024
56081
2511842
6788813
4189011
2504085
3914252
2868851
4913946
6049077
746534
3509257
936974
6968491
293559
1920126
4529613
6005662
1508723
1624388
4996615
3144484
1493975
1056327
1403836
3206520
2800830
1731611
6342563
787089
2014046
3633436
1068118
3217537
2887803
6431695
5212136
1156232
3956254
3270743
4300640
4149740
6020087
3091620
2051767
6641747
4349464
927867
4674889
1823901
4805573
4071578
103804
6326273
5036521
464471
2387099
1030637
3631982
4122739
1877606
205624
522129
422415
4755733
962054
4047621
6424490
4372218
2806275
1317467
5346935
4693601
3126214
2872228
4626329
3406806
4673290
4462319
1415400
5236994
1692992
871005
2893185
6908072
2552466
1927924
4853642
5696727
1743660
5748037
2169386
5359255
4184902
6725406
6147527
5835087
4045455
3499746
1966151
6903618
1157784
1923212
5440603
4537749
2137719
491
2945818
4609718
3102951
2410272
2783645
3158121
4860153
1192981
224869
4902290
403141
5921175
3418217
2970560
4625271
726744
1363813
1684396
3840397
1933149
1767977
5870392
630843
5748071
4280749
6632177
1790320
5909490
4144854
2427968
6184601
3503314
390014
3390908
3166770
2917996
3087665
2747040
5326154
6616849
372268
3620554
2691217
216649
1711063
140078
746490
4891866
6077914
2204355
654291
6772910
5549171
515620
4360764
4226446
5023444
6888929
2900707
1475626
2773424
4764905
3506289
21573
2257795
961254
4481168
3461643
6816239
6726850
2252269
1867233
4087456
5389928
5482422
4525272
3941116
1645992
5704
2143818
3912960
1072104
2050168
2888043
4219742
4925489
601651
6169851
3588315
866677
2324001
3771643
5670587
6943376
1786610
689983
5529472
6340256
746890
5935049
6157684
6098604
5722679
1875183
3129716
1483029
3822305
1961231
5069470
3235560
3973326
1600291
6453777
6750239
4540512
6479606
4685852
2282296
5937120
3384522
3502405
1380982
4207942
4674272
5716819
549001
315247
1420257
631503
4412324
4607903
3821812
4311491
850992
2206654
5013921
337079
4950542
298886
6548719
1630059
6980860
2658666
877153
3614715
1304967
1113618
1626639
935538
470180
537244
6480496
6242108
6152147
2463833
6169038
1991865
4317031
4269263
2067609
2506102
3362583
4813972
5841715
2909351
3802669
1530369
4888881
1465944
4701423
5350077
1257014
6967431
4312979
1465733
3946552
226682
4022777
501775
3976853
4482365
5298046
3405293
6197229
1272398
3212285
4533568
932355
2628960
3796994
4500854
2416950
2074530
1507994
76713
5494827
6173110
1354704
5277789
2943978
2454228
3236077
392643
6016165
504716
4200433
2950516
2079408
2547781
1841292
4412925
4164182
3389794
6594288
3098321
1713134
2352498
4168674
425027
1509580
4786386
600368
749725
6214928
2660339
6554769
4761137
1842530
6926128
3581203
1216005
4084434
5210085
754423
6344709
3214424
5539239
2600154
1108281
749677
4086416
1716741
5433600
3591928
2770478
2665744
6135329
480675
6764418
1176249
2275923
6466458
3009093
3900743
276382
5853838
3751621
3509092
3982608
3634166
1589566
2546090
2341422
4132123
2295468
2344198
3618674
1345402
5037529
2865961
3658205
6399140
6621020
3233866
1479457
2645784
725270
2646617
6102164
6296648
5010424
2453254
1481832
4795371
2766339
6457248
6678009
1171491
4890684
6891138
3870714
128760
764293
163016
6405585
4921191
660105
6117325
5728774
3639353
5391757
945004
5333675
1351284
4094308
6903999
4963343
93878
1647232
2152058
2194665
4600495
1131633
3648479
6005910
3122594
1405076
4891155
179457
424321
6964099
1866788
3577150
4212679
3371621
837118
5116531
4479201
1713860
4792824
69045
2604256
5170146
348208
5632628
1796461
4175277
2728213
5698599
531288
2591197
5224847
5267921
4542540
5749321
1422464
5765030
2295871
5289283
1335224
5771276
1175354
2243114
832306
1034009
4712554
1535705
141110
3777625
2616079
6387721
4327717
1069276
1825982
1867527
4274714
4166004
5284812
5574616
2984187
2882080
6587160
4036135
5932028
4957599
1942358
4505702
957078
3549671
4445543
103250
5539746
2052174
5776603
5228028
2428232
5149414
5024137
5498516
4860407
6798462
6592018
3755466
6756220
6113135
6748292
3336415
6936293
4354971
1863216
1953672
3688803
139948
3827596
2685319
4123806
4955742
4585896
4127994
1332603
6369321
517644
1099907
5647711
1459522
5660205
6770795
3999478
3534288
4013034
5533444
1442934
2542349
1131610
5094417
606467
406470
6298875
5112096
4802950
5401601
1501983
6410865
3560045
783545
2139635
6888385
4471291
1773251
101475
3292628
1515942
2048466
1070760
4256326
5731206
2111404
629073
1274882
5966974
4499928
2516338
2448962
6406767
2977133
2054520
814232
2223166
6585216
4950072
668687
5181874
2947493
3436426
3054486
5966484
2318508
728346
1825030
1592148
3788960
500687
2795790
6878199
5593019
4765695
1345581
6302914
4525413
1081664
3520292
1607398
2266523
1836494
6144929
4227762
1510480
1385348
1980029
1428524
56236
4172693
3919183
1406650
372028
350499
2135405
3718434
6277796
1687302
6651811
6383413
4136223
1957759
152632
191061
6691794
6815198
940178
719681
2070102
6608482
1437576
4844292
5722029
5777514
6328528
785069
1010600
1746230
1570288
6643817
3195881
5738014
4998253
3138466
2709508
902326
3066667
131694
2482925
3145071
5347623
2136206
1912627
3849637
4463754
5260593
4691422
2309303
3493181
599203
1587372
4509125
387824
2160619
4889445
1613106
4205178
488079
2387832
2640420
1348702
2110102
3458357
6696584
1194137
1592789
4588154
4881671
5270799
3752614
5539638
5520485
4540216
4498228
4651359
1453667
3292193
910637
2557089
3768947
6449402
2449885
648368
2745820
4064697
437924
5042807
246141
3898982
1769129
3248022
6681904
4194575
6170850
4818491
5818632
6354977
109081
3063007
997232
2002105
10166
91260
3204762
2082899
1182680
6825558
747225
5015248
6247917
6319032
6256409
3897795
3645501
3819289
692899
1919046
2731776
348964
5271529
4321399
2627826
3797440
6152816
1528556
6665967
2060850
2225135
3734652
1539848
5422521
3021043
4237198
1256226
4251266
6507811
6689794
4439873
849915
2538984
2282601
5080672
959451
6614228
1562016
5767744
5145015
5248022
5865144
2842189
936344
2232059
4444505
3390165
4264211
6867937
2202159
5342442
4697870
3886698
4567611
4613533
6515796
4826639
4959672
4978459
3043307
4457349
6672020
1272026
66103
1400808
1217834
2909005
3861950
2371945
944305
4727717
2329335
2171262
3572562
149593
1197287
5649107
3088792
5022813
1655810
381853
1375101
1713196
3820833
2138065
6073955
2997929
870512
1266870
4142545
2998878
4389681
4686886
2200124
1396758
4957318
4898459
4783647
4134307
4312609
5203578
349215
6291938
3792772
2738167
765106
2635321
630795
657606
1287637
5366315
2903348
3111169
1650968
3501952
2773852
2832144
268503
4315953
348909
2825607
6463018
4941022
6616664
1365809
5651327
2511653
69163
2225001
3963022
635811
2009548
5863111
1033214
5269709
6363679
5676632
2017730
6481539
5159153
1892988
4347354
975351
4939460
3948887
6697055
5507470
4859907
2029360
6704719
425800
5984148
5076339
3033798
2165659
6251659
3913453
5714265
3635398
2581763
326671
4568013
6140050
3427864
3779750
2013859
562064
5613868
2544441
4515847
6744504
5351364
2141001
5038560
1198608
6665202
590912
4767062
898944
5656835
3599473
313733
3807611
4527554
6109536
4973177
6085593
2928618
3839750
1217601
696070
5542905
2750990
4219790
2849935
1469609
4709982
3766899
5099616
4558929
5563323
3316321
829751
3135673
4868062
6422589
4492062
2018906
5188413
4400750
2276890
5802849
4896077
4101987
1791152
5793337
5548402
5559287
1454898
1837525
2378022
5688105
2109492
4944099
6159792
4120000
6993693
4665488
239820
5030401
1409757
654268
6252145
1186080
2702188
4284761
4499716
5750985
2505566
1973753
2344045
2222228
2473384
3766574
3116890
6562582
6639956
2363363
2291938
1024725
5124749
6315890
373324
4822827
4539332
4072222
4901247
3808333
6738249
2447881
4379290
4329140
463167
2282014
5294753
4182123
4258399
3118586
4039166
5328536
2164120
3015868
6176265
308664
5690262
4929856
1147524
6038019
2929864
2851547
937649
4014930
4416373
2548275
3649354
5845196
212230
1527435
6736527
5985673
3743789
6065568
2990810
4479616
5026389
2253184
5584868
3821077
1976206
1012372
4165061
3025185
5980747
4501324
4165112
722172
5922998
217770
6701984
3969981
1637010
6891699
1064664
6856064
425280
4327595
3136155
704761
1213513
4529138
3493458
383612
2779885
4750415
6342044
4442599
4519385
5421390
3738497
6194705
6545331
3795353
1906035
537714
1942679
2147879
5279717
5663243
2734667
6025003
2687873
2080300
5031530
3903528
1307240
5310919
3990708
2128093
5150229
1309702
4929845
5111229
5486337
1507324
3893889
5548511
2592144
3925563
4061107
3693330
4853198
1303156
873823
969394
4120864
1079432
2303347
93449
1122640
977374
730635
1512870
4892291
5177440
3870032
3353879
4266910
2237944
5226003
5844434
3826604
4059119
4073543
5209709
2713637
5002778
6302540
3131757
1531728
2010627
4193732
264315
3079261
4320794
4453427
3894288
402660
5974376
4447351
1753535
6794082
2284001
6156511
1912499
5138742
3670660
5963613
4971702
5410644
4607602
5306935
2540473
864328
2413561
396077
2989915
3562551
5327703
3615071
2202837
686438
5266398
4416482
4245912
1643724
5268064
4909684
2294044
5105249
836434
711038
2332592
3407504
6799774
4619773
206216
1861633
712386
5409133
1881957
4952732
2069501
3558890
1023074
1764178
287155
6731888
4500386
2654890
6359849
123672
198978
5404875
4486626
2879408
3919244
5896325
4027306
3459992
2002041
3709700
4437639
201151
1187437
875385
6976261
1588223
360475
5155603
5446831
6782936
3489798
693626
5473317
2229486
678293
3896658
2035045
1342792
2292485
5190795
4763956
784665
2964791
1043757
907076
413320
212283
6557567
2584140
6206034
378450
567253
6359730
6516951
3200535
5383274
4009924
3857643
1711343
2341438
703978
6096143
4947207
6198187
909437
1089626
2100480
5290998
1733131
5885840
1431992
4698285
6415440
6104185
2370303
2261347
4461469
247233
1008726
830648
1863060
3212417
6883237
714926
6628229
5653001
5136667
5712413
2623194
320548
394553
498766
5992187
6257678
1773110
3507986
2599852
868700
5004678
6009462
5811311
1062801
4999993
142768
6276265
998158
1742128
6102193
4149422
2250366
1923949
4747239
6323627
1527402
6001005
2499650
2956801
2826009
6148525
5891821
2094383
6955024
5807049
1258589
1137159
6382651
6096814
314560
4038829
2713018
5765194
3018717
3658131
2169445
3426270
4560492
1176988
2646599
3822451
3858393
974921
1711455
2403691
6247457
1446906
1606857
4069536
6715816
3315528
3155712
2247577
4251028
6801456
2438625
102742
6315245
3020222
6706563
1678007
5524190
6019853
4161829
4587699
4242425
4953083
6058917
168646
5901169
2558231
103558
59668
3826498
3634901
6504744
4131899
6519350
3628974
5472490
4413226
3537444
4107574
6747986
1766564
5214761
5307166
4723457
5816763
4473711
5897267
618364
6707376
4830819
5502788
6164403
4943133
1150862
4687923
1569940
2182134
2383721
2428700
2196728
2790044
6331501
6360374
3454728
1300361
1447623
5436405
2629305
1090781
3918865
4443567
649877
3982682
2432049
1457538
4525337
3107244
4407949
1037347
1319103
4515606
816181
1913391
2779296
940969
6218085
2296273
6746808
5563997
1404402
6298527
3997452
3097520
5786973
6967002
3848306
2447464
5258459
6890852
4258289
5190422
6807617
6195706
4353890
3697358
3413065
6527195
1669555
1189954
6753703
4801329
1142300
4954253
2232189
739719
2716728
5439300
6718740
3073169
3186791
6266196
4885007
5152983
819999
1379658
4234405
4939496
1465643
83095
417727
3030419
3381836
1454637
6195810
4766021
3148615
989056
1571187
3571361
6755793
3255268
5144308
4297114
1987309
5829208
2289976
2994859
5034536
2930691
5193012
2321988
1988717
4839170
5326330
4746438
6957136
4843136
3083259
5207143
2289259
292574
6491743
1264205
1395031
5995998
3666033
669896
5266543
4917226
627779
1775199
4201067
2545529
4284971
5264648
2096798
1447307
6805756
4536216
658950
214612
1385879
2253329
5407305
4891002
1261977
5994460
6809785
3577163
6512346
477636
2988485
2794001
5689397
1285045
3353128
6137808
6710867
2385239
3409712
3119239
2796966
686658
3748275
6131583
959671
5570188
346808
3408437
3127192
6826808
407195
2307841
1268736
2049988
2001408
2942459
6004697
3013215
1180325
1493445
1233505
4267127
2557649
6902149
5573066
3086479
5930304
6457094
6407685
3679068
2528273
4746307
1255322
1387436
520195
3345778
1723604
3081711
401300
1917233
4316041
6712350
4805505
2712191
3323827
337254
3823747
5735760
3549697
1721964
992983
4492137
6519063
4275596
6952778
3309087
5502928
3375884
776302
14829
1586485
1300413
3269007
6071548
873999
4934021
2256754
1305418
5550578
2293181
2793097
2556444
2556621
2145977
478001
4199574
5581912
5634805
2342160
4004562
1145818
6881931
4704406
1283611
2600072
5708232
670457
5863157
2997108
1191060
1419425
737212
1049490
6390652
1375106
4219250
3766042
4565541
1960540
1490428
13083
3591007
3606815
1621640
3201984
106547
3753239
3485940
6814362
1764370
1801270
5948990
5640238
791954
3292044
2055968
4093656
2929562
3366998
6418180
6011260
6341199
4454535
103023
4181044
3817772
5112272
2409646
2196379
2135365
410819
1013453
1481407
6891798
1482406
4889234
6043245
1616011
461846
1062848
5828583
5290835
2062127
2677788
3799468
1073780
6089147
65068
1143485
6842753
5829693
5327331
6529122
2791954
4402510
5763002
4220804
5192128
522238
4803182
1210263
1033389
4974971
221995
2281588
2813822
3589803
3692505
1148517
912465
1785789
3726684
4082686
4237392
4849691
5454755
3556825
3335513
3607655
4543479
4059932
5664862
3447683
1527420
1571202
767991
254440
4621553
5141753
3102063
5208798
177679
4468276
2545126
2178712
1960870
4664889
3872044
5612286
772949
6939406
2125977
5114711
6770803
649998
6796262
2946744
1731886
2070431
4704863
3171348
2019725
5326663
6898695
3789931
5998003
2614273
3770159
3603470
5531420
2528427
884885
1474071
5954420
6161163
5437029
5192832
1499684
1128910
869721
2075052
6283091
962601
6893905
6754052
6266232
5345587
1041115
3942876
6555189
1198011
6770456
4295072
469665
4313013
6626193
5984809
6268652
75223
2863065
3841812
3402893
3449329
6588283
4189756
2001352
3482161
3714297
2860125
5509448
210241
2392115
3433788
662784
78227
1972058
5352268
3659298
5618859
3195047
1718459
5748554
3529345
3917076
6067697
539038
3661608
1665639
4520357
1742972
4658583
1313868
5676214
524546
5936968
4311528
2680748
6702823
3401390
4376093
5897534
650546
2621887
25983
2027209
4491759
6166534
3118917
2241888
5761509
2372120
5154064
2593879
6847619
164887
483050
861869
2321777
6168740
5379461
6099958
6922847
1586298
2522652
2021895
4794297
4558204
1422136
5371913
226388
1619094
3354639
135389
4537352
4127424
1606568
1648310
5219738
1739975
3255439
6627099
4196447
1471250
3820744
5909537
4302204
4595335
4077767
1286479
2011951
3070807
449984
3000748
5809121
1928330
4312738
2749223
3978583
6944684
4736294
6543456
4885993
5696242
1003153
6926935
5806309
2616365
1946995
3583657
1653559
6781131
3599857
5094887
1671426
6225772
3790107
3155470
5813604
6644454
5660913
4584233
1131736
2042592
1006056
6714771
6217045
3395054
4751159
2494156
3167576
2317117
1879333
2287557
222983
5039824
3395924
1155325
4691915
211510
4204899
1963709
6323617
210872
6338078
4953597
4768379
5906236
5136439
6222817
3959449
1650573
2084842
1766883
2224576
3648030
4299239
996676
351893
1604418
5463091
5019762
1058448
2747809
4393371
4016595
4680678
5838857
2158927
5160056
4829514
6404844
300752
5739185
4942485
319336
857548
5743112
4711013
889522
3856185
1232972
6589374
6332457
1621296
1287299
4246146
5188105
4344335
4682571
6506385
4892941
6486628
4445755
3770764
210292
1151970
1991059
4106602
985198
14264
5459796
1402361
2511562
5821588
67414
6981664
5043906
621256
3118236
478589
2456697
4074977
2409812
5566992
1611774
1420284
3575646
1209435
2934842
6121220
6069189
5939177
5047040
3161147
452137
4521576
6866390
6478043
2405933
4588989
3792433
81050
1327052
3351446
3438812
5044229
5749260
945567
471408
2143024
100427
5169981
2149858
3656035
4857011
2619157
3313410
5783883
6790113
3686342
313829
2367307
4030053
4482502
4462019
2534268
1431315
6378370
3073997
1603106
6322388
4812271
4387717
1431212
3309241
6838738
2601840
1754651
3821565
5994382
5096328
4711512
2523569
3868558
4161270
578129
2672037
776107
3349081
206343
1954213
1706338
3173918
3557782
297424
6705449
1993120
211813
5831548
6178064
1897911
360506
2159334
6621298
3949719
5301908
141411
4105011
779318
1862398
4391740
6720
1375276
1986061
2920741
5961190
3312120
2715116
5692221
722357
6368488
382750
4141704
4885980
4793069
5725491
2625921
1406299
6445975
1547403
1698934
6256034
4324988
4961740
111187
773989
4853782
3229362
4596307
1971220
5394703
4440934
744315
6074119
4440935
3585745
6261335
783146
6680994
4003412
3723615
768418
662190
5030946
4597148
2396179
4618657
2478777
20590
4621078
85046
2957688
6055650
56067
632872
781209
2129426
3455108
6754887
1013511
4726397
5801779
2058261
4479464
5455896
6894710
3350973
835568
4026362
6534199
300069
2321518
1930778
1626591
5678775
235522
2228611
4881551
766462
2509746
5648107
5426803
5341914
34757
5510197
1011744
3907821
4340195
191977
1089189
4109745
1458837
1142449
4425505
785473
3151496
5950587
1245843
4341114
2243107
1198752
6809958
5634699
1593421
6580964
4314894
3534433
5044639
1878457
1290080
4054716
4765041
4740007
5107200
3456423
3136467
3136556
5105494
1858730
629127
2585517
5360162
3734561
6329683
4090550
2584381
3352224
2213641
1690111
6379072
1247046
5954408
4259261
2350939
4151252
4168081
1057739
3492573
4446262
6409911
3204703
2301242
1411973
3885167
3089820
3671553
5578698
4026506
3883027
1907012
5047491
6462453
6981635
5794885
4422671
1313004
1336908
3097441
2244070
1822629
5887017
3383741
6746287
6522751
6284405
4094855
3002121
4843610
399451
3779465
5504663
5364882
1937631
6950092
1422959
6477264
1620914
4893758
3574993
3691809
664830
4324543
3082191
145999
4328273
2425471
120149
4541933
1941002
3319838
664153
307989
5783929
6003910
2468773
5057485
2102731
2872515
3015099
2547189
2843160
3146754
1902330
6770383
4242622
608181
3614797
569364
1698373
2604429
1322638
5031571
1097568
2597295
4129633
2573613
5483046
5120959
599399
2579239
6879758
1705512
974722
4568060
1468398
599326
1275747
5588079
910804
4738221
4010028
1033489
6547969
1729263
6387570
2982000
3690763
6268083
3032072
4699149
697857
246438
5557602
228384
5587503
1790628
82321
5525055
1894254
3240560
384387
4899589
1603141
2624963
4195729
3422251
4640153
520039
4105589
5205907
4165457
5147089
6522161
2693090
2027469
26356
11296
4398427
4687976
6659144
2322505
4521158
2168752
5771185
3864266
963877
636219
2736230
2153566
2937328
586075
3715783
3902444
6493858
2934414
216880
3207209
3447434
5912232
5315332
1164486
4220314
6867438
6457004
6585769
2658899
534097
19151
2363564
5842444
2890128
3881238
3781235
3462346
596634
2276404
3419737
6253197
6238360
6004417
6536868
1512170
1554114
303257
4750599
3462662
6289476
5384349
4386892
730693
3472584
983150
2457391
6629249
2541262
6825259
48373
1559324
325066
1663778
2999750
4940795
676547
6379272
2847486
4431879
2359671
4621328
1531264
6922049
3424918
236450
4447043
3816529
5622485
6501823
1691600
1217408
5030392
4531299
6540583
479482
2037488
1684367
540345
34166
3158987
4508696
11112
3670307
1563184
6129789
2318972
1341021
5746547
1773545
4627647
5394661
5343706
2197349
5555526
4325585
1470457
3336512
4925825
71317
2981417
4678642
1844749
5920554
5646648
4217845
5346773
6008681
5993663
1138653
6849139
4715362
2825309
2922106
4303714
6912706
3331246
6512834
2769532
1163379
6119135
1136633
4251536
1722772
6764571
4142990
3717442
6480503
4911884
1334531
830842
5171565
6156378
6295495
6599516
5393681
923119
47724
4510890
6633031
3131438
5828845
3861918
3430931
4422629
5684796
5499635
4192126
3189586
1433481
225889
3675397
2634567
5598716
2364409
6798339
4386754
2015477
3913411
4661248
2189413
4470881
4635901
1992152
4383575
4080915
3317613
1895481
6861956
6409891
953466
371710
1980303
2107781
444708
765666
1445368
4979541
2810668
934137
2142373
4292665
4975112
2624275
1423938
6152806
6513663
3056532
3290669
335149
588488
568590
128963
170821
3313582
1983803
3987005
3613009
1918612
1171473
5367289
4716022
278827
348982
3178775
3228833
5758761
2138695
2902940
995638
6703111
3017768
1465707
2644463
3864064
6395184
1125513
3002273
4406892
5347129
5429751
1117232
514973
4526410
6297174
5625925
5571458
4774475
6256783
5715438
4703044
4491553
3105984
4011523
1050292
508404
5044351
328466
6142455
6467478
3577583
8133
6401026
5269997
3439844
3022302
1231506
2321074
2101671
4643806
6470165
1705196
895924
3437153
212784
1044369
5823260
5165811
6279398
1454733
6731183
4698458
158258
3634302
4205879
3588874
131337
4844616
4594168
6942484
2572862
2259782
2833091
2337470
291370
220115
4910824
6184374
4723280
5343225
1098516
5962816
2461067
5807806
2445423
2304960
1257406
1491363
5429283
889389
1215289
4989364
4971502
3979413
5523243
2696095
2890178
2771945
839824
1390542
6048696
3120454
3155258
4600092
4999884
5714722
184694
851125
2651909
5682550
955807
3732308
4762315
4953575
1908292
5996893
200756
6724792
1668914
5420641
3774652
1464743
900778
2859371
1066721
326040
4580309
4306123
3026441
2458902
5520943
2509832
5023134
1585420
43949
5938810
1124235
463222
1392999
3994352
6380361
1232956
5564985
3781237
5304248
4645842
862493
1354604
3582916
3651773
787958
2744945
3900994
2999691
5753671
6502811
489927
5297970
4190991
1109192
6669838
6316208
3994716
1898420
747497
4353803
1201449
6422310
6490137
5304433
1124122
5579665
6575184
4941523
317626
5455372
6638237
6690826
4252370
2866672
3671108
5488383
4814664
3693522
2926096
1688240
1878461
4776508
708116
5762077
5190674
6757520
1547855
4180704
4240437
2746594
346637
1064591
6957737
2227335
480096
1360184
3656619
726426
6668892
5924996
4273139
3921912
3685456
3204966
264473
5501645
2990717
1736165
6947769
5311698
3048825
3258732
4229961
5287454
3558181
6772504
3752755
2312796
2753616
832596
6412701
1819544
5082649
2137601
227949
6158194
2692441
6296950
3143739
4040847
6745202
2534310
4814857
3396435
3204443
6434256
6367167
4243417
3103941
4255309
2564490
2795872
3778288
1348037
1685304
5841274
1786013
6166396
2728316
4759825
544096
6911114
3768453
658457
6172198
162854
4177781
5496209
3365722
4643876
2409580
3213498
6760224
1026526
5249910
1898081
3184027
111958
5519037
6599249
3726850
48308
5535688
4533713
2192790
1866322
6863131
1116148
2246930
3651889
2816200
3786638
564933
104674
6082280
1623210
831728
3403504
482742
2142361
5504949
2098624
4903649
4694120
299493
4981880
6542789
1463069
6844239
4224867
3630721
2578770
6992301
481482
6175274
4227507
4254342
552419
2265036
3231906
6499543
2320483
3732357
4703038
3689130
1316629
4481193
1017041
84871
3483864
6520711
5023916
1932858
2664311
2979139
2870743
756260
302234
6904094
2467185
4464825
17392
711191
6069283
2238242
464614
6767279
1998439
4760655
5100131
2842238
5237817
441968
713028
760816
2997969
79632
2880456
1325499
2492731
1415490
1010072
1371129
3101018
1698391
6310392
2108216
1887426
5210507
1272504
2132314
2922018
4648094
6814147
2923888
5379180
778248
5136555
5028597
2752040
5242564
6967903
5140673
1735589
975625
6256641
3965559
3364286
5336628
2653664
4508263
2016052
1134867
2152220
5640983
900809
4974981
3183887
737995
3435015
5586661
5552151
5815430
5161500
3002003
828598
2990930
6866217
3672320
3156934
5394070
6593460
1800415
4708206
1308303
3611134
2775500
3425379
3142182
1402633
4981474
2551066
2255592
4435801
1786354
2767480
4275745
4113869
6199234
6346058
3249890
2091348
55961
554215
2013248
5305417
4214480
764213
3417603
1279094
3286964
204325
6417574
2669973
3861720
166502
4358773
6941929
3566023
1785518
6386819
5170401
5788779
513719
3309306
3602394
556736
3347620
3778083
2667165
2409251
1659612
5343364
2820653
4589136
1769978
6126312
6090642
2013386
638524
2970066
4610694
4597002
5520704
1178885
5334908
2957344
6989776
326685
1212466
6683735
6840144
3954912
5347845
3966540
839366
3262441
2098192
1507687
46154
1160262
636806
3050791
6122761
5284169
6832397
2532729
3316983
6892864
2247181
5729793
4491693
2090458
1375469
353109
3108055
5996989
1567441
5318395
2250843
1661739
3309109
6211929
5070403
6690741
6974413
5487336
3685853
3697578
1052041
5914217
6276394
3156125
2676789
4551320
2196621
137459
3696056
6876932
6482
5599423
2035725
6171916
4825147
6809700
2678567
3603863
6623783
6040986
5435436
835285
6846352
1288369
1940577
3205932
3765924
4266074
3107109
4037321
2379264
4631461
6477491
1608352
745656
6095791
380015
6628151
6067348
1898909
6641940
3851152
623993
2839623
6935424
347845
6231311
6050366
6176603
4702151
4763887
5203084
1193185
1582243
6763117
6426083
1787683
4522284
5603668
2954472
3166338
1353809
4898892
383931
5198262
5163420
6704265
1908834
2464364
367858
4491388
2807559
5818561
1085322
3650718
242722
705921
6412931
1973282
4749896
3995890
5850924
2274203
3232339
5712433
5011534
857286
2197232
1562867
28878
1666010
1900463
3871032
4726891
4548913
3282823
5172776
1097289
1544509
5056228
4900861
271611
1500935
3042962
6594112
551006
3687784
3563078
4242800
5904498
3554484
359711
754451
2292441
4659606
6768977
4957212
2297435
1934377
829434
6301356
3423957
1640269
4697013
6122643
6429516
1995529
5819333
4058036
1161187
6863732
6716317
2629265
6649640
5567559
4989438
2785291
3810665
6906846
762075
481248
3940838
5510161
5860006
2477771
3855364
313420
3797418
354401
21056
162131
759966
1901795
6401103
3493936
3606750
1925666
3199150
3441907
691941
3019876
2001449
2669385
6217641
1152119
5401048
1823912
744330
1685753
4618031
1192840
1356217
528984
764716
3196807
3411090
6526928
2566353
1842675
2187704
5510101
6132188
582887
2596453
1638176
1308897
1354212
3315820
1767666
1468294
910014
4664888
4136954
2929111
3583951
5675902
1133918
1789574
1003365
1533112
4534578
6892675
4591916
1643774
6337317
1710972
1322808
214623
6359542
4205038
4068768
4103048
6354259
6201880
5318595
2560516
2213648
1586878
492627
2314158
2894705
6580257
4898653
2671321
2921371
171157
1237060
4243274
6645853
2926150
3723059
160490
6372919
3772039
5576084
6833466
1792894
3486778
2399220
4272814
6420374
2704398
1281167
2245038
6628945
157065
543140
6983173
3869661
3583289
919957
2475559
725675
6001004
951063
5632631
4670673
2055682
944274
5968362
1169906
4986029
484493
2325826
2707324
5826452
6827016
224580
591840
3026035
2159525
3569583
2568405
370111
2164793
1718077
4010368
5649580
6067498
4750732
4206281
2153834
3844051
2557781
4830095
4060168
3899026
1624203
1781645
920533
6638065
532982
3536613
5927636
3031150
2943156
6525315
6105145
4595840
6358214
4981028
3358788
6598215
3380892
4128808
96636
4434270
1833608
1432118
3364542
1048742
6565650
3092773
6887460
4742578
6948097
964511
5125515
3649720
4854505
1493832
5124145
4827943
5309594
3089307
4347599
6235603
2276632
2829580
2651190
836452
3360291
1485024
830353
2984479
3612623
1956422
6718646
6913421
6599555
3089811
845982
4490926
2499083
2843470
6027390
3572211
6304670
6578772
4740768
5701131
129181
486706
6433598
3836221
78020
6814208
1022419
5731603
2075719
3944029
4605185
3434192
6906839
4878603
5297070
2044762
298397
912791
1445602
5855454
1962741
5085337
3295240
1253427
6864245
2262624
5770897
5139143
5017886
4754973
3315078
3502895
660072
3335822
1504891
2855508
1416619
1442175
3321587
6140296
1355192
3684702
4361457
2115612
4018509
3458894
1217320
6819391
2471892
598301
5976723
902272
3969780
3057005
3366997
492840
3269084
790456
1500827
1544200
969963
2948734
6807518
5524902
3200098
4246586
5207896
6859453
3465984
4137890
6572871
2931066
1028122
376706
3067024
1868726
1557842
2621386
648319
2352561
1569383
3715794
5353121
4467822
3657181
6765108
6563465
6137892
1871074
439991
5373894
1792900
1268376
3053286
367185
3139189
3621349
4743527
2575922
6173015
5892101
3896663
2298036
1904588
4126175
5612345
1164451
1400599
5951560
700500
3581092
3962336
4389147
5526611
4177432
4304275
4711196
2522734
3512639
1221219
3750462
4829038
6355180
6465446
3844383
3370768
4819937
2196213
1071718
6036656
5568278
3746974
1473894
4960832
3964879
1441472
6340967
4489481
4031829
4403092
2030383
3159366
3771223
31676
3087739
5889027
5545581
3783706
3889277
3271759
6666975
3950465
5662997
814895
5267519
3028915
888897
6902799
2738858
6020844
2186804
2576349
1059370
2499074
6776690
3019206
1268183
5797937
1487130
2126980
348939
5325947
2314962
3539377
792716
1232765
901975
4422187
712431
1580797
4029674
3542199
6803634
3062875
29778
6739011
5210859
5856449
5871441
1964292
3931376
3343973
6388551
4354618
3877302
19361
4493286
4736177
6609399
298618
4401946
2287457
48750
1551762
1559383
1325633
326745
6912380
857376
2279571
207629
1641921
1322928
4815973
1036601
286868
3912248
1213599
5899775
3253736
5090682
4660224
4909589
6514252
1166334
2836539
5478248
3387810
5914334
5958384
2102528
6657971
3919466
2721530
2245290
4665546
2486391
6115944
5796882
460865
4408204
6199363
3860310
5401390
2933724
1454210
2021376
5065601
5416851
4482339
2427438
746112
4550367
5241164
1813638
3626874
1943606
3977144
4582043
5658007
3327102
2149802
6020186
6359790
1938635
6726847
6836021
2200560
6261117
4770393
6854083
417626
6187167
174841
669412
5534463
4744021
1780006
3273682
3478396
5733264
2803326
2832156
2586936
4069942
5818612
1519033
3098492
2410385
1422320
2540994
908960
1149552
4201576
3508550
5324083
3692374
5655954
3553606
3401451
3234734
2536249
5938227
3790506
4086609
1044313
4142448
6588058
618647
6370807
1145623
5287780
2425433
2884858
4249687
5723664
5172926
1749360
745526
989698
1678285
1937879
3578697
1123124
4781571
408722
132668
4536228
2021743
4813550
1023112
2266022
2876970
6632107
4092337
4599621
4712349
3127282
4406091
6297259
1678594
837264
2250855
4803546
6166393
2390765
4765455
785128
3953192
6436322
6837287
3712022
5879922
3298109
4719573
4806765
2075611
5922026
4870706
616828
6776087
6521381
1288574
1081268
6107672
2719966
4423652
6084039
6088039
1260991
3045318
1925755
5193636
4881490
5713381
6260283
2185845
998276
3691281
3871223
5372427
3648935
2678166
818242
4675677
299837
1058002
6249451
3303352
6244920
4497235
1365399
6294912
45154
4819392
6076812
1728445
4163741
4108528
4404356
4727145
1637114
4647733
3451646
2230946
6276098
6724902
4062959
3519039
2307115
536007
4278838
3377131
3630577
4846636
4375126
2079539
3782119
1945444
1580212
150106
6670859
5189799
5614470
580495
2514056
2183708
3412487
5334008
2591489
3351977
1994246
6509052
922186
5063716
3908214
1669996
3525627
3676841
6471852
4884510
4845676
2500111
3176509
6659187
3738269
921065
1688949
5115888
4406080
4131002
1699256
2213920
3255136
553641
3806718
6304485
3379653
1223292
3317752
295392
3185390
2716338
3413346
2013806
1805580
5714124
279010
5149460
3202730
3795855
2540058
1372730
5565943
1937768
3784196
3921046
5357690
3051255
881301
3351266
3590646
4810718
3411096
244246
4804871
1999470
230234
3792161
5467065
3098298
1691794
2119048
1952174
2072449
3758710
917279
5982184
5158501
102874
168676
3790273
3544952
3125907
5334130
298411
2508995
4202321
6920295
5024329
3131276
2732178
3879279
3262428
3962141
19218
2374940
3519839
4241268
5886696
1219558
5101007
5323233
4116246
711248
3282320
414473
5245634
1429455
2400770
4362768
6284654
4866433
5820218
740044
3286497
926249
3207214
2722688
2870988
3195738
3575483
6078593
3770336
4597133
3748787
3700394
4350039
4753072
6555209
141854
1137755
5856391
6217860
2905036
4325107
3479484
6030476
1379353
2462811
3258183
5144588
3139633
5873013
4158039
6108950
5660079
5233802
2555932
6577306
5111614
5982106
2126206
2494642
148868
5111855
6339243
6486477
4407553
6202888
5086360
1589436
3437785
5731158
2357366
3817139
1131003
2431764
945599
3716213
1606661
6642705
2977570
3715043
4907660
873664
5301611
6645528
2276263
6492871
5850439
2807135
3414972
6308156
1663127
2249172
6073241
1116431
386694
993097
697858
240683
5989633
6279443
4738571
4772400
2225849
6349759
6448814
5445677
6745407
5656349
4037689
1318145
5601925
4565403
5368899
4208289
25950
4149254
1977017
3084410
5853217
1177746
191941
1471810
5502867
1689697
4895507
6913688
4109209
223849
647107
2252668
3291891
4359677
5153092
5132917
5092173
5327143
4084272
3893905
2760393
5414818
6227945
1022070
47355
4816586
6836276
2319193
1582722
5246381
6924680
1816672
3651335
61263
6583524
422390
6073687
498252
1206209
2565874
4312890
3839508
109182
5179177
5181693
1987071
692028
3294773
1288748
2183790
3549137
1634261
6936655
555498
4589135
2656625
774837
3886683
6567702
5220851
3569451
6831486
948337
6755720
240316
4920548
5971329
460716
38148
4678446
897684
3561127
863091
1385623
1966913
4140107
2969649
1049185
481113
895076
6972617
3134203
1853172
4770044
81743
1008945
2813528
4719234
6533447
4817959
1408986
4541060
6690037
1240304
2387240
2629443
1856638
126693
3241727
5434912
3629985
6255837
5582172
6161244
1615108
1240730
323897
1478438
2091183
4397374
2453688
4080382
742373
3634067
6135858
1547542
6659566
4398526
5980812
6050849
1595402
5929584
4209228
6207255
2955351
5968934
4248462
285658
5379692
4362112
6813380
3068845
2025790
3860658
6955976
5894722
2037855
6700603
5058270
3170793
5420409
4045068
6450944
2406121
5810617
6564735
1506031
4312840
6527501
3012069
3682766
4795815
2049769
6300881
1575043
1603150
5465059
947580
6181586
2018339
3679746
446433
1953131
256191
6806168
6577175
2807137
4572018
607904
3330974
6916464
866898
4617400
18169
3030489
3999194
2789642
6271509
6159128
4644043
4412022
813957
2696382
2539285
722736
1989359
5278534
2268108
842585
4382105
1332795
6231576
3875986
5161575
2732102
2436101
4851642
6860553
3674975
5523654
5782279
1532746
2498920
313546
200231
5692494
210367
5729675
4942638
3595911
5917113
4116479
568468
2605423
3559018
6197635
2292780
4295575
772859
6320169
940036
416184
1329732
5461302
5170851
6000749
6646943
1798191
3554983
2113620
2611074
1411169
543603
1791440
5659275
1836294
4398845
6385142
3713928
3707822
1753249
301533
5675388
3366455
6371517
6030762
3008870
4487432
3038360
1870276
5331188
855305
2351544
6062029
4315206
6374146
3813841
185120
2701492
6473151
3908216
6438701
920099
3003831
2198031
865923
6098784
815590
479121
4492997
1479225
4511944
3016238
2171283
1554117
1275682
2294129
1606452
6738893
6752446
4784780
5966231
2757109
3093790
4708333
4668526
808881
3322049
1027150
6328518
1935092
5343402
2506872
4581613
6466044
1248657
1705083
1766715
3466562
4477686
2700664
4920257
2632121
6644380
4276758
3160171
1375029
6547783
6386091
4301376
5421862
3141316
4858712
5244799
1580524
5429545
4288929
1963790
1171740
4143068
2288773
2153841
1878831
5589252
5157758
5975127
1302001
4404023
2642885
6399079
3985729
810746
2595849
4687137
131141
4975008
3337758
325184
6444117
1760652
2103870
963508
6163027
5068886
2483764
319024
4321367
4967366
3547457
1684713
6936587
5015792
5005598
6851240
6553750
6384545
3405727
3339619
1191790
5276721
2132680
5609138
2295164
1158127
1260286
5051349
6057068
4175716
2272526
1191407
3913020
2359027
5296263
4230615
4581431
1003102
614460
5329430
6182055
4855583
1628625
669902
3443231
2667158
3510804
1058717
4406999
716646
6334553
122236
4356727
704778
1272855
2101550
815299
1589378
4494311
2770545
296598
6906108
1632971
1603819
3012904
6495079
4088485
735673
1885250
5394746
1945077
4645369
3329954
2945613
4893119
4769881
3199117
5607434
6454935
1505311
3369733
5623097
2680046
4843458
4600426
438802
3040879
3881990
5279679
516722
4980784
5356093
62055
4382291
4739208
3603153
4072904
2015145
2793963
6847951
4289873
6384711
452293
5164289
6412363
1933180
1439075
973105
6578985
2684252
5082395
160906
845039
3457920
3455171
4504228
445353
6816127
6668967
1104866
5258673
3656764
6013101
5809344
2552
3962175
6154928
6887868
3952123
2902638
4415975
5908396
447140
1469128
1851075
3428251
2850115
80736
1469750
4406432
1271832
6430816
2133253
538529
6642033
3082942
2140611
2969690
3026544
4762725
4738956
3569028
5031308
962027
5580311
805925
2247737
2578805
6742467
5333370
4201362
6397203
6029523
3376697
2891132
1044277
2664638
2825328
4095088
2544062
6278009
6491865
2121235
6596151
141679
2062082
1561953
1232413
2854486
3245898
6143373
5464253
6892807
4821342
2200159
3262736
3255848
4675873
1924141
5736073
3212711
4623405
1880057
4840818
6481558
1776503
5880098
2106192
1888077
3939376
4330907
6331073
3772960
5665
1361784
3907806
4702658
3302902
2503640
4179615
3397394
1963820
4803999
3543022
2667962
3780227
2778833
2432028
1260168
5577261
2363789
5627090
5839721
2710664
1510000
1070296
256496
3847199
30161
3359160
2869265
1246109
6439897
6797664
2760422
2735296
5458195
5286226
1106600
3652726
1657956
2961839
1663897
5178336
2894371
1208880
6445753
861945
5320663
5101676
2840436
1421498
419899
1520549
5608484
4133147
4831268
1856116
3828018
2337422
1897819
5058088
3244691
1054745
1630454
6325000
4035934
5762273
4252956
6279711
4133682
5445552
6349372
1115491
3832367
3885666
4524907
3542413
2576366
2573633
530889
5693694
1381003
3594138
1025265
4541890
2763925
6244436
3204848
3265679
6249634
4373335
5083469
2493762
4652078
2975700
3048367
6397232
4271324
6085044
5192461
1275251
4014714
4637138
3181310
4689815
2987337
4719729
5691184
2117598
3632927
4951132
4256518
3383724
6495758
5842097
5203325
3733874
2544486
1616334
3388975
6603184
5316059
6628529
6970988
3451792
1095838
3813348
1272991
6432097
1425423
1539331
3543402
167216
2008267
5265884
5937808
5147609
943513
1449796
6879974
5755381
5494975
2622126
2773220
3044861
4398495
1897611
6289463
6419995
4464101
5887466
4448593
5696626
1658454
6721402
3655690
1955006
4374558
3020878
4335991
6717552
4361218
915497
5873303
2408910
1933370
2620771
2528408
4868134
3463497
931176
1349163
3454072
3343151
6125039
470001
1598078
3117958
6063158
2287433
5508068
4586935
3965324
2049326
5812462
3822481
1234121
2085427
1156553
4933423
2197850
2453666
3818853
4678148
2693071
4418528
6423808
1718598
682012
780016
6078635
6889143
6350664
1279336
4132065
2121667
670092
6082923
381824
2860933
6035228
1881782
2184215
2569110
110865
4500063
5717392
5295783
885519
2977844
4679365
3341965
789548
2869932
5662387
5077907
805851
4663114
2876155
965519
4378550
5920651
5414815
6765030
2711646
5648129
4750174
2384353
2717375
2033583
3311791
843310
5219619
3741341
4631550
3128232
2431557
5358212
1303593
4796904
2341975
2761208
1321047
720463
1023629
3548463
4492910
4412325
790309
6817025
2731942
1861113
5095597
1883183
492663
3568709
4093163
5688710
1254863
2105514
6268523
2304154
6275774
6194780
2030015
5691514
2371130
1445415
5303576
4552052
6575779
1218051
3095777
5561894
2129308
2348974
1454471
310120
2482261
4954856
6523471
5362704
3777147
5613372
1501198
5783977
2947443
3759049
5754960
4005122
3162931
4491261
593635
1635674
4995794
2640091
320803
4975643
2668709
4103261
3070617
6750383
1669186
6445903
451755
3342876
4471115
3676063
5738078
2255641
6018538
691077
1631064
208665
6538567
1851845
4325711
1191630
1882487
4776135
5515854
5981376
6995701
1139223
4900233
3184806
5739521
3034203
5417432
6655472
3554624
5122056
4112465
4342407
4452678
1051030
562124
4757896
2647128
3998587
2918660
824484
2262934
2656684
5269442
1746337
6688658
5044860
1930066
730402
3156691
4850897
6043734
4002540
5300743
6226514
1000117
3320269
4714360
1839563
2926237
3073606
929630
3808533
6713575
1232397
3737308
2137431
6975374
539053
1436486
6245092
578548
4965738
3749520
5021333
1731153
507718
4007069
212845
6084311
2237615
684306
1712644
2759336
1063942
2862005
514044
5415488
21449
1074441
6922284
2281049
4818203
30610
3685120
2500753
4697320
6040113
6070780
6724461
5660073
5783193
3751708
4578990
3338067
6292622
2708693
5494990
147369
1506449
4604942
3336953
6261475
727994
2760291
4032647
6425428
2643440
5444363
5616312
5507832
1668714
5476651
4166864
4818145
3586599
6951518
1278099
6867654
6972232
4240549
2727924
5955118
3998604
956457
89427
1893983
3342484
5824905
1556991
6373788
1911438
2845237
5831243
5688413
3940539
432033
1124609
4463166
4149151
3624428
6375942
1977094
1001676
2961090
5455384
5011907
4278807
2021489
2083674
1599701
2169889
5578686
1026644
6597644
5116886
3289955
1485720
2401311
5440031
1368630
1501834
6550041
6772111
3792040
2982493
5191744
6798224
1171158
4943927
1932886
5419219
2557851
6558066
1887752
4369563
3135944
3486048
2608510
1532838
610462
4658552
1631463
4622271
5700213
5009389
6525068
4999377
1480654
3178198
6082170
1866969
6084583
2221385
5882413
6763549
2873767
5163598
197534
1236054
1539217
4581804
2829713
4393325
269959
2689437
5472441
5473597
1632651
6101107
994580
4310308
6541868
4664755
5343212
6369665
2269553
6680575
6776541
2295527
1252970
2501992
4110696
6005531
1808716
5652677
5194569
3294557
3000298
3983042
3526877
4872279
4288434
6321163
2914031
1541404
1229949
2674850
5667295
1497489
2555305
2553701
418437
3614490
6081749
2958233
6761146
3195001
1251403
6028786
2359033
3139738
5677932
6056290
2683318
2141748
2136233
5054671
1201437
868234
1457131
5031249
6139215
4757030
2744664
5253839
1478133
3760098
4338234
3108326
5876731
6272715
5795613
6732320
1880526
6590854
4149597
5093926
5388915
509589
2083593
3897938
1903381
3142937
5475249
1287534
6682667
4510173
3185581
2857938
2065650
1944134
148712
1138623
4917142
3628111
1354757
1578186
3955724
3217635
2403542
6771283
5409725
3178684
297565
2845230
1776540
2738127
4217523
1472777
6397804
3236256
2345504
1559114
2160693
6364901
2508893
1665081
970307
3649127
5401659
6396783
6386306
2296014
3696707
1178166
6588590
1874822
345195
5839853
2203349
90018
6029266
243578
3941090
2921127
3211910
2826686
884143
5940875
3694949
4840379
3318414
4420490
1856816
6316404
3727308
2556237
4635871
6744183
697845
746262
662301
2359347
2374547
4197511
5878646
5559079
117682
2375259
6221104
6534143
6329172
1565537
6570679
5268087
855884
4928724
921877
6240730
6579265
2913023
1853940
6463965
2231586
3758075
2907291
3768917
3207659
4243099
4401452
2699837
5673341
1982326
4840949
6470499
1339933
4226059
302038
300305
6886556
885021
2137831
3789389
1223756
5265117
5130686
4314701
3790735
5746536
5656638
3815193
4342941
110585
4249725
6150073
5020755
5431652
6157533
6524455
5719583
4551040
5533662
3954616
2721452
2429423
3382948
3753829
3540789
3626169
3033189
3999556
4783585
1363380
6012289
1277947
489212
433756
1325680
1279614
2445402
1903129
2898991
2519498
1286967
6772308
356797
3851088
1168036
6149362
3511928
4550230
4591052
1595547
2887205
3896807
3293866
2852252
410808
4050313
3970331
5113045
64201
2583671
5865223
5021362
5479303
5927472
3498424
4666257
4780722
5195469
2836984
1007295
3315381
1821843
6316336
883761
1116615
856750
3255675
6352327
223270
1648338
3373128
4926443
6217758
236268
1847753
5844165
1352664
3321230
6761148
5800538
696442
1350295
1802419
612389
3470018
1670648
758216
5980150
4360145
171705
4213889
3071719
5762175
5169065
5287599
2643129
3523339
392884
1167442
1747283
1537397
1480785
5228488
4430936
4898527
237599
766249
134809
399335
6611972
2973063
2830096
2773292
831545
3716340
1117405
3090944
6133213
1640286
6933531
2248757
6790650
3660049
1926116
1761550
4703361
2316575
1612852
601621
2269125
2723858
5882656
2177026
6918887
6788005
3006736
5010367
94726
1920278
4518248
748249
5017067
2729089
1494484
3536467
6412844
1045549
137511
2808232
4708334
5417968
3782687
2670653
208326
6702631
1144702
6576616
3978983
1731782
2247082
58523
6250270
857073
867793
6847931
6186811
5179762
4540686
4223819
270063
4675551
1311139
5823813
6589444
1069611
4549904
1010334
4356043
4977094
3419808
3556615
4645358
765368
6979975
5500341
6332690
5656928
5826538
421349
2358016
414422
5284311
4424659
5759918
1754557
3263179
1104499
5491672
2299752
5884298
5940152
4702812
1847786
4124355
3733335
2123737
2857144
6050382
1893866
5922265
2343235
3704842
5664210
2939160
1805927
6107622
6826043
2016752
1863245
4131831
6664355
4031830
899326
2871555
5498576
4957580
3544298
5642779
2122076
4796411
3725180
4060145
6538643
949865
3925203
4254247
3819211
4942934
3795796
1490977
6527314
2979087
3949276
121992
3993971
5732093
1965414
5975875
3816709
4502508
6648251
3861923
1014214
2849620
4064626
4413299
4889590
6504924
1208917
1399585
6607184
435831
1223749
2247626
5422861
3143320
6151978
3657495
1341284
5134457
6216626
6942084
4348281
6620100
4547931
1896804
1251674
5043509
5002365
2783538
13521
1885313
3581337
5227509
3421208
1882251
5753305
5029255
6168637
4525812
3302415
6655838
3740866
5217782
2018979
683552
5547940
2465704
5839776
1155044
4235226
4598265
2300458
1106615
6467445
1878868
1686588
261212
300432
6244405
4465610
3170103
4047696
2360378
1083732
4029048
4246964
5948266
5941448
847297
5242276
2484352
5025160
5480412
5913014
4000366
268285
2727755
6540908
2850696
5838031
1401711
6788059
1926789
3730647
2072785
4769865
5637457
3393961
2723365
3536103
232697
4879664
3820999
1661730
2815607
6157403
6001404
3738308
353543
6435136
2672206
3669763
4872562
5573027
1294339
6872433
3923296
3318105
4487560
2225635
2035721
3358999
1191985
3116465
567453
2163391
1738014
6363335
3495774
5456729
4269701
5533206
1338301
2879835
714322
2863838
5904838
3618453
1602123
2991883
1482256
2952496
4693773
1988604
3622659
4780942
2513895
5822935
1509897
1569978
19843
652557
4328438
1605657
5638242
4401294
5783765
3563514
4007969
4658031
4687251
775915
4704304
2156054
3065406
6678457
4360823
93316
6093681
3294503
4140613
2873705
6180049
3937597
6040555
5585546
5333555
4273930
2442198
1868864
6791887
5412003
1526803
6626789
5378553
1350000
5558961
5805390
1362821
3045696
2953239
6852040
2095552
3274977
734408
4104532
4431081
4185062
555119
485926
2282528
1710275
3734613
21199
4821189
6199403
6526689
1691328
3445287
5787725
950763
1711275
2099007
6720534
3492759
3992745
5796119
714354
1299780
1767192
291136
6058
5406654
923342
3715260
6094914
2359701
5494913
5738307
4860518
6615785
1036998
3828381
1318948
1442861
6206652
6554354
1527472
4923331
3291836
5458702
6569538
1615010
4022606
1187487
5771268
3872065
1410139
2167717
367668
2848310
4024093
5547010
5779722
6139966
3917421
1319349
5550345
5956186
5197962
5110653
1651536
6891486
2442597
6591954
3342951
6226823
5775146
6286089
5119986
5374346
3715093
2744133
4000240
3040783
837651
865990
6570503
4626204
3515894
2264232
647519
2278968
6853584
2284998
2807507
1454390
6903450
4920786
3000133
6015467
4029522
3091454
1968013
2616970
4724368
3195948
6491944
6114493
2351763
5765456
3473843
6175271
3716632
3160923
6379556
5126878
5681666
5667031
1447402
719313
3036227
3695901
5691024
6835263
4569696
6673290
270213
3358087
392180
1765547
36025
4706561
4843468
2766248
1992645
2946392
2431721
6300167
859558
2498219
1047228
5648487
1876808
780071
2014132
2443475
5008150
2704176
4527228
5775141
1204984
2953915
6655645
6136272
5407496
4251082
5201342
4168440
5408889
5286922
3757078
1907018
2835318
2073094
5838469
5349108
1759226
1914352
6852550
4030740
5107309
4169966
6765902
2295283
2546330
1866689
1939628
1524165
1843333
4079541
3509183
5341108
1884637
6911031
957397
6782859
2414640
794410
1688986
1242181
2972643
233694
1061290
4128039
1523106
702127
4521956
6598389
1300851
3967883
455839
5533079
4184050
2687123
1818632
1626557
4402967
3951097
2029020
6621259
1991533
3637918
1751012
5108442
880615
4397443
4708925
