5498648
5501936
5502406
5499050
5498370
5500235
5499333
5499143
5501993
5500432
5501242
5499734
5501664
5497836
5499794
5499843
5498645
5500290
5501396
5500117
5499317
5500702
5499755
5498504
5501138
5501400
5502447
5500694
5500938
5500731
5501948
5500256
5499740
5498469
5498389
5499081
5500188
5499563
5498608
5500503
5499059
5500306
5500919
5500267
5501368
5498874
5498501
5500128
5499548
5500522
5500453
5499342
5500020
5499439
5499978
5499496
5498646
5500733
5499594
5500278
5500786
5499039
5500569
5497510
5498813
5499713
5497975
5498325
5502111
5499540
5499313
5498955
5500205
5500748
5501965
5500915
5499812
5499881
5501425
5499605
5497292
5499104
5501020
5498022
5498268
5500794
5497765
5501689
5499174
5499554
5498861
5498321
5498550
5500480
5498171
5497812
5499069
5498811
5498926
5499281
5498993
5497876
5498925
5499265
5499032
5501804
5499682
5498571
5501104
5498819
5499697
5500093
5498976
5499807
5500525
5498057
5500143
5499120
5499378
5499119
5500261
5500530
5500056
5500986
5500370
5501838
5501497
5500726
5499393
5499001
5497704
5500633
5501167
5500012
5501531
5501286
5499541
5501513
5499649
5499261
5501253
5499552
5500861
5499377
5499728
5499754
5499836
5498287
5500351
5499017
5499113
5499532
5500844
5500286
5501081
5500076
5499996
5501175
5498851
5502376
5500013
5500825
5499876
5500377
5502243
5500029
5499101
5499453
5502004
5501026
5498820
5499781
5501244
5497776
5499242
5500463
5498546
5499413
5501156
5500586
5498795
5500350
5498192
5501379
5500292
5499784
5498964
5501293
5500706
5500709
5501328
5498385
5499895
5499665
5499910
5499299
5500742
5501076
5499577
5499948
5500440
5499813
5498599
5500252
5500670
5499462
5498008
5500715
5501172
5499984
5499915
5499582
5500458
5499783
5498752
5501869
5500203
5501166
5500028
5500118
5500411
5500154
5500075
5501645
5500090
5499723
5499683
5500911
5499712
5500679
5503140
5499260
5498687
5499035
5500550
5501336
5498855
5501355
5499071
5499177
5499233
5500754
5500383
5499034
5500349
5501469
5500254
5501732
5499952
5499890
5500139
5499531
5499922
5500215
5500478
5499522
5501053
5498994
5500374
5499016
5499704
5498620
5499975
5499668
5500966
5500553
5498984
5500078
5499874
5499361
5501549
5500288
5501498
5500448
5501453
5498773
5498422
5501034
5499774
5498673
5500270
5500074
5501509
5500084
5501536
5499175
5500610
5499965
5499362
5499640
5500210
5499865
5498709
5498348
5500159
5498836
5500468
5498621
5499524
5499438
5501023
5500231
5501874
5498642
5501492
5500487
5500776
5500241
5500465
5500838
5500925
5501307
5497468
5501897
5499979
5499901
5500485
5501815
5500428
5499685
5499629
5500646
5500716
5502264
5498812
5500227
5499486
5499793
5499750
5499369
5500409
5500030
5499607
5501556
5500189
5499318
5500766
5498464
5500498
5499146
5499082
5499027
5500574
5498594
5500006
5498418
5498713
5499430
5501216
5500236
5500144
5500386
5499083
5498938
5499133
5500718
5498912
5500179
5499227
5497786
5499513
5499971
5501266
5498581
5501116
5499722
5501087
5499514
5499811
5499338
5501276
5500978
5501429
5498028
5501046
5500455
5497356
5501048
5501143
5501377
5498893
5500546
5499094
5500230
5500471
5500579
5499564
5500106
5500194
5498979
5499550
5500568
5500971
5499845
5499609
5499504
5498219
5499935
5498399
5499854
5498294
5500381
5499372
5499547
5499569
5498809
5501145
5498698
5498480
5499385
5498837
5500598
5498078
5498441
5500244
5499169
5499744
5501083
5499107
5499580
5500560
5500474
5497740
5499905
5500722
5499268
5499670
5499186
5499707
5500864
5499024
5499250
5499331
5500038
5499429
5501110
5500528
5500294
5499388
5500551
5500052
5502171
5499164
5499620
5499624
5499822
5500355
5500931
5499511
5500311
5500535
5498991
5499992
5499461
5499546
5500081
5500456
5499721
5501204
5499093
5500508
5500253
5502258
5499336
5499606
5499663
5499691
5500601
5499880
5498784
5500834
5501067
5500805
5498635
5498393
5501801
5500360
5500668
5499126
5501157
5499414
5499562
5499184
5499727
5502167
5499814
5500131
5498749
5501415
5499357
5500467
5501524
5499730
5499478
5499993
5500564
5500779
5501128
5501419
5501095
5498740
5498666
5499320
5499545
5500445
5500695
5499259
5498763
5500850
5499938
5498629
5500557
5500681
5499803
5499753
5501538
5499997
5500359
5498824
5500022
5498307
5501350
5499773
5498875
5499443
5500204
5498630
5501533
5498801
5500407
5500589
5500634
5498240
5499648
5500673
5499193
5501540
5500461
5500497
5502100
5499823
5498738
5499660
5499777
5500700
5497633
5500259
5497902
5500912
5501705
5501285
5499985
5498117
5500627
5499565
5501573
5497502
5498956
5500212
5501032
5499664
5499212
5502492
5498866
5500787
5499656
5500900
5498863
5499832
5497907
5497893
5498617
5498069
5500298
5500848
5500944
5500517
5499708
5498532
5500669
5503157
5500890
5499957
5499825
5499968
5502262
5499837
5500364
5498473
5499525
5499325
5501799
5501686
5499089
5500280
5500276
5499555
5501539
5500717
5499274
5499702
5498804
5499986
5499849
5499282
5498210
5499011
5499788
5501889
5500582
5500596
5500532
5501112
5497881
5498911
5500789
5500917
5500898
5499283
5501070
5498697
5499365
5500186
5500509
5498493
5501036
5498678
5500808
5500050
5501263
5500707
5502293
5499573
5499731
5500469
5499637
5499469
5500803
5501197
5500680
5501754
5497487
5500524
5498715
5499940
5500600
5498380
5497844
5498569
5500105
5501291
5501875
5499770
5501150
5500255
5498708
5500631
5498835
5498514
5500148
5501743
5499088
5502025
5500005
5501003
5499715
5500120
5499390
5499421
5501926
5501099
5500320
5501144
5501459
5500101
5500539
5498978
5499276
5499736
5499092
5499332
5499061
5499052
5501079
5500099
5498932
5499475
5500335
5502872
5500884
5498376
5498966
5498631
5501534
5499537
5500072
5498562
5498760
5498779
5499523
5498834
5501630
5500678
5498449
5499472
5500184
5500451
5501378
5501407
5499821
5499136
5500103
5499873
5501306
5500801
5498167
5500674
5499795
5498814
5499678
5499271
5499534
5500547
5500956
5499503
5500213
5500166
5500810
5499288
5501507
5500817
5500504
5500676
5500757
5500997
5501594
5502101
5499043
5500035
5500002
5498723
5500018
5500279
5500389
5499237
5498983
5500561
5498743
5501073
5499368
5500239
5499688
5502270
5499739
5501519
5500077
5499584
5501725
5499652
5501552
5499031
5502283
5499249
5499487
5499310
5499955
5502360
5499457
5500333
5501186
5499280
5499240
5501262
5501302
5499751
5500843
5501445
5500995
5502487
5499466
5498197
5498027
5499529
5498771
5499761
5499867
5500187
5500185
5499602
5500812
5501192
5502354
5498828
5499409
5498891
5498579
5499219
5500797
5500578
5499005
5498986
5499902
5500477
5500141
5500602
5498199
5499445
5500247
5498731
5499441
5501068
5501273
5500613
5498502
5499060
5498933
5500987
5499866
5497525
5500358
5499846
5499904
5499892
5501410
5500880
5500223
5499286
5501201
5502486
5498721
5500953
5500313
5499776
5497554
5497511
5498075
5499990
5500375
5499824
5499671
5500781
5499258
5501762
5499732
5499221
5498849
5501505
5498602
5500882
5502251
5499515
5499366
5497421
5500297
5500493
5499760
5499267
5498800
5499301
5501078
5501257
5500778
5500863
5499041
5500712
5501270
5499036
5501446
5500110
5499205
5501833
5501322
5500287
5498845
5498680
5499398
5500145
5500062
5499189
5501142
5500888
5498430
5499936
5500107
5498600
5499944
5499224
5500724
5498105
5501504
5501115
5498002
5500354
5500127
5498971
5499349
5499355
5499370
5500665
5500520
5499579
5498954
5501363
5499869
5500248
5500800
5501388
5501012
5500521
5498243
5501051
5500284
5501234
5501769
5500537
5500907
5501510
5502212
5499350
5501646
5498506
5500747
5500735
5499667
5500164
5499729
5498153
5501357
5500818
5500174
5499213
5499634
5500549
5499988
5499882
5498067
5500527
5500171
5500950
5500876
5498944
5500901
5499666
5500827
5499908
5499644
5499863
5499335
5498052
5501428
5499720
5498662
5499254
5499131
5500518
5500312
5500860
5501188
5497470
5501611
5500732
5500499
5499118
5500764
5498029
5497794
5499604
5498726
5499674
5500391
5502175
5498122
5501685
5501347
5501033
5500466
5502018
5500555
5500095
5500783
5498924
5497544
5498526
5500047
5501096
5498589
5499010
5498466
5499116
5500060
5498267
5499766
5500619
5500153
5499661
5498684
5500452
5500753
5500969
5500169
5497635
5497656
5499270
5498960
5498265
5501560
5502448
5500342
5500009
5499917
5500303
5500879
5499757
5501292
5501066
5499055
5499559
5499844
5501947
5500886
5501345
5499870
5500425
5500940
5499926
5501049
5499397
5500172
5500133
5499877
5500760
5500608
5499916
5498706
5498461
5501301
5500545
5499485
5500221
5500543
5501132
5498578
5498712
5500258
5498633
5500942
5500899
5499302
5498528
5499954
5501040
5500007
5500489
5501065
5499481
5499726
5501035
5498151
5500514
5500097
5500533
5499257
5500824
5500167
5498539
5498815
5499789
5498634
5498626
5500819
5500385
5500098
5500795
5500791
5500220
5499449
5501791
5500571
5500839
5500541
5499047
5498596
5499206
5498541
5500156
5500926
5499172
5498890
5498858
5500603
5500004
5499710
5501351
5500807
5501471
5499612
5498892
5498674
5500429
5501238
5498943
5498953
5500182
5499395
5499769
5497868
5500402
5500878
5500325
5500177
5498624
5499741
5500588
5497948
5500774
5500057
5499799
5499643
5501064
5500150
5501024
5500130
5500698
5500505
5500363
5500835
5501582
5499471
5500639
5499772
5500318
5499930
5501282
5499535
5498881
5499650
5499700
5500158
5498344
5501027
5499015
5498131
5500175
5499779
5499958
5500576
5498280
5499687
5498736
5497696
5500575
5501205
5500592
5501628
5498967
5498887
5499798
5499868
5496821
5501859
5500310
5499747
5501478
5499327
5499198
5500119
5500330
5500420
5499518
5499037
5498010
5499040
5501097
5499588
5499121
5499768
5499790
5500044
5499920
5499970
5499387
5500790
5500046
5499432
5502200
5499913
5500104
5500079
5501698
5499436
5498931
5498897
5498271
5499603
5500138
5498987
5499831
5501467
5499764
5500080
5500416
5501970
5498949
5498015
5498733
5500371
5498395
5500862
5501640
5500438
5500918
5498402
5498755
5500738
5500473
5499340
5500214
5499051
5499542
5499379
5499106
5501136
5502225
5500055
5499290
5499298
5499973
5501530
5500146
5500492
5501635
5499428
5498096
5499817
5499752
5498438
5497967
5499748
5501052
5499884
5500054
5500688
5499696
5498282
5499112
5501416
5501715
5499108
5500224
5499989
5500291
5501866
5500941
5501125
5500920
5500392
5498901
5499999
5501529
5501681
5500234
5498675
5498718
5501878
5500988
5502229
5501210
5499981
5500063
5500577
5499611
5500289
5499474
5500344
5501757
5500219
5500585
5499502
5499115
5499165
5499738
5500323
5500893
5500643
5499315
5499775
5500341
5499557
5500479
5501528
5498448
5499294
5501904
5498259
5500632
5500730
5501299
5500618
5500345
5501109
5497712
5499266
5498623
5499622
5498654
5500142
5499137
5500334
5500426
5500137
5500249
5501440
5500152
5498165
5500372
5498909
5501850
5499912
5498377
5498638
5499530
5500752
5500025
5501131
5500400
5502947
5498238
5499178
5500408
5498618
5498716
5500125
5498378
5500991
5500332
5501367
5498586
5499173
5500566
5500734
5501494
5498871
5498615
5498846
5498790
5500784
5498041
5499416
5501585
5500282
5499087
5500605
5500257
5500352
5498676
5500916
5501862
5500136
5499425
5500885
5499593
5499451
5500316
5501475
5500039
5502464
5498857
5501308
5499203
5500515
5499597
5501006
5500042
5500496
5499019
5499154
5499699
5501422
5501284
5499918
5500366
5501260
5499576
5497413
5499162
5500113
5499875
5500502
5500495
5499949
5500565
5500347
5498013
5499406
5501910
5498864
5502060
5498671
5500362
5500957
5501090
5501202
5500331
5499505
5499570
5501016
5499630
5500129
5499440
5498292
5501621
5499601
5499316
5502348
5499792
5500041
5500160
5499049
5499328
5499508
5502013
5499636
5500992
5500197
5499974
5501692
5501387
5501424
5498829
5500638
5500300
5500816
5501610
5499179
5498914
5499556
5499454
5500595
5498349
5500637
5500462
5501714
5500883
5500484
5500180
5498927
5499785
5498146
5500657
5498669
5501162
5498519
5500511
5501228
5501088
5499859
5499933
5498203
5498387
5501037
5497558
5500091
5501060
5499272
5499080
5500387
5500073
5499516
5502273
5499677
5498880
5499778
5499692
5500001
5500491
5500559
5500233
5499716
5501996
5499229
5500507
5498710
5500513
5502349
5499885
5499858
5499872
5500102
5500410
5501579
5498284
5498597
5501544
5501672
5501561
5500641
5500149
5500361
5500229
5500544
5500989
5500806
5500607
5498870
5499706
5498345
5498701
5500069
5498261
5500196
5498059
5501074
5501340
5499095
5497519
5499544
5501267
5498249
5499460
5499201
5499273
5500243
5500324
5501763
5500972
5500202
5499633
5500663
5498351
5499356
5499568
5498182
5499614
5498533
5499994
5500591
5500728
5499571
5501796
5500701
5499509
5500305
5501514
5498522
5498663
5499878
5498417
5500556
5500822
5501461
5498166
5498252
5498570
5498823
5499405
5498194
5498290
5499058
5498352
5500889
5502408
5500947
5499838
5500094
5499618
5499433
5499626
5498319
5501252
5502404
5500645
5501154
5500981
5499311
5499020
5499520
5499897
5500273
5500115
5500821
5499021
5501526
5501057
5500033
5500802
5500475
5498679
5500604
5501688
5499737
5499304
5501464
5501852
5498882
5498590
5499103
5498920
5499243
5499855
5500967
5499613
5498929
5498156
5499346
5498274
5497961
5501029
5502228
5499816
5498408
5501030
5501700
5498359
5496901
5499809
5502386
5500519
5499073
5499586
5498852
5499096
5499499
5498296
5499477
5501375
5500594
5498822
5500558
5500423
5499835
5500866
5497596
5500762
5500567
5499896
5502532
5498297
5496392
5500501
5498523
5500693
5498619
5501443
5500457
5500625
5501716
5500245
5500339
5499763
5499887
5500192
5499946
5498805
5497532
5499907
5500421
5499470
5498886
5500173
5499964
5499680
5499068
5499956
5499363
5500272
5498995
5501655
5499819
5501393
5500132
5500211
5501146
5500914
5500488
5497566
5498821
5498641
5501919
5500032
5498757
5499669
5498682
5499883
5500089
5500691
5502320
5502785
5501403
5499374
5501294
5499339
5500271
5501059
5498177
5500653
5498982
5499044
5499241
5498403
5500756
5502904
5499950
5500830
5501124
5500922
5500924
5498685
5500424
5500070
5499028
5499239
5500759
5498759
5501690
5502035
5502476
5499574
5500949
5498530
5500061
5500437
5499279
5499759
5501923
5500275
5498785
5500531
5499590
5499246
5501004
5502341
5501638
5500040
5499543
5499533
5500692
5498948
5501373
5497910
5500405
5500937
5499247
5499190
5500990
5500346
5500251
5500155
5498856
5499934
5499465
5497143
5498650
5500902
5499987
5498505
5497727
5498945
5500198
5499857
5498019
5498865
5500242
5497818
5500008
5501958
5498538
5500683
5498315
5499900
5498554
5500226
5497683
5501370
5499676
5498484
5498918
5501777
5499138
5500612
5499528
5499820
5498647
5500017
5500982
5500165
5500327
5498147
5498404
5501365
5498730
5499139
5500968
5500353
5500439
5501659
5498046
5498457
5500903
5498902
5499539
5500652
5500367
5498753
5498497
5498725
5500269
5499153
5499163
5499463
5501098
5501810
5498998
5499801
5499396
5499572
5500295
5498170
5499941
5501793
5501386
5498551
5498739
5500887
5499464
5499861
5499939
5501258
5498859
5499284
5499804
5500954
5501608
5500854
5500357
5500336
5501170
5497676
5499745
5500431
5501002
5498357
5500583
5499891
5502272
5501091
5500003
5501600
5500570
5499086
5500394
5498745
5498888
5501873
5499903
5500961
5501135
5499756
5502070
5499401
5500216
5500573
5500892
5501753
5498694
5501224
5499238
5501268
5499167
5501148
5501559
5498957
5501637
5498304
5500963
5499698
5499718
5497183
5498169
5500427
5500365
5501489
5502856
5498432
5497422
5500307
5499724
5498200
5499521
5500058
5499512
5500170
5498928
5497951
5501352
5499560
5501805
5499352
5498769
5498488
5498696
5499145
5500397
5500296
5498972
5500123
5500526
5498810
5501863
5501281
5499158
5501480
5499639
5497064
5500773
5500126
5498509
5498923
5502109
5500237
5500948
5498748
5501149
5499828
5500356
5497824
5500016
5498803
5499953
5500934
5499147
5498355
5498603
5499709
5501155
5501239
5499168
5500218
5499150
5502772
5500910
5499914
5500856
5500472
5498527
5500775
5500590
5499160
5501174
5499135
5500441
5501092
5499925
5500490
5499893
5499444
5501656
5500771
5500240
5501789
5499596
5499329
5500064
5499967
5501827
5500727
5498839
5501950
5499255
5498689
5498316
5498178
5501230
5498786
5501063
5499780
5501372
5500872
5498424
5499431
5499018
5500965
5498521
5501209
5499818
5500415
5499972
5501312
5501015
5501951
5499684
5500895
5500274
5500660
5501214
5499196
5501788
5499695
5501137
5500436
5499923
5502139
5500087
5500621
5501927
5499583
5500710
5500378
5500206
5498507
5497853
5498260
5502153
5500168
5499998
5500315
5498556
5500442
5498425
5500178
5499029
5498066
5498300
5501818
5502458
5500034
5501120
5499287
5499236
5498747
5499183
5499426
5501233
5501069
5500697
5498974
5498517
5502478
5498336
5500031
5500658
5501200
5499551
5498655
5498375
5500122
5501163
5499598
5500373
5500302
5498331
5501964
5501775
5496285
5498783
5497866
5499132
5498342
5501570
5501548
5499373
5498129
5497097
5501924
5499312
5499042
5501427
5499483
5499210
5499278
5499180
5499321
5502132
5498922
5501961
5499262
5501185
5498341
5498751
5500798
5499742
5500685
5500629
5499197
5501329
5500945
5500939
5499048
5499100
5500314
5498361
5499549
5502335
5498186
5500238
5499810
5501389
5499581
5497726
5498132
5498941
5499063
5498699
5501310
5498796
5500943
5496692
5499991
5502117
5502582
5501102
5500417
5501969
5498414
5502877
5501678
5499595
5503148
5502297
5499235
5500348
5499927
5501426
5501432
5497731
5500675
5499234
5499002
5501557
5498226
5500841
5499202
5501354
5500510
5500111
5498774
5501957
5499899
5499380
5502514
5498329
5500597
5500523
5499786
5501680
5499456
5499758
5500443
5501141
5500459
5502390
5500151
5499437
5500015
5501043
5499587
5500082
5501359
5500708
5500085
5500162
5499592
5500412
5500382
5499765
5498518
5500200
5500268
5500183
5501235
5501338
5500011
5501326
5500832
5501226
5499826
5501758
5499575
5500066
5499767
5500413
5498656
5498691
5500024
5501054
5500804
5499627
5499909
5499124
5498391
5499942
5500124
5497883
5501019
5499185
5497870
5498572
5501014
5498566
5499295
5500636
5499489
5499983
5500500
5497254
5499561
5498460
5502569
5500661
5500729
5501555
5501394
5501219
5501934
5499492
5501741
5497813
5501300
5499871
5502168
5499341
5500615
5498577
5502502
5499033
5498707
5500401
5500846
5499053
5501327
5498900
5502174
5500999
5499787
5501160
5499418
5499495
5502313
5499149
5501583
5498535
5498591
5500859
5499497
5499842
5499130
5499976
5498228
5497976
5497457
5496550
5499085
5498793
5499300
5502883
5501488
5499289
5501010
5498333
5499285
5501391
5501726
5501546
5499491
5497389
5501240
5500482
5500217
5498110
5498136
5500630
5501107
5500975
5501194
5501545
5498628
5498498
5502086
5499344
5499600
5498899
5498930
5500112
5496879
5499591
5498975
5500414
5501435
5499152
5498303
5500542
5498704
5500936
5501231
5500815
5500399
5497895
5499012
5501493
5498407
5499345
5502118
5498001
5499848
5500486
5497705
5498798
5501701
5501279
5498520
5498190
5499982
5497840
5499850
5501953
5499851
5500317
5499187
5501503
5498959
5499705
5499447
5502254
5500690
5498216
5499924
5501304
5500650
5499960
5502346
5500651
5499122
5499963
5500606
5501105
5501182
5500648
5502067
5499815
5499182
5501217
5499208
5499961
5499411
5498379
5499091
5500449
5500689
5500847
5499693
5500744
5500720
5498289
5499840
5501596
5498907
5498595
5500418
5502088
5501086
5499566
5501989
5501203
5500946
5501669
5500481
5501456
5498047
5500782
5497728
5500662
5499324
5499140
5497429
5500384
5501383
5500671
5500873
5498568
5501360
5501723
5500865
5498152
5500851
5498732
5497919
5499030
5499725
5500770
5500444
5500705
5500450
5500769
5499384
5500785
5498601
5498962
5499375
5497911
5500516
5497637
5499651
5501666
5501289
5500109
5499263
5498079
5499291
5500777
5499079
5499675
5500930
5501778
5500622
5498705
5501271
5499468
5499367
5499638
5500563
5499348
5499199
5497928
5497499
5498174
5498817
5501168
5499422
5500540
5499114
5502319
5502799
5500433
5499334
5500092
5501277
5502419
5501122
5499977
5498789
5499351
5499647
5499358
5500677
5498324
5501330
5501181
5500897
5500319
5501313
5499256
5498510
5501084
5499853
5500529
5501602
5498609
5500580
5498077
5500788
5497557
5498369
5497921
5499527
5498840
5501025
5500842
5501811
5500430
5497706
5500246
5499800
5497992
5500977
5500086
5499782
5502645
5499672
5501324
5498452
5500338
5501609
5498767
5502275
5499244
5499045
5500114
5500304
5501495
5500376
5499995
5501297
5501990
5499245
5498868
5498644
5502282
5497916
5501314
5501412
5500049
5498381
5500494
5498302
5499211
5501782
5500837
5497442
5498584
5501974
5500393
5498833
5501164
5500833
5499022
5498990
5498080
5500326
5498412
5501094
5499659
5500390
5501728
5501708
5500554
5500767
5501563
5497931
5502294
5500755
5499719
5500483
5497874
5498183
5501045
5497805
5498889
5501221
5498386
5499188
5500406
5500829
5501760
5501748
5500422
5498553
5498039
5500140
5499394
5501785
5500896
5500264
5500647
5497738
5498848
5501809
5501661
5501119
5501222
5501712
5497783
5499703
5501061
5497753
5503064
5499381
5501554
5499307
5499142
5501341
5499507
5498490
5497601
5502542
5499383
5499354
5498485
5498481
5501140
5499610
5498873
5499458
5499860
5500100
5499928
5500617
5501881
5502924
5501337
5498625
5500905
5501180
5502144
5499599
5498937
5498188
5502572
5499251
5500793
5502377
5500045
5500921
5501366
5501729
5499423
5498934
5499686
5499322
5501566
5501139
5501332
5498459
5501865
5499921
5499479
5500628
5499911
5499166
5498301
5497979
5497862
5500181
5500799
5498968
5498009
5502284
5501921
5501574
5501349
5499402
5499389
5500932
5498604
5499690
5500021
5500620
5498719
5500201
5500923
5501676
5499400
5498735
5501223
5502195
5501580
5501894
5497749
5500285
5500826
5498677
5500811
5499482
5502361
5502180
5500908
5498246
5499170
5500199
5501517
5499223
5500881
5501449
5500699
5500737
5500369
5499008
5500134
5501433
5500065
5499931
5499841
5497151
5500163
5500870
5500096
5499090
5500959
5498657
5499407
5501516
5498148
5498471
5497619
5501414
5497934
5501246
5501072
5498714
5500772
5500624
5499353
5500891
5499386
5499635
5499303
5498082
5499151
5500761
5498524
5501868
5499662
5501178
5499231
5499621
5501747
5497261
5502108
5499947
5501623
5499228
5499517
5498762
5499410
5498135
5498958
5498465
5502026
5499834
5498056
5500739
5500974
5501703
5498023
5501044
5498915
5499408
5497672
5501331
5496458
5499619
5499264
5500649
5500828
5501082
5501994
5501408
5499805
5498659
5499711
5501039
5497894
5501437
5500654
5498683
5499450
5499657
5501126
5498138
5501479
5500751
5499585
5500368
5500380
5501691
5499371
5499642
5498090
5500464
5500379
5498281
5501187
5498444
5498776
5500696
5499673
5502233
5501333
5499117
5499641
5501617
5498239
5499065
5501977
5498125
5499194
5501380
5501056
5498806
5499452
5499833
5499226
5498374
5501007
5500299
5499014
5498275
5500960
5499319
5499631
5499733
5499498
5498366
5499207
5501973
5501000
5499434
5500725
5502291
5498700
5502274
5498014
5499679
5499714
5500435
5499156
5501542
5498838
5501269
5498780
5501822
5500395
5498799
5502156
5497317
5498340
5500970
5499382
5497819
5497448
5500749
5499578
5500135
5501761
5500823
5501569
5499852
5500758
5501746
5498947
5501625
5501245
5501598
5501042
5500263
5502738
5500635
5500983
5499932
5500703
5500750
5499762
5498454
5497703
5501908
5502024
5501371
5498557
5498906
5502152
5499072
5501315
5500952
5499038
5499220
5501677
5499176
5500301
5498651
5501147
5502493
5499632
5498547
5500067
5500116
5497522
5498876
5499681
5499159
5501405
5498729
5500388
5498563
5498413
5498777
5501243
5498913
5498720
5500010
5498176
5498470
5501198
5500207
5499109
5502161
5501237
5498632
5502058
5499004
5498588
5498475
5498734
5499391
5500765
5498711
5499929
5501296
5498787
5500572
5501922
5501280
5500321
5498908
5497963
5500976
5500656
5501601
5499658
5497611
5500640
5500337
5502076
5501259
5499906
5498862
5498477
5498643
5501011
5498878
5502039
5499111
5502434
5500985
5500260
5498020
5499455
5498997
5501106
5501619
5498437
5501750
5499749
5500714
5501946
5499879
5499791
5498843
5502592
5501634
5502745
5499026
5501817
5502213
5501816
5502261
5498491
5498543
5499110
5499308
5500068
5500979
5500840
5500666
5499969
5497956
5498670
5500014
5498383
5501871
5501008
5499553
5502268
5501151
5500071
5498637
5501872
5500262
5498808
5497925
5498935
5502221
5499735
5498285
5498741
5499225
5499364
5497541
5501381
5499493
5498869
5500874
5499007
5498256
5500083
5498555
5498423
5498463
5498791
5497871
5498214
5498552
5499404
5499200
5499746
5502414
5499966
5499337
5497955
5498356
5497419
5498429
5499847
5499615
5501320
5498587
5499894
5501317
5497666
5501773
5499796
5501527
5499655
5500814
5501465
5500836
5500792
5501013
5502031
5501485
5499216
5497760
5499077
5502858
5500161
5499105
5499070
5501470
5498807
5498358
5499057
5501134
5501724
5498161
5501047
5501652
5498382
5498936
5497660
5499830
5501207
5500796
5499171
5501442
5499589
5499536
5500552
5500019
5499067
5498032
5500059
5497677
5502133
5502121
5498695
5499856
5498702
5498963
5499330
5497970
5501575
5502415
5501374
5497798
5499209
5501794
5502854
5501265
5500277
5501311
5499128
5501189
5501283
5499215
5500875
5501606
5500051
5498668
5501129
5498690
5498097
5499717
5499898
5501595
5501781
5502107
5500190
5499125
5498544
5501009
5497474
5498688
5500191
5500157
5497508
5497395
5500980
5497572
5501316
5500403
5501491
5500723
5498427
5500534
5502169
5498898
5500228
5498055
5501232
5498529
5498150
5498137
5500250
5502190
5498458
5498415
5501005
5498661
5499494
5502023
5498884
5501828
5501880
5499314
5502007
5500857
5500984
5498218
5501101
5498330
5501411
5499218
5498860
5498996
5499886
5498313
5499078
5501171
5498575
5498309
5501893
5498977
5500536
5499959
5499275
5501395
5499009
5502091
5500913
5499253
5498781
5498184
5498086
5498582
5499006
5500820
5501152
5498224
5499123
5500476
5501108
5499023
5500763
5500108
5500849
5501177
5499616
5498017
5498895
5498126
5499459
5498220
5500222
5499296
5498614
5501739
5500027
5498686
5497926
5502113
5500434
5499701
5500043
5499309
5499214
5498248
5499155
5499538
5498308
5498040
5498253
5498283
5499943
5501113
5501670
5498681
5498877
5501404
5501571
5498792
5500686
5499937
5498442
5501798
5499412
5501305
5500743
5502298
5498831
5500225
5499297
5502744
5497897
5500611
5500994
5498826
5499519
5500719
5497182
5500845
5501288
5500642
5502680
5501121
5497858
5500446
5501215
5499771
5500687
5498012
5498854
5497877
5497770
5500343
5500852
5498904
5496807
5501944
5500869
5498335
5499252
5500962
5498247
5501191
5499526
5498942
5496865
5502675
5501839
5500593
5499743
5498070
5498850
5498746
5497767
5499305
5497179
5497761
5500584
5498567
5498754
5500721
5502242
5498842
5498653
5499195
5502062
5500281
5498980
5499025
5497219
5498026
5499277
5499864
5499161
5498042
5497958
5499945
5502322
5501118
5497732
5498038
5501590
5499490
5499359
5497918
5497763
5500713
5500809
5500036
5498286
5500614
5500958
5497692
5502157
5502027
5502216
5501679
5499099
5497875
5499392
5499473
5501444
5498636
5499628
5499484
5502009
5498560
5502617
5497906
5498410
5500973
5498123
5497556
5502217
5502323
5498605
5500867
5501458
5499480
5498583
5502439
5500147
5501626
5499292
5498360
5497820
5500623
5498724
5500644
5501089
5497709
5501220
5498392
5498872
5500088
5501261
5501460
5501264
5498053
5500195
5502400
5502267
5502699
5499066
5501759
5498761
5502488
5497947
5497793
5501319
5499192
5498160
5498606
5501103
5497996
5501917
5498128
5500655
5498607
5502372
5497847
5499567
5500667
5502148
5498503
5499075
5500447
5497599
5499097
5499232
5498513
5500780
5498007
5501213
5501218
5498127
5498235
5498580
5501190
5498263
5502162
5500616
5500626
5499500
5498211
5498334
5499625
5501674
5497670
5497546
5500664
5497856
5497443
5497582
5501854
5498640
5498508
5498394
5498396
5502324
5499343
5498347
5499013
5500121
5502056
5498420
5501855
5499645
5497372
5497900
5497859
5497565
5498208
5501547
5501343
5498832
5499000
5499435
5498940
5501981
5500193
5498910
5501535
5498180
5500684
5497320
5499420
5500328
5496860
5500711
5500232
5500404
5501956
5502131
5497679
5501654
5498195
5500322
5498456
5497627
5500209
5499424
5499098
5498593
5499806
5499646
5501766
5501998
5497593
5499501
5498919
5498100
5501348
5500768
5497953
5497861
5498489
5501567
5501241
5497769
5501211
5502526
5499654
5501295
5498765
5498558
5498616
5501028
5498894
5501287
5499003
5500023
5497409
5501017
5498072
5501614
5501709
5499446
5497774
5499141
5498844
5498244
5497912
5497425
5498446
5500512
5497456
5502401
5500736
5498145
5500740
5498495
5498534
5499829
5498573
5498565
5500993
5501898
5499293
5502823
5501774
5502776
5501323
5500419
5498478
5498742
5501521
5501884
5501085
5499129
5502238
5501697
5497849
5500581
5498660
5501727
5498883
5502783
5500265
5499074
5500460
5497067
5498999
5499191
5499204
5498965
5501618
5502327
5497148
5501718
5501457
5500951
5501062
5502336
5501913
5497791
5501041
5500813
5501813
5499399
5501929
5502069
5498772
5497869
5498222
5501251
5498428
5497495
5501161
5501983
5499306
5501787
5500928
5502038
5502382
5501576
5498221
5496248
5499056
5501193
5500053
5501158
5501955
5501071
5497339
5501439
5501173
5500955
5502316
5500454
5499347
5502034
5501430
5502570
5501397
5499442
5498576
5501272
5501212
5498108
5502239
5501734
5498397
5498540
5501682
5498338
5498317
5496792
5501250
5501001
5498320
5502459
5499488
5498045
5498242
5502355
5501593
5500266
5501683
5498409
5500935
5501916
5497884
5500927
5498451
5498373
5498063
5500855
5502822
5501472
5498512
5501751
5500283
5498332
5498209
5501195
5501702
5497507
5498778
5498970
5501840
5498921
5498847
5501346
5497154
5500741
5498298
5499623
5497160
5501767
5501423
5498727
5497806
5501452
5501802
5498202
5500340
5499181
5498232
5499694
5498223
5502412
5497346
5498989
5498950
5497730
5502775
5501477
5498433
5503076
5499827
5502055
5496658
5498951
5501055
5500868
5501581
5498257
5502040
5501648
5498905
5501501
5502099
5501667
5502142
5497034
5498024
5502559
5502403
5501786
5502128
5501675
5501247
5500470
5498130
5498181
5501911
5499808
5501278
5498328
5496866
5501183
5502303
5501249
5501883
5502014
5501755
5500853
5502170
5501385
5502204
5499419
5497476
5499919
5499415
5502850
5501905
5501402
5502544
5502450
5501710
5497689
5501730
5502059
5498830
5501607
5500308
5501199
5497982
5498021
5501588
5497551
5498326
5499076
5502146
5500682
5497384
5502534
5498969
5497960
5502020
5498665
5501972
5502890
5497249
5497112
5499403
5498343
5500309
5501662
5498981
5498365
5501603
5501364
5501450
5501206
5500506
5501520
5498794
5502430
5500562
5499217
5501651
5497197
5499467
5498885
5501812
5497569
5502247
5500176
5497276
5502005
5499506
5500208
5501169
5502197
5501117
5498766
5501511
5500929
5501870
5497632
5501985
5500548
5502548
5502362
5496594
5498744
5498060
5499376
5501553
5499046
5498853
5498639
5502188
5501225
5501455
5502214
5498175
5498652
5501820
5497803
5497207
5498961
5499476
5501744
5498085
5501860
5501704
5498121
5501622
5501050
5498903
5498204
5501792
5499248
5502504
5501473
5498142
5497814
5497913
5497872
5501018
5502482
5502199
5499064
5497318
5498353
5497857
5502010
5502054
5501077
5501208
5501409
5501436
5501858
5499062
5500831
5502110
5498155
5497968
5498363
5498255
5498245
5501344
5501543
5500906
5497658
5498542
5501952
5498992
5502176
5500933
5501159
5501227
5497431
5498443
5499980
5501508
5502115
5502536
5498667
5501123
5501325
5500048
5501832
5498939
5502422
5501671
5500293
5498120
5498613
5498467
5500964
5502612
5501752
5502245
5501984
5501943
5497570
5497954
5501127
5497930
5498250
5497524
5502469
5503158
5498728
5502339
5499802
5498788
5502847
5497047
5498099
5502496
5501745
5498061
5498750
5501490
5501890
5502501
5502196
5498419
5498031
5501837
5498371
5498536
