1947401
10340615
1554406
10352604
1143008
7374719
6758675
1741181
2180085
4961506
505336
3976206
60587
7295071
8647383
7541794
8232915
7413438
1325130
1572748
1129925
1203549
697458
2240206
9802913
7118054
8402139
5696031
9419326
1484976
27325
8947837
7059741
6192740
7144420
7588558
10597771
1749360
315908
8474526
7006728
2081705
5400159
6631150
5196299
4906604
7097290
7972761
149165
8861535
6501936
4301691
6986573
2153789
8664063
9769074
1838578
8150630
9033370
6072981
1772575
1626752
6803228
3738368
1756234
2846012
10940723
1591677
9369518
6860394
8686350
135252
7219473
3094218
4892980
3127686
5119495
9854188
10066651
7193440
2517621
5745671
3951657
9225247
7108276
7947621
8601582
3228064
8523779
5430427
8588232
10909283
7120103
7267705
10339691
5634974
3926883
6245506
10084324
7801988
2827806
5039045
445588
614818
4970873
3435970
9560019
9609558
10156235
3959461
1499321
5401237
6417589
6586587
7998035
1327625
10317029
1413615
5723434
7089399
8054867
302138
6247857
718751
6343399
5822423
6124721
1088935
10858072
5259737
1934572
496632
2881136
73173
10109137
8252560
9254366
6145317
4420246
2080958
7098789
3647108
1923075
8276830
10635510
7045728
7981829
4069714
3634440
2149041
10239693
6901180
9705055
4858672
7506550
1416678
112281
10093213
1632931
516822
1837375
9344349
1190115
304611
8573040
1228412
4289940
5985287
6229403
4338441
7236765
5741331
9086531
1238484
7104045
7105333
2212631
2896214
2810678
10223994
2062179
4669506
7219717
2397816
7313329
1731735
819844
3475703
1446410
8502839
5485765
5546857
9062009
5069054
7525697
8912562
5939965
10992060
7082142
5026276
9281349
4019680
7405153
7468384
4346036
5644911
6809447
2207462
7186236
5976336
1845533
1772769
4022940
5762388
10018141
4859101
2316527
8643095
3382451
2869122
7162163
139335
8357851
2432875
6779432
4363001
1686829
5589159
2882662
2430777
4514750
3666270
10551096
1304709
2707510
6503560
10471484
3967097
2220914
1889531
5512755
8534765
4151861
4356212
5137925
6839437
8218344
1167106
1925652
4835830
8020771
7335342
3032873
9222411
3312872
6980751
10139669
7677251
3926539
643361
1653548
5347567
9743692
4671688
3392287
5746482
6469079
7369641
2951195
4752140
2162846
9390329
5593485
10444030
6691228
5267426
7260154
4662318
4978746
444052
5486235
541027
1953594
2909759
1187039
6811305
4508917
9177090
996315
3977213
3611951
1861850
5015769
4444580
2125176
4124119
10315639
7452005
2269144
5874853
9695570
5212463
7986306
10727267
10980269
3636115
9769258
5771550
6848008
6694353
9195376
9240807
3232944
5519893
1091844
4896308
3346529
2110987
9016935
4100099
6294811
4140286
2398971
5581457
1080195
10028993
5031599
5118360
8653681
3642106
3660367
2135598
1746865
10121411
8882479
6756964
7755849
5797963
2134051
9937262
3340285
6400538
3132897
4876484
5305850
9179704
9162444
4061084
2168055
3473078
10304831
4099391
9629435
1733318
9042723
5149952
7470858
9965771
6210526
283089
1286896
1719693
40016
2978033
6454118
1581948
8262341
4374750
6000590
7267994
10910392
9150299
6046511
860455
3656171
10229443
1188275
2450430
2568961
281849
4993865
2634804
10066057
2040255
8364126
8919996
5524959
2689284
4429644
4901499
1719566
4920633
6823176
3188670
9320829
7571996
1942568
10950505
10845035
892775
2096288
10956796
8417009
8310226
2167373
3623192
5527534
1533793
8244626
2994674
1046431
10899152
7963959
5404954
6531910
446254
5213011
8816382
8490558
9882613
1375939
1593627
7233487
9655363
8534832
7767436
6473484
5420496
3547789
10887452
232734
377353
9186454
776935
700089
8181596
3979130
10203963
1922187
1903392
9692312
6665687
7440487
6527418
881814
2005880
10138705
4147309
6156367
1971825
10304604
6831919
3368126
4520
9674436
622918
8533680
1794385
7598301
3337020
10820619
9480891
7426701
5616356
8989997
6797645
7896832
5472524
797303
10194273
4342164
9776324
7310395
158093
361167
2713895
1697689
5892275
4637831
5315073
3124522
1997459
5662006
3708838
10128892
919333
5891448
4748435
8806846
8532239
4353203
3943734
10349898
5305013
2203240
8121676
5008761
7787859
4498598
1048623
10881166
7130026
6827400
3432720
7823846
8006446
8424678
545212
9494005
1857072
5459547
1000510
7109710
10501986
541684
2611583
10748349
5064556
3104907
8088369
1542799
8123862
10319085
6666477
8138701
3014822
5618727
5432967
10279615
10124291
8353426
5221343
10435105
10273532
6319253
1209208
1220271
4025704
911611
1367827
6378043
6194962
10171304
10940865
8045279
6451329
841949
8571963
10486729
6362585
3350226
3383096
6844453
5815786
7533777
1539831
7426430
8099350
9414610
9585033
8860098
2421736
10689870
2472177
7272107
6667290
2971907
2964842
7442982
5941568
1858991
10559319
7380348
8125019
1190651
8840332
10388546
2096300
7827628
7297031
10979399
5927744
1936552
8800845
9053712
10220915
9426233
6412628
8167588
4832750
6979192
3718557
2018841
7636427
6534781
3415012
9173030
9398660
7138460
1285798
4387751
946409
6998964
9401958
4269040
3839813
1422590
3278480
4666811
570135
9200331
7572536
9831160
9776569
10303813
9247907
1675822
6637889
9058349
10780408
9441142
7302611
8947422
7456562
2759034
10302599
3715620
10138880
3428412
3599718
5143156
6140563
4917682
3668289
10913181
10872207
1503342
5347349
3817095
8251453
8102423
9245518
1642780
3704722
4894284
4790677
10410273
9792180
6396604
1164503
3957382
1250358
6394749
7175696
1598029
7959224
224755
3264217
9589183
5992736
1357526
3911668
9100578
1420454
9342117
9131547
3539261
6211798
5048832
2763087
4642862
780951
8592182
10098695
1927015
4920770
5685031
6284199
4358785
10704934
7383031
3814826
9986718
8068988
1716800
2029225
7478617
10288309
4954995
3854466
9856572
8863375
1440805
10908491
2838365
8999704
10465863
8649214
8534704
6585147
7808860
9724520
519746
4183980
10228857
7807665
5920912
545335
4771859
7295268
925306
1583357
8495640
5466023
3248256
9958410
5561759
7564198
10118367
7593969
3262764
3680431
2950056
9242820
2277193
6825868
8124640
5319418
8989627
1085606
10005361
6368358
5193821
6020129
1196240
10471534
4748373
7114105
7361163
2365614
6725874
6235080
8156840
7835340
10569341
5825649
595912
479971
2754364
10631572
3910199
5651361
6344510
3246172
8347973
380120
1159359
1820728
6158002
4253363
2353650
6648102
9104556
2825959
268046
7134481
7511812
2575640
3443257
3227374
10991965
2708980
4751614
3814468
3386457
9441624
6112633
7730770
5119352
9413760
9598462
10817388
572159
6291799
8641856
5490991
8121573
2825835
7920618
5934486
4664351
10301704
10038294
2752537
6777932
8755304
9853180
7565764
5718338
152330
1553350
7014053
5823901
10573625
5920336
3654725
3846083
7010264
9376645
7077881
3923481
9431704
298824
1974366
257941
8285310
1333604
1519522
2591296
4397731
1938185
8832128
7875524
420886
1986109
2082852
7325985
1446242
8232710
5427756
8518598
3806083
5037889
3057658
5465356
7138222
6368601
2132744
10770799
9346542
5236333
4946762
2718204
2170315
3498841
2156608
8365517
1748059
3252865
5259507
8417126
7622214
3522420
8205432
3936497
299903
4398783
2215175
7395835
6109828
359615
4977072
9117737
4143689
5919176
3481725
7098878
4871134
8789494
10033761
2475063
814135
3783796
4890145
4603751
2812874
3548898
7200613
1120030
9557252
3519483
10148322
9560452
3324083
133799
4873518
10156251
6766891
10360812
6996386
8180104
7274049
7460965
4609051
4440640
4179516
1673719
7198573
1609539
10344589
4986854
7441347
9399344
8648718
10671918
8770832
6806172
6428193
3739945
6905341
247445
795253
7126668
7074056
7050088
2562875
10522088
1448353
1761331
6975391
5141742
2354342
5565072
6199197
6934281
272829
477338
8758546
9418683
3389302
8069904
1313221
6636244
3236814
3310989
2254978
4533727
5040297
7013499
5874477
10838601
9107828
6113847
4263258
829679
2431435
7636433
9351776
10477698
10659508
5084114
4168436
1145594
8021572
4679547
2774735
10504641
2041421
8662371
2753768
3403920
6047001
5350361
229062
6370618
312835
7824798
58544
109627
7648136
3193554
210159
2629447
8874398
6794986
2853098
2568659
117721
7778600
5543771
4787588
1894050
7485210
10656062
954713
226395
3724625
4562578
6139709
529966
7931143
6211583
5117792
10210659
1763845
7003503
7078664
8538097
963111
2750736
6357440
3193843
6515028
4339032
3312468
6631170
9199978
4605296
1336478
1787980
7063588
6038075
2112697
4557460
6778443
9923432
6473625
6511130
5891953
3674503
10971063
1270539
10419020
8665774
1068215
5891610
4930306
1978744
9644403
2053929
9347928
1501040
8869533
683792
4543558
4632306
2403317
3588838
5120745
9931646
10876148
7037711
894835
6416703
2909408
2708219
5443497
1546920
6306241
3380839
8480954
3044041
8872453
6089708
910857
10665920
9991815
7662375
9345582
4591088
244575
9406189
2181962
5218353
3353959
8445734
2490896
2089678
9571602
8809165
6616016
1276598
1615002
2225944
8467595
3078187
7833050
9463035
4661069
1887509
3314772
7942178
7478147
7388020
2540520
1097386
2914339
3783941
4006958
8746594
4427566
3340148
1565597
3651698
7795373
2659833
8620999
308736
3868562
611186
10324764
10901990
10721391
7217997
1247799
1251785
3112596
2023538
10125757
5619889
1394115
5853101
4492537
1308184
7399072
2332641
8869445
7663181
5816319
7930911
762945
5415086
10518290
3977993
4804318
7174929
3671864
457166
8462264
1646471
8697534
2853414
616785
3881957
7140231
5160066
2149669
6417735
5765932
8887502
5824202
9176021
3531555
3332946
4415632
9604465
175429
9550916
1661529
5444904
6364031
1983246
2516619
8566842
9967756
5185257
8483611
10359906
9374617
1825575
5582267
1775906
10231875
7519632
7809658
5198233
860486
3640285
475696
4237693
7792436
1555186
2148547
8725085
4198430
9289134
9774943
831604
6034366
9989946
9171044
5639326
7075778
495959
4580751
814667
3630612
8438778
8615680
6142727
8021795
6279661
6820545
10317270
8935901
10768736
8093075
9479018
283576
5627133
1407560
2661020
8286182
10288236
10520572
10082671
9400744
3461706
9607207
8686299
4983672
8912255
4156593
9882814
1965871
1547852
7659457
6635835
8504295
6833596
4440708
6988778
9556109
8052651
457152
6398862
5903377
3303264
8256544
2058099
8105850
1880136
13865
8654911
539146
5184768
243172
5782938
5127798
7638054
7084511
7373829
1751333
10699867
9869836
4037203
5392867
4279868
9171361
9532248
4202442
9761119
7824704
4317083
1101947
7896946
10290893
6710469
10520447
284311
3992474
3736511
4949960
9256083
639554
8222555
662136
9286559
6536402
10714532
3040203
763596
8367412
4540173
3167057
908402
10800855
5899991
3117095
10481719
3115542
5101111
2393152
7142918
6641948
2929893
10432435
3580950
10653812
3036366
2396544
6239819
6675626
2722832
3449155
10471038
4843696
5745109
782980
8119827
4481590
1487981
8533696
5354814
1110435
395250
2911361
501858
9928096
9319775
1755838
7209009
4133073
5579649
9381415
5297807
2682077
1213561
205599
5166084
10299256
3490262
6323819
5241168
6634532
7248385
5834210
2885614
8297707
8448332
2207613
5239648
8038586
8340221
675703
4693696
9125974
5524925
9152648
8275856
2201987
8049542
5349912
10616784
9031743
2452052
8181980
5512740
533331
3350294
5544053
6131297
5502830
10272047
5680427
6548053
1119003
1192003
3551644
8067213
6101317
6129326
4403937
9451077
4500294
9209665
4850703
6584858
6528990
6400460
823538
3100289
3789739
597080
2227172
6229111
5207051
292095
4425884
7536855
7825108
10752766
6462466
6422151
5907039
5517243
7200167
10646868
1856264
203056
10977294
5546093
3668978
2100187
7920222
5434124
483250
3307594
10051476
10002307
10257404
8589197
3830544
1747939
3534897
2215341
1576143
2785887
10856914
6261526
6272145
360917
5003358
8085679
1987195
5851361
5023888
4083838
5240170
10486487
5986266
10469425
10726872
5841259
5646746
2606555
8951079
8205733
2039512
2600198
9622810
3030736
2561971
4927349
908445
8481171
160573
9292230
1436976
4875550
1707100
571869
6320371
1626523
7987502
5009005
6001563
7285240
10422351
5758194
8082929
8290520
4815025
1038522
1087915
8190248
147319
10804229
2427426
8268186
5028877
4005392
6580144
2485609
10923261
9748477
4620265
10155886
3100025
306747
4681865
4696798
7039635
1624264
1895315
10401310
2798386
10254746
4167728
7469007
385202
2537842
876487
6801620
7617960
9231411
7434670
2237314
1621063
5131507
7108816
5607848
9661439
10686533
1795920
7344808
7816057
3264795
376379
5573791
2009178
7062338
7413233
7574999
3386164
4034408
5285402
5958688
3327425
8085602
6276721
68846
7122273
5861554
2741492
3935440
5030595
3561511
1466047
6719960
2155459
3276783
7069187
4478456
4349860
1704486
3746063
5827704
10528668
8343700
5267379
2635377
6017422
3284067
5872290
6808219
9768960
10855106
1736451
4718938
7399935
1234129
622972
6559
7310159
4058816
6492835
6852998
294807
5225235
3408490
1084527
3599631
4340752
7585217
3739583
10029271
4317007
5547963
3704171
5710039
10634507
2594928
7917569
2067110
4494209
10360219
10228676
1486890
9034437
7760677
313303
6195350
9886241
1409101
1939388
10059670
1718759
5267229
4553876
1458307
3787351
5337808
7610034
2923715
788507
6355913
2230712
10763584
5590355
1848808
8990490
3986534
324181
2954070
7167677
725686
8867576
2242485
9766173
9108352
8449881
260927
755778
8739230
4034726
6903488
10399875
9789042
7753636
8000430
3561816
6906889
9394581
935134
7882820
9454833
2234346
1315736
1185034
3280088
227428
8472323
2522302
3388539
1768405
9990517
2473596
2527199
2118370
3196654
10935637
1284600
728875
8695918
3946159
3100575
595611
3259764
7734032
5270414
8047219
5554675
2899926
5416410
7031165
5974439
8056014
8476952
54505
9464187
3627750
10711660
9933497
10727705
2313427
3997469
3893008
5114661
8391888
9578682
5145058
3731197
916501
5046155
7281730
2023872
5670023
6068416
2978934
2710257
4043573
5060468
8924998
7929078
3699340
8153781
965215
3976754
4080204
3705597
9706331
9441093
8142397
6658842
8359048
6675331
3613680
7383468
8319710
2736609
7628939
7709697
7290860
6002575
8745574
3909233
4582624
4577665
9685794
4291566
3315669
5190260
9844292
8999520
5917006
10621337
337574
3606186
2890008
10962058
4648514
3706179
10041929
8927061
7995238
7713135
10078554
3280283
2767826
6466316
4246640
4744727
9663502
783080
8062507
2714365
8222957
8066173
8899400
9000070
10148350
4040452
1419239
10621888
2774175
7060033
6146246
8788738
2932497
5611440
1948059
473
7509593
531823
4838219
3900346
4258631
10000198
3981216
5108088
5934877
6622615
9565610
9219850
8258130
7925900
3867103
8592814
1172355
391429
103517
1410434
3550559
1600959
2088112
9306191
7800639
2530943
6844458
915213
7686395
8589728
6038750
6028301
3215558
5913403
10696308
6370331
10167669
8349257
8525913
1113880
1043637
10923654
2315617
8075591
10001621
641224
5558361
3289771
3358965
400688
943453
2155718
5646721
6012669
2830156
4290803
4400604
3419692
5210767
6106775
2293034
9305728
1293751
2729752
1495030
10608154
10724521
8217112
4682342
10490954
524339
9166178
6580485
5051346
2736083
5702419
5603247
8107794
454070
201155
301768
10167811
5092954
657556
4626115
1996823
4706332
9941440
2681007
10567303
5340968
1200851
2712502
4759827
3726446
8691090
8281964
9189448
6627598
5630621
1171188
2345354
9421052
10493335
1041063
4412894
8876005
2718871
6340375
7138297
9085499
3742090
10011259
2276435
9770428
5766030
526377
1691118
4658508
1105850
1053106
5335279
3534208
2740008
5705347
3003037
759508
10774227
9062122
5013506
2872757
10833071
6295623
9842305
332899
6748214
10916570
5135628
1161478
7642247
2895182
319186
7915990
1421234
10989074
1508326
1026922
3402827
2642229
6955809
4917066
5292739
582627
2323442
4237475
9604509
4490229
5087261
5646625
6180729
8097215
6578070
3548553
6642033
6437530
6214660
2032301
4372463
1377273
3702529
5136038
5930751
3211678
3383530
6506257
4536611
9648328
6206283
10964900
5990794
4705048
4273420
4871701
9977054
2138806
3863988
2599165
9368149
9627148
1261750
10402232
1117825
7710638
2574524
4940977
1923119
254807
9866276
94018
7395106
6851656
2927027
4762006
8785305
8680372
8571104
7138954
5276252
5979124
7471945
8203653
4131955
6957122
266651
6591452
1030610
3876411
7353179
2940205
1628888
3206408
6446211
1313943
7719778
10748865
6351320
5749505
10377570
3674752
8389661
6605707
2121708
5675055
3663045
3062894
7091134
7123970
8683694
4891082
9672554
10033856
3958559
1864802
5269359
2910072
3354586
7616128
4297679
4902546
3308615
7772612
8284086
5741050
1398469
5607443
7532922
6100070
3385293
1613843
8197006
7253457
2118641
6639241
8085617
10176299
10956990
4472400
6244258
6771350
5737760
1760939
5970119
5799886
4383588
7920031
10068493
3182962
6778529
4992915
532113
5557063
8553414
10046796
3264749
10197270
1607068
4409213
3690973
3318379
5617726
6512235
10686391
4062893
10439916
8210558
26084
9236715
8402459
2837754
6932269
421756
640906
8718339
1889601
7060527
2504982
1225026
6930007
4302542
10628087
99470
10898230
3474854
7012749
6113433
9683197
6284714
1850912
10944278
9710854
989400
2718480
9149780
10682668
5352106
1029091
4122019
6751148
2064391
10584114
7131057
8346293
5670399
3870753
1579983
3440419
8245195
119908
1003594
10670272
4588888
8408187
5360629
10576290
659741
1005895
3284405
3928139
3110576
9159550
4033132
7620184
5666893
2175864
10885215
6609069
4716213
4333479
5017990
3256277
6432175
956394
2607792
10211563
7520159
3731764
780650
6347392
7816474
2036420
964321
4743458
107480
93808
3106425
7477051
3672317
8582335
8110537
9973153
6393765
675138
4752457
657973
2232117
6954817
7078180
4294919
5192485
8476331
81309
244162
1215107
1940742
2424008
9465036
9742121
8446927
2320402
4826660
7863681
9845139
7462145
8393436
1227626
983339
6466336
4160566
1536038
8793594
10625155
924654
2901586
458094
3105178
7660236
47079
9604770
10314686
6206441
1134040
2643443
2045040
991067
523672
9401797
1154433
7739476
10559478
1473439
8860791
4837499
2071954
477633
8630427
2248688
9720078
5329880
10493121
2466997
10303985
3670965
2328695
5534311
8943645
10255396
4702881
1952855
10416551
1260197
10438785
8486744
816067
9227029
10767985
472707
790840
3989994
2861230
3565321
1305061
7486649
5901390
6341360
8309802
8736442
10744846
9637825
3897149
10831585
4294791
8343109
7868001
9124206
10036635
9767872
9528482
9494885
455390
5430095
569544
4140003
7969199
132573
10853571
2507141
134172
4581168
955122
9794016
8091762
1980622
4006820
145441
4712859
10034315
8351864
857360
10928985
5896391
9621925
8783775
4055765
628280
2870929
4841629
4503209
4455844
8605990
3682804
1423137
8892434
6458220
1444785
3846893
9969817
5520457
10222548
10271623
6437174
952794
9984664
6863124
10948570
4065725
5874520
10115003
9359484
7196502
9159404
4508071
2812750
5532160
1403729
6485999
7923656
375307
3539760
699012
6197145
9594910
9425070
968444
1442719
1004859
3844597
3858081
1593545
1807616
6701820
5645732
2616307
9515198
8123910
10974066
4651447
2734182
9275378
8202563
10533405
6240522
4721326
760855
2024658
4321745
8721518
2712488
7429298
3492859
3303057
5684351
3683712
3585211
3210593
8825241
8775799
10023028
3282057
8172408
2873061
10009145
1752815
1952035
6615351
6179509
1054834
8127831
6774969
1049759
9480257
485965
5044645
5568992
9899288
5033941
6661562
3582840
7568479
4706992
5926103
3605832
7897569
2191524
9034044
890002
8673488
3394372
9705022
7755076
9683535
3894394
8432382
7100642
1049665
10534735
1663474
309310
6608683
3058271
10021866
7335632
6674176
5746829
10730540
7162597
10474095
10892070
1701154
2222180
9306801
5956173
8081115
2252060
6801738
6652179
4490928
4709496
5360663
5156318
9874681
2012647
7867685
4531423
3057823
4855156
9817603
6603645
3162171
9460032
7142629
7910635
1079297
6546924
6281427
495982
8433152
1628217
9855150
4042183
2860157
6591639
1988557
2532535
5452015
4196710
10152494
306029
2038980
4995724
8122634
9088280
4470181
10094510
3662649
2082274
7504155
29158
5145243
10375480
1543724
8287763
3392583
7621455
7026291
5500104
6292969
1243109
7746496
3103586
10009629
9159004
7138891
171035
3338210
239987
7565408
9706925
9246884
1190702
5420626
6070517
4170362
3048169
6126007
6254706
2491991
8205602
5826383
5999665
4838230
10960529
7157637
2908226
10762188
10083715
5074336
3211120
10458674
1555449
1404836
546744
3026791
9036267
330501
8182289
1414612
6414498
5028836
2262512
2144563
4157411
3520944
8107823
10992341
3115234
7059680
1702949
3531303
3023331
5533110
5692110
1811970
3857797
10896220
7109318
1108120
9372341
359780
10394908
9170921
4783736
5338009
7828239
5368509
6140833
5560765
10501886
4735531
3993849
7438266
4823210
2812462
2038692
9507041
3303862
7037434
9671272
10254826
2055958
3856930
7650553
4032528
1653150
8323381
9072793
10706924
2381115
4857598
2428621
3443674
6549144
2180951
635012
3894954
8347489
9159908
242508
5715635
7032792
7400099
1225786
6912572
10291816
1389298
3500805
627722
10671198
3108165
7940872
10196177
4886880
8479474
10646312
5494674
4782696
10303725
733740
3584039
9133045
1566072
5389621
167593
8364407
9716578
2251772
7008673
60816
388691
4256058
10118263
503144
7018415
9145968
9018191
8923037
2774246
9033807
9744807
2817046
10797576
5432670
928372
6098651
1475328
8670010
7894331
161998
3313609
2282768
5323974
5814273
5307393
10912762
723259
5427172
1711086
9647313
7007093
1504646
915009
9124981
5583925
3102283
325080
649073
3347842
10111315
2951587
10247717
2023543
4098921
6634985
1380421
5816071
6169875
2865913
7973568
3967896
1604104
2813238
7716256
4743501
10810525
3537980
7999443
8831275
5852858
3706951
2296455
10608413
6195492
7309273
6131887
10932854
2115727
5996511
4220309
8018876
8331008
7452465
7313702
324022
7007006
161770
8826031
7528151
2897420
7009141
777637
485028
9398543
8180390
207749
2285686
10792764
2024519
8899058
4517973
7711007
7027143
3465417
9055060
1669943
4098795
2762809
5612377
2286970
6767192
3896888
5394092
6753167
5249008
3553762
7187747
9056219
8858032
684419
5149432
10611261
708901
10539705
1160398
2323268
4655169
3942987
7655934
2434054
5594578
7079738
9207410
2937460
2546248
2133969
10813747
6350590
10576561
4283621
10717708
4616780
10484353
9213890
6441848
3931609
4711110
7846657
9659275
8371588
1900543
5033755
990742
3193487
8249117
7604452
8217648
8074515
8183456
9682154
8694929
8251988
9372499
1227327
5253674
1416576
6910565
4056749
5712769
8371724
3800567
6715945
7524274
4649327
6920897
5204532
38749
6974337
4613792
9204660
4252840
4161937
3946246
3245384
6920863
4626214
3584088
10050539
2937474
5415703
3387880
2048158
321817
4695751
1385535
9697128
1885729
2141568
6881412
5655235
710576
3463181
10371630
1603675
4398025
114541
2214758
1869645
5655997
9012355
2903721
4240870
9443915
7283262
3020961
8206512
2249515
8866212
6577683
8136166
6938687
7584684
8791482
3512211
10629721
8859950
324766
4110951
4837431
3710863
8016792
6907837
2751296
8434804
2480425
7266930
2502447
3671419
10843238
2180447
5794205
758229
9886034
129676
7347044
1126160
361088
9738602
10972427
10147604
7479989
4599885
8707
2136337
10376104
9594349
7657950
10518142
1840312
8593432
8786493
5248535
4973876
5197059
422781
5032789
3255550
5289451
4168732
2857919
1812607
4047649
10292759
5563520
8597037
4665972
6806879
3481926
2585447
3219260
9374482
6826286
6543009
7120006
6414252
9929016
3309311
1347070
9842605
8263357
8833205
5528515
4940850
1713112
9475324
1420624
3092054
1200624
2496627
4584641
4261933
991923
2801644
8875161
520974
4166034
3089306
5521145
6504837
4090838
5783524
464165
9022123
6225278
8225916
5688227
9662380
7260359
9735234
3157474
3928646
1949698
4124739
1127956
4656630
10473844
6285624
6179041
8898531
1801085
940710
3755595
2590756
1706135
10608153
5473433
5909015
4258186
3816479
356914
8064438
8450653
1259144
10661641
2629010
9321777
5495506
7776734
6986725
183520
6362441
10224183
1468256
1590094
1745218
6601558
9395122
2016215
10456434
6198838
8138698
8558526
9165462
7086037
7750958
9858899
8298412
7469790
2795417
4404494
1158198
5979652
1192559
6574179
1341359
10825586
10784619
6758484
564875
7526345
1346365
5834542
1947479
9147819
5207084
8166038
9017693
9332944
8743336
248647
1005951
7998307
10749377
10046358
1647912
7640913
8398999
8363009
1529225
3852699
2410516
225461
327276
3067559
1239503
10183467
1360503
5565297
2590897
9699136
5382419
8508479
10952852
2695912
8095281
10160254
5025731
7625471
7906145
189
1519991
8074382
5358155
5138185
5567544
2892805
8348285
339713
8428425
4373620
253363
5609028
2952800
10534853
8298723
6095289
8108603
9255349
8885364
1759755
1481297
9382184
800995
6465597
5389845
10711225
8023515
4214550
1706933
9659411
8767083
8302674
5428634
7548740
195725
9168606
10585778
2292804
2712986
8370555
7887453
6650742
208704
9789675
5093743
1057328
10036079
484149
4695025
8351572
8013261
10061515
2276383
5770017
1644390
6471848
9464561
5909637
4624825
5665759
7670932
7227034
9559675
3112054
3795498
5169794
6799933
10668207
5430879
2380666
3701190
4589352
9235674
9643690
563669
2627397
10641604
8908139
4067798
8292673
9598997
10815416
4726499
10189033
9050904
6748439
7370156
743644
2725895
4314607
4162242
2106149
3929784
7450677
1633266
2627328
8467378
7694094
4392122
3123499
4270405
10410993
9861302
7803947
1833682
5115890
5601725
1059673
5745412
4306897
1646639
6252014
4810846
5382387
3796996
10713345
4096441
3882505
5176875
6369882
310146
4116304
6488003
8037957
10176319
5297348
994873
9863288
10237084
745500
8761722
10214956
7219532
8480827
6012911
181517
196982
9698316
7407861
10478978
7854270
4108441
4281888
107261
2365370
887230
8541095
6190385
9547447
8004539
8143466
2342587
10246351
3281946
10175016
5218337
5094440
10752726
1613837
2628977
10342027
114812
5281474
3259753
3589289
8914133
785019
1243486
1532165
7008961
2849362
7842720
9176908
3459550
7369152
7785895
8206688
1206003
4012134
9861172
51588
9281896
4568715
8952916
8239022
3440758
4755137
52549
2089844
8540517
4484136
3282402
1196576
5542855
3938840
9075660
2891188
6590449
1167151
7859532
5833072
1463008
8163665
4223633
3727993
910332
4894502
2260558
116029
4120363
5960914
5100249
9744872
347252
10642646
7938765
442289
251217
4794370
6475510
9516927
8688919
2000729
4310518
10609162
1331558
8018084
6891010
4211167
1162668
2333496
3301978
6952388
25852
7964256
1200018
6657465
163930
7699238
8027235
530565
3742527
3714966
2283120
4748191
561014
2170156
5547110
8188255
2689532
8988256
7324434
5379801
8428172
8156642
249940
1798576
10739994
8301862
4475883
936450
5213040
3167340
8616523
5011472
1668297
2417712
8073943
1969086
1300693
2348860
8852655
5628728
836077
4527718
573397
10424889
9950965
1890790
4462248
1749529
7377746
5420769
9413886
3319879
10295604
848340
8518025
8789553
7016899
9182568
2447826
7137175
2690023
5442458
2797362
9424806
3901102
5613326
471988
4440730
9335843
2992440
5531977
2570924
678800
8368146
1032484
5927104
6004434
7128878
4421083
2838588
10443080
7907461
328776
2368094
4359558
6564799
1490749
9097705
6510260
10330675
6267618
1627206
8629119
1234868
3957827
1425215
8157828
465544
6868881
3427682
98363
8712931
1122886
7804204
3377021
7258082
8821135
3233713
639451
5962197
3730236
5734886
618545
8009216
9205596
5473714
230360
894647
10009352
3916642
4507798
3975890
9417296
4162883
9356748
10359425
10374973
1488800
6231675
3458784
1082213
5289770
7675496
7582051
5888727
10469985
1647123
6462592
10700236
9200105
807198
2399181
6519996
7954042
7649752
5632899
5353080
4230937
6166007
125421
1663220
6363868
4535898
3706640
4121260
1203267
4391511
4911402
5574575
1578526
8011639
4405722
429215
8629848
2313588
9789710
336542
2944493
2451248
10006135
9914767
7867562
3626234
7150964
9968276
6664585
5197988
3584086
2989340
4297564
10897227
328201
928693
8752915
7658911
6143557
1938234
1100749
6613525
6158857
1239718
3465722
9269817
2918945
7123454
6422274
10565571
2142210
6988601
3597646
4216304
4273571
3433019
421051
83319
9479583
6857203
2598690
8330131
3955431
5189258
10602009
3519228
6788235
6171667
10664638
9873556
7096807
1346812
3698026
4878345
3172097
3206341
5436209
5050684
626228
5256923
215571
3148598
2749410
7345299
10100337
5552155
6306660
1977430
7665516
8084137
4692900
1500127
2065977
2115527
2746653
10777683
6274173
5883349
7537641
905740
3651440
1102564
8891526
3242503
3510058
2732135
8047523
1081411
5666390
553848
10813961
6381859
10261349
10792789
9889754
3753497
7862394
7121450
4474656
1424856
5457241
664621
9363043
333914
4230070
1033787
9952853
9989506
5291638
4341846
6745486
8047612
7168153
2090139
3396590
1878213
1489028
4948645
6858465
7329676
5713603
6086677
9064400
450675
8275485
6605342
8765482
1970484
1350853
10350660
2587224
3657937
10567150
3722019
730594
10358051
2440295
9652933
10453091
3565170
563770
3085254
8539448
2911686
7056115
7950642
4401521
10320396
8816743
9711629
9756211
8165220
328013
1606877
9279836
4639099
5269864
1060363
4906696
10208952
7510131
7077815
2822366
1300820
1984469
302934
10758356
6599180
3015385
4703659
9049780
7345410
4582059
5499656
2431556
6404224
9438776
7235388
7912449
4408873
2591115
418542
10882172
7628589
94213
8772279
5630534
5201467
4009423
6374111
9887566
5579285
10157024
10153927
2426989
198488
5838864
6164011
2431804
10408910
235704
785591
10038010
3316057
8896749
3737479
9767288
2926615
7678030
10379489
279111
4017570
2797494
10540736
2223770
3509698
9707672
1611264
5257573
1374681
6503728
4033786
5209847
5302652
9727892
4702605
4889796
4115072
7384874
10672651
4436884
3987225
1298163
8976746
364421
4290628
6220640
7576327
712121
4426610
8907690
4690384
4470947
9433784
10216191
3790752
7163408
5757983
9662241
7151757
1348817
87756
4167175
8315742
8848623
2628031
3971293
8270239
7114590
4993383
457476
1842150
10943395
4623217
408562
9572234
6279149
8108208
2378472
3118477
7050340
537359
3332779
224823
4017282
4307004
3313862
682448
215940
8568649
176991
5497399
7630547
10256315
1876465
1222222
8218311
8461628
8622346
2180028
7783905
9484892
4400115
4913250
8133625
5680748
9586045
1998203
7373880
3831486
4132508
8184537
3413221
5813745
2955121
2954695
1594325
7790515
8864354
5323671
8637250
6853400
9346285
9665892
10109584
6098873
10592739
5531908
2423068
4349948
8897330
2398299
4779782
5484362
7667464
7522986
6894148
2855298
9097065
3933115
2778495
778224
9824038
6935651
2771219
1830271
5838698
4928415
3285536
2224595
9567218
10264508
4312223
1389140
7457838
7041600
10053851
6606889
9874024
5166384
3388861
10041934
9720331
1629942
8770356
10906969
3750421
8679946
5790440
3121204
8839419
3662123
10014049
2898485
8145806
1398860
7709591
6491859
576258
4651436
33368
8673708
9063262
3501644
869960
7049629
8523018
8286672
843454
7364582
6355038
90685
10642743
5733340
9235986
8128631
9756075
847516
7024971
3221027
4810639
8230207
9568153
26289
9013878
721908
4532524
10635646
4078791
533099
10730817
2433352
6915466
6292679
10012733
7703125
1182660
535674
4021769
6304665
6894671
7412089
2560995
8984439
3237099
8378260
5452361
2614865
4487093
7983187
4551183
8667602
2352240
8552114
5041681
1907733
1566760
4840048
2502071
10214174
1286474
7740996
2548929
577285
1335203
146576
2934231
2993093
867098
4442179
2855473
9961576
6251585
6969800
7741732
8116636
2592257
9436671
2317839
5979494
5417122
7186177
9916663
9865601
985928
4391561
6371856
4909568
9963598
7996385
4119805
9744960
4629804
4199629
8456939
4221767
6769276
803108
10592451
10673647
10129428
4167501
8829540
3113891
10890822
779746
9927004
1866050
10910906
5815443
1239814
7652338
6617850
3929885
5946291
8052042
4551348
258448
4838031
4346273
5119226
6024690
7980314
4550717
1823675
7137076
867750
7810061
7336680
2618890
262554
2000167
3134020
3753463
10101805
2115870
4085930
10187926
4236167
9281092
9725343
9032823
1192093
8910413
1572194
6314845
869475
6137850
6585727
8424990
1620560
1221889
2067633
7773194
4706677
8266154
9601250
10583512
8931566
4126847
2385067
10714857
9539922
1555182
711828
333778
9253846
8813495
37859
3438857
8871548
10045419
5986852
10645475
7332582
10059781
9612054
3052787
6723243
6042225
3851376
9658474
10090013
4092053
10225608
592584
3451088
6834151
5118008
965071
778514
1423288
572108
1244219
5882060
7768731
9301737
5841769
3850398
1803579
1738862
3826957
6635786
9991847
2090104
7135842
9160080
6303340
6528982
5722420
1711864
7433900
5307711
6581538
8229340
4641840
5256058
10862722
4719684
1052659
945540
3234691
1530017
718287
967413
10042571
10634416
4080783
589769
5812033
5095103
6922613
10025557
1719694
667460
2115355
3721592
315458
8339057
3908088
3518522
7064477
4950281
10456695
10911306
4667248
4654890
7048722
845998
2882017
9361049
362030
8209215
10178386
5310437
519407
9880164
297676
6455047
1289532
3963833
2196622
4433472
8865493
8051960
9528249
3949869
473120
2876864
2035578
8288058
3157114
9781355
7866566
6112840
8817854
593603
3886763
4509342
1891554
10595586
892912
7796040
10748423
8029165
9333766
6634266
6648904
2602074
2769578
10402066
1808251
705495
1287009
5337021
10569873
6136204
7250577
6433920
1265111
6492603
620213
5141305
10633775
4575417
5098370
7743638
4097379
5917884
6135442
4962581
1935740
7835264
3431513
3375670
2941212
503569
7178702
5957646
1377155
3335357
4731222
6439629
7006616
2896358
5718437
10555698
4284437
10047715
9840294
2835276
3467834
933342
9812309
8217145
10097461
3890788
328886
7888947
373823
7967960
7767205
826738
5756622
10183425
9744246
9416775
4962916
8954153
6350797
2929123
435430
3147819
7368617
4175114
6759610
6315655
409889
8779955
2606482
461045
2778948
9018661
1387820
10473036
3471888
7269562
8986063
3212325
6142918
6700914
4036652
471784
4319135
4387742
5197728
3759852
319058
4965757
4402356
1761730
2111130
9343581
8566227
3621558
6939302
196656
9533093
6319212
10328212
5381283
10258878
1801490
6414395
1594746
10159935
8145303
9378297
4139899
3128880
3824455
8595305
9584776
6669773
7929712
213910
1462541
6297495
1229478
6676373
3157535
2932524
5546485
8179831
2785608
3400530
6417649
9265230
1768170
7744869
10645046
8460959
3659360
10184344
266783
10011016
7088887
337009
3328362
6615415
6743726
4221799
9096215
3397648
653249
2227036
2741357
5827822
2835811
925388
5183475
6025693
3415368
2323655
6019893
10823702
8728188
7637831
304888
4474361
1364566
8540466
8745554
9588758
316078
4813980
10715752
2887844
3154634
10014044
4923000
10613683
3217260
7381246
1832564
762726
6352841
5955755
10928082
4488468
7566675
6187137
1495607
5238121
8638199
1162033
8172319
2289662
10734042
10308477
8210527
4259341
5420153
6971136
5072826
7745122
1410193
4160289
2540726
440770
3997148
1324487
10829121
9561214
10428970
4733411
5357112
3158332
2059858
8064369
5240277
8825485
198883
358294
1683529
8431830
4333550
7540574
8039880
10052942
3112112
2258020
4807254
1344123
4816544
10994155
1183279
1436883
7026753
6201879
10943187
10993475
592542
6862079
5454704
9275186
8886892
1580163
6844843
5547629
10201785
8086511
15043
7798424
1817373
2579383
3028221
10795391
3012566
4328614
7773687
9689044
7927630
2281772
10869787
9769697
2742633
7731592
2455700
8549887
5243093
3030304
4109595
987544
119579
6394935
9641200
10200222
7635325
5366814
8596551
8101711
4704750
766465
3623368
4521234
1596217
9379640
4727393
2716147
5202856
4791486
7413576
2841114
446847
8332388
6244125
7953719
3673320
9291771
7358003
6156580
4768176
7947622
3094905
6923786
6766423
7148220
10564311
7404561
4522263
10002958
863772
1740599
7490157
1460010
5779527
6158767
4116315
9858433
10707855
2260628
5156397
10687342
4443152
371860
245721
4608779
1910385
4742139
2202623
3723108
6269381
9572136
7157196
4133710
9584927
991878
5417512
8991317
2056459
8574240
3130762
6528503
2539945
5114472
8697746
5613630
9522245
92651
8110756
891192
10460790
7726674
237583
10605533
4116470
8991841
9523296
7923229
8771265
10706573
2053521
663281
9290825
3718556
855376
9677237
4295159
5065871
2594944
1184656
8137782
3524512
7020443
4099866
7652694
2140863
2878240
9903863
5925849
4549924
507824
2054452
5770225
5660874
5564955
3965482
9806583
1546488
8273651
425687
8006984
10361053
4000437
428569
5725523
2825980
1594303
7657527
5963232
1574610
10265366
2698775
3293943
9119897
4997177
8336765
3994686
10596694
3840026
3915081
5127371
7151056
7532775
8753408
3602977
1042988
4509888
10298853
6000270
4313782
2315793
10085821
7791972
5037460
4157286
7894937
3461806
5900928
6877033
5225092
2271507
2510717
4344081
1308346
8310706
7139215
4226361
746354
1628100
6235529
10010617
1500206
10338758
5821103
2862866
5266609
8668580
9514981
3991142
10261954
6811260
10442726
2239296
8821045
1456668
10603792
10624627
10645726
2934865
7581382
2430999
9921140
7682601
1981053
6719794
1472792
5235895
1161513
8598773
6918016
6365354
4614041
1729080
5538423
2771254
4439040
1850116
1419507
2839424
10061616
10697408
7299978
1751869
2566970
8441824
149924
2479228
470915
3819800
6731615
3139222
5429845
6375968
9500327
5231074
4880786
1872329
5260800
7796625
976348
2312084
3119434
8398054
8031806
2364206
9922968
1211777
5837623
1192049
5725868
9585648
3105997
9226365
6213511
6487973
4393252
2227496
8194221
9926800
124183
9046348
7003937
4847444
5577151
7354944
1261983
8671809
9317937
6347771
9517845
1141113
3820378
2467698
4163912
40204
7064830
668013
2240172
1978080
6144117
5371000
6881372
8854092
4814746
1452350
7971687
9032346
6005270
4367324
2370723
1079245
10487634
3445296
2109826
10385123
1497970
6898085
7429438
3425583
5079557
2799321
128292
6693284
8195590
8446756
6107538
174707
4841686
9357719
1029107
3029714
5546244
5447185
7887098
10244915
2485895
9512939
3344635
3214763
8047578
285604
5951197
5858947
9527759
9079621
1744068
6566
7203427
2002971
10345106
703600
375099
5461466
5812872
6724322
795233
7784212
1235759
10588382
2871275
10034120
9980565
8397320
8734857
426024
6875385
5043242
2348409
403429
6744312
7331846
10455779
3428304
7439694
7016119
1592565
848943
5991225
4093112
487148
10595651
4325564
5531522
7034400
354266
4942582
4066401
1009464
4411295
3953618
6434425
8842167
10132163
3194315
3278243
3764236
3472535
9634977
4607450
6820904
10273863
4997353
676324
10824962
1769329
6901510
7809459
8557803
9458376
7454818
5685104
720817
3493816
4853307
4338929
9331176
9834026
95726
1425746
10704910
2145975
7975677
9079055
3814506
3519510
5102930
9414858
3097803
3108720
2381158
5881127
3478371
5069746
2298622
8494253
3349682
10826841
10489505
8906641
661288
9406890
3009746
2379351
9686228
3056536
1621104
8470870
447867
5988668
8177389
2163094
4330083
8887780
528394
318206
10949840
5466380
6547505
10455928
3141940
6760365
10854767
4926508
6332066
6879724
8396884
8672907
9916285
1788659
4040453
4986142
7601689
6094465
10777636
2682938
1686127
8359761
4508821
5717287
2731261
5427175
2811716
3169274
8958113
5981945
366747
101534
8777604
6588223
509988
3102043
8986241
2596712
7787454
2317446
5285826
10844684
1286652
2377789
6253163
1537557
7543056
4256395
1894194
1527180
8044774
3364486
9342013
6326052
10460904
5470725
6206292
4159917
3079134
3117130
6048126
8165031
2820514
9379783
6565323
5620259
6802897
10427706
10267289
4391266
6312628
4226759
6436871
4041472
1244356
7082423
5649679
10168791
8779235
5742928
2111665
5057130
7350742
42582
2384745
1823624
9021632
5795692
4207155
8470139
9918070
4277827
8330709
6888664
6293140
1866740
5890394
3272173
5556584
8937400
7335308
5787529
7954363
6405324
10698287
7888438
9184964
1238303
5443698
376000
1695353
7581070
5956327
5646817
8801384
3724740
10345907
129628
5149727
1172884
6822420
7873233
3506638
9422964
454404
4872034
1964223
4563217
8750933
4084982
3990205
4559115
9055286
3646717
2539171
10360573
7193346
2691740
8000580
2788103
5190451
6326474
3873089
3276763
10979498
3367549
2535390
878333
4800389
3785668
9971506
8767978
2013398
5058690
3943305
7893098
10705281
10272263
10013679
2392894
4315382
2705237
4152533
5044818
4227164
5497327
3445315
9059685
7920927
2365267
4840715
6587083
9002618
5106816
2672490
10799829
3262509
5883943
10215245
4465267
3689560
10578099
8938576
5393693
4326758
9920577
1671439
6153143
3591773
3248152
2346939
7591207
10968153
7347921
622401
10596489
10642173
4554759
8852569
3166083
3400424
1513110
1333737
8521038
785380
7338071
10968075
1064254
7571323
9725128
8722462
9555575
8456260
10584444
574523
8080805
9927472
7960214
8982924
2631258
6560527
9378108
9281613
3614816
261146
442872
6070801
243326
9244808
4660948
1177518
3390839
10888787
8323439
9748328
2529882
8207067
2445185
7559894
1409401
6898827
10075018
7923228
10505945
9553825
2812565
3064022
6286855
5105155
9021274
3050760
10108720
5372763
2624719
8481714
9457971
4781003
3309106
543237
8405965
1335518
9916238
6860334
4497372
5276272
528854
464110
535438
8403492
9403844
7911711
4247813
7364758
9780154
5658376
3358859
7639079
5456050
14292
4477205
6622205
8316711
3816170
10802974
2010357
4759295
6989223
5294875
3241445
1666154
5081139
7923861
643518
9797028
8514281
2575867
485085
1680805
297448
9887279
3581858
3686916
5140684
10649777
2094813
1177598
10855836
7015388
9856074
5872958
4671548
6928194
10531154
8581609
4360315
1609426
7959921
6719955
433770
7592879
1085471
996237
2354852
2689159
4026946
7249045
8911743
6440234
5929237
3821627
834183
9066615
5033722
5845255
5726971
9187632
6301854
974044
5454951
7902838
5439754
4984393
8100285
8512696
1272967
73236
3188105
3971085
950871
6595116
5983531
2638435
8213049
6442623
5030173
3849158
4683003
6125004
4303217
10449581
5889844
8804358
871158
4051028
690538
1966990
5446050
4990316
2243855
4406852
4437087
9506875
3375034
3496518
10482891
2260770
498203
4500523
1867346
9600007
3527757
9416485
9182994
10253070
9562236
8386382
8468281
7807854
471351
8059727
6900149
4920747
9991916
7140218
3843595
7132552
3040820
1464990
3330645
1435788
4754702
4645039
7578595
34141
7508676
4138623
8469315
1139923
2625725
7256754
10853495
9034469
4486527
10425817
6480985
2445131
8223418
6835314
9481871
6180
2161269
7462923
1126109
5897943
5203249
2847236
10001129
281444
2967839
10286076
2890917
1961107
1228281
4227844
7214808
9728757
4653327
5643859
10450329
3116059
4706329
4306832
9784107
1364607
8389870
8172386
5157927
9072038
10008472
6542761
6570980
2707434
2552510
1258308
1191039
3801602
3825229
1501165
10809704
10778623
1470570
10192063
1967474
3770023
10655947
4159685
10372744
7872440
348289
3076827
8456398
9483431
1198706
1604428
10090909
8091924
7338899
7848693
10032653
6106735
4348620
9648178
516860
4523990
3445528
5102834
8748430
5638915
9100379
617204
8055643
9472203
2867005
2987734
2029106
3018623
1520541
9753354
7372413
10845118
1397265
10776535
623917
3090074
4220724
847210
5935065
5627782
9044265
6030327
1123858
4261357
1977516
129018
10033162
3036599
478838
7770421
4983741
1941788
8598577
4089765
3571772
7629476
3139822
5476891
9311877
8616085
9648498
7889080
5476999
10310176
9391771
9265100
1315336
1023922
2652764
1087197
5885879
563617
3101555
4269597
507501
8808949
4871159
1262075
8470795
4197495
5785225
5221257
1536962
1504121
7127698
10591485
6279069
8548668
2492095
8299082
3118130
2696188
5373050
7539025
1927254
2164988
2847773
9809700
4578839
854428
627915
9516745
5710902
10841487
10480014
9291286
4005423
9265222
1674461
3363954
7140619
912447
3054612
4402710
9748270
6567222
10253097
8359016
6522406
300462
7494880
9230720
4300387
587706
7024186
2252821
8729856
476924
1160085
8811355
9095516
7875875
1236447
6207922
8094417
2806580
10291452
9330207
1996816
5690045
1496925
4522363
8343476
5918718
1422454
2075262
8361484
3257576
8448173
10329363
1302508
7144590
5191936
5972720
2270584
2850866
459629
10658239
7633788
751557
8005513
7490377
5766141
10094354
5497101
9599057
8739506
5134088
1399101
1396314
9725948
2040415
1249046
9576147
3778037
5314272
396476
8303953
4285341
10027795
3446343
3287045
3808510
1673472
10163810
10737554
8134932
7940718
10564703
2045760
8192120
10047440
796699
8027131
2243822
8757880
4858821
7481006
4288094
9234353
7449346
3133380
3523556
7911888
1748857
4012649
143772
3583533
8075000
2886273
8632104
4988255
4057793
3080041
3066425
10171705
9412460
1571825
6969628
4395173
1489944
6094367
9476429
1729680
604005
6414602
7962192
5345418
3495825
2977073
3248804
5740584
2833439
49330
2597880
1259150
5406048
7425706
7819441
5268037
10630707
2899243
5696061
8740058
8152188
5721203
651866
2897272
2415969
2446382
4329617
9335593
7857458
6014935
9421692
8261230
1936551
8980788
7184241
673595
5260544
10197945
6288453
6574173
3464976
671767
856621
4730181
9597452
10535077
4233532
6582542
184469
9764585
7084834
8413261
4553905
6803905
8744956
2557327
6395384
1401042
4118245
7221732
1621365
913220
5710981
2036788
5221926
9153261
3756158
9309882
3896670
2892792
4617290
4218839
10531858
7953966
9373912
8075731
8120527
8998123
10269139
10179292
8982778
8629444
7553625
1394570
6218592
703153
548340
10810242
5953884
4567681
6793483
