7500062
7499187
7499298
7499961
7500048
7499026
7500153
7499794
7500896
7500783
7499994
7501931
7498602
7499726
7499446
7501021
7502080
7500386
7499894
7498377
7500209
7501136
7499454
7499754
7498820
7500112
7501241
7500711
7500862
7498919
7501265
7501007
7500642
7499688
7501106
7500137
7499317
7499916
7501276
7501101
7497623
7501242
7501798
7499222
7501459
7500734
7499930
7499587
7500258
7499801
7499343
7500707
7498255
7500011
7499612
7501271
7498428
7499684
7499235
7499242
7499474
7500098
7499167
7500127
7500677
7498399
7500675
7500081
7500607
7498969
7500631
7501251
7500014
7500662
7498448
7500785
7500738
7499523
7497854
7499046
7497983
7500688
7500555
7499468
7497881
7499531
7499287
7500611
7499691
7502064
7498927
7498368
7499989
7498373
7499815
7498625
7500775
7500763
7500001
7499713
7500599
7500200
7498779
7500343
7498860
7500853
7499093
7499676
7499512
7500252
7500272
7499254
7500018
7499912
7498936
7500289
7500732
7501867
7501907
7500174
7499479
7500948
7500219
7500935
7499484
7499239
7499963
7500006
7499751
7497399
7500276
7499470
7501200
7500496
7499491
7498186
7499396
7498495
7499891
7500273
7501387
7498494
7500403
7500610
7498869
7500722
7500405
7501033
7501536
7498826
7499385
7499631
7499148
7500729
7500502
7498330
7501493
7499650
7500499
7499907
7498525
7499709
7500692
7499993
7500388
7500984
7499518
7499021
7499896
7500915
7500592
7501886
7501715
7499540
7500793
7499410
7500084
7500086
7499956
7501201
7498865
7499584
7500864
7500484
7499507
7497351
7500353
7500041
7499086
7501161
7500758
7500524
7501149
7499986
7498250
7499293
7497911
7498395
7500871
7499483
7499156
7500951
7501830
7499081
7498662
7500653
7499342
7502852
7499448
7500616
7499810
7499803
7500719
7499144
7499649
7500013
7500055
7498582
7499875
7499080
7500727
7499845
7498950
7497759
7500488
7500663
7498859
7500770
7498751
7499369
7499762
7499461
7499263
7501957
7497699
7500441
7498798
7501175
7500232
7501291
7499600
7498052
7500804
7500159
7501976
7499434
7500715
7500330
7498654
7499843
7500817
7499488
7499016
7500596
7498691
7501612
7499371
7500867
7499662
7500557
7500755
7497933
7500699
7498503
7498929
7500126
7501472
7501043
7499718
7500243
7500017
7500183
7499627
7501102
7501471
7499955
7501436
7500676
7500004
7500043
7500110
7500456
7500215
7500020
7498947
7500211
7501659
7501211
7502351
7499012
7497314
7502112
7498912
7501398
7498997
7500160
7500427
7499284
7500814
7500054
7499417
7500181
7499890
7500131
7500074
7500082
7500134
7499541
7500595
7500987
7499310
7500216
7499544
7501930
7500423
7499359
7500757
7498338
7499551
7500818
7499842
7499582
7499455
7498682
7501179
7499914
7500936
7500911
7499130
7502281
7498814
7498294
7499432
7500708
7501937
7501312
7498383
7499330
7499954
7500710
7500203
7501426
7500511
7499589
7499240
7498206
7499177
7501479
7499725
7499256
7501879
7501415
7500518
7499870
7500550
7498050
7498898
7499851
7499610
7500375
7499609
7499353
7500412
7499099
7500868
7500608
7500038
7501252
7499471
7499567
7500778
7499108
7500718
7500826
7499427
7500415
7500666
7500514
7500831
7500493
7499735
7499656
7500639
7500752
7500389
7501063
7500201
7500918
7501032
7499421
7500234
7499367
7502611
7501263
7498023
7500228
7500762
7500281
7500537
7498610
7499150
7500972
7501341
7500838
7500133
7500856
7500598
7499672
7499530
7500566
7502798
7499999
7501269
7501741
7499025
7501503
7497903
7501076
7498705
7501660
7499358
7498708
7500654
7501383
7499878
7499595
7500292
7499727
7502901
7500604
7498822
7500404
7500806
7499922
7500079
7499640
7499095
7499886
7499390
7500991
7500475
7500538
7498844
7498921
7497171
7499835
7500768
7499068
7500407
7501277
7500339
7499574
7500454
7500879
7500580
7501046
7498890
7500898
7499830
7499309
7498376
7499825
7499237
7498892
7499480
7499498
7502476
7500107
7500321
7499151
7499653
7500151
7500647
7499066
7500626
7500136
7500572
7499717
7499829
7499200
7499111
7500747
7500678
7499275
7499362
7502043
7500474
7498901
7500187
7499998
7498408
7499195
7499872
7499897
7499088
7501164
7498932
7499223
7501427
7498692
7501020
7502601
7498594
7500526
7498697
7499050
7499737
7500291
7500429
7498746
7498462
7498135
7500188
7498346
7500944
7501157
7501154
7500668
7500923
7497518
7498967
7499134
7500015
7499867
7501753
7500085
7499590
7500593
7500553
7499428
7498457
7500213
7500445
7498618
7503042
7500691
7500040
7499226
7500030
7499116
7497765
7499959
7500633
7499557
7501663
7500236
7499621
7501768
7502233
7502083
7498616
7500479
7499798
7499943
7500239
7500790
7500712
7499823
7501198
7498560
7501038
7500288
7500565
7498984
7500327
7498945
7499848
7500176
7501282
7500147
7500507
7499157
7499696
7500024
7498975
7500620
7498414
7498863
7500372
7500983
7501130
7499413
7499526
7500494
7497862
7499857
7499422
7500883
7499642
7500577
7500266
7499091
7500154
7499405
7499184
7498478
7502940
7500304
7500282
7500569
7498535
7501137
7500981
7500148
7499486
7501487
7500893
7499501
7498504
7498787
7499039
7501257
7499128
7498426
7499087
7500075
7500584
7499482
7500420
7499791
7500422
7499924
7499460
7498785
7498734
7501783
7499250
7500170
7499712
7498587
7499312
7500837
7498735
7500683
7499935
7499124
7500920
7497853
7498203
7499805
7499854
7499586
7500227
7498013
7500294
7499710
7500954
7501299
7498753
7496967
7501016
7499928
7499251
7500342
7501278
7500749
7497572
7499010
7501577
7500256
7499104
7499809
7501091
7500167
7500308
7501411
7500220
7498259
7500080
7499576
7499404
7501975
7501229
7499244
7500280
7498951
7499741
7499982
7501324
7500416
7499932
7499549
7498577
7499449
7500813
7499211
7499503
7502273
7499899
7499248
7500520
7499839
7499911
7499286
7501249
7500300
7500186
7501849
7499017
7502158
7499129
7498922
7501129
7499732
7499697
7499991
7499711
7501012
7499962
7499585
7501901
7499625
7499447
7499889
7499262
7501859
7498810
7497186
7500614
7499652
7500744
7500044
7501005
7499669
7500558
7498792
7498895
7500091
7500231
7499175
7499758
7500810
7500042
7500094
7499976
7499097
7502049
7501687
7499929
7499934
7500106
7499729
7500169
7499630
7500436
7500335
7501812
7499466
7498973
7501706
7501446
7499958
7501516
7502037
7498611
7500990
7499143
7500515
7500434
7501390
7501087
7501191
7499138
7500528
7500587
7498573
7498564
7499800
7498167
7498987
7499689
7498889
7499295
7499566
7500940
7502293
7500301
7499164
7499783
7498468
7498669
7500275
7501883
7498638
7500428
7500314
7502706
7501000
7500259
7500458
7501664
7500821
7499789
7498364
7499561
7499029
7501781
7500559
7499357
7501679
7499778
7499909
7500512
7500794
7499944
7498670
7502631
7500199
7498278
7501180
7500924
7501008
7500842
7500628
7499420
7501011
7501233
7499500
7497654
7497893
7498958
7498020
7500359
7499752
7499409
7500433
7499883
7500586
7501080
7500410
7501887
7500992
7501328
7501959
7500391
7498776
7499118
7496621
7500003
7499006
7500522
7499978
7500519
7500483
7499841
7501545
7498590
7498624
7500753
7498768
7498220
7499365
7500996
7501734
7498763
7498332
7500850
7499437
7499496
7499678
7497346
7501475
7501057
7499308
7499469
7501146
7500262
7498812
7500338
7499884
7500274
7501496
7500247
7498701
7500378
7499788
7499221
7499398
7499092
7501456
7500117
7500689
7500452
7498347
7500369
7497898
7497110
7500365
7501355
7502253
7499547
7498885
7498515
7500516
7501075
7499452
7499527
7498915
7498853
7500205
7500360
7502098
7499481
7500323
7499624
7498363
7500208
7499122
7500161
7498657
7500730
7499781
7498053
7500118
7497925
7498752
7500509
7500657
7499216
7499509
7498222
7499204
7498991
7497363
7500932
7500523
7498809
7501181
7500218
7499995
7498862
7499307
7499667
7499983
7499821
7500861
7501192
7497941
7499179
7501616
7500846
7499271
7499539
7499850
7498702
7499690
7499936
7500141
7500601
7499329
7497874
7501210
7499415
7501028
7500635
7498722
7501533
7499644
7498978
7501049
7497557
7501466
7498603
7501260
7501776
7500193
7501377
7499508
7499210
7500380
7500902
7500943
7500139
7497500
7500034
7499746
7498852
7498253
7499721
7499171
7498786
7500819
7501476
7500746
7499776
7501639
7500563
7501117
7501331
7499952
7501067
7500585
7500341
7500504
7498986
7498216
7501394
7499315
7499834
7498190
7500764
7500319
7499730
7499027
7501323
7498955
7499761
7500973
7498192
7501114
7500449
7499802
7499966
7499770
7500625
7497194
7497819
7499927
7499399
7501261
7499288
7501417
7498723
7498371
7502506
7500578
7502122
7500311
7500656
7498362
7499827
7499840
7499363
7499160
7501216
7499780
7500891
7500414
7501333
7500355
7499573
7500658
7500779
7500942
7499075
7499865
7500473
7499152
7501150
7500892
7500190
7500067
7501366
7499392
7500774
7500078
7497936
7499340
7500782
7501266
7501300
7501574
7498998
7500742
7499323
7500840
7499238
7499146
7500130
7498382
7502197
7498940
7498663
7501938
7501288
7499430
7499464
7501131
7499942
7500714
7500624
7498411
7499320
7502151
7499394
7499704
7499361
7500104
7500132
7501593
7499786
7500881
7501053
7498829
7498194
7500128
7499782
7498552
7500073
7500290
7498551
7502300
7500921
7499082
7502176
7500337
7499675
7499578
7498964
7498536
7498617
7500264
7498707
7500916
7498009
7500997
7499473
7500448
7500008
7500066
7499205
7499707
7502141
7500309
7500465
7499764
7500313
7499577
7498511
7501884
7499571
7499668
7500443
7500659
7498343
7501166
7499441
7500815
7501069
7500059
7502712
7498811
7501322
7499142
7501589
7499655
7498388
7500873
7501302
7499192
7498903
7499076
7499679
7500302
7500680
7500959
7498718
7499699
7500088
7500138
7500462
7501745
7502285
7498658
7499661
7500671
7500444
7500613
7499199
7501916
7500820
7501685
7499941
7500358
7500057
7499230
7499260
7500971
7500392
7499748
7501838
7500739
7498985
7497698
7499493
7499908
7498512
7500897
7499933
7498886
7498607
7500244
7499723
7499406
7501037
7498719
7498676
7499693
7501065
7499347
7500295
7498887
7499048
7500437
7500307
7500780
7500860
7498440
7499906
7499370
7500500
7501495
7500251
7500982
7500100
7500618
7501511
7500637
7499338
7500477
7499061
7499940
7501072
7501400
7500150
7498728
7499063
7500021
7498923
7500485
7500551
7502021
7500368
7501056
7499502
7498065
7500796
7498550
7501473
7497885
7500851
7500562
7499463
7500401
7500460
7501247
7499951
7499273
7498244
7499970
7500978
7499902
7501551
7500345
7500039
7499429
7502194
7499633
7498880
7499645
7500277
7500576
7499281
7500591
7499162
7498199
7497593
7500760
7499921
7501787
7499188
7500750
7500270
7499742
7500303
7500561
7498957
7499535
7500998
7501756
7499685
7503473
7501759
7499425
7499514
7499419
7498764
7500090
7498042
7499067
7497774
7498660
7499702
7500870
7501997
7499987
7499831
7501165
7498499
7499236
7500421
7500278
7499229
7499395
7501491
7499598
7499341
7501854
7499267
7501048
7498832
7499521
7499874
7500597
7499038
7500105
7500245
7499664
7501205
7499772
7501357
7498935
7498296
7500859
7500510
7499604
7496921
7498348
7499785
7501258
7500706
7498871
7497769
7501094
7499847
7500652
7501431
7498979
7500661
7500543
7500928
7501576
7500905
7498537
7501705
7501766
7498482
7499820
7497222
7499476
7498639
7499618
7500124
7499588
7499040
7499647
7498569
7500751
7501372
7500463
7501110
7499663
7500237
7499757
7499058
7498891
7499634
7501081
7500064
7501561
7500393
7501948
7499760
7498011
7500065
7497211
7500621
7499858
7501546
7500717
7501481
7500032
7499646
7498650
7500113
7499112
7499147
7499056
7497421
7501059
7500545
7499525
7499303
7500759
7499532
7500164
7499639
7499792
7499844
7501416
7497603
7501914
7499101
7501998
7501896
7501676
7499901
7499550
7499806
7498079
7497729
7498881
7498467
7498492
7501421
7499418
7500318
7498956
7501740
7501560
7500165
7500240
7498793
7498524
7497940
7499109
7498759
7502343
7499036
7500885
7502269
7499337
7501681
7499218
7501167
7498821
7500989
7500761
7500471
7500142
7498051
7502792
7499319
7500869
7500206
7498916
7498336
7499225
7500265
7499333
7499197
7500229
7500395
7498365
7500567
7499375
7500568
7501409
7498496
7500028
7500536
7500847
7503114
7501014
7501794
7498667
7497535
7500540
7500212
7500533
7499350
7500061
7498877
7501160
7500261
7500089
7499537
7502096
7499487
7498926
7501757
7499000
7498835
7498842
7500222
7500012
7501013
7500379
7499864
7500909
7500419
7498819
7501018
7501044
7500166
7501270
7501308
7500720
7499592
7499231
7498120
7499331
7499173
7498316
7500799
7500178
7500058
7498797
7498612
7498592
7501763
7501733
7501006
7501062
7500495
7498733
7498825
7502625
7499898
7497789
7500114
7497122
7500848
7500855
7500424
7499683
7500955
7499274
7499008
7501680
7500225
7501126
7501107
7501691
7501995
7501455
7499190
7499965
7499868
7501077
7501098
7499196
7499731
7498527
7498520
7498714
7500007
7501920
7499018
7501723
7501116
7499001
7499505
7500564
7500383
7499613
7500438
7501002
7498635
7499887
7500833
7501096
7501697
7499297
7500046
7498509
7499563
7499439
7500191
7499305
7498251
7500469
7499674
7499191
7502717
7499497
7499100
7501297
7500408
7499938
7500974
7500532
7501977
7499032
7498541
7499227
7499575
7501857
7500573
7500748
7500492
7499364
7502039
7500769
7499581
7498508
7499052
7498526
7499313
7499591
7499289
7499546
7499879
7500786
7501156
7498131
7501460
7499599
7501022
7502017
7500829
7499739
7500777
7499659
7498450
7501346
7497694
7500906
7499660
7499796
7500027
7501139
7500931
7502328
7500411
7500172
7500194
7500387
7499765
7497951
7499472
7499583
7500857
7500497
7500574
7500023
7499117
7500552
7499159
7499957
7501061
7501429
7499120
7499611
7497146
7500602
7501207
7498340
7500238
7499102
7498196
7500836
7500534
7502382
7496780
7499478
7500446
7500756
7499773
7499103
7500787
7499477
7500457
7499166
7498578
7501405
7498756
7499734
7496574
7499214
7498855
7501097
7500726
7502110
7498514
7501792
7502910
7500828
7498500
7501752
7499920
7499407
7500101
7499882
7497616
7499658
7501634
7500575
7500687
7498944
7501836
7500903
7501966
7500459
7502740
7498529
7500686
7499161
7501339
7500975
7501078
7503093
7498597
7502202
7497852
7501379
7498435
7501385
7500325
7498554
7499740
7499259
7501029
7500221
7500603
7497878
7500822
7498694
7500269
7501017
7498279
7500123
7499856
7498749
7500904
7500965
7498703
7498934
7501936
7500152
7500157
7499925
7498737
7500700
7501174
7500022
7501124
7500877
7497746
7499738
7499818
7499947
7499318
7499005
7499170
7501309
7500083
7499855
7498576
7499720
7498110
7499062
7500588
7501864
7498874
7497820
7498627
7498643
7498407
7501152
7500047
7499279
7500037
7501438
7500674
7499866
7498823
7501420
7498579
7499499
7500907
7499490
7501556
7498444
7501805
7498312
7500155
7501083
7500993
7502662
7496117
7497432
7498938
7501643
7501765
7500406
7499042
7500144
7501236
7501358
7502297
7500385
7499217
7502765
7501749
7499366
7499416
7500108
7498879
7498289
7498270
7499913
7498608
7500589
7499895
7498355
7500349
7498488
7498040
7500612
7499931
7499984
7499265
7499292
7499562
7499614
7499666
7502107
7499268
7498982
7501388
7502219
7499937
7499079
7499278
7498644
7501295
7501773
7501541
7501571
7499542
7501367
7501369
7500646
7499617
7501700
7499139
7500754
7501698
7500177
7500370
7499869
7501030
7501171
7501301
7500874
7500069
7500964
7501024
7498215
7500606
7500299
7501349
7498757
7499401
7500901
7499127
7498939
7500872
7499813
7498455
7500476
7498795
7500052
7499324
7499536
7498620
7499022
7499619
7498999
7499596
7499681
7500248
7499853
7498459
7499045
7502290
7499981
7501950
7502413
7498430
7499880
7499423
7499753
7500962
7498976
7498769
7499724
7499153
7499285
7501912
7498232
7499641
7499335
7501176
7500709
7499859
7499553
7500933
7501824
7500798
7498717
7499804
7499467
7498412
7501987
7499945
7498854
7498523
7500297
7501036
7501316
7500529
7498545
7501354
7500099
7499860
7500426
7500698
7502252
7500922
7501497
7500296
7500156
7499876
7499084
7496394
7499077
7498370
7500825
7499520
7501025
7500839
7499988
7498341
7500223
7500195
7499243
7501483
7502132
7497915
7498884
7499245
7501054
7499202
7501066
7500467
7500189
7500283
7500093
7501375
7501779
7500025
7500895
7499450
7501594
7501231
7499534
7499777
7498021
7499206
7501132
7498022
7501343
7500097
7501690
7497588
7498570
7498344
7498867
7499969
7501123
7500072
7498466
7502378
7500673
7498353
7500346
7500560
7499494
7502225
7501488
7501086
7499272
7501144
7500834
7500725
7498699
7500622
7502531
7500772
7499768
7500390
7498774
7499888
7500109
7501344
7499568
7499558
7501186
7501336
7499258
7500111
7498840
7501601
7501547
7498981
7499745
7499917
7499002
7501287
7500255
7500196
7501168
7499556
7500326
7498883
7501108
7501580
7498712
7498354
7501217
7501162
7500988
7500980
7498015
7500617
7498630
7498275
7498475
7500704
7499408
7499807
7503123
7499189
7498672
7500328
7499774
7498003
7501262
7499992
7502399
7501163
7501227
7500961
7501321
7501248
7500125
7498913
7501243
7501814
7498742
7500900
7501422
7498994
7500650
7499314
7499168
7499554
7498713
7500970
7498045
7500367
7498646
7499769
7499570
7501187
7500941
7498741
7498960
7500374
7500382
7500638
7501348
7501693
7501785
7500999
7500723
7498937
7498876
7500049
7502238
7501103
7499905
7498413
7498755
7500076
7502748
7501889
7500002
7497817
7498995
7499817
7499538
7499302
7500310
7498628
7499714
7500340
7500875
7502679
7497463
7501993
7501221
7498830
7499643
7498118
7502368
7501761
7500268
7500482
7501250
7499044
7499919
7499037
7499176
7500316
7500925
7501310
7499706
7501524
7501189
7500350
7502070
7499915
7500005
7497994
7499766
7501232
7500009
7501286
7500354
7499443
7500809
7500143
7501148
7499948
7498730
7498299
7499749
7499692
7501799
7501839
7498966
7499107
7499383
7501153
7499524
7497842
7501239
7499475
7499787
7498530
7501617
7500103
7500344
7503250
7501539
7499971
7500527
7501874
7500241
7499290
7497760
7500979
7499515
7501525
7498920
7500655
7501454
7499209
7502345
7499814
7499023
7499296
7501632
7499426
7501714
7501325
7499326
7498595
7498949
7500417
7499892
7499832
7500517
7500487
7500908
7500865
7501738
7501068
7498893
7501143
7501368
7498902
7501188
7499594
7499183
7498208
7500800
7498633
7498765
7501790
7498715
7500381
7501099
7499918
7502035
7501833
7500716
7500876
7499771
7502850
7500162
7498421
7499294
7499034
7497731
7501412
7501608
7500878
7497635
7498918
7498904
7501964
7500312
7501190
7499141
7502672
7499607
7500226
7498369
7498818
7500812
7499743
7497148
7501581
7498609
7501202
7502387
7498263
7499360
7500376
7500356
7497689
7499564
7500096
7500095
7500773
7500168
7500070
7501172
7501453
7501989
7499386
7502310
7501739
7500830
7500466
7501952
7497960
7498342
7499193
7501595
7499623
7500843
7500451
7500077
7500431
7498977
7501637
7501380
7501234
7499352
7499098
7500371
7498666
7499387
7500364
7499996
7503600
7501515
7500056
7502415
7499213
7501851
7501019
7499431
7501437
7499811
7499207
7499506
7497669
7499784
7497797
7503191
7498272
7498905
7499376
7500087
7502560
7501553
7498156
7500249
7499861
7501586
7500866
7499543
7499055
7500623
7501399
7502258
7499975
7498486
7497794
7499967
7500366
7499852
7501728
7500271
7499351
7498836
7499232
7500844
7501980
7501480
7502326
7497681
7500937
7499445
7499670
7501566
7501837
7500651
7502065
7501618
7497574
7501050
7501042
7500430
7499433
7498143
7498084
7498441
7500605
7501293
7502657
7499233
7499900
7500071
7500740
7499154
7499125
7499253
7499716
7497953
7501434
7501528
7498770
7502250
7500486
7501397
7498894
7498445
7499332
7500506
7501364
7498962
7500413
7500590
7500204
7502148
7500298
7499722
7499677
7501767
7497978
7499926
7499698
7499492
7499605
7500180
7499043
7499795
7500352
7497579
7498161
7500230
7499132
7499824
7498298
7500541
7500250
7499123
7498321
7498093
7502020
7498074
7499393
7501492
7498331
7501926
7501194
7497971
7501565
7500741
7499759
7500827
7499403
7500480
7498706
7498827
7502797
7500233
7502262
7500214
7498224
7498637
7502082
7498000
7500645
7500619
7500029
7499185
7501197
7498438
7501142
7499336
7501947
7500797
7498605
7500347
7501598
7500670
7499220
7497442
7501584
7500736
7501115
7500140
7498510
7499620
7497931
7500357
7498747
7499615
7501334
7500450
7501818
7497706
7501722
7501088
7499797
7501941
7500938
7499939
7501350
7497677
7501090
7501457
7499980
7501979
7498673
7500217
7499345
7501504
7500721
7497929
7501424
7501669
7501955
7498942
7500035
7500224
7500235
7498214
7500888
7500192
7500649
7499382
7501636
7501026
7497776
7502203
7501828
7499822
7499019
7500554
7499325
7498217
7500478
7498710
7498182
7497909
7500767
7501120
7500432
7499893
7498439
7502183
7499819
7498908
7499654
7498221
7498581
7500145
7501626
7501307
7501486
7500373
7498485
7498534
7500129
7500503
7498725
7502329
7500934
7499616
7500882
7498980
7499950
7498732
7498782
7502041
7501374
7500930
7498930
7500470
7501498
7499973
7498845
7499106
7500158
7500442
7498154
7500994
7499756
7501544
7498739
7501631
7502728
7500690
7500735
7499060
7501395
7501285
7501045
7501778
7499637
7498687
7499234
7501071
7502003
7501215
7499126
7498543
7500685
7500889
7500594
7500966
7500682
7499606
7501015
7498176
7499953
7498767
7498583
7498086
7499799
7498539
7498082
7498546
7498674
7499629
7501451
7500207
7500648
7499356
7498471
7500010
7502106
7499304
7501599
7499671
7501848
7502157
7499602
7497808
7498731
7499252
7496734
7502246
7500609
7501860
7501464
7498677
7501447
7500660
7500950
7501092
7499608
7501712
7502822
7498402
7498622
7499321
7501052
7498683
7500694
7501877
7500122
7500887
7498035
7502926
7499708
7502072
7496581
7501134
7499863
7498965
7500807
7500000
7501051
7501226
7498817
7500242
7501340
7501613
7501604
7500394
7499241
7501542
7498953
7498360
7498286
7501568
7499548
7498931
7498366
7500927
7500501
7498538
7497959
7501726
7500254
7500684
7500036
7501649
7501342
7499201
7499215
7499465
7502597
7497822
7501696
7498304
7501810
7501058
7501225
7500792
7498452
7501518
7498924
7501128
7499979
7498689
7500636
7501913
7498436
7501203
7498993
7500119
7499569
7498963
7499755
7502226
7498724
7498292
7499946
7497561
7500332
7498740
7499960
7501510
7500505
7500929
7502693
7501489
7500202
7498743
7501384
7502116
7501373
7502180
7499047
7499528
7498613
7500425
7501821
7502251
7498225
7498858
7500115
7498306
7499276
7498323
7499389
7500643
7500581
7499011
7500728
7499442
7500179
7501520
7500765
7500976
7499094
7498260
7498125
7499090
7500253
7498335
7499280
7501954
7501485
7499517
7498319
7497773
7498900
7497564
7499349
7499910
7501652
7499374
7500771
7498334
7498465
7501060
7501111
7501306
7500549
7499035
7498119
7500306
7502999
7498297
7502073
7501196
7501921
7498970
7499172
7498952
7498476
7501573
7501611
7501315
7501958
7498614
7501118
7501530
7502101
7498267
7499885
7498238
7499997
7498502
7500956
7502177
7500092
7497320
7500397
7500317
7500945
7498864
7499282
7499456
7500286
7498184
7498239
7497841
7498847
7500791
7500977
7498281
7501224
7501538
7500398
7500952
7500031
7501381
7500173
7497368
7498849
7502542
7500899
7501554
7497740
7500329
7501609
7500816
7498069
7499178
7499065
7500696
7498295
7499299
7501147
7500324
7497344
7501507
7500184
7497970
7500508
7501694
7501597
7500745
7498173
7500703
7502313
7499051
7502163
7498387
7499529
7498378
7497602
7498425
7501370
7499603
7499049
7499378
7498631
7500957
7499451
7501275
7500182
7499436
7499565
7498861
7498659
7501939
7498329
7501881
7498223
7501615
7501923
7499137
7500679
7500641
7498794
7499033
7498972
7499516
7501822
7501707
7499680
7501633
7498914
7502054
7500743
7499009
7501537
7498910
7499372
7499261
7501992
7501268
7499165
7501009
7499808
7502010
7498851
7499705
7498339
7500026
7499871
7499194
7500400
7499545
7500784
7500472
7501477
7500120
7501667
7502532
7500210
7499715
7501283
7500525
7500919
7499020
7500402
7501079
7500963
7498113
7500315
7498241
7500986
7500946
7498129
7500361
7499136
7498484
7499402
7499140
7501362
7498226
7498772
7498841
7500570
7500175
7501915
7498789
7502442
7501345
7498996
7499072
7499695
7501219
7498310
7499700
7498661
7499069
7497516
7499826
7501686
7498497
7500267
7498420
7497787
7499030
7500548
7500396
7497400
7501727
7496416
7500198
7500823
7503054
7502213
7500284
7502167
7501508
7499701
7502145
7501353
7498843
7498240
7498434
7496425
7501582
7502011
7501445
7500805
7501558
7499414
7502953
7502333
7498087
7500530
7499628
7499013
7498037
7501895
7497969
7499257
7500461
7501360
7498446
7500781
7500363
7501070
7499269
7500539
7498105
7499972
7503033
7498078
7500579
7499833
7497462
7500121
7501402
7497611
7498988
7501396
7497077
7499458
7498477
7501284
7501448
7499747
7498098
7498122
7501296
7498282
7500464
7499495
7498547
7502623
7501133
7498946
7498796
7500824
7498178
7501519
7498748
7498454
7499380
7500835
7501720
7502504
7499174
7499291
7497653
7502174
7498134
7500279
7501158
7500051
7499555
7500890
7499424
7501564
7499110
7498649
7498778
7501267
7497736
7498788
7499513
7501256
7501055
7500384
7498385
7500336
7498392
7499511
7499719
7502044
7500803
7498760
7502144
7501010
7497205
7498229
7502045
7499657
7500863
7498834
7498882
7500766
7500886
7498690
7498417
7500858
7501605
7499626
7502084
7500490
7500409
7499533
7499064
7501430
7499255
7499115
7501441
7497972
7498775
7501145
7498833
7500498
7502190
7502680
7498320
7499348
7498201
7500731
7498989
7501570
7498684
7501521
7499163
7499838
7499767
7499849
7498804
7502156
7497028
7498293
7500733
7501782
7498866
7501440
7498906
7498133
7500542
7501109
7499560
7500060
7500629
7497928
7501313
7500481
7502038
7501245
7498831
7497732
7501514
7498557
7499113
7500163
7501095
7501004
7499877
7497468
7498801
7499510
7499014
7499411
7498025
7498047
7497811
7498375
7498907
7501183
7501003
7498237
7498245
7498802
7501089
7498284
7498302
7502288
7498693
7501665
7498473
7498185
7499379
7501703
7498505
7500695
7500063
7501195
7498566
7497977
7496736
7497573
7502377
7499264
7497333
7501214
7499665
7501319
7498027
7498464
7500197
7501361
7501031
7501847
7501490
7497920
7499149
7500491
7501647
7499169
7499489
7499246
7499793
7499453
7497923
7502602
7500600
7501656
7499816
7502462
7498501
7500377
7501523
7500418
7498480
7501041
7499846
7500535
7498442
7498652
7498653
7502569
7500640
7499622
7499096
7499779
7501678
7498390
7498868
7499597
7498030
7498090
7499283
7498266
7498685
7500701
7501425
7501596
7498117
7502586
7500556
7500146
7500913
7498911
7498014
7502274
7498116
7499003
7498837
7498850
7501452
7499311
7501532
7500455
7502365
7502431
7498878
7499593
7501119
7498771
7501808
7499015
7500995
7499750
7499391
7497656
7497381
7500116
7500016
7497213
7502596
7498555
7500960
7502826
7499444
7499459
7499635
7498431
7499131
7501432
7498273
7499377
7499648
7499155
7502009
7501509
7500693
7502000
7500953
7500171
7499089
7498700
7500968
7498968
7501526
7501499
7499400
7500910
7501085
7499007
7501359
7497134
7502137
7500351
7499306
7498209
7499974
7501419
7500917
7497984
7498491
7498686
7501985
7498290
7498531
7501230
7501842
7498875
7498990
7499435
7497945
7501223
7501235
7501173
7499355
7497733
7498236
7501073
7497436
7501178
7499054
7499078
7501135
7501376
7500808
7498641
7502448
7497932
7499114
7498721
7499881
7501567
7500894
7501603
7501281
7500135
7497943
7501220
7501540
7499812
7500571
7497460
7502004
7497741
7499694
7500667
7497739
7499105
7498456
7498274
7500776
7498017
7500958
7501403
7498404
7499923
7499249
7498481
7499083
7499552
7501853
7498150
7499686
7498193
7501743
7501392
7497054
7499440
7500697
7498799
7496915
7498256
7499388
7498574
7500489
7503288
7498219
7498897
7502266
7500322
7498671
7497954
7501982
7501962
7502104
7501640
7501729
7501468
7498744
7498247
7501199
7499228
7498172
7501625
7499601
7499073
7501606
7498648
7499949
7498773
7501500
7502340
7497208
7498188
7501983
7501318
7501513
7499904
7499041
7502068
7499673
7501600
7497071
7499572
7501386
7496901
7501035
7499074
7501724
7502237
7499790
7498870
7500257
7498559
7500068
7502232
7500672
7499071
7501569
7498328
7498107
7502869
7500967
7499862
7500724
7501502
7501668
7501264
7499028
7499632
7502696
7500634
7498848
7498745
7499277
7497270
7497809
7501719
7500969
7499485
7501786
7498943
7498548
7497939
7498591
7502172
7500513
7500681
7500435
7497542
7498317
7501378
7501900
7501695
7498651
7501588
7498271
7502465
7501654
7501169
7502283
7501607
7501550
7502874
7502815
7498572
7500832
7498640
7499968
7503003
7501840
7501093
7499903
7502414
7501208
7501121
7499703
7497961
7498010
7497647
7497962
7501522
7497919
7498104
7501125
7499053
7501817
7502095
7498427
7498599
7503007
7498058
7501646
7498846
7498754
7501064
7501279
7501363
7497554
7500841
7499316
7501001
7500348
7498268
7496877
7502789
7499580
7498604
7498443
7501482
7501662
7501104
7502470
7503158
7501935
7501393
7498066
7498140
7498449
7499121
7501630
7499270
7498165
7498696
7501294
7499744
7501815
7497738
7501253
7502354
7497889
7500939
7499728
7498948
7501620
7498381
7499836
7499651
7502093
7501347
7500333
7500033
7498489
7500852
7501730
7500795
7501876
7501222
7501968
7497801
7501943
7502201
7500305
7501414
7500521
7501039
7500644
7502425
7501274
7501942
7499462
7501882
7500705
7501506
7501332
7497664
7498130
7499990
7501105
7498300
7498565
7502165
7501218
7497590
7498231
7497297
7498519
7497902
7501784
7500788
7498856
7498585
7501868
7503057
7499181
7501710
7498668
7497719
7500453
7500713
7498992
7499182
7501074
7501534
7499384
7501465
7497685
7498750
7497711
7497582
7498588
7498567
7498230
7501311
7500053
7498228
7501789
7500615
7502841
7501177
7497892
7498626
7498191
7502493
7500665
7498401
7502296
7497691
7500019
7498361
7500440
7501816
7501244
7499133
7498380
7501531
7497336
7499368
7498971
7501159
7503680
7498204
7500045
7502091
7502088
7501113
7500293
7502236
7502683
7498367
7497826
7498629
7500849
7501831
7502397
7502056
7498766
7500334
7501433
7497369
7497798
7498318
7498322
7501866
7496647
7498252
7502079
7500362
7500399
7498006
7502732
7501624
7498513
7499339
7498248
7501890
7497851
7499985
7498528
7499763
7503346
7501423
7498857
7501721
7500912
7501206
7501238
7498198
7498200
7498562
7501970
7498409
7501371
7501825
7498828
7498784
7502423
7497857
7499301
7501846
7499186
7502205
7498688
7497461
7502466
7498242
7499977
7501732
7498709
7497958
7498147
7497458
7498108
7498540
7501365
7502155
7501572
7498568
7498019
7497942
7498698
7497993
7498211
7498162
7499119
7502443
7498463
7500320
7502745
7500884
7502613
7499059
7499873
7499504
7501408
7501587
7498451
7501870
7501304
7498101
7502308
7501435
7502427
7498474
7498068
7501688
7497766
7501559
7498634
7499322
7498762
7501389
7501777
7501329
7497803
7498544
7496951
7500880
7502008
7499328
7497887
7502267
7498398
7497914
7501891
7499004
7497799
7498210
7499224
7499837
7499687
7501735
7500149
7497864
7498561
7501844
7501718
7500287
7498283
7498803
7501478
7501512
7502289
7498873
7502666
7497743
7502756
7499145
7498655
7497448
7497824
7501298
7501327
7498736
7497642
7502134
7498453
7497525
7498059
7502395
7502018
7501796
7502358
7498777
7503934
7501351
7501562
7498780
7503646
7498164
7499085
7498064
7501212
7497710
7497955
7501903
7499733
7501047
7501788
7497580
7498089
7501034
7498100
7498632
7502123
7501861
7501750
7498925
7497350
7498136
7498838
7501501
7498175
7501742
7501122
7502331
7497944
7501803
7501591
7498678
7501899
7501356
7497899
7498018
7501902
7497373
7499203
7498111
7497882
7497771
7498888
7502846
7503451
7497501
7498493
7498157
7498437
7501713
7498615
7498954
7500285
7501946
7501677
7497922
7498600
7497465
7498213
7499559
7497934
7497649
7500914
7500050
7498243
7498138
7502433
7497435
7499219
7502149
7502514
7497540
7497913
7497762
7499579
7502007
7502298
7498422
7499412
7497304
7497065
7499736
7499344
7498896
7498589
7498586
7500789
7499158
7501273
7498077
7500627
7502169
7498928
7501259
7502480
7497118
7499638
7501672
7501335
7502208
7497004
7500547
7498416
7498158
7501628
7501965
7500702
7500737
7498351
7497431
7501289
7498917
7497660
7500447
7502024
7497258
7502621
7498160
7502495
7499354
7497703
7498179
7499070
7501675
7501619
7500632
7497244
7501755
7501140
7498177
7501439
7502063
7502053
7500926
7498974
7497861
7499031
7500468
7499522
7502160
7497630
7501458
7501290
7501470
7501237
7497891
7501871
7498727
7500246
7498115
7498675
7498729
7498044
7501873
7499397
7501829
7501644
7498711
7498396
7498155
7498636
7498415
7499135
7501614
7498127
7498159
7502914
7498212
7498349
7499775
7502385
7497402
7502133
7497123
7500630
7501795
7502563
7501967
7501494
7501610
7498808
7498141
7496771
7500331
7497447
7498472
7498168
7498665
7502851
7499300
7497477
7502022
7498261
7497868
7501138
7501450
7502264
7501856
7496306
7502752
7501314
7500260
7501578
7501413
7497650
7500985
7501280
7496843
7497976
7498041
7498815
7501651
7498621
7501978
7498333
7498218
7501892
7498132
7502182
7497831
7497124
7502363
7499334
7498352
7501699
7497034
7501209
7498800
7498447
7497901
7497273
7498374
7502124
7499381
7498197
7501410
7502015
7497429
7501919
7498424
7497704
7501888
7498664
7500845
7498067
7502336
7498311
7498507
7498593
7502961
7501552
7501602
7499198
7497200
7498758
7498813
7498227
7502090
7501929
7498563
7498423
7502069
7502404
7498983
7498738
7502108
7502130
7499346
7498549
7496841
7497552
7501027
7500947
7498262
7498601
7501155
7501428
7501084
7497637
7498479
7501671
7500854
7498553
7501621
7498012
7498824
7500102
7497825
7497918
7502325
7500582
7497764
7501673
7501305
7501463
7501505
7501918
7498816
7497839
7501880
7498054
7497724
7497956
7498083
7497967
7498805
7500583
7498048
7498872
7498144
7498642
7500531
7498356
7499828
7501443
7497930
7498679
7501406
7498163
7497453
7502618
7501467
7501748
7502475
7502537
7498379
7501716
7497905
7498961
7499057
7501151
7498807
7498716
7498460
7501382
7501827
7497668
7502047
7501127
7502573
7497974
7501082
7497879
7498169
7502843
7498057
7497199
7498170
7498026
7502642
7497546
7498024
7501807
7498791
7497331
7501254
7498487
7499964
7498326
7502055
7502268
7502384
7502896
7501960
7498309
7498584
7501925
7498941
7502117
7500801
7497608
7498680
7498704
7497997
7497099
7497957
7502184
7502499
7499212
7497481
7497908
7502949
7501529
7501963
7501590
7501228
7497357
7497403
7498959
7500664
7502458
7502032
7498095
7502691
7501863
7498291
7500669
7498315
7501771
7501835
7497992
7496685
7502538
7498276
7499327
7497230
7501875
7501100
7501461
7498149
7503479
7501666
7496962
7501852
7497636
7502077
7499247
7497279
7502360
7502135
7500949
7498285
7498469
7502474
7499636
7498403
7500802
7497217
7501185
7497537
