4499483
4498436
4500850
4499618
4500009
4499563
4499660
4499464
4500767
4499431
4498057
4499778
4499096
4498761
4500043
4501918
4501718
4498864
4499671
4500051
4499672
4499648
4500970
4498764
4502226
4500140
4500257
4499837
4499359
4500327
4501187
4501129
4499239
4500236
4499625
4500757
4500505
4500003
4500954
4499480
4499210
4499953
4500870
4500893
4500561
4500449
4499975
4500461
4500739
4498990
4499093
4498891
4502064
4499430
4500522
4501011
4501834
4498128
4500053
4501385
4501628
4499667
4500772
4500316
4501008
4499191
4499343
4499892
4500939
4501151
4500824
4500212
4499506
4499410
4499860
4498411
4498561
4498985
4498659
4499991
4499841
4500795
4500627
4499704
4500969
4500847
4500405
4500406
4499367
4499178
4499699
4501322
4500068
4500745
4500760
4501366
4499945
4500294
4498672
4500263
4498680
4498801
4500020
4500363
4500601
4501656
4500256
4499749
4500726
4500785
4500185
4499496
4499895
4499858
4501132
4500717
4500669
4499705
4501854
4499742
4498215
4501200
4499470
4500815
4501137
4499301
4499902
4501093
4500113
4498841
4499587
4501155
4500403
4501044
4500127
4501069
4500814
4500968
4500442
4499623
4499862
4500759
4499912
4501208
4500672
4500861
4498681
4499315
4501206
4500202
4499213
4498314
4500082
4502706
4499689
4500235
4501141
4498873
4499696
4499877
4501588
4500170
4500605
4500227
4500205
4501161
4498743
4499712
4498386
4500527
4500055
4497916
4500271
4500375
4500282
4500189
4501205
4501835
4500156
4499177
4500436
4498661
4499106
4499958
4500259
4498963
4499094
4501752
4501030
4501962
4501113
4499531
4498223
4500295
4500030
4500103
4500376
4498717
4499049
4498825
4499726
4499727
4501880
4499260
4499677
4501476
4498663
4501419
4500366
4499702
4502097
4501996
4500252
4498306
4500129
4498976
4500324
4500312
4501446
4500661
4501590
4501887
4499897
4499757
4499508
4500387
4500920
4501758
4497565
4499970
4500394
4499760
4498794
4500674
4499608
4499212
4500947
4501321
4498019
4499746
4501539
4502205
4502281
4499086
4500169
4498874
4498109
4501154
4498055
4498352
4499873
4500794
4500036
4500326
4499280
4500837
4499940
4501078
4501637
4499361
4500985
4500264
4498484
4499510
4498614
4498806
4502656
4500696
4498944
4500902
4499009
4499968
4500098
4499890
4499909
4500570
4501659
4500872
4497521
4499941
4498264
4502248
4501787
4500813
4498457
4502026
4500128
4501501
4499090
4500388
4497966
4498879
4500344
4498715
4500204
4500596
4499542
4499701
4499752
4497656
4501221
4500250
4499646
4500510
4501025
4501885
4501663
4501378
4500232
4499714
4501468
4500586
4500695
4501274
4499476
4499111
4499034
4500013
4500179
4499861
4498049
4499031
4498465
4497597
4501445
4500683
4499095
4500054
4498768
4500929
4501805
4498913
4501082
4499144
4501050
4501530
4500892
4499707
4499921
4498404
4499156
4498373
4500028
4499863
4500866
4499168
4499891
4500338
4499856
4499317
4502084
4498912
4500305
4498756
4498253
4499293
4498028
4499419
4499113
4501138
4498671
4500120
4501120
4499303
4498920
4500181
4500187
4500122
4498497
4499598
4499229
4498239
4501728
4500665
4500119
4501582
4500744
4498694
4499993
4499759
4499174
4501140
4501926
4500567
4499457
4500353
4500700
4499050
4497074
4499533
4500878
4497667
4499032
4498040
4500061
4500307
4500222
4500751
4500840
4499739
4501380
4501267
4498441
4499969
4500385
4499227
4500160
4499823
4501335
4500982
4501512
4498575
4501254
4500011
4500747
4500857
4500541
4500343
4499599
4500165
4500553
4499226
4500123
4499311
4499392
4500552
4499886
4500313
4497337
4499988
4500898
4500512
4500439
4501467
4502320
4500577
4501049
4499612
4502596
4498812
4501042
4502054
4500833
4500903
4501448
4499488
4500445
4497442
4498180
4501498
4501384
4500074
4499534
4502065
4499275
4499383
4499409
4501689
4500716
4499447
4501156
4499776
4500642
4501216
4500384
4499616
4499638
4497892
4500214
4499756
4498483
4498719
4499904
4500433
4499507
4501768
4501417
4500154
4500636
4499762
4499463
4500146
4501916
4500655
4499282
4500046
4501438
4500732
4500276
4499579
4499710
4499146
4499511
4500379
4499385
4499449
4499549
4499223
4500369
4498739
4501428
4500261
4498567
4498770
4498012
4498271
4498313
4498776
4500658
4500606
4501613
4501072
4499478
4500383
4499880
4500963
4498929
4497662
4500482
4499408
4499572
4500756
4498269
4500550
4500208
4500891
4500480
4501578
4499568
4498831
4501323
4497976
4499888
4501228
4499578
4501406
4499650
4499185
4497115
4501465
4501342
4499222
4500651
4498453
4500341
4498660
4501143
4499509
4498843
4501056
4499906
4500990
4500545
4501647
4499817
4501264
4500092
4499157
4498667
4501924
4500139
4501256
4500039
4499066
4499983
4501950
4500042
4501877
4500463
4499276
4500932
4500675
4500494
4499943
4497706
4500203
4501531
4500153
4499978
4499719
4499153
4500163
4498755
4501248
4498696
4498302
4499675
4501261
4499331
4499994
4499576
4500484
4499870
4500014
4500993
4499493
4498745
4499160
4501963
4498848
4499876
4500065
4500096
4498740
4500581
4500496
4502571
4499546
4499119
4501015
4499020
4498818
4501021
4498839
4501774
4498845
4499108
4499805
4500149
4500543
4500885
4500660
4501636
4497793
4501223
4499053
4498574
4499008
4498952
4500352
4498860
4499615
4500076
4500897
4499697
4499523
4499465
4499630
4498581
4500557
4500521
4498893
4500162
4500801
4500871
4500888
4499799
4499834
4498945
4499734
4498407
4499123
4499919
4499097
4499922
4500075
4500530
4499717
4499250
4501757
4499560
4498724
4498775
4500401
4498988
4499954
4496969
4498487
4500677
4500879
4500272
4500111
4498675
4499194
4499427
4500027
4500535
4499854
4499316
4499406
4502474
4499649
4501484
4499147
4501349
4500195
4500618
4499397
4498819
4500180
4500060
4499753
4500015
4498728
4499357
4501466
4500278
4498163
4497948
4500904
4501085
4502301
4497983
4500827
4501073
4500894
4499754
4498499
4501522
4498888
4501356
4500040
4499620
4499927
4499197
4499098
4500292
4500450
4499963
4498648
4501630
4499170
4498673
4500444
4498834
4501170
4496382
4501775
4501809
4498838
4498495
4500513
4499167
4501104
4501409
4499036
4498534
4499255
4498917
4499244
4500576
4501389
4499632
4499381
4499766
4499790
4499775
4499796
4499215
4499583
4501110
4500275
4500930
4499738
4501732
4499265
4502595
4500774
4499182
4498078
4500130
4500657
4499109
4499403
4500310
4499130
4500887
4500335
4501289
4499384
4501053
4500254
4499010
4501373
4500880
4500080
4498890
4500358
4500124
4500100
4499784
4499769
4500041
4501355
4499159
4498092
4500936
4500097
4500678
4500266
4498915
4500342
4500634
4498536
4498611
4499468
4499379
4498786
4499708
4501391
4499349
4499437
4499454
4498183
4498422
4499730
4500182
4499661
4499597
4498634
4500161
4500865
4499678
4500492
4499735
4500244
4498938
4501751
4501748
4502407
4501253
4500412
4501433
4501879
4498708
4499320
4498979
4501662
4499857
4499820
4501393
4498757
4500231
4499692
4499640
4498193
4497052
4497770
4500002
4499698
4499882
4501781
4500211
4500392
4499816
4499011
4500791
4501936
4500019
4498789
4499544
4501655
4499914
4500017
4499889
4499926
4499467
4501270
4499574
4500574
4501411
4500591
4500174
4500615
4501080
4499831
4499688
4498566
4499413
4499872
4500838
4499875
4499196
4499078
4500573
4500649
4500890
4500209
4499761
4500472
4499501
4500360
4500816
4500542
4499990
4500532
4502339
4501852
4500964
4501773
4499314
4499835
4499172
4500347
4499626
4501810
4499584
4500106
4498394
4501186
4501020
4502085
4499396
4501227
4500131
4499771
4498363
4497971
4499490
4500361
4501589
4499627
4502856
4500277
4499836
4498709
4500414
4498506
4501201
4499208
4499329
4499690
4500736
4498410
4498544
4502722
4498962
4498390
4502636
4501233
4499832
4499018
4499864
4499342
4498955
4500157
4499091
4497249
4500926
4501237
4501122
4499140
4500667
4498705
4499307
4500943
4499393
4498795
4499519
4500972
4499302
4499512
4498361
4499474
4500446
4500640
4500906
4499063
4500141
4499518
4499524
4499733
4500812
4500828
4499263
4498105
4499458
4500418
4500526
4499700
4499152
4499389
4499918
4500564
4499893
4500648
4499171
4500780
4499256
4500077
4501624
4499804
4497412
4499386
4498774
4499217
4501632
4499706
4498857
4500359
4499947
4500625
4501431
4499826
4499971
4499061
4500309
4501839
4499593
4499308
4498953
4499743
4500725
4501242
4500423
4501379
4500434
4501337
4500470
4501825
4501166
4500934
4500321
4499901
4497276
4501395
4500604
4501826
4499380
4499750
4500229
4501004
4501909
4501315
4498378
4500319
4501014
4499149
4500255
4499956
4501114
4502780
4498987
4500804
4500643
4499807
4499232
4501441
4499592
4499183
4498977
4501052
4499691
4497776
4498056
4499428
4500201
4500917
4499594
4499015
4499438
4501796
4501456
4500325
4498738
4499184
4500807
4499908
4497618
4498437
4499604
4499358
4500016
4498916
4498941
4498649
4498275
4500357
4499937
4500262
4502641
4500121
4500520
4500558
4499494
4498685
4500432
4500427
4499103
4500928
4500664
4501171
4500663
4501226
4500045
4499114
4498750
4499844
4500479
4500251
4499132
4498720
4498731
4499810
4498980
4500380
4500498
4500619
4501463
4501071
4499221
4498646
4500599
4498510
4499448
4499987
4500284
4500549
4498388
4502363
4501731
4499299
4501360
4500734
4499536
4501595
4500694
4501022
4499685
4498559
4500486
4496801
4501077
4499850
4499748
4498897
4499143
4501392
4498742
4501212
4500875
4500575
4498981
4500152
4500748
4498688
4499758
4500563
4499306
4500285
4499473
4499418
4498329
4500741
4500778
4500867
4500712
4499231
4499281
4499498
4498706
4500332
4498568
4501130
4498849
4501550
4501046
4500853
4499830
4498488
4497823
4500117
4500314
4501831
4498968
4499444
4500974
4498034
4499547
4499517
4498816
4500191
4500511
4499388
4499154
4501305
4498820
4501236
4497896
4501307
4499081
4501204
4500506
4500047
4500215
4499674
4501173
4499300
4500788
4500584
4501814
4498699
4500448
4499669
4496913
4500948
4501105
4501074
4500607
4499181
4501336
4499014
4500197
4499865
4499729
4499199
4502502
4499344
4500024
4498651
4500291
4499110
4499491
4499105
4499218
4500207
4501209
4500241
4499887
4497645
4501003
4497970
4500817
4499205
4499548
4499024
4498054
4499694
4499291
4500293
4503632
4500473
4499948
4500583
4499310
4499683
4498112
4499652
4498918
4498814
4499936
4500183
4499607
4499540
4497475
4500560
4499924
4499026
4500852
4499791
4501190
4499541
4498629
4498589
4500585
4498863
4500186
4499312
4499741
4500749
4500913
4500010
4498496
4500825
4500356
4499068
4500398
4499582
4500821
4498778
4500823
4498579
4498547
4499104
4501511
4498084
4500018
4500471
4501041
4499571
4499693
4501179
4499986
4501413
4498593
4500603
4499634
4499274
4499687
4500166
4499245
4500523
4500454
4501396
4501519
4498677
4501118
4500216
4499400
4502167
4501683
4499233
4498535
4501516
4502046
4499883
4498748
4499984
4498242
4501820
4499162
4499502
4497690
4500958
4500469
4500440
4500079
4500071
4498421
4501178
4499545
4499780
4502444
4499525
4502233
4499774
4501480
4499637
4499586
4499731
4500729
4501745
4502717
4500685
4500031
4499682
4499933
4501092
4500072
4498270
4498481
4500714
4501688
4500151
4499763
4498408
4498674
4501527
4499981
4498082
4501165
4498490
4500588
4500609
4501031
4499946
4500389
4499570
4498364
4502789
4500188
4500995
4499728
4498946
4501822
4499060
4498367
4500721
4501040
4500095
4500038
4500612
4500059
4500136
4500540
4501054
4499497
4499336
4499972
4499374
4498703
4499655
4500991
4499350
4499486
4500912
4499845
4499939
4498251
4501416
4499216
4501284
4500429
4499007
4501837
4500994
4500796
4500938
4500704
4502547
4500267
4500006
4500260
4501471
4500905
4500386
4498281
4501898
4498645
4499035
4500283
4497824
4498127
4500199
4499164
4498966
4498428
4498994
4501348
4501704
4501618
4501555
4499740
4501232
4500537
4500000
4498902
4501287
4500331
4500194
4499779
4500909
4500652
4499556
4502318
4500172
4499917
4499944
4500999
4500220
4498444
4501836
4498995
4500742
4500066
4500763
4499150
4499100
4498576
4501067
4499942
4500918
4499077
4500546
4501280
4499287
4501449
4497744
4498798
4499821
4500218
4499962
4500234
4501325
4499414
4499417
4499134
4501388
4500407
4501777
4498086
4500536
4499415
4501243
4498993
4500443
4500688
4499266
4499557
4498273
4500631
4500078
4499377
4502259
4498162
4501107
4498503
4500296
4499200
4499411
4500524
4500026
4500415
4499613
4499195
4500311
4499900
4500286
4499751
4499878
4501856
4500693
4500617
4498732
4499023
4498477
4500240
4500346
4500349
4499394
4500435
4501139
4499296
4498992
4497855
4500886
4498564
4499809
4500274
4499241
4501439
4500303
4500703
4498507
4499985
4500957
4500364
4499079
4502075
4499874
4499967
4498908
4499596
4501211
4499606
4498240
4500404
4501571
4499332
4502607
4499664
4501119
4499747
4497485
4500023
4499825
4498959
4498043
4499932
4502144
4500539
4501032
4500315
4502113
4500621
4501478
4500224
4498309
4499321
4500738
4496911
4500859
4500626
4499668
4498316
4499868
4499115
4497714
4499787
4499355
4499559
4500881
4499112
4498811
4501346
4501081
4499520
4497462
4503051
4499952
4500835
4498827
4499920
4500597
4501134
4500940
4501002
4498265
4501497
4498802
4496200
4498772
4499455
4501063
4499610
4502261
4499642
4499966
4499290
4500834
4501627
4498135
4501581
4500937
4500304
4500907
4501188
4500034
4498810
4500005
4499175
4502902
4499089
4498783
4502004
4499639
4498867
4500566
4499961
4499680
4497980
4498068
4500836
4499129
4499772
4498792
4499684
4499292
4499472
4500754
4499346
4500063
4498635
4499326
4500547
4498473
4499416
4498876
4499957
4499934
4498494
4500826
4498885
4501716
4500684
4500050
4498549
4498087
4500656
4500144
4501876
4501673
4498872
4500158
4499083
4499351
4498826
4501064
4498595
4500565
4499686
4502030
4498379
4501207
4498319
4500175
4502796
4501099
4498662
4500884
4501972
4501318
4500533
4499176
4497805
4497743
4500507
4503281
4501573
4500873
4501244
4501196
4500777
4499313
4498730
4501300
4498423
4502314
4500495
4500639
4500595
4501266
4501517
4501798
4499814
4500590
4500646
4499818
4501306
4501247
4500431
4500393
4500164
4499459
4499973
4497572
4498572
4500345
4499163
4500686
4499595
4501246
4497130
4501567
4499234
4499436
4500851
4499087
4499543
4500895
4501400
4500148
4500613
4499849
4500776
4498657
4499364
4499651
4500008
4500737
4501199
4498320
4501101
4501215
4498910
4500091
4501197
4501892
4499360
4499894
4499806
4498383
4499521
4500935
4501574
4499819
4499365
4499955
4500628
4497460
4498644
4499665
4499273
4499794
4500467
4498372
4501059
4500818
4499884
4500874
4500176
4500668
4501121
4499492
4500910
4500922
4500001
4499792
4501920
4499679
4501702
4500457
4499896
4501843
4500598
4499238
4498035
4498869
4498230
4502041
4499021
4499930
4499117
4500620
4500302
4501136
4499500
4499209
4500789
4499192
4498956
4498332
4500653
4500421
4499503
4501651
4500067
4501749
4499724
4501090
4500044
4500219
4497594
4498406
4499577
4500572
4501214
4501087
4502018
4500808
4499429
4500516
4498615
4501940
4498840
4501010
4500192
4500048
4501586
4499319
4500355
4501265
4501722
4498498
4499960
4499964
4499338
4499709
4500944
4499067
4498932
4499795
4499399
4500608
4498782
4497161
4499297
4500070
4499499
4500137
4502890
4500622
4501585
4499703
4498666
4499439
4500623
4500707
4498679
4499252
4498973
4498310
4498919
4498604
4498903
4500477
4501895
4500184
4502249
4498769
4499588
4501333
4498824
4500458
4498399
4500084
4500437
4500538
4499716
4501534
4500354
4498763
4499633
4500727
4501172
4499636
4500531
4502022
4498846
4500004
4499044
4499812
4502397
4499773
4500753
4501148
4498777
4500396
4501477
4498971
4499019
4500761
4499378
4498830
4499815
4500832
4501371
4499828
4500223
4500420
4499462
4499368
4498582
4501065
4498405
4501095
4500730
4500724
4500630
4500451
4499062
4500722
4497362
4498021
4501245
4499118
4498432
4500142
4501999
4501035
4498807
4499575
4501096
4500270
4500758
4500368
4498443
4498108
4500021
4498528
4499822
4501334
4497790
4499435
4500329
4500971
4500855
4500497
4500032
4499581
4501759
4500373
4498586
4498628
4499048
4499441
4498693
4499371
4498723
4500409
4500225
4499004
4498957
4498733
4499785
4499853
4501549
4498949
4501158
4500977
4501259
4498278
4499445
4499248
4500782
4498653
4500109
4499605
4498324
4498927
4501956
4500033
4499017
4498642
4499782
4500705
4501181
4498947
4497839
4498692
4501443
4498099
4499198
4500790
4501219
4501756
4498374
4496617
4500709
4501023
4498954
4501734
4500690
4500787
4501039
4500447
4500986
4499138
4499529
4498718
4500178
4502124
4500992
4500374
4501001
4500087
4500249
4498926
4497767
4498393
4498371
4501741
4500911
4500279
4501176
4499725
4499515
4500491
4501407
4499423
4502545
4501933
4500370
4498746
4499173
4498695
4498655
4497718
4500064
4498714
4499811
4501697
4499562
4500206
4499071
4499206
4499481
4501444
4500377
4502664
4499075
4499839
4500809
4498842
4500611
4498590
4500462
4501644
4500803
4501142
4500058
4498508
4500988
4496988
4499391
4500226
4499558
4499235
4499767
4497711
4499676
4500860
4499755
4501126
4500799
4498485
4500228
4499528
4499421
4500110
4500975
4498652
4500637
4501454
4499827
4498482
4498639
4500391
4502186
4500919
4500428
4498260
4502558
4501405
4498600
4499432
4499768
4498650
4499641
4498895
4498997
4500770
4500237
4498922
4499847
4501351
4500085
4500114
4499387
4498630
4498585
4498051
4500659
4498130
4500499
4497953
4499998
4497441
4499073
4500190
4500340
4499047
4497641
4499916
4500320
4500624
4501520
4501182
4501263
4500771
4501623
4499624
4501340
4501961
4500112
4500718
4500720
4500769
4501603
4497457
4501470
4498780
4500508
4499324
4498877
4498461
4498909
4500899
4498767
4500863
4498701
4500846
4499530
4500501
4501116
4500102
4500996
4500333
4498208
4498370
4497696
4501591
4501944
4498414
4498584
4502247
4501832
4500073
4498636
4502255
4500676
4502267
4500287
4500698
4501184
4500196
4497610
4499353
4500955
4498942
4498325
4500959
4501326
4500841
4497611
4498247
4498656
4501565
4498641
4502696
4499446
4502695
4499979
4502019
4499802
4501515
4499565
4499074
4497918
4500559
4501271
4500602
4499137
4499001
4500666
4499656
4499535
4498116
4498521
4501317
4499715
4499003
4500438
4500633
4499450
4499219
4498556
4499055
4498153
4501157
4501671
4500425
4499614
4498828
4501006
4501222
4499398
4497497
4500697
4500022
4498591
4499553
4498805
4498446
4498341
4500701
4498349
4499305
4498779
4497819
4501238
4500426
4501896
4501429
4502406
4499913
4502531
4500452
4498822
4501436
4499871
4501868
4501224
4498901
4501533
4498937
4499443
4499833
4499658
4498836
4501740
4499179
4498899
4499242
4498784
4501027
4500671
4502882
4500290
4500952
4498967
4500481
4497623
4498025
4501252
4498829
4502440
4499644
4500265
4499334
4498541
4499039
4500896
4500382
4497954
4499278
4500593
4498516
4501288
4500638
4499204
4499786
4501361
4499069
4499347
4498501
4499935
4499711
4499829
4500298
4499131
4499765
4500049
4498758
4498607
4502328
4501309
4498883
4501234
4502552
4500217
4503268
4499254
4499798
4499770
4500529
4501299
4500692
4502639
4501459
4500299
4500126
4498624
4498749
4502062
4501167
4498599
4498960
4501332
4498900
4497299
4500132
4499617
4499928
4498940
4501231
4499193
4501240
4499425
4500198
4500844
4500086
4498958
4498000
4500464
4499122
4499777
4498380
4498243
4498884
4501327
4499084
4501514
4498048
4499211
4501989
4501174
4501084
4498790
4499442
4499838
4501383
4498141
4499258
4499006
4502654
4500465
4500687
4501897
4498866
4498880
4501061
4501037
4499643
4498637
4495725
4500155
4501719
4499201
4498771
4499333
4500487
4498620
4499337
4498592
4499249
4498500
4499976
4500416
4500339
4499128
4499022
4500390
4499440
4499629
4498244
4500632
4498146
4500090
4499158
4499867
4501007
4497986
4500702
4501312
4499269
4501633
4499051
4501927
4498853
4498472
4497838
4501460
4500713
4497398
4500417
4500399
4500168
4499585
4500138
4498402
4498678
4501316
4501923
4501055
4498684
4498619
4498225
4501033
4501762
4502028
4499279
4499695
4497418
4500509
4499713
4500862
4500094
4499286
4498192
4500177
4499601
4498878
4501164
4502066
4498442
4498392
4500089
4497644
4500953
4500956
4502042
4500268
4500371
4501883
4498712
4499659
4499645
4499905
4498426
4501275
4498964
4500544
4501423
4499064
4502166
4499328
4501276
4502210
4497959
4499373
4499228
4500961
4501102
4500395
4499840
4496987
4499925
4500966
4502045
4500411
4500848
4499666
4500105
4499059
4499803
4497945
4500104
4500719
4500681
4498787
4499885
4499025
4501524
4499190
4499866
4500849
4499230
4499495
4499029
4499180
4498158
4501955
4499589
4497621
4501057
4502930
4501523
4501124
4500831
4501760
4498366
4500773
4498447
4498063
4498727
4498996
4501461
4498587
4499407
4500476
4499057
4499207
4498698
4500116
4499898
4498295
4498272
4498456
4500245
4497579
4502428
4501103
4502265
4498290
4501083
4500869
4498934
4500145
4500317
4501257
4501162
4499401
4500468
4499404
4499505
4498638
4500402
4502441
4498517
4498311
4499330
4499135
4499424
4501913
4497963
4499552
4501301
4500792
4499603
4497583
4497802
4501863
4500670
4501869
4500723
4497972
4501026
4500475
4499259
4498470
4498969
4499434
4499369
4498851
4500976
4500962
4499789
4497507
4499142
4500515
4501450
4502848
4501135
4499272
4498413
4499855
4499268
4500099
4499080
4500300
4500500
4498167
4498097
4499999
4497635
4500682
4500318
4501203
4500441
4499240
4501038
4500514
4501000
4497175
4500554
4501551
4497422
4501435
4499354
4497900
4499271
4498467
4498702
4501220
4503050
4498608
4500578
4498868
4499783
4501559
4498726
4498362
4499600
4501029
4500118
4499076
4499224
4499721
4499903
4497669
4497894
4499402
4498664
4499647
4499236
4497311
4500711
4500925
4498474
4501198
4499489
4499718
4499989
4499842
4499929
4500735
4500419
4501545
4501616
4501776
4498395
4500983
4500306
4498931
4497999
4499412
4498468
4500641
4501283
4501111
4501013
4501736
4500876
4498809
4499139
4498682
4498200
4498020
4500413
4499951
4501345
4501189
4498797
4498381
4499214
4498870
4500960
4498854
4501959
4498259
4501990
4497483
4499551
4500854
4500600
4500134
4501504
4498010
4499539
4501420
4499566
4499309
4501812
4499045
4499653
4498505
4501625
4499532
4499801
4498203
4500978
4500069
4500281
4502007
4499348
4499028
4498788
4498563
4501652
4500337
4499915
4500580
4500269
4500247
4500466
4498081
4502216
4500323
4498858
4498686
4500525
4502330
4500372
4502223
4502109
4501308
4499611
4502264
4499580
4497926
4502143
4500946
4499056
4502715
4498907
4500258
4502161
4497561
4499340
4501169
4501682
4499270
4498512
4500746
4501485
4501506
4499996
4500248
4499479
4500171
4499042
4499567
4497568
4501185
4499253
4500485
4501402
4500167
4499910
4497821
4500365
4501575
4499033
4498052
4502095
4501036
4501685
4502560
4498236
4498632
4498773
4502015
4498551
4500455
4497930
4500101
4498736
4500989
4502686
4500740
4498438
4499099
4499469
4497740
4500950
4500802
4499376
4497704
4498557
4502051
4498550
4498412
4500350
4499670
4500945
4501596
4499456
4501047
4497738
4502055
4498425
4498643
4498504
4501600
4500159
4498014
4499911
4501686
4498601
4501505
4498905
4501377
4501367
4502455
4501229
4499657
4499225
4501045
4498074
4501884
4498665
4498633
4500901
4501973
4499288
4498323
4501815
4498519
4499555
4498933
4500967
4500037
4498554
4502256
4501382
4501772
4501293
4499339
4499788
4501793
4499120
4500115
4502073
4499992
4499013
4498737
4499899
4500330
4499451
4498022
4501462
4501642
4500645
4499261
4500733
4500877
4500108
4498669
4496982
4499662
4501202
4499335
4500556
4501147
4499277
4498978
4498226
4502032
4500150
4501991
4503091
4499002
4499859
4501394
4499848
4500453
4501576
4499426
4500908
4501816
4500662
4501560
4498623
4498861
4498285
4497925
4499526
4499433
4498030
4500057
4500551
4497059
4500456
4499471
4500997
4500783
4500915
4498291
4498833
4501780
4497994
4499187
4503453
4501005
4501743
4500093
4499040
4497471
4501954
4499165
4500410
4501313
4501088
4498189
4500518
4500025
4499869
4498759
4499723
4501492
4497674
4502080
4501620
4499609
4499148
4499977
4498925
4498308
4497632
4498538
4498951
4499220
4500931
4500424
4501473
4501279
4499466
4500107
4499016
4501372
4498540
4498351
4498597
4501018
4498530
4501024
4498570
4499797
4500980
4499950
4500654
4499793
4500752
4498027
4501338
4501292
4500589
4501425
4500765
4500378
4501867
4496927
4500474
4498545
4500914
4498391
4497660
4497764
4500900
4498218
4501770
4501801
4499257
4497650
4499382
4500708
4500710
4501546
4499846
4501513
4501091
4501086
4498397
4498479
4499764
4501282
4501217
4501526
4499116
4501281
4500246
4500775
4503285
4500348
4501159
4499202
4501457
4498577
4502768
4500889
4502979
4498353
4501175
4500081
4500280
4501060
4500689
4498710
4499681
4500882
4502310
4501331
4498808
4499102
4499621
4498852
4499052
4501012
4498532
4498514
4499041
4498039
4499145
4499980
4501123
4500308
4499881
4498935
4498844
4500949
4500839
4500135
4501730
4502475
4498716
4501098
4500820
4499125
4500762
4500856
4498647
4500035
4501554
4498875
4499046
4502002
4501017
4501320
4501528
4501487
4501631
4500230
4496709
4498396
4500829
4499982
4501833
4501967
4500883
4499294
4498725
4498042
4496866
4499251
4498224
4501957
4498613
4498355
4498753
4499879
4501634
4500750
4501617
4501286
4499088
4499569
4501667
4501192
4500951
4502230
4499974
4500562
4500973
4501066
4500806
4498911
4499133
4498850
4501213
4497569
4498326
4502043
4501737
4499745
4498471
4497967
4500868
4500213
4498297
4501486
4501713
4500478
4498762
4501447
4500381
4500289
4497450
4499107
4497341
4501500
4502138
4498305
4501324
4500422
4497409
4501016
4499602
4501426
4499591
4498921
4498038
4499298
4501412
4500568
4501604
4499127
4500367
4502898
4498212
4500400
4500125
4499030
4499628
4501733
4500056
4497950
4501681
4498356
4501262
4498598
4497944
4502139
4499631
4498420
4498015
4501415
4498606
4502291
4499247
4502153
4500083
4501051
4501097
4498448
4501376
4500755
4499452
4501747
4499267
4498138
4498847
4497946
4502036
4498835
4498460
4499203
4498543
4498123
4497865
4499800
4500362
4498173
4498573
4498067
4499155
4499720
4499054
4501076
4499322
4499590
4502893
4498610
4501510
4497604
4501381
4497907
4498261
4501328
4502415
4500587
4498031
4500786
4501297
4499395
4498360
4502011
4499554
4498961
4498117
4501474
4500088
4499356
4498140
4497012
4499345
4501654
4498766
4498196
4501472
4499082
4499514
4500764
4501535
4497716
4497814
4497415
4501997
4501615
4501691
4497694
4501779
4502634
4502000
4501068
4498529
4498492
4498088
4498491
4500397
4497524
4501851
4498936
4498478
4500062
4500650
4497748
4500351
4501191
4497037
4500273
4501606
4502271
4499460
4497749
4501453
4501587
4498676
4500998
4499323
4499949
4499538
4498139
4498513
4498385
4499237
4498862
4498817
4498217
4496552
4499654
4502099
4501917
4498984
4497227
4499141
4501146
4497798
4501144
4501344
4500517
4497314
4500797
4498248
4498277
4501210
4499852
4500408
4497876
4500858
4496787
4502499
4499453
4500843
4498970
4498930
4500143
4497230
4498284
4500924
4501840
4501866
4501946
4499564
4500616
4502008
4498279
4499959
4499965
4498023
4497880
4502351
4498533
4500923
4501296
4497516
4500301
4498064
4501314
4501291
4498233
4501150
4502056
4499370
4502472
4499318
4502154
4500766
4501258
4502102
4502159
4501168
4502061
4501518
4498445
4500987
4498986
4497434
4498594
4502718
4499843
4501536
4500942
4498565
4501347
4497318
4500629
4498887
4498241
4498252
4500336
4502840
4499487
4502891
4501969
4500193
4496827
4500673
4500728
4499243
4501553
4498690
4501597
4498061
4498267
4501368
4498454
4497498
4497868
4501905
4497847
4497721
4497881
4502646
4498463
4498493
4501225
4501128
4499295
4498104
4498280
4497408
4503477
4497503
4498578
4498560
4498975
4498398
4497560
4502420
4501255
4501771
4501746
4498433
4502203
4502149
4500489
4501362
4501978
4501290
4497795
4502189
4498382
4501451
4499931
4498228
4501705
4499997
4500579
4499485
4500798
4499923
4498186
4498832
4501724
4500242
4498431
4501767
4500781
4498943
4498169
4501390
4501557
4501350
4501495
4498654
4502557
4498072
4500334
4499264
4501626
4499938
4501907
4500569
4502817
4498998
4500430
4497979
4502087
4498734
4498896
4502826
4502851
4498552
4497614
4501960
4501365
4499422
4499482
4501490
4502090
4497613
4500779
4501106
4501529
4501375
4501729
4502757
4498094
4501434
4501951
4497566
4498156
4498823
4498143
4499420
4501608
4499537
4497782
4497275
4500941
4498145
4500253
4501693
4499484
4501568
4498085
4500864
4498168
4501117
4501278
4498553
4500793
4500133
4501070
4502021
4502081
4499284
4497691
4499573
4498700
4502344
4501048
4497730
4497997
4498569
4500052
4502642
4502684
4501710
4498330
4498389
4497607
4498631
4499737
4501899
4497361
4497991
4500679
4498159
4501817
4497487
4500644
4500288
4501028
4498859
4501700
4502283
4501948
4501629
4499461
4499527
4498531
4502158
4501639
4501712
4499995
4502532
4500830
4498451
4497969
4500594
4500534
4501641
4501958
4499366
4499325
4498609
4499516
4501698
4500503
4502319
4501804
4498511
4501903
4497745
4498339
4498315
4498118
4502037
4499285
4497785
4501984
4501862
4500528
4501058
4500811
4500699
4497735
4501537
4498965
4501811
4499504
4502855
4497508
4501125
4502048
4497491
4502179
4501971
4502366
4497549
4501572
4498096
4499375
4499522
4502493
4499808
4497595
4498317
4498898
4501998
4498073
4498075
4502417
4501503
4501180
4497759
4501993
4497570
4501717
4501075
4502239
4502522
4501195
4501062
4502326
4500731
4496785
4497454
4498475
4501163
4501427
