5164254
5947048
5157245
4852097
1687259
5547522
1043909
2671935
2244987
7418379
4305300
906089
6399774
8930467
6944875
7170102
2571577
7370530
1801153
7279656
7883291
6108476
1546214
3026764
8220171
3060973
8381912
5423389
6935110
3771003
6773892
3705362
899145
405884
5781887
3993935
7983909
2302936
3628094
7489103
126616
8599187
5553248
2315835
5982935
2105404
1114042
6395765
5763671
2956969
2576158
3962476
1294387
4606237
1836561
3169985
3853237
197579
7401659
1125509
4272743
8544427
6205124
1840096
6916159
6894968
2950258
1986019
5089754
6323583
7029853
8370722
5329057
639098
8179095
6892651
1330813
4009972
1758411
3563153
7616279
6184843
3366889
7855713
117341
2040837
2011195
596254
7053702
8685820
704387
2241281
6710903
6992398
5606716
1244495
6288583
7606539
6610753
7375641
8182498
5814626
4291987
994654
6641437
2094993
6795141
4911878
7573184
843320
40479
2490281
1339373
4414352
5976685
6759797
4350429
3733224
6531617
6449925
2893264
3214379
5456750
409210
5109520
1823173
6437288
120047
1836948
909098
5681949
8634779
5598996
1005075
5978862
3512390
5555605
924581
8540466
4426843
3377228
3553389
8152833
6597994
377627
1165128
2932992
279178
1721316
3897740
3743589
8650200
2162214
7343291
4521645
3617693
1317037
1487467
6526183
6396610
5608986
652258
338271
5041100
696004
3494627
7617803
1724919
7101172
8404444
1890842
8652234
8148277
7648023
6863254
7036367
8271647
4125834
1771096
6918483
223142
4803470
926491
6686817
4938603
339152
8050512
8965282
4433366
3656305
719300
1332172
798847
1868456
3478524
3805326
7013935
7585984
2290474
4853710
4527581
4799521
4963207
2793744
646488
4105595
8120886
7525270
7972283
563482
3280546
5194521
6509380
7841901
3030725
7075352
8304460
1847344
1473539
2679263
1535621
8898823
3134308
6753106
2412554
3150073
7169783
2573199
6006
4392121
1380661
8854730
7861384
2532644
2397152
6680055
3148587
3215630
2660105
3546130
5465756
2760370
5245271
4517895
1216942
1086010
8846368
3060422
2953829
3142059
1426594
8924273
6024057
2312769
2889915
8262256
8318139
2769834
2428634
21535
7685216
6876647
287050
6477056
7041045
4517876
3192079
3450836
1587977
466720
45152
299818
6375258
6271107
1089613
6323088
818396
7984299
6772001
1150210
1319388
242488
1006723
8347768
110815
637648
3928205
3387542
3255277
1282220
6799781
6906993
1403792
1545002
8985720
16831
54967
7881090
7979751
6155627
5757216
5903474
1522512
4571660
7541339
6464038
4865737
5712707
3662756
657080
8529674
4338350
4186333
5325442
6965976
1273243
5577573
8312233
6040175
6315694
1492832
7601268
5771657
6667284
4068891
4085529
4299726
6549689
4761721
7094322
1720407
4677045
8294091
2551634
8483760
6838809
3585374
2708278
1314307
3057922
6970685
3852950
7639797
4426513
4325559
7525810
7514649
1931614
6705839
6319391
7048311
2834735
6103373
4662326
6662679
4695171
5426205
8658121
175799
5067278
5899132
2677876
1186867
2244716
6142369
7476184
8687379
7561905
7839692
8790951
7121962
1001580
1728687
2214475
5817718
8279148
1244181
3180037
1420899
8610818
8934130
6659520
3586723
2009290
3602004
1268273
8533878
6623310
2041436
7966323
695909
4505117
3995368
7702462
8518375
5675765
5058531
4453406
6900308
4833300
8789684
7594901
7660715
2385622
6426312
485950
1174567
6082692
3792231
8919154
1769362
7805334
5412521
7186417
466317
8485672
7975527
2882931
7944419
8941583
1526843
2737316
2405445
6229316
1385954
3540433
7308100
616108
8416056
4568338
7350393
2358522
7302963
6904656
2098665
5879378
657733
7993323
7607019
1045346
7001908
4230105
8554694
1064981
3384934
1988075
2922710
3633763
1910838
6688871
2418159
2543399
5524269
7433881
7664678
3248197
644535
4170773
8522053
8945581
6780083
6814343
5129301
2832471
1413152
2149778
6936477
972970
2834702
763874
6726987
7097636
5976628
5480430
5958293
2030866
6830777
8498200
8152424
5777914
2391382
1126922
5343795
5295594
5145577
8073746
1538090
8499941
3087207
5491898
2582556
6486796
5122952
2203880
180388
3653557
5394107
7849520
8325308
4348197
2365785
7021692
5983965
5233448
3099754
2202746
3462550
257812
8173435
1888913
1269955
7100679
8211065
2466398
5837539
3022170
6130181
871719
3222315
8555153
6893864
3763702
7528306
1753851
4692735
8464486
8207486
2150635
1575323
7471220
1181354
7005101
8401064
7395756
3934125
8931780
8101415
5953380
2658886
5395819
4119622
3511828
8607839
1924587
3071185
2575281
867890
2741525
5410676
5753910
7045388
7431747
1634295
17264
3060112
515309
6848769
5729238
2215358
7555283
8599573
8985919
1831361
8791188
2216444
6680190
700508
3291391
3053823
7033084
1559996
514020
7865170
4618699
3242424
8937527
1370231
2978952
3123791
2212746
3063713
5489777
1711234
6367479
4886907
3861942
6941508
3519
2950776
1852418
5706188
3259050
1770779
8121606
2739598
3541627
7285206
6428815
5434459
3487044
8796316
5004846
5312250
2606806
1285311
5175868
6494859
5861201
4912868
6521960
246034
4303684
1147227
3773426
2347781
4879084
5702629
4074780
2861348
7011984
7528411
6758429
1813290
1431542
2545438
1814331
3552447
4421610
7524763
3197296
4701310
3854865
3396122
8438604
2183484
2851504
2399280
3292620
2502326
5723560
3387017
2711336
1693191
915646
625471
1448869
2237818
5777485
4786373
6562055
8408408
4371403
5634145
7345379
4901111
4580891
6087734
941084
7248791
5910381
20736
8703648
4560631
4449643
6275923
3384412
5492024
5905975
8375988
4188533
7897642
5986620
6167038
793603
7561836
3825636
5885191
6052511
5556230
4134865
1174818
5993571
5179199
6190144
2211514
4839375
220247
6680571
8313130
2737327
4722478
3962268
2000033
1216611
8644745
5811528
3976407
2521828
6503866
991584
8025183
2918750
6171327
2827527
6332842
620989
5480544
6260005
6261612
2928191
4017626
1411872
6973575
6028369
2580353
8566319
4227172
2205108
2156333
1358913
5736001
5925735
6320683
5221020
6861604
4869008
8796307
1988429
5003355
8775998
7884434
2741952
2400905
4858499
4407250
7990162
2675960
706627
355328
6627643
712599
1833885
3274357
6238431
777047
4864855
631102
974904
2490391
3046462
2685867
4532668
130467
2699169
4869419
4414620
1848091
4635057
4496638
4853696
1081430
1691804
8173126
8502090
273803
736016
8252346
2530846
8179307
3574435
6278484
6727249
7190414
1461275
6977092
7915689
5585135
1268713
4153582
3777036
8187072
6079145
8230522
8261555
7072600
2641719
4191080
1494223
6005477
6346318
3386788
3866015
8485463
5138653
727051
6262428
1081346
5126214
8947233
5188092
8556014
571136
3336869
7932526
8635624
1983285
5676840
6240432
4947365
3494563
3517459
944314
192314
2928610
6096041
3734465
1903687
7497861
3661166
1326863
4430422
5819514
5919391
5193055
211951
7826996
79972
2414982
1781783
8772119
8333624
8708046
4419040
2193319
4026880
1251052
7797437
8991240
2547928
4403059
173951
5589746
439376
198929
867123
3024163
5516594
4473397
8396681
8219486
4757180
5652034
3061702
5345953
3592655
8992571
4560320
1301751
5828881
4783838
4027209
6962248
1992926
8462813
6322509
4970792
6870147
7621075
899623
3982983
435190
3207572
3748326
7447360
1839498
511095
7354767
8933405
6227477
8944414
355135
5733917
1772256
3436366
8356593
921978
1871671
5887617
5389397
5537642
8197940
8450929
2278453
298963
1472046
7321951
7703587
8664773
6581298
6320870
3672693
2748216
3799284
1505481
3715898
7413609
8087813
631770
7168321
313899
6949532
2790675
3706238
958652
3757564
5210437
770220
2496764
3556695
4833233
3734234
4694705
333549
3594895
1179244
4208150
2469947
4407766
8132852
6227675
1793655
3886498
424348
1155659
3854176
235517
5526681
5944335
871497
57460
2587540
7424038
4651184
1028407
8243603
1971315
808522
5074962
927462
4919135
6615970
3142759
2530323
5307288
1221741
7578688
8865858
6877705
1334789
7349352
4271015
594835
7903741
6724632
2530130
3674023
1473503
7603899
5167937
1093261
4628529
1941233
8600057
1824626
6359701
7416988
2192999
7843464
5367073
865880
6202299
4628086
4087609
5152246
8658828
4998520
7673252
2557985
7326380
5990336
2154420
2766424
3573758
7801890
380068
1447113
178162
314256
8297596
1206984
7481080
6000939
1092431
3379126
6601665
2393038
2702886
6692430
6804326
8998596
6439620
4562097
6024519
7701881
3863641
1701564
5773783
7829970
8009589
4633514
6439631
1531892
4685183
4606511
6353772
8850426
49525
6982207
181619
499194
5068951
6937620
6474794
4091649
7835747
8755494
6906315
7498712
7334661
4179042
3138581
6761143
5351207
2736946
7760048
2294442
1792348
7087859
1355223
6393428
2425716
6077227
5347276
7969359
66487
6773871
6261917
8092217
7823081
7517490
8031474
4051936
14949
5722650
5703003
6035474
3939970
4642037
8450546
312681
1352096
6091268
7370345
3298754
5346831
2045112
7454938
4753912
5766211
6808996
5052504
4061160
4623417
1725073
7681967
5810947
2943169
4904068
2998936
7791136
1537761
4257637
3989035
8957108
6429799
4479818
4595782
6083538
5990600
2686157
3862244
8314954
6860361
7048461
3157364
1966777
8645718
908427
3996314
4923108
1750252
792
8383123
7536937
3799252
2709631
4222621
4865780
6224595
6049013
5432535
1329246
4418847
241505
6019764
1168028
825701
1668099
6492426
3978304
8431940
8197462
5665342
1461373
4231459
4731255
8311621
3055675
5688828
5609742
506716
2237429
6506095
14154
5753330
2454302
45755
353491
8372986
1885429
4146807
4496408
198937
3229846
8216924
3629362
536825
6815084
204022
7361546
4608281
5768875
6080823
1874021
7959691
2803351
6583163
5799009
5256844
5852948
3351304
4422690
1114450
5117286
7862076
3739270
3199280
5336747
6919369
2502089
4578807
7164845
7555216
2651001
6679683
2526241
3752909
23828
836753
2854041
2573379
3733695
5634633
5047750
2457309
1293549
3564794
8712046
2108117
4638039
5474580
2382409
7130224
6662961
3057747
3739659
2643707
1241286
7366821
4343805
4929136
6248753
5304057
3719698
5424655
6791422
4870127
1843139
2413926
1996768
1706090
5115502
7055945
2847840
1480235
5343930
5307215
7746623
3192014
6870752
8641828
2432523
8525174
5386066
3585196
1820717
2549499
8950171
5490776
6418079
1166139
520171
7108105
8856431
2060973
3287318
7438315
6300053
4335413
7716075
3689209
5618828
1009105
8725142
2339341
1221377
8378609
3330528
4684407
3755537
7616472
3080886
4658305
3658602
8523242
3339841
412252
3889680
6817917
362802
4038043
10018
2919413
4870776
759586
7342689
7241170
4797837
4902430
8642670
6047414
2775749
5777798
8084391
4021652
6928136
7728123
3983240
7048562
2301874
4411231
5611368
1056974
3319199
6063865
7563704
8164609
8223757
4198929
7083402
3521490
5288200
3354836
6091242
7154456
3836716
8694345
8533379
4505083
873249
1648326
6670329
8108748
1932886
3294073
588365
3476644
8379601
3159932
5861622
1091712
6937434
6850356
8768355
8774141
6127518
1714538
553131
3318175
8041438
5760788
7190607
4967612
7992797
6033550
2762299
722544
3170821
21864
2440841
2894896
3313133
7122633
7543826
6750997
6196481
6148708
186716
1949355
8606170
918489
315971
3133232
4401788
3158044
130955
4332858
7506307
6038999
802501
2451179
6872060
6193769
512212
4534653
1824307
8973948
5307735
3116720
1778651
3874711
5659845
5851496
3695792
5281396
367673
6642312
8146861
54350
3309313
7988479
4747560
4451909
3433102
1694649
111447
8076014
1566896
8273666
4211498
4864356
6225885
2058402
1558937
326838
5981844
5860468
8735467
8749908
7503571
1190245
2727506
2670471
8637147
1836528
3856782
3859339
2437679
1493180
8812553
3244442
8425023
441202
7164611
1302776
2292975
1096650
2865887
2432303
1622494
6968893
8178769
6734635
8187357
2677525
2663289
7324669
4952579
6311597
246660
4901809
7114423
1358043
8706646
6946816
8083937
5350627
7682660
2431325
1276273
1926894
4726072
7498429
7894994
3103185
5748969
3648215
6162084
2708224
5084403
803257
993583
3276660
5807864
8843803
3179918
5682905
7580184
3790352
7110730
5154702
84688
1805596
1356305
5315988
5801575
3772333
2487148
7971318
7262785
2978768
3481518
7673797
7707934
437343
6784644
2777980
4626383
8165716
3853030
2418480
8194781
6420840
7653365
3086556
6851826
7189700
6559879
7854306
716061
8068511
306902
1927605
8376861
8975396
4557041
858946
5699338
5794439
3427850
2872728
7058108
5778598
2397854
7451518
3192804
7060976
783696
8672304
6819250
7443985
2519655
1107878
2231880
7174894
2706344
2618033
633292
4234192
4588651
919987
3719693
1959873
8169139
4355632
7375250
4129122
6541921
2247936
7919475
7397475
1792427
5268509
2717432
5575168
1290798
5894085
7727148
3818624
3749217
1332005
2662031
2579534
3713962
6806303
6357295
2988998
7751100
2069970
7509880
5237890
6253873
2455035
3695196
3018740
1086848
1650125
4272794
859423
6897319
2701022
7342583
3076781
7759542
3755007
192787
2992465
615378
7452591
2846321
1810453
4087301
3443158
4114411
541224
3644037
4922602
4200531
5485903
16187
3599243
2496966
8854298
8517893
6238930
8799069
8108929
1208446
5806883
4265156
3883623
1696684
2913397
6871928
3415897
1062918
8200937
8153435
648232
72163
8138335
1752155
8380462
8925649
8214248
6844483
6641327
6201829
322596
1431147
6969931
5638026
7385660
424869
1451866
2152241
5072021
8152752
1002948
5637672
1899370
2980813
8852036
2554443
5905280
3847428
3898553
3576166
459665
1107605
1727057
8385315
7705939
117956
8326382
359061
2209180
1995780
7385891
223456
435467
7334144
8806393
5389817
5735052
2904849
1023949
1873915
2086505
4982103
1862205
7847570
1704766
8843116
5054946
8995962
4660453
5776784
1974160
6730435
6799114
4268762
3647043
6871572
26317
7873555
735160
7199040
5023911
2425281
7196064
1791389
1258664
4794948
4286451
2726944
2250762
6054902
3046380
4763549
1250190
3583888
8294290
6898484
8991090
7930186
8900249
55675
3543585
7331392
6670051
2878274
2602902
4816938
1452198
6374208
1465450
6501477
5390555
5542536
5402137
8107826
5597657
3066585
4130365
7107315
1432002
5892169
911903
2947189
8793866
4094251
8599599
4092046
4696393
4117784
1674567
6622099
7244528
8933983
8115687
8468794
7196640
2078615
7497083
2703904
1654779
2183757
2357727
5978430
3162451
1557515
2389950
7964259
7952067
1917612
8155404
7002443
6205342
272608
4711773
2825529
6294540
5750908
2930435
746165
4907779
1464978
3457313
2617137
860473
4468970
5148212
5479445
867915
3916647
3032721
6999660
2519042
2447394
8665390
7369600
1434338
720967
7557050
8119819
1210465
603502
8827254
5614997
5378194
3117805
3401563
5474111
8748990
4809495
4012406
5586151
3314897
5662626
1502949
4351387
2250112
4013697
8742480
861682
1039737
1222571
6972052
6057253
1930712
301542
874931
1524754
3598383
4069170
6289714
5772410
4218113
788336
258241
376876
3475466
8598779
3599928
3237041
2899021
7908607
5760843
8378264
4192184
7918070
3421931
3366656
445013
1657149
4076441
7285549
2358180
4292104
536276
2958750
4588350
7160661
3982530
6303544
4104319
4584084
939190
6061373
4757096
7667083
4877256
5901028
7584650
7600047
8885225
5953977
7493587
2198014
583203
2685449
3721969
5218686
4429264
1280837
6193284
4671922
2132351
8595143
7897974
2661664
3255128
4033875
2004056
7248769
4455058
316471
942665
316949
4565334
8612741
6145516
7610776
5551232
4291152
4267844
1535393
8656308
88321
4066491
1003566
6356976
5914908
4370217
1623559
5235294
1955655
6134761
3385288
7907130
6316969
5713467
1062524
3416891
6247317
6990963
3782889
1815575
8336838
5369143
1723248
7584640
3750370
5164884
1553033
671751
5585129
8217143
2050511
5757815
6663061
2746448
5896514
349225
1920975
5478353
4522489
8625083
3615383
2468549
4318585
4752413
8706121
2813052
7824426
3919623
3014901
3415845
8033920
3414032
1916373
1017995
6100118
3929592
7788909
2271993
5847828
8490531
1431167
7432373
885316
4674905
574549
5663202
8517478
7884611
3049420
127122
2795652
8743200
7908416
4698725
3589393
5489096
6691219
913486
1574407
1564371
3669831
2321498
2590076
5840314
6055982
6460416
4661740
3359934
6665604
6274230
2687135
368026
2288095
627589
1851195
2671390
7696939
4602232
5219925
984981
8431059
2720060
8946826
7841382
5206128
2276045
8745036
4065650
6159394
6492912
7597336
1271971
1561340
3897512
3481752
4515145
2400137
2266076
6975797
6356298
5283603
957941
5263211
4950925
1866160
7968202
6791169
3617506
8718680
4378020
4878251
5923287
1002734
2852818
6334997
5606578
7507571
7534466
7922477
3847920
7685593
5179406
8851516
1064428
7390112
8568065
6714064
26236
853668
8899848
6744579
8655919
2451854
1507341
4310183
3073194
559642
4167061
6031112
8002691
3563862
6100746
7391184
8043064
1828212
7411753
8980208
2829814
7655304
6447892
1778462
6576617
8905850
4097842
5318881
6955371
2196207
7459166
5812417
1083679
3275406
2244425
5632573
6489791
5349802
7398600
6992463
3481980
7212575
3296301
6690436
3777245
2049996
8239670
2239870
5276090
5819792
8654816
8860229
7156662
8195443
534789
586281
4324904
8155167
7093302
3940039
1431319
8667300
6843921
6432115
2648018
1160246
79848
5273764
7122661
7545902
7267222
2809878
5644268
8094934
4589946
7695395
1623735
2390723
5975042
4873276
3073758
1812084
6159381
1097593
2680641
5512135
5085036
4988555
2046007
429912
4698067
3753938
2377763
2813106
5849553
7026802
7252748
404196
6298085
3825526
6252100
483719
8083651
6713913
2381785
4595502
1635844
8477860
7831978
8353974
116048
1353770
301775
3566995
3785740
6940031
6767054
3703442
3909148
3168485
3923755
7809059
3783617
8389557
4597975
7260442
2560838
7230125
1627500
4171159
7955215
1224848
3768405
6178778
103081
2549922
1491711
2469343
6261337
1077484
3818147
7648239
230315
1198330
1775276
3705517
7720727
4675028
8171792
3934521
2763707
2684634
7496889
2656255
6533722
1560978
6076830
6779163
809861
7137174
2166619
7249128
380948
5501103
8987892
4420185
2429825
3834486
1659830
1256830
5925697
926222
2149598
6223248
1119879
4970225
8837058
4663810
1961066
1683969
3509559
3426574
6907855
6077815
2525993
6863312
8396103
827046
1871956
3807945
8042413
3699568
5327761
6510915
1838859
2900439
8768601
6440795
30002
6819891
5551543
1243221
5266425
4026717
2678356
1102539
6370037
6443273
4308848
8992829
3328629
5854607
1373578
1095465
6266085
3221525
3792986
445109
82965
3446770
8664915
5304937
4036299
3701453
4092996
8983622
6596664
3238973
5973457
3484690
7470469
3554987
3993305
1771929
4745292
3944874
6252507
3066668
1914341
5642415
4201719
2769737
569921
4907781
434720
4854162
7038068
3097424
4397038
3990077
6493056
3808722
3030364
7765615
4742858
3829712
8346202
5784335
5196609
3821144
1755490
335618
6296693
2105012
6348487
3851547
1258312
8369280
914850
5338454
1601896
485539
7045081
7081743
3937665
4352999
1032969
2520945
5558184
2635654
4649453
5093828
5229720
4618132
4575162
5090036
1689686
4410456
5514239
3014992
2469186
3033539
5777095
8044140
2642958
7402000
4812836
8377743
3538508
1755719
8674925
7863429
2075066
3355131
8116117
2772459
4883669
132081
8219625
8594731
4923128
3088772
6092657
3376448
4728751
1451861
1037006
6947997
3343055
6369438
1281957
2005707
2219209
7311287
2835376
830072
1651761
1510670
6746999
7534263
6005355
7187501
3042199
7642558
4028493
2508576
5807735
5351546
3266114
7350688
8493957
4621658
7445170
3090524
1340301
3442397
4392590
3967625
743828
705742
8628482
532823
6101618
1167397
1074324
6897380
2753622
790706
851266
8694808
1649033
2268514
8849825
7924897
4282168
5193050
5109489
3799630
7858153
299413
6890350
8522644
4305601
438568
6479345
824810
8258405
6300059
7350752
2564341
435734
5346311
1034809
8104749
3675021
6692403
5562933
7796264
594644
3372502
2429963
2482988
2349072
355530
6910756
5331589
2722611
4951255
1846833
324730
8936142
147442
6346368
6492215
6820693
899442
3789519
7864154
2802112
6178533
3313530
7252169
1181538
7281426
7748105
1183989
7990975
855809
1098524
3035662
2780322
8453576
6535947
198921
1906813
4306722
3147859
5383657
604886
1578826
1399636
8677052
8360816
7036983
92370
4158372
2414859
672960
5172621
6804922
5797531
2767580
960927
705748
6796456
6122441
5257762
8749593
6831361
8910442
4562666
2970394
2158522
4419936
1434942
7780454
6008843
499079
1982307
2726308
7463150
615656
6724552
8781406
4164666
7642047
189423
3047124
5259280
8176081
7957898
2889379
3854338
4536506
8025529
600950
4231647
4846107
1613979
8740318
2371647
5373957
2504783
6831826
4188467
3857255
582595
4561384
851588
3503216
6290044
2229915
8253584
6841363
5424247
4539202
5110449
75399
504496
874678
5587640
6036492
8280112
3281509
465618
226408
3245586
1234951
5535576
7687380
5257742
483496
7285751
2095204
4684135
5705285
6755620
7475911
8530743
1253273
8696495
146009
6617512
3552266
8302220
5968980
6348334
5986269
4421470
2663728
6525800
2133772
8486509
2416118
2352616
7633683
1973322
8603981
1010713
5097152
6141284
1228247
5785594
5781254
8336142
7304624
6392284
2035169
8083166
1781433
1344339
2362012
4712961
6774770
340586
5866868
6571709
3730305
3709105
6512018
4278101
6404991
7749095
8621643
4706443
3006177
687594
4808471
3920941
7998620
5040989
6865130
4402914
5834131
8526597
8161210
7735119
5149811
781805
158620
3211872
1748081
3009689
2562231
8514169
7725910
1556808
7031758
5471925
6119095
5768380
2394825
3207995
2643139
2754574
6811777
6427366
4904730
3868615
6490666
1924468
5515058
4293571
5204306
4544523
6005997
2578076
5186697
172177
7364983
4763356
7066837
2098360
2514350
1054354
380198
8881998
8965626
6515220
5986655
5384141
8347343
8934227
3926730
3341804
480151
6081294
7048993
6684492
1553383
8678984
394921
4345705
6306265
5927188
4720130
5154927
1408114
1217329
3698030
8486199
4351898
2004393
4730668
5755453
6631267
3943662
4335323
1975948
802993
4133379
7596269
539767
7123411
7316663
1247063
3029815
6062529
3179513
6736282
2267566
1681934
1104635
4170935
2983755
5869060
34782
7859394
365159
2922646
2386602
8157353
3487926
2336888
296453
1504981
772267
962099
1511571
1848829
4613980
3130102
7434626
1115458
2395958
4081366
2387191
7029037
5922872
1779446
174093
8031900
3068721
6613327
552177
5894100
5580470
6407702
1808875
4894115
7498825
4177338
6900005
4058422
813184
4974601
2669378
1870502
541477
6612545
2624379
4900834
6228669
2771228
7313332
4151355
2111347
7851992
3775064
7046104
5974160
8452930
4805663
3011704
3142647
4245337
3666066
7204886
4781886
1804395
371303
3650599
3692268
1157312
8775712
1710658
4401433
7120593
1910217
8566935
1444690
8619142
3690073
3053485
6300385
8578752
683386
8562461
5309981
2058929
7687939
5889822
5272925
1746741
6126738
5782242
4057937
5292920
255757
7556762
3658119
7775084
6288297
5392300
4503987
2269010
2377787
3014926
4218934
5271064
7571136
3351021
2239509
1308432
8533997
7024062
8879938
1244093
8053549
955149
7370211
4948950
6792592
1796106
3102400
987118
7022325
8571056
5019854
8701053
1858246
3105517
693035
7612981
823969
1317157
7254036
7254030
1645628
8431999
2939223
7799472
5320584
455432
8805567
4575533
4591552
154109
5755223
8219436
7771597
1902407
5838901
24007
3652618
7717014
1734916
8773573
5488481
8587639
3311895
6244405
6623207
5994627
28559
8650446
5223910
7133494
1913826
6483163
1860710
8861847
2152945
7971537
717508
1527802
3393688
7242553
3013540
8987136
7010491
6246244
7755122
8462988
4283107
7901056
318254
59719
3867448
7980075
3160494
1916658
7726606
6154927
5653355
3347256
1145481
6400287
443390
3127534
4306079
4276185
7541913
4482349
3425482
3244418
6717750
99792
8798798
7601913
7870089
328688
5380363
6632333
2695769
1011216
688626
6723752
2583188
426640
398464
1791384
5780176
7839493
8509474
5345972
3680934
7285413
4120918
8466073
4829655
3199397
8969589
5723590
7200673
672943
1597933
6836212
3265679
4108577
1062954
5966232
4405794
2116038
6469944
6758100
1680131
3208139
3858280
7819522
4305923
1683747
3419311
8294668
2546071
2520764
3294653
2542164
97957
2993394
6859114
8362681
3148027
5858710
79882
6362496
5705110
1839759
2977067
3691798
4230148
3267288
3213881
306854
1058441
5491764
6596067
3428105
7901714
4806750
8330529
7246159
1020018
1760512
1568794
921686
7852742
3123722
8354479
7148009
8940859
2838545
6456810
7126467
1267964
4881940
2032814
745777
7271670
5291549
3015669
1623664
27842
6480652
2460222
5820175
2557807
6590243
7380534
4759973
394701
1418428
6925015
2207653
5051422
6642958
6364362
7145721
8246429
3391615
5232763
1714659
316734
8908060
2763124
3434868
7654356
7761619
6572691
3484791
7074363
2233868
47651
8430083
52313
1721376
4458268
3967166
7315715
6584137
6947011
942074
7393807
7276464
5829106
1204862
7315542
3467214
5093868
7570969
7609772
667939
1395551
6038245
609518
5027154
7097544
2528985
5628634
8175135
8479670
5991886
4754556
1269120
2848175
3856114
4775946
7392673
8772734
7918843
4935151
3135318
4548671
3514462
5432153
2672615
5724851
673903
4988800
8277953
952260
2195716
3726015
4299952
157817
4911761
8127807
5202100
7898270
523796
6239327
4116709
7443657
713589
5116584
8939460
212746
5753815
1824136
6912581
580793
8580269
5558257
7999432
6474088
4125535
5256983
1696261
3242566
3961820
8696509
8577141
7840918
4959087
2373370
8444028
7645560
4649523
251016
8522036
1188964
3654566
1731215
1930960
5639405
474381
4492807
3729201
1109876
7095947
7893223
651022
4346816
2060835
4925330
805337
8623227
7780515
1013230
3965898
3917053
3105250
7694909
948738
6816502
94821
659479
8146873
3067526
4322831
1051532
1866677
7922707
40877
7750802
6100737
4116621
8948671
6704900
8883572
8952797
1925520
5477109
7613169
7563179
6804091
6021165
8962186
6657445
6193898
7157399
7391055
3055150
2813153
4081336
7663106
7956781
6076071
3625274
5540188
4296888
5556652
8644702
1733385
1154213
8524244
6599
5975724
4551516
8307827
6200647
142884
5781456
3527827
4731477
4360368
5022061
5726083
232456
7159922
3988586
4268254
3710636
403450
272685
846761
2761594
4141456
4694514
1569257
3578215
1914299
8147337
5704534
4857516
6603562
7455238
7705219
8845290
8508536
8084761
5548980
1998399
1763061
740331
6930078
116850
6026436
6273661
289419
7821767
2773119
1041595
1439155
4576572
5391637
900711
4306755
5451214
4726462
2266780
1263906
6773731
2023763
4952932
2677210
4676749
6282434
7817521
3009694
7762295
7486132
4520086
6626497
3143779
1562223
82949
4813186
6647970
1115349
5177248
2025739
8747022
7067645
2527725
2923510
8560450
1358240
6600051
4743375
5294879
3770373
6313063
486816
6529531
1626702
7681799
6666373
7854832
6957291
746649
4278009
7943436
3142235
3215006
3788657
3869254
4914533
4579019
6333233
5848106
4669125
289978
4780235
6719296
8064558
947616
8974179
3851210
4394765
5732249
349582
5989059
7865582
1888928
2505020
2663598
5022116
5960927
4951444
8113184
499060
3921325
1852025
4867463
2360240
6387460
3525722
508186
6112739
504536
6835599
1850800
6569957
2377571
694786
5415365
6064898
6736090
7784140
3213579
1245422
3232822
158226
7837681
1821965
3655733
2750938
228849
5846125
5750568
1839837
3943178
2927730
339190
2237981
7843083
8516583
4998956
7389821
3637286
7817874
5851159
8492141
6442483
2289314
5076066
198861
2220132
6245858
216075
2300948
6665867
1275774
5684571
1781313
5229221
4418912
2205597
3944423
3988079
4295514
7941617
5229481
5650649
2808420
5056863
6288394
3215030
6764110
6667264
2209626
3628776
2698645
4841980
7773451
4381231
2670752
3959009
6610145
8765960
8184522
4531229
2200158
3078209
5236868
5416386
8793911
6440615
7285877
4053290
8769243
8243435
48350
6136489
5019279
2027885
8141876
7228702
3922573
4574882
7260305
7812877
3394143
2205146
2733965
4402700
3810265
5480173
832381
4899413
3147653
565214
3593736
8830452
5769697
2102920
2235563
2506635
3008103
8762811
505615
6922929
708918
3911255
8567810
281523
4130017
6005624
7820541
8687124
1043179
2543578
2506614
3144450
1582263
6628976
7889617
7417286
4211085
5946448
2471715
7441759
1636441
5978175
8029926
4264666
105835
8021846
1051983
330636
3826997
6000175
6307956
6450508
6162281
2209760
861234
1587172
2380761
5709412
274759
5237401
4168780
6071870
2179816
5310737
4765223
4916301
1926897
2792335
4168255
4835614
4597759
6036844
6317795
7991604
4201878
7594259
3583718
2502149
3845987
6254787
965509
6071945
7907152
3619431
2036045
8463403
8056207
6408700
2593797
5196778
1364901
8588904
8509601
3215076
8581164
7725228
4449378
8378472
6827083
8274684
3319683
5793298
7480610
6100266
5382258
6774396
8477366
4120816
8142331
3950775
8825549
7799780
4895356
4487213
7714340
929279
2708
3071106
8468867
1592757
1336304
3209584
8524288
7630796
2762318
7300
6286245
4394994
6042107
1388123
4737317
6509069
7254086
7897150
3685537
1792242
1036666
1999648
1194658
6571664
1278885
8055438
6961109
7235465
7192711
2172654
5568406
5198615
8653593
4131622
7274505
3718693
8363938
3354839
4808919
5102121
3109565
6751306
19379
8904503
1391112
4007486
3917192
1051123
6591495
2371635
8059409
760098
5583926
3875054
8590861
8577381
4757638
6016050
185347
1408038
7193597
6091994
1843866
4376083
6683844
598251
5033315
1037265
5323307
8062191
7560433
1208775
5058001
3060122
3538053
4736195
153922
5541133
2079496
8759110
373955
1622120
2553881
4795662
7434466
4079737
8522115
5974772
8224200
3919640
4061922
4554675
5015440
3933452
4097883
7135696
790421
932245
4040171
8377557
7624095
5138976
5937762
6971777
7248700
6868767
8035444
3075320
7401677
7488716
2298394
3270313
367294
626369
1699319
4177306
7706906
5922317
3129626
3662968
6031941
5901675
465718
1485827
8721693
8362873
4688911
5084373
8993098
8354936
7772414
5688130
828021
2650682
2941365
2348795
6353508
7700452
8684358
775827
4010756
4147781
7804624
4025438
6608228
5084192
3774212
8774519
5470425
5026117
7031009
2229292
6039286
30257
7409514
6291738
4835342
642218
6261429
8617557
975819
4463431
1905234
3109393
3675156
2815726
3586391
8047732
7732736
256112
6703416
6996430
7348672
1809549
3222158
4041788
7296789
6073721
5795758
6219977
3439694
961400
4628050
7468176
8789022
2351330
1433111
7183306
4458485
8079669
1682204
6911250
1760479
1058795
5004650
8773548
2248129
6178614
8100006
4323729
8974142
812078
77073
4070
7687068
161010
7901850
6763163
4006573
5029055
7897885
482972
1015701
5593242
6169258
2727127
5146277
1279775
1282332
5076147
8573534
6304775
16850
7407193
1875968
6222795
231370
2376062
4619278
1239500
8659120
1608076
1155918
8901993
94432
6459927
4491328
2733854
2042313
869381
8427918
7166601
8325346
4407503
1375600
1510434
3124660
6578999
7641689
4233596
7327119
5612456
802315
8100558
706397
3040704
3680612
1435755
7400220
5646589
4246278
8054722
1608072
4009062
7513489
1827486
2615741
8710480
8006851
661437
813106
7392218
5665705
8512239
8236163
4437278
2949232
1408142
4649853
8728792
3875760
5808732
3532615
615997
4892707
1782450
5273018
2289235
8057428
340728
5709100
7208280
7366955
3322600
8396409
8474924
963734
1347260
4915638
6690816
7147948
248428
2672964
7058936
7071261
6550494
1898116
5859883
7571731
7178754
7272275
2417983
1662204
580927
2994180
3741719
3973166
1730898
3803012
8623649
5514256
4689194
366549
6486923
1744802
806976
8676577
8375748
402529
3729615
1686863
2971789
6820794
8043621
8185477
5945554
1167757
4309150
8332492
6888384
8807440
1255015
8037157
7707105
6231546
35471
4193271
8962806
565208
657495
7510061
1182357
2922432
3031532
6535202
1541924
8705607
2465147
2709531
1500986
1211002
5658995
939309
8850029
1907715
1012898
3976383
8217240
2893325
786557
8808386
1905945
3106269
7877150
910984
7209420
3597431
4539688
2781252
5997641
5646606
8219064
416169
7811132
2991170
2299771
8519404
2706108
7241401
913694
628603
4483690
5855577
3581126
3051766
8660063
1855720
8761686
4467085
1242190
7523010
2956331
8333383
8107189
2124359
7600893
640205
6882354
3102249
6222742
5525030
6837723
4830475
741512
5028553
7945759
2498162
4201888
6418475
7268174
6902620
3988723
7092251
2809669
8993650
7889517
7904355
1320844
6416944
6278876
2565824
4943807
1094168
4398729
1557803
915252
2970979
6107896
1910432
3071797
5574673
6863496
1061199
1021649
5963063
1554120
2818633
7276512
4743457
3384545
7979936
8084632
5134081
6677120
1750696
4214969
7680551
4568778
1060478
7613021
5156439
6837759
2304507
8995903
5210012
7962630
7629226
428277
3471818
8456747
4838225
2742182
5686445
4908624
7178999
7307427
196583
7654354
6060110
1170487
5381707
4878445
5079337
4376416
6163041
6906181
8394937
6917898
8632668
4916111
2523646
4968355
5505329
8520035
6068187
971710
6719385
8623052
1825091
3621623
6464055
4091320
2270130
5851396
6315899
4451778
2858971
490814
2465615
5198114
6452421
5263678
462886
1785922
7494609
6305575
924625
5538172
1045074
3039768
7644027
7643921
2788925
3610317
2047558
2615537
1148620
8177082
7898989
944126
3231552
3061939
396073
8127178
2121028
6890911
1862777
4182736
8802759
2474797
505562
6363734
7580285
8871646
2350145
336938
8117043
168302
3517096
4318258
3253391
8629996
1202072
1068108
8569496
2778754
7905871
8082131
6632198
6387429
6655454
7843163
4836984
3926548
332543
1333359
8382247
7451746
3150395
6205307
8544858
5397832
587945
6828969
4448829
8324478
1936699
5612071
6411399
7777591
3355571
4033162
918338
5348559
1187172
6212353
7678549
3481494
2655816
972734
7202596
6776131
6810500
1435521
2145817
8767946
2498968
7104663
2845551
7207574
7997840
1898178
1779231
5021027
4007523
1922108
4463608
6354449
7770260
3278559
3325238
6234990
8678671
3338574
8185101
3965114
8707911
2973634
6298230
5446090
2532909
7580321
305516
5001565
1197828
5576778
7378510
697385
8956943
5113266
1847750
8342813
5363140
5879970
6586010
7087179
8757068
4437016
5002584
4670878
773133
3527336
8990667
4906562
3839150
8920527
2802292
376519
5434006
8579105
8900220
3559618
7475461
5441390
2955387
4213864
4467433
6183768
7619521
3913729
8516595
4280209
4613492
5601509
2665515
8904943
240607
1164304
7543870
282304
7905450
1753692
2824655
905001
1836830
8155275
4037739
3899476
6857605
3525364
1293598
1801176
8445508
370282
1090056
5885034
7752211
8426511
7378586
5315453
1407143
7578942
1651018
8696139
564990
5506474
5875134
3288717
7010240
8640635
4361900
8858032
2905335
7509468
5522925
8836916
3434574
215271
422213
1236056
4336778
6793214
7925815
4309565
7080439
8289815
5827194
5346387
628951
1069437
5147426
6927142
7613505
8202267
1419500
6394783
5416294
5187194
4930641
8220751
2948642
4245669
4006061
1824758
5620319
2087220
4150535
1048230
8347959
2302490
3268932
8483644
2671351
1788795
6625197
8914602
8975227
1339441
3416959
7315472
801152
2118825
4237566
8789991
219006
720214
672707
3387475
3431421
4999247
5027444
976707
2205014
8496630
8296947
2249138
8137845
3338478
4405602
912671
7887376
4651706
1788144
1118910
2723253
7478908
8823634
4197115
3584589
3926220
2267105
6222949
21023
7136005
490643
7871133
1657281
3428358
8850137
4509501
2941849
920885
4289678
7611499
1081707
1968819
14378
7995463
7800642
5934162
2948134
6394786
6467527
8947056
4683705
286982
1860662
2839505
8884372
5696421
2410109
1551899
8624550
228631
1390483
1048234
6099479
7782437
5450329
3584270
7746645
3100172
2968522
3043467
5548248
3651209
2699714
3231163
7245600
8417908
7739688
1772687
2385202
6533803
697915
1805768
6956542
7145446
3478163
4321154
4964355
1006434
4684963
3465660
6415872
2242186
8004606
1980265
8121890
4240405
6221927
590841
2688631
6958497
7556985
2376557
3596451
7254859
7561067
1168994
4785676
864952
7995065
3539501
4485006
6248890
2511429
8002231
3570147
5738477
4352844
7431559
8357055
3926250
2670156
5909600
1556597
982714
2421134
7838396
5572549
1546945
5339457
8614458
8001663
281988
3615128
5602349
6109793
6636695
4310994
7198554
7540565
1592749
2190585
7596629
574576
2068600
4485516
1914564
746178
2005757
4697673
8898747
929519
4984382
1136766
137895
4689455
936637
1970743
6855459
6936471
3771882
5676240
4600899
865667
6848643
4206921
2639874
5466829
3296020
3227981
4243030
2585546
3008006
1697131
7239360
6478578
8830606
1436966
3857841
1798832
5169114
1179404
2326454
4898708
4613591
3889380
3635596
1524551
8600228
7924300
4991218
2075071
3115761
6759114
4115779
3738172
2851157
4293020
4824589
2475682
124032
7236679
1054611
262754
8742790
5137054
2815725
1811448
7942194
1345029
4272774
3182283
2766098
3104650
3653663
1036481
2355249
2330697
6384698
3958271
723091
8626185
4680868
6710154
4426732
6903026
1907288
1966269
7794450
3055314
7679144
7653799
2707014
2219320
8999055
1871456
4862047
8449838
3388272
6112090
748410
8117735
