2498026
2498330
2499204
2502764
2499952
2497896
2498086
2502818
2502588
2500116
2499943
2499672
2498448
2501003
2498287
2500110
2499307
2500552
2499451
2498638
2499006
2499584
2500004
2499765
2500889
2502008
2501289
2499787
2500452
2500515
2498673
2500134
2498610
2500307
2500538
2500825
2500930
2498278
2501605
2501215
2499193
2501494
2500909
2499654
2499315
2500166
2498376
2501515
2500349
2499966
2500818
2498750
2499507
2499749
2500736
2499709
2499586
2500787
2499490
2500339
2501366
2501004
2500873
2499651
2498761
2499802
2499467
2501966
2499041
2500572
2499293
2500433
2501206
2498955
2499844
2500242
2500575
2500620
2499979
2500738
2500245
2500652
2499274
2498775
2500341
2499302
2498946
2500241
2500432
2500886
2499267
2501067
2499148
2498733
2501236
2501657
2500129
2500074
2501400
2498624
2500495
2500413
2500396
2500067
2500449
2499803
2499475
2500712
2498655
2499809
2499948
2499143
2500473
2498463
2499247
2498751
2500236
2498488
2500478
2500420
2499663
2500462
2500008
2498497
2500430
2498217
2500843
2500030
2499523
2499259
2500949
2499518
2500817
2499816
2500407
2500800
2499656
2499744
2501455
2498836
2500086
2497662
2500177
2499210
2500055
2500021
2498769
2499772
2498859
2500077
2500230
2499433
2500541
2498728
2499004
2497988
2499018
2499165
2501274
2499938
2500927
2499631
2499220
2498954
2499756
2498323
2499609
2498680
2501581
2499625
2501195
2499384
2502322
2501616
2500733
2499175
2501234
2500075
2498857
2500801
2502697
2500123
2501144
2498469
2499892
2499849
2498569
2499932
2499099
2500601
2499752
2500060
2501381
2500797
2497953
2498686
2500395
2499859
2500048
2500862
2499705
2498211
2499082
2498334
2499344
2499005
2501160
2499898
2498303
2501308
2499481
2501440
2501586
2497224
2500641
2500745
2498966
2499879
2499562
2500723
2499502
2501146
2500865
2500537
2501151
2499024
2499722
2501321
2499668
2500466
2500191
2500556
2499685
2498909
2500277
2498396
2499928
2499766
2500319
2498936
2498544
2500078
2500778
2500450
2500709
2500939
2500424
2499255
2499122
2500402
2500222
2497228
2501921
2499059
2500741
2500201
2499890
2501315
2499521
2500744
2499212
2500165
2501122
2501841
2499506
2500364
2500777
2500331
2499402
2499563
2500821
2499158
2500168
2499043
2499571
2500780
2500414
2500836
2499236
2500788
2499069
2498654
2500305
2500428
2498876
2499441
2500360
2500303
2500488
2500467
2499363
2500453
2499598
2500549
2500607
2499081
2498829
2498952
2500956
2501097
2499428
2498740
2499394
2499514
2499524
2499721
2499754
2501434
2499569
2497533
2499184
2501279
2498058
2498794
2500459
2501645
2498310
2500357
2499257
2501399
2500507
2499771
2498347
2499770
2500705
2499870
2500940
2499743
2498362
2499917
2498366
2499084
2499608
2500112
2499447
2500634
2499642
2499102
2501365
2500511
2498772
2499550
2500219
2499211
2499491
2500027
2499484
2500429
2501155
2498619
2501407
2501346
2501383
2500333
2500142
2501830
2500102
2498282
2500650
2499969
2499880
2499929
2501285
2500251
2500764
2501147
2498543
2500999
2499540
2498668
2501488
2498825
2500441
2498692
2500370
2501320
2499427
2498993
2501647
2500784
2500904
2497617
2498102
2499768
2499698
2502576
2501056
2499730
2500017
2501332
2500335
2502230
2499664
2500828
2500914
2499934
2500170
2500670
2500318
2500849
2498839
2500313
2499640
2499320
2500481
2501078
2498939
2501008
2500621
2500613
2499907
2499114
2500139
2499242
2499416
2498145
2499769
2499808
2499300
2501124
2501793
2501117
2499330
2500769
2500518
2500533
2499878
2500627
2497614
2500469
2499309
2498816
2499738
2500854
2500273
2498871
2499869
2500058
2500774
2499583
2499862
2500108
2499371
2501051
2499774
2500264
2498594
2500987
2501119
2501994
2502214
2499366
2499420
2499706
2500161
2500416
2500070
2498855
2499216
2500084
2500387
2499056
2501404
2500022
2500280
2499468
2500212
2498363
2499462
2500204
2499863
2501036
2501388
2500178
2499253
2499848
2498762
2501463
2500000
2499055
2498439
2499945
2498258
2500543
2498506
2501634
2499511
2499864
2501262
2499228
2499536
2500983
2498504
2499793
2500326
2500842
2499335
2500016
2500192
2500514
2500270
2499068
2498232
2500286
2500853
2498017
2500040
2500662
2500003
2498738
2499556
2499574
2502280
2499377
2500970
2499017
2500973
2497491
2499401
2499546
2501893
2501394
2499967
2500915
2499746
2499734
2500382
2499413
2501128
2499629
2499989
2498798
2500573
2500073
2499703
2499042
2501281
2500848
2498879
2501245
2498920
2501435
2499960
2500568
2500323
2501428
2499561
2499156
2499805
2499544
2499893
2499637
2499725
2499033
2498449
2500880
2501391
2498592
2499763
2499457
2501000
2499661
2499388
2500290
2498971
2501883
2500269
2500451
2501136
2501184
2500635
2500761
2502208
2501521
2500847
2498606
2500810
2500412
2500438
2501686
2498691
2500897
2499947
2499789
2499931
2501140
2498700
2501105
2501384
2499555
2499303
2498534
2500498
2498416
2500455
2500901
2500153
2500905
2499971
2500972
2500491
2501199
2500463
2499853
2499560
2500691
2497376
2501344
2500623
2499515
2499903
2497895
2498405
2500050
2500155
2499970
2499153
2501273
2500029
2500802
2499911
2497716
2498870
2499504
2500732
2500960
2500728
2500338
2502050
2498019
2500237
2499409
2499850
2500247
2501866
2499227
2500425
2500373
2498490
2500064
2501512
2499813
2500531
2500054
2498685
2497693
2501551
2498927
2500500
2498468
2500057
2501260
2498834
2500207
2498858
2499791
2498719
2500903
2501239
2500872
2499764
2500492
2500182
2500622
2499040
2500882
2499576
2498553
2499093
2502001
2501375
2500581
2501045
2499412
2499897
2501630
2498705
2500309
2500216
2499225
2500602
2500724
2500111
2499875
2498800
2498745
2500743
2498381
2498890
2501162
2500625
2500561
2498580
2500991
2500782
2500117
2498572
2502320
2497321
2499304
2500472
2501716
2500439
2500275
2500935
2500697
2498337
2499505
2500147
2502072
2501263
2499445
2501470
2500381
2500408
2499990
2499387
2498678
2501614
2498369
2500746
2499357
2503023
2498579
2499951
2500645
2500651
2500347
2499597
2500637
2499191
2500267
2500190
2499643
2502366
2500355
2498998
2500591
2498951
2502574
2500585
2499788
2498776
2499527
2499246
2500240
2499496
2499177
2500969
2499213
2499591
2499332
2499819
2502087
2498980
2500314
2499372
2501046
2500041
2499972
2499124
2498520
2500599
2499930
2499956
2498155
2499630
2498802
2499331
2498480
2501228
2500934
2498509
2500611
2500892
2500188
2501325
2500203
2500841
2500815
2499804
2500944
2499426
2500423
2498940
2500696
2499799
2500559
2500809
2498894
2500553
2499326
2499983
2500542
2500271
2499096
2499731
2500920
2499185
2500052
2500754
2499827
2499858
2500555
2501446
2498539
2500259
2499116
2498842
2501244
2500031
2498729
2498945
2498545
2498904
2497372
2500325
2500700
2498687
2499476
2501562
2499239
2500968
2500830
2498466
2500101
2500551
2499692
2499271
2500299
2499914
2498924
2499101
2502317
2499954
2499152
2498880
2500785
2500039
2501179
2499023
2500255
2498975
2501871
2501593
2498172
2499534
2499820
2500803
2500574
2501063
2500082
2498440
2500160
2498582
2499083
2501157
2498292
2499681
2499834
2499233
2500092
2499167
2498985
2500861
2501025
2500151
2499465
2501098
2501944
2499906
2499883
2501731
2501298
2499909
2498962
2498596
2501999
2499548
2500366
2501114
2499086
2500195
2499935
2498523
2501485
2500114
2500221
2498711
2499338
2499567
2501753
2500185
2500877
2500099
2501019
2501043
2499913
2499525
2498069
2498581
2498018
2499611
2501104
2501091
2502192
2498479
2500959
2498991
2500143
2500951
2499310
2499612
2501772
2501006
2499831
2502301
2499740
2501552
2499489
2500125
2499482
2502044
2498960
2500014
2499115
2501859
2500344
2500005
2499347
2500516
2500353
2499301
2499362
2501584
2498938
2500327
2500596
2498907
2499835
2500996
2501130
2498981
2501533
2500130
2500415
2498679
2501770
2497785
2497974
2500678
2500056
2499641
2500564
2499429
2498643
2500410
2499830
2499459
2500253
2502728
2500104
2500411
2502148
2499470
2501493
2499449
2499354
2501072
2499319
2499737
2501254
2499030
2500636
2498861
2499071
2501287
2498319
2499999
2497867
2501502
2499532
2501618
2499699
2498604
2499885
2500351
2498803
2498002
2501991
2501149
2499439
2499606
2499578
2501094
2501848
2498560
2499379
2500824
2501314
2499234
2499924
2501291
2499137
2501548
2500846
2500737
2499501
2499440
2499159
2497792
2500885
2499821
2498914
2499483
2498923
2501445
2499090
2500630
2500256
2499964
2500742
2498653
2499131
2500107
2498905
2500895
2499615
2499089
2500857
2498634
2501887
2499094
2500006
2501525
2498992
2498645
2499602
2499639
2500324
2499570
2498799
2501142
2498752
2498605
2501271
2500781
2498563
2500534
2500033
2498511
2501569
2499178
2501069
2498788
2499407
2501475
2499590
2499718
2500310
2499353
2500083
2499028
2500653
2501604
2500089
2502387
2497408
2500363
2500618
2500707
2499334
2500389
2500098
2500475
2501156
2499205
2499733
2501750
2500293
2497650
2500291
2499138
2500356
2502053
2500771
2498434
2498957
2499381
2500756
2501133
2498913
2499549
2500913
2501368
2499425
2499126
2498552
2498933
2501018
2499386
2502124
2500266
2498628
2499333
2500918
2499708
2498182
2499588
2500768
2502530
2502498
2499838
2499874
2498460
2500632
2498333
2502285
2501755
2500822
2500812
2502626
2499595
2501042
2501193
2499500
2499000
2499260
2500218
2502482
2499142
2499118
2499520
2501100
2498864
2500703
2499845
2496969
2500197
2499027
2498764
2499811
2499547
2499868
2499123
2501954
2500947
2499984
2500717
2498811
2501113
2498846
2498660
2498104
2501294
2501849
2499237
2500205
2499704
2499776
2499836
2500019
2500497
2498755
2500248
2501288
2500163
2502397
2500878
2501762
2500352
2500196
2497899
2500870
2498934
2499785
2500229
2500982
2500399
2500789
2498844
2499292
2499063
2501443
2501361
2499529
2501227
2500775
2500529
2498875
2500231
2498944
2500169
2498714
2499144
2501519
2501785
2501300
2500757
2500720
2499087
2501560
2499616
2499667
2500164
2500819
2499732
2501270
2499997
2500988
2500158
2501096
2499474
2498179
2499340
2499959
2497866
2501608
2501933
2500758
2499121
2500250
2501842
2500215
2501134
2497190
2499622
2498983
2498429
2499140
2499223
2500465
2501203
2501466
2500220
2500851
2500447
2500263
2497803
2500148
2499343
2499810
2499680
2500689
2500454
2499607
2501460
2500202
2500093
2501896
2500087
2499949
2497546
2498883
2499973
2502036
2499235
2498778
2499278
2498979
2497709
2499492
2499288
2499173
2499957
2499378
2499418
2499509
2498737
2499636
2500406
2499673
2500486
2498459
2500296
2498958
2498371
2500059
2501553
2500474
2499724
2502221
2500612
2499757
2499601
2498225
2499336
2499618
2498994
2498355
2501520
2500079
2500786
2499690
2499944
2500173
2499646
2498537
2499866
2497846
2501278
2500694
2499105
2499252
2498782
2499014
2503559
2498910
2499927
2499533
2501087
2500580
2501115
2499513
2499399
2500345
2501374
2500065
2497673
2499881
2500136
2502635
2500208
2499435
2498796
2498259
2501534
2497266
2499345
2498621
2500046
2498139
2499261
2500807
2500181
2497848
2499613
2500393
2499080
2500663
2500494
2499792
2498911
2500261
2499968
2499203
2500739
2499975
2499120
2501053
2499174
2501015
2500639
2498887
2498329
2499389
2500829
2498335
2499422
2500597
2499199
2500476
2499842
2500162
2499599
2500911
2501307
2500993
2501739
2499528
2500496
2501523
2501986
2499471
2499660
2500524
2501514
2499147
2498696
2500735
2500189
2499421
2498845
2499658
2499686
2500337
2498489
2498373
2498757
2500656
2500179
2501905
2498970
2500592
2500308
2500714
2498748
2498856
2500002
2500976
2501509
2499395
2498734
2500346
2502897
2502445
2500096
2500287
2498274
2501323
2500677
2501077
2498340
2500946
2498317
2499543
2501529
2500304
2500557
2501255
2498411
2500234
2500069
2498053
2500682
2499554
2498438
2500752
2498710
2498140
2500043
2499318
2500856
2499994
2501745
2501088
2499671
2501357
2499801
2500675
2498445
2498918
2499067
2501702
2500127
2499867
2500342
2498915
2498681
2498682
2500863
2501423
2499189
2498461
2499438
2500210
2501296
2500755
2498886
2499773
2500061
2500298
2501218
2498702
2499539
2499364
2501395
2502216
2501352
2501498
2501242
2498840
2500150
2498565
2500398
2502316
2499940
2499993
2499337
2498882
2499444
2501082
2501055
2498620
2501024
2497994
2501757
2501212
2500124
2499780
2500658
2499346
2501079
2499553
2499249
2498789
2499380
2499221
2500748
2501001
2500584
2499823
2502133
2499039
2499933
2501408
2498500
2497593
2500718
2499729
2498444
2500547
2499369
2499062
2498324
2498906
2499648
2498888
2501834
2500260
2502633
2500792
2499786
2501152
2498760
2501495
2500932
2499627
2500493
2500565
2497760
2500146
2500239
2501538
2500866
2497928
2500595
2499488
2499478
2500604
2500354
2501578
2500297
2498512
2500392
2500380
2501033
2499531
2500684
2500106
2502140
2498486
2500374
2500477
2499888
2499351
2500316
2498695
2500992
2500175
2498382
2499727
2501145
2501722
2497756
2499091
2501027
2501303
2499003
2501580
2499675
2502340
2502201
2499684
2498781
2500470
2502235
2498157
2501150
2499098
2499494
2500186
2499781
2499250
2501531
2500681
2501013
2502598
2499218
2500671
2498213
2498505
2499814
2498862
2501456
2499265
2500320
2498494
2499461
2500302
2499713
2499767
2501817
2501487
2498117
2502992
2499716
2501099
2502673
2498650
2501318
2499620
2497371
2499070
2501486
2500343
2500457
2499136
2499628
2497014
2500435
2499899
2500397
2499299
2501259
2499431
2501333
2500034
2498402
2499314
2502989
2501256
2498902
2500037
2498808
2499579
2498853
2499666
2499207
2500942
2500076
2498169
2500334
2500523
2499778
2499902
2499215
2499712
2498032
2501924
2500805
2501125
2500560
2502009
2500442
2499313
2497865
2501847
2500617
2500405
2499604
2500859
2498703
2499019
2500998
2502753
2500436
2499085
2499657
2501783
2500721
2499986
2501416
2499047
2500301
2499742
2498467
2501556
2500007
2500820
2499486
2500665
2500278
2498557
2499460
2500390
2499982
2498771
2499761
2502813
2500734
2501558
2500753
2500776
2502662
2500945
2499045
2499419
2500676
2498872
2499568
2501058
2499196
2498867
2500246
2499390
2500090
2499855
2500121
2498063
2497309
2498050
2499925
2502125
2498350
2499551
2501510
2499169
2500049
2500669
2499341
2499535
2501481
2498828
2499995
2498194
2499634
2501324
2499647
2500685
2501737
2500600
2500943
2500018
2499050
2501059
2499192
2500571
2499311
2499573
2500418
2497878
2498929
2501679
2502344
2500831
2500876
2499046
2498550
2500896
2502293
2498190
2499670
2501093
2500609
2498720
2500388
2501694
2499400
2501337
2501089
2500722
2500631
2501528
2500279
2502028
2499923
2497406
2498768
2499674
2498447
2500664
2499812
2500888
2501208
2499882
2498234
2500419
2499248
2499566
2498851
2501175
2499277
2499871
2500577
2501549
2499198
2501329
2499065
2498495
2501028
2498860
2497858
2501370
2501467
2498916
2499149
2499572
2500954
2499519
2498507
2498642
2499665
2499589
2501238
2501696
2500437
2497944
2499683
2501061
2501250
2500306
2500460
2499453
2500284
2501202
2499176
2499621
2499726
2499035
2500257
2498398
2501016
2498001
2498972
2499829
2502543
2498409
2498358
2502000
2500701
2499798
2500619
2498912
2498272
2500893
2498465
2501062
2502510
2501855
2500066
2500666
2499807
2499317
2498873
2499356
2498153
2498101
2500144
2501831
2501592
2501377
2500122
2499002
2498150
2499575
2498759
2500095
2500525
2499342
2498384
2499841
2500884
2500152
2497886
2500456
2499760
2500726
2499001
2499919
2500015
2498718
2498012
2500198
2499861
2500688
2499545
2498427
2500300
2499464
2500348
2499682
2501925
2499186
2500642
2499374
2501713
2499633
2498517
2500716
2500362
2499655
2498141
2498470
2501459
2501532
2499695
2501754
2499676
2499187
2500763
2499365
2501074
2499222
2499503
2500921
2501060
2500938
2500283
2499976
2502621
2499263
2500984
2499008
2498209
2501031
2500860
2499316
2498641
2499824
2499214
2500667
2500026
2499016
2499113
2501758
2498647
2498443
2499577
2499702
2500365
2499382
2500228
2497577
2499795
2501950
2501852
2499397
2498632
2498949
2500799
2497682
2499526
2499406
2499164
2498603
2498370
2499753
2498399
2498290
2501389
2498964
2501571
2498723
2499306
2498820
2498670
2498294
2497729
2502252
2501600
2500827
2497761
2501612
2501143
2500646
2501513
2499275
2500845
2499596
2500660
2501301
2499463
2501828
2501132
2499297
2499815
2498874
2499735
2500967
2501429
2501835
2501937
2500141
2499552
2500187
2501309
2498577
2497350
2501946
2502615
2499361
2500391
2500729
2499359
2499530
2500640
2498884
2501838
2499987
2497148
2499095
2498524
2497016
2499370
2499996
2499775
2499396
2499195
2497292
2501503
2498502
2501247
2499747
2501277
2500336
2501943
2500644
2502444
2498640
2499991
2501011
2499073
2498932
2500480
2500403
2500085
2499937
2498307
2500131
2499510
2498216
2501390
2499403
2497306
2501258
2499701
2499941
2501396
2501356
2498546
2500539
2499493
2498301
2500243
2500371
2498977
2501882
2499905
2501034
2497922
2501372
2499818
2500928
2497023
2501501
2500081
2499895
2498228
2498956
2502841
2498908
2498877
2499840
2498617
2500766
2499244
2499689
2499048
2500589
2499179
2500368
2498573
2497750
2500068
2499542
2499910
2501472
2500489
2500024
2499289
2499759
2501545
2500490
2501354
2501081
2499873
2499328
2499208
2500546
2500638
2500527
2499458
2500379
2501674
2498168
2501490
2498869
2499473
2502026
2498166
2499405
2497364
2499103
2498736
2501692
2499061
2500315
2500791
2499054
2502889
2499679
2501718
2500051
2502113
2500961
2500545
2500502
2500206
2500105
2498484
2499619
2499430
2499415
2499298
2502392
2499865
2501213
2501701
2501186
2500217
2498118
2501650
2497978
2498332
2499783
2500879
2501310
2500832
2500417
2501187
2501398
2499283
2500394
2498716
2500265
2499700
2501065
2500119
2497951
2498430
2497452
2500687
2501590
2500907
2498308
2497616
2498669
2499916
2499385
2499508
2500659
2501292
2499558
2499349
2502227
2500715
2499908
2502272
2501479
2500794
2501648
2500594
2499751
2501522
2500375
2500710
2499452
2500180
2500080
2500422
2498987
2498270
2500962
2500350
2500706
2500252
2498950
2500899
2500751
2501856
2499077
2501276
2499894
2498832
2500174
2498219
2502054
2499696
2499232
2501331
2500009
2501926
2499825
2499376
2499953
2500950
2499846
2498726
2501699
2497704
2501636
2500028
2499652
2498688
2498200
2498704
2499644
2497375
2498625
2500385
2500071
2501442
2500025
2501798
2499110
2500624
2499677
2498288
2499074
2499782
2499920
2498175
2501121
2500199
2501068
2500135
2502337
2498306
2501546
2499012
2499564
2502071
2501432
2501221
2497776
2500840
2499256
2501970
2497941
2500088
2500536
2499693
2500868
2501054
2501764
2498795
2501760
2501450
2498420
2499448
2501369
2500583
2499891
2498878
2498481
2501109
2501164
2500900
2500062
2500919
2499294
2499417
2501431
2500730
2502251
2498644
2499889
2501602
2499715
2500702
2499170
2498821
2498706
2500176
2500989
2501103
2498031
2499106
2501726
2500369
2498266
2501235
2500288
2500779
2501014
2500749
2501010
2501020
2501625
2498299
2500103
2501267
2502454
2500586
2497811
2501829
2496413
2500328
2499796
2499833
2501009
2501421
2498110
2501535
2500471
2501316
2500047
2501327
2501825
2502457
2501023
2502637
2499745
2498663
2498715
2501807
2498314
2500272
2501928
2498191
2500582
2499669
2502282
2500458
2501989
2498578
2500517
2497888
2499617
2500633
2500834
2499064
2499650
2499779
2501947
2498348
2500448
2499538
2499350
2499958
2499411
2500941
2499454
2498639
2499719
2502730
2501492
2501158
2500679
2500850
2497775
2497589
2500013
2499707
2498253
2500504
2499360
2498413
2501821
2498953
2499794
2499884
2500587
2499325
2500154
2500194
2500063
2498697
2499896
2498519
2501497
2501723
2499921
2500606
2499051
2497758
2499410
2499150
2501039
2498478
2498551
2500740
2500332
2501680
2498238
2499327
2501131
2498336
2498522
2497665
2501092
2499466
2498607
2501591
2498690
2501397
2499141
2500867
2500793
2499585
2499581
2501280
2499285
2501550
2497782
2498699
2498163
2500713
2499383
2501007
2501595
2500386
2499557
2500282
2500233
2499659
2500133
2498943
2499168
2500881
2498165
2502005
2500404
2498536
2500312
2500558
2498986
2497373
2499241
2501192
2498344
2499635
2500209
2498267
2498473
2498368
2498235
2499516
2499291
2500138
2501733
2497989
2499653
2498753
2499594
2500648
2500167
2501511
2500759
2501410
2499276
2500292
2501567
2497523
2499231
2499912
2500479
2500224
2500340
2502118
2498827
2498848
2500501
2499762
2498003
2499537
2498079
2499839
2501217
2500483
2501685
2500813
2500505
2500184
2500957
2501527
2497600
2500276
2501751
2501219
2501899
2498813
2500262
2499900
2501763
2498863
2500126
2500317
2498180
2498533
2497640
2499624
2498978
2501844
2497856
2498508
2498574
2499209
2502012
2499161
2499963
2498383
2500137
2499109
2501458
2497275
2500295
2498831
2501971
2499206
2500990
2498657
2498773
2499135
2499034
2500711
2498627
2500566
2498597
2501363
2502196
2498361
2498542
2498446
2501836
2499151
2498974
2501322
2498325
2500668
2497929
2498387
2501338
2500200
2502217
2502656
2501334
2500806
2498071
2499324
2498089
2499092
2498464
2499434
2498984
2498561
2500091
2498817
2500979
2498391
2498791
2499066
2500044
2500484
2502689
2498065
2499172
2499130
2500506
2500487
2497853
2501216
2500281
2503044
2501880
2498360
2500145
2499806
2498837
2498521
2499723
2501204
2501041
2501226
2500254
2501516
2498602
2499145
2500045
2498868
2498676
2498725
2502029
2497810
2497360
2498312
2499226
2500563
2498618
2498784
2501005
2502248
2501800
2498256
2499593
2498286
2500964
2500590
2497741
2501615
2500513
2499251
2501341
2500912
2499851
2498942
2501917
2499697
2499088
2501328
2499127
2502146
2497812
2500924
2498996
2499194
2501095
2499998
2499600
2498392
2498415
2501819
2501272
2499134
2499139
2499272
2499649
2500695
2500294
2499240
2501349
2502134
2500211
2499229
2498342
2500948
2499694
2501827
2497256
2499797
2500038
2500032
2501854
2498895
2500464
2498689
2500249
2498174
2501607
2500858
2499323
2498452
2500540
2499755
2499455
2501302
2501993
2498847
2501181
2500461
2498056
2499287
2497967
2500773
2501473
2499886
2498707
2500118
2498575
2497939
2501837
2501330
2498099
2500796
2498646
2498892
2502456
2500673
2501619
2498476
2500649
2500980
2498186
2501284
2501026
2503148
2500431
2501048
2500358
2499605
2498516
2501382
2501101
2498758
2497099
2499312
2498806
2501075
2500772
2498068
2501313
2501411
2499423
2499645
2498364
2497244
2497075
2496993
2500036
2499217
2500482
2501724
2502411
2498661
2498898
2498298
2498807
2499015
2500171
2499032
2501436
2500132
2500020
2499072
2500855
2498223
2500958
2498893
2498587
2498483
2502806
2501107
2501641
2500072
2498982
2501484
2498397
2501978
2498556
2498600
2500378
2498961
2499058
2500554
2501577
2498408
2501687
2502582
2500610
2498989
2498583
2499284
2501305
2498130
2499097
2500693
2501865
2497742
2501690
2500654
2502207
2498935
2500823
2500647
2501126
2500569
2499512
2498744
2501353
2500626
2500526
2501345
2500890
2497433
2500519
2501721
2500468
2501336
2501708
2496612
2501681
2497286
2499942
