1277256
3628317
3168668
683471
2516792
891313
1692770
3890561
529625
1266789
1629250
3506787
3374625
2269019
2665572
3453339
2596442
2261932
4129802
3732524
226750
20012
3826014
4828066
1421118
4081253
2440456
1557661
2461584
481943
3325110
128746
4226994
3710332
3843542
484435
2156880
817073
4624974
1194401
4212383
4621895
4282162
1498988
2349930
3843278
4773502
2387414
3322816
4042408
2206443
3708824
474983
1973708
852273
462349
4118568
59119
2220037
2395255
3844309
2081690
2244142
2237085
3160166
3160586
3341584
2659405
2381024
4728678
1651501
3487970
3621565
917154
283020
3319282
4140001
447615
3525258
3029228
3702772
1210740
356856
3307909
3435844
1140601
4326952
2137045
1778226
4735438
2360523
3957281
2448846
3093313
2093487
4770424
1252207
1403910
3839251
3975261
4584860
102614
3388481
3490331
304678
3469217
2626792
4060595
2074733
895410
99113
4937753
3193703
4822159
864020
658078
4828370
3144257
3477120
3379973
2792826
3107005
836090
105672
1546020
2723422
4086898
1145451
1325921
98133
2179370
2720975
3008989
4088921
658483
3713308
824999
2885308
3416862
1229312
505097
2451892
4832530
4255973
965737
1328871
905991
4111992
1290115
1395994
4077110
4540602
2365788
4005201
4412479
3563853
306
4548642
4729027
4857046
2159897
2357985
2978667
4592119
2399484
2931758
60794
145100
4099819
4805929
1531801
4937597
846559
568055
1846671
2495495
4871591
3433424
3273024
3908842
1523324
813467
2180325
2758650
2675960
508891
1936743
127020
1169975
3609659
3559765
2005737
1648897
598195
2958413
4461180
3813402
4099655
2073626
4597786
613590
3082685
3829632
1759882
523387
3414621
328040
4968184
84633
3407850
1005810
1360854
103124
1276340
3258252
2155962
2941344
4649432
4539584
4316271
4106288
1819881
2539412
2892116
37563
4973554
2916308
129652
1264009
2806618
2883596
938360
1388661
1884087
1858009
3942932
320874
2887866
1103106
1370930
2823950
529592
3185563
3867607
2236077
911089
2079785
2574327
3409628
1322348
391564
2373063
2329078
4544606
1775064
2141026
1837661
2545073
1742991
2661754
3799965
868807
3434823
646363
4301951
564170
95621
4577308
2463619
4087838
2332622
860042
2961020
835234
2549213
170111
4958697
2033296
370518
1453906
3277168
1915858
676283
1441958
2253785
418028
1216436
3359042
186799
1765906
3783557
4185122
3039977
4520550
3820784
3340429
1489644
2966506
3098174
198863
4263207
1251211
3822027
2794752
825154
1931304
482259
4718819
4564451
827689
911768
4258744
4018091
3876955
4360295
4608635
4847283
3485729
4309530
2042546
3653450
3727448
1907230
4676781
220372
404900
2582443
329930
3025693
4979549
2452413
356021
1029277
2514729
963265
3764256
4498054
4567644
3200154
1466701
4322039
4688978
4838575
4998873
187770
4048804
3180155
3634978
1933487
4483282
776521
2408965
3554816
263463
4138731
4767953
470812
167942
2210594
544521
3871600
456802
1917522
355285
4318509
4378473
1260552
4282438
2091468
3564999
1415883
1980053
3900608
2894664
1642081
1139044
1526020
4229059
3521914
2710816
2154770
2501952
3831991
4216947
4054988
832958
3734208
3468341
3609618
4383610
1952121
1482723
4802872
4917280
810942
2681743
998936
2961277
2788649
3276094
1933073
1789984
4243753
1426143
2085210
3084003
4784924
671758
1480477
2334077
1227100
1728786
2872375
2927099
3356977
1851127
2696289
4483959
1113896
3553924
44296
2297397
1873502
2905273
1924396
3703618
4545848
3362692
4252075
1715303
2754533
3259911
4365384
803280
3713701
2578613
3046562
1380258
3781501
1574797
2070791
2166949
335206
1327964
1079495
2797176
4165867
4582694
1764901
799800
2861599
163347
2421686
3553998
4445158
4433002
2107708
1924592
4624997
4023315
2197559
704632
2954053
1186345
2994334
4193451
1132123
4770441
622442
4914713
4171835
1702350
2312024
4877047
3842641
371602
4975851
3736474
3840809
4926158
585899
860146
699501
3307259
4946872
1509067
2480869
2385376
3337233
175238
3736550
3389510
1097551
4066689
2416989
3422568
2341773
285683
2971751
1688126
2760561
1420494
1650448
333120
1023475
794427
282356
2490884
436038
377509
4844093
2232057
2487825
3870418
2293147
4327049
2155349
4399748
1201675
3412135
735084
127865
1945975
1006311
4162809
3441317
3017812
2101631
1831384
2717588
4130976
1445044
373790
2634017
3767280
2169721
77379
4901606
2355569
38210
519826
263372
2827738
1939940
2481982
2578271
556549
206477
3377181
4204577
3736075
4105988
3367152
4080645
3472137
1527367
351880
350871
3134814
4797907
4731796
4899491
283073
1079343
389933
3035768
1467438
4029852
1675424
56328
1757712
355500
222778
1101309
3371180
4656265
1799176
3069209
4689972
561714
4104649
1350786
3946754
3840346
1931045
1206110
1842233
1890659
1339847
2093523
734167
3581571
2923188
2811761
3509642
2685350
4264506
3622286
2361185
3981566
4354863
567917
2799521
4802329
3253578
152067
1775154
3897438
556606
3192446
810220
822281
205908
1669468
3571443
4942950
4881466
542450
260541
2351337
403438
1079835
3246609
1430521
2204383
3475118
2629063
2331595
3388309
1886300
1798934
583366
2869262
2059431
2007052
3745105
910820
1515277
1010633
1837525
155841
1194644
2170691
3832572
3810105
2852907
4000490
1685870
4475354
2161486
2593112
1634774
1519786
1407433
4436140
3008892
1510544
1029751
2408843
1492308
3869142
2071565
3559550
2061847
1810997
2801721
2535799
4192067
2957974
298605
3919954
4061709
4794868
4296663
2910136
1831947
4207527
436880
86940
558504
2566486
3960998
3360881
3708304
991885
1813153
2473657
2859645
3713734
1279233
1741167
2339024
3321891
849943
4517428
3586574
1519691
2007882
3688948
2733266
1908387
4181098
4276109
399583
4490509
3549779
4256814
3716255
2584292
3159723
2938661
3274964
421704
1008351
3360035
17437
1500216
4137944
1778837
3197499
4366319
3831601
4533830
3417327
2152613
392155
52583
156259
2116052
3102277
2931112
1635407
2042857
2877833
3296728
3774548
4529045
937449
2104329
4551639
1511712
389661
1215296
922472
3218566
2551729
4664734
2275149
4303575
3578206
4969143
2753270
2464146
1751502
4746504
3833158
2984314
4390463
704158
1953558
485048
3720098
4237233
473041
3416143
846463
3281370
1449505
3811075
1472082
2738293
206960
4136683
4194582
1812737
1187047
1985576
674442
275974
1433298
2870478
3176312
1785086
4245206
1413028
3059552
1189589
4307773
82278
1643262
4970999
1413125
1972684
946747
1227815
2913142
1871345
334870
1270149
4323689
1978177
1169746
4142477
3117643
760680
4254969
4209174
3510104
254038
1073184
1018810
2676754
3145254
4307164
3010211
3385553
4924949
3092563
1545312
1476838
182049
4564806
3710350
181778
518482
316498
748112
4965881
3058876
4145326
3916698
2847035
1865057
4694672
4085811
4417891
4743334
3617210
369155
3908929
133933
4310624
3356968
3083551
2998334
2704588
4395912
3012917
56125
447532
1538131
531973
179341
653053
887270
3381691
565195
2461149
2928691
2765214
2809094
4431547
1869226
4390781
1506863
882973
3802556
2539688
1699013
2760511
4503300
3712876
3933293
1412711
4336619
389118
1807027
3151201
2122284
2789663
74250
2705738
2138021
573218
4938908
4430181
2467285
3783763
4260404
757656
3248568
753785
4710693
4411713
1711669
771979
275935
4131096
660413
2571918
641861
2695396
2644430
3640739
3101881
4066143
1661301
3548206
4218225
534116
1069834
1328317
2647985
3455215
2569368
4261371
1881165
2795280
4267708
1813557
2636053
4230964
3515670
2745536
1977863
3515823
2770233
4440935
1899993
1739421
3196531
3870936
4870407
3460532
210966
2796471
4771566
3627057
1624761
4402120
1955339
4812856
3534965
3271193
4769453
1099818
1628882
898915
298290
298065
4443400
1810745
346046
1830200
1326612
1562173
3741601
1794231
1380251
987247
4032836
510192
2787906
2442528
2782127
1865572
883891
184
545084
3625219
2267006
227858
4799926
799838
1580127
2231779
4812656
3913425
4239466
2073074
1532615
4675619
7618
320987
1241920
658257
729056
2607087
4255317
3852318
4853237
2074796
854214
3966760
28570
124957
2412447
4183362
3863258
4301256
4940039
2871311
2543489
664868
95334
3792157
1363063
3967461
2128556
3867825
527184
682622
1234811
2906456
385111
3889436
4101160
4956267
3694554
4958417
3435942
4608242
2447417
4748166
3984607
2994129
2856825
2408449
4253164
1161276
784766
1033164
839860
1264195
2150974
127868
2625322
2983056
3857239
1662618
1598827
3859512
3611804
1185738
4681624
3784100
254361
2206702
2390663
2617939
4766081
1534842
3728003
1599803
4054732
4763954
481106
2076506
4037257
840161
2530257
4099402
168387
2244880
791425
461716
2289375
2461358
1190169
3751348
3003729
3170027
2817510
3919198
4527792
967473
806535
3930261
1806018
3263672
2621087
4447799
2670124
928900
1560307
1425853
1550632
3158692
1569726
3869604
2066398
2029066
3038402
1552524
3613910
1573886
3568083
3337128
228422
964996
2610880
777580
2517655
3374999
2438223
1929284
3225218
654441
2658283
1344983
2930369
1171893
357970
4501329
3252236
1417670
3163771
2112891
2939741
1546034
2594616
901628
3561042
4160544
4894860
1816711
3856975
746883
1648358
2101488
824460
223947
482303
2338322
3809483
4715043
3401510
591346
146610
4626801
4247746
1673925
1856757
2244579
618173
4653793
3318141
4879395
2885717
4714868
1902610
1978590
3591371
4006908
2903138
4051462
1689194
259669
3683150
4534331
185999
385335
4389642
4428161
4016374
4588979
741274
2692365
64136
84579
4141156
905278
2744833
2644050
2970724
2869779
1176460
3193429
4258226
4810207
243992
1742019
521421
903349
4160792
2610895
2789750
607563
3526669
2750057
790237
2631506
3088950
4064344
259871
415561
3603920
2196118
2380623
3777124
3461219
1829102
2917305
4219462
1433506
3237298
4480468
4452304
551065
1969583
2040451
1861605
1875513
4771251
4893706
2045240
2332723
1739534
2562382
705325
2226585
3413219
3600256
2456671
344040
3970312
2563562
302080
1865578
35543
2732008
3492704
446970
1667215
118906
2524129
3847476
149127
1530562
405984
487450
2389380
4812830
3326800
4764824
3471467
2485055
4702472
2146854
4442958
4301214
183686
1353665
735361
3814106
238028
3059516
3475727
2881046
4954619
2337345
3784990
2493183
1328642
2428009
4079874
4647480
775985
2268934
1245265
146302
1839968
974103
3173838
2476225
4272453
4575729
2779541
4487132
1011330
3519105
2306178
3616542
1184015
3769927
474836
644709
4165789
4646881
3585531
4637860
1213046
156215
95
1999555
4337369
1008915
4950482
2909963
2223190
3557963
1634563
4348730
3414873
2445246
1002269
1640507
3004064
1660539
4857946
4289992
3392669
656883
1651292
583619
4018880
2093620
3468299
4552971
2960806
424737
2877672
4852048
2181671
2482147
2911249
4797538
2648855
4147944
208238
396713
2108689
1858367
1881826
4269479
2719359
1974775
1720786
702423
1563782
897201
1326475
2085029
110565
180963
1300391
1141518
1709648
1984503
241909
1596126
2641079
2468648
1040232
834087
4052584
3937857
769235
4144310
3847155
75388
3636393
3442445
1862819
2148822
953406
4676240
2200184
782030
4244265
3320893
3531096
4694259
2575369
4956462
3006002
3446186
4131495
1820619
2152438
1979191
1506751
230275
2279563
4464596
1565551
1633725
4459926
2610698
2043857
2009003
3637633
3220868
4155681
3074690
3582474
392223
1308891
4991743
3687065
601389
2389069
1838410
1210475
4501197
159458
3264873
1049038
2271429
4169762
4026990
3639811
359999
1533079
236173
166815
4269257
3944970
4665564
711813
4004520
1281148
4698472
2131745
2312567
988406
2261552
4837788
3352436
2736431
337872
1079283
1619656
2567359
2081054
108517
4775280
1511290
78414
4649047
931075
4184737
1442218
3492872
4305249
911317
2054794
1820931
278648
2125710
586544
1135182
942875
3846626
1467870
434410
3646799
59395
1062545
2738726
4746090
3114500
3723140
3325368
2238515
4403736
2169674
3857555
683391
93166
378078
1324285
795961
1987497
2444153
1815812
1106716
2098753
4366268
4345240
4084846
3282877
1418821
480289
1845103
4327815
2473498
2129487
4511829
2423861
1431570
1882135
3354309
2748313
2905820
3537531
3303788
365614
4218922
374285
3425683
4385889
4820861
4982299
1048003
2108261
1368065
1930567
3337423
2794078
1589039
803132
1180822
635801
3807398
3519051
2456667
4896549
3433151
4843566
4125899
1679150
727990
3189147
2694067
1200841
3131946
4906968
4902029
1885455
4111610
1909302
3165831
3605112
2429708
4171248
3813777
685809
1163100
1311193
2671203
3821498
2245761
3389496
2320709
912055
1459230
1614288
948945
2547894
3209828
655605
2020204
2676234
1126376
3512603
1000130
855156
2966692
2573923
4981961
1371053
2462044
3476797
1053177
4773295
1434660
2069792
350577
4959694
3369438
1174453
3533201
1060919
4513235
3814037
2398984
4472699
1876599
2010646
435772
3890535
3151575
4067054
627256
3193470
1038096
430471
4602254
1369373
3885827
799287
789441
4836514
1617682
4153883
3465751
3251722
1268075
649403
2518618
3708791
4248748
297836
1802446
2179381
413063
2690988
3217565
3525045
3313999
413625
1685310
4442832
2524480
3245357
1243155
3189161
4983361
856354
3919234
682719
3731914
3731643
1851733
86263
1001771
1224443
4128910
283011
4717601
4479929
4144090
1356807
2257758
1526994
1787141
1676851
2978887
4752578
85106
627670
3076002
3411604
1385105
4653237
4285921
145983
2666453
2411213
4817758
1307705
2618008
2998695
1665034
1542736
798108
999760
2766180
3593194
2053604
2228114
1285139
332499
52759
1933395
1011774
1526574
1137733
4505560
2885405
4300410
3885374
952571
2809225
4140214
3279764
3736950
2882132
3877283
1487575
2113661
2160759
661280
629017
4600243
2471735
3824241
4583607
2919538
3597638
170801
1880655
3297039
4271953
1344214
3057985
4790254
2762906
86566
1792065
2911783
2721313
2603621
3466075
1939896
3488122
2206643
4876883
912586
584438
4024476
930403
2650103
550767
2245803
3906937
1892972
1120719
397347
209394
268580
4711199
1041132
4249107
3999853
3425821
1070887
2649979
4825753
2113245
1856493
860659
538220
1894325
1983736
3794366
479219
4612605
117054
2756767
3630623
89027
3835371
2537503
3825797
3473660
4739886
4679803
2203232
4072217
894717
1886266
3698623
2975190
2712588
2605004
2838948
673170
3121327
2055628
1199786
1411799
4294785
3525807
2846306
2643394
3946771
3833724
3124859
1589955
3962211
2617624
1723463
2943493
4789222
3056770
1050969
1314171
1518393
4943570
3015077
4061233
831622
2863205
1047699
2068226
3035662
4955316
1654955
2098940
2447916
1398632
2940703
1360824
3002903
960598
3191799
2357372
3906609
3401437
4923871
877440
244221
4884050
1875710
3722290
958953
1351189
3376618
3552396
3112466
2048461
997644
4561295
1295643
3582662
4704361
3396539
3324033
2886298
574131
820895
4868628
1385075
1125333
1426956
1792395
503567
798735
3673624
1579305
570699
4929759
397118
4620507
2307968
4894544
836088
2303060
134219
620883
4787965
4035590
3314412
2694677
1473878
4666930
2515975
3565703
4715481
366897
1864847
793540
4781824
2148502
4463969
3745302
4427601
185872
4665940
4480859
780241
697460
646047
4573419
3243047
1821999
3967403
2732743
1064032
1223410
2021175
1122145
4812684
2608616
900367
2058651
1639041
829196
1485593
4688622
2642441
4429714
4469955
1084639
2295229
1237687
4185182
455076
879980
2528254
2675434
4125459
4527128
4376268
2443844
164070
2994031
1411845
3160926
3564485
2338805
3578872
2552117
723206
1091392
779072
841771
1900421
3043576
4657983
1958043
3612812
130653
3410308
3223276
593612
2298082
2939295
130287
761722
394973
873046
2466087
4659737
3616636
3102994
105335
2446817
1149715
2758380
4872700
4402696
3931776
4514813
4289785
3553491
2468955
914056
1545035
30076
2304724
3919228
1609302
4617649
474057
3457882
795835
2630935
2644404
4586771
972905
4472279
3059763
1581940
653526
3852068
2777546
3837448
4777484
261680
2892604
1891215
4597816
1368794
3237416
3670772
2913589
2178055
556140
2532675
3236451
4731431
616602
2958529
4813224
1385163
3449739
1270306
2322336
4104171
4942587
1288326
4464837
2984310
2848527
4340297
12986
4013403
4099078
3398852
1282529
2253294
4930076
3828044
3376438
1583980
1008808
2745580
4268615
4121445
980383
962622
4340738
4829822
1587510
2595709
196240
891496
1420260
644538
651018
4227527
3569483
641029
3512303
4315810
3574812
3981727
4190434
3335451
2317796
2984826
1235527
4556529
3109349
849352
3243610
4822610
1817685
616967
4676839
4370820
1038778
2466416
4037761
586724
376054
242278
4737736
4865659
4985882
370533
4307832
3990389
1495691
469937
3054973
2072338
2285171
2604810
1033796
2004655
1688673
3806343
1183579
1058117
1126713
3375786
4652175
1845512
317852
4295104
2078596
2859178
900116
2896664
4566277
427896
4858539
3206575
650385
3076605
3790714
234789
3990786
3005486
1450930
4861687
3858221
1831731
1523607
3953230
4994535
3159111
543883
2056349
4346985
2708500
1724039
2816321
529437
2664626
1130416
4286188
1590126
741810
4204464
215179
4730495
590719
203518
3172677
4816985
4643966
1353625
1255156
4174748
1858374
1678375
2787224
1967187
3500079
3766543
18841
2139734
512803
806779
2018590
472575
56105
1891591
2208550
440096
2112511
2460636
440539
2988498
1996909
157158
4563100
4007815
868233
1383992
3764510
2360793
1937127
1591998
3806706
4280432
2298710
2521779
2868341
3573150
4700024
2538503
4766972
4148597
4734993
2825310
2317648
2697613
254263
2498238
1738323
1295911
3717542
3342645
235866
3153770
1715460
976429
4666907
4634442
4726463
399718
4594109
3957564
109055
2796790
104286
2223245
1595023
3549541
3335783
2766062
1599186
3235639
3287604
3272927
2031415
837576
2566087
4850162
4065499
4219226
1643296
4119060
2125699
1376128
1980364
1162984
132864
644019
2461705
2629214
998439
2160092
4116635
559126
4876832
3980114
83764
341599
3287991
4841220
3041904
4416683
4441763
1089219
488835
4192351
641269
3399989
4548146
3245717
2693724
3984948
558037
2805701
1974617
648483
568488
150138
3371958
2949956
1085282
3559479
2270449
1978441
813958
3248774
803051
3204083
3107429
76759
3110808
3117222
3840924
1341819
484355
4988181
4966449
1476012
4078324
3084775
2408256
2515410
1433807
1217331
1746850
107515
3802598
2896122
66384
397011
4685038
2635500
1744831
4136674
892150
3560433
4509501
789626
123404
2852079
4291967
2704084
3269895
1410752
719154
891786
3707072
1274943
4921194
4984979
3710262
2114539
4985179
4359591
1550308
3020046
1959710
3872440
539611
1178554
4888579
4351964
498648
1519322
730707
3067516
1170545
2503356
1686186
2001155
4232223
4389389
3608228
1550058
4537058
331247
2780208
854314
3391865
1036327
2380553
1499117
4242758
4299672
2122698
3750129
4112020
1227695
1522302
3126595
795398
1841636
1220968
4164657
3412538
1522269
3606826
576348
1168881
1116117
678362
3847861
2235228
3257899
4888838
3973697
2185315
409358
1121973
3212278
744555
653696
3392465
4236984
2596434
1586256
935945
3408204
1023539
2518079
80730
3307051
2964345
796848
599524
4217163
2925702
4905664
4379948
1843629
2186571
1880532
4858661
4745716
3169136
3095949
258941
238234
3949733
2692089
1899018
2396695
1616725
4464502
3893723
2647061
1117641
1972823
2788392
3503936
2792263
4856596
317276
276794
2580495
1666900
3527504
1120142
2430079
4801024
2738176
1393568
897139
3638680
4732075
817006
4294209
1043256
50076
3898232
2040491
35406
2259929
2567172
897892
873472
794594
4401097
4503858
1075551
2483148
2499025
212223
4164436
1338390
158805
1419246
3859164
3101023
1135521
3232980
683397
3185938
711017
2929706
4042997
3484530
599955
1913582
4396193
3101342
3757516
2181565
1702561
4397988
1888388
4293428
4969319
824352
3656504
1349594
4883409
4868887
3466444
4330522
4890790
3885498
785433
633978
4462419
3783038
3446577
562048
1684959
4682242
1834277
637110
4509234
4762263
3388387
2815795
4748503
3888062
2916818
2513555
2074432
906661
876088
239429
1670346
3699111
3219700
4436980
4338434
4918785
378714
4852526
2082035
205992
1573271
3691681
1860461
416287
3958845
3744828
1659863
1897901
4409801
4652749
3867534
1818486
4505746
3499104
670255
3225784
525247
2410974
2354802
1664158
2749732
3260725
4472115
4266864
3915285
4130025
1538732
4052809
4511953
3378114
3251115
438006
2677373
3678008
1740828
3031435
200701
4345741
58085
1807336
1699302
2156357
2679662
3989489
1861568
4262181
2670241
645521
659543
4677987
653653
1435007
1450037
585610
3598583
11051
1269873
542400
4526260
2983046
718438
1115712
4233058
569705
532677
959419
2823929
51902
3256522
1462045
3823027
370947
4154347
3194597
778352
965003
4652425
3751732
1500199
1160676
4014398
4926488
877450
3110409
2220067
3841202
2392101
2401788
1070912
3874900
951866
3404079
4808151
3718178
2667870
3271071
3440149
1625101
2355176
3738765
1323174
2790472
4327524
2849153
10750
3739497
2888560
603869
943076
1000471
3546552
971954
1820677
3819747
68673
1577665
1125938
819864
1963407
4167475
2018921
3268121
3545160
2376552
4781078
4944089
34825
1873422
2509776
262857
2624891
3954804
3600780
2102360
4431646
3037227
2544262
2749359
408087
4031351
2992652
3183549
3705282
4498311
2939457
2268318
2135570
4859161
2947713
258044
2307428
1650413
1414372
1871568
833465
492662
4638386
1224359
4098608
3954149
967829
1639883
2722830
1102805
2875633
1063906
1518234
2216858
3156966
1870508
2031651
237599
3781233
2458037
1316668
3018368
2069021
229613
2844442
2590560
3408840
2860597
2461955
1690614
4113117
3674304
1740488
4356930
777686
4972252
4411829
4016693
1012710
2504173
3352515
3695784
2111667
2781395
3685619
2604611
611206
4108553
1769560
3123594
1182783
590982
3200908
1876318
3132823
4096749
1772353
652333
772303
2475718
1004403
4834272
3725750
4087797
3573363
3820928
1603343
4141397
1300239
4042282
1188644
227992
2737667
4586034
4697192
819577
1773287
2176080
4995932
761683
4141836
4391488
4377582
2852120
1536203
3766662
322903
388432
1646594
2062037
3890743
2428190
4570430
4498641
1747047
542368
2764384
3641722
1072122
4448339
509676
368898
3242832
3517776
16319
1900326
4334650
359530
3408788
1933019
1066934
4834160
1177722
1571250
319636
3804901
66280
4206606
921402
1542856
3021371
1531179
4467373
4273610
1901168
346118
2518362
47716
4060142
4857632
2835439
3087570
2850198
3160507
802902
27239
3107781
4643242
4266164
4949629
3203092
3837595
1577903
2895581
558756
2953625
364959
4593513
4584839
2266919
1462086
1463140
2489730
2061905
3743085
4602423
1358073
4609827
2658452
808382
4267033
686493
2512105
3148175
1876192
4810476
4096934
3259955
3535946
3297320
2319334
2344543
3110568
4538702
4477485
3915069
268669
3702996
4511730
3544681
1136674
328994
410810
1939549
3241109
724804
2348283
2479615
2972316
4646229
1327288
4937205
2860293
874756
390984
4237188
4102777
3971581
4859428
4344016
2201489
4531632
643041
3790987
3589571
178668
384746
2241468
724464
4291469
3729830
4075163
3857783
2057444
4282951
3131388
718340
4912999
2305003
286099
1020323
3743726
1860607
1981301
3824437
1066445
4831367
838561
1993662
2679611
3893620
3538249
4105515
3146318
1827622
2279976
3645655
3798853
2195403
4441825
1814109
4228439
957468
1970941
3167082
1486348
3213737
3730670
4328559
445867
2680185
3708714
640846
3637630
1516013
670570
555971
1293112
3985302
4351097
4899402
1735595
4437512
732365
402239
2126857
676529
1566541
4487771
2182728
4452988
3604064
1972993
2644231
800452
572001
328160
3908388
3461882
148527
1976270
993643
860660
998475
4972063
1169116
2571079
4088818
1082195
2951924
3479687
2439263
2744130
3919243
2161082
1491565
3915095
1357377
615469
4771117
3645744
2735711
1474503
280865
4338509
982184
209888
1069967
3958525
336211
1838145
3321998
841042
763907
1664945
3710351
3725855
2166827
2849874
1632340
284756
147354
3610465
4144447
2333703
3702877
1364509
3566076
738603
162766
4915509
4107815
1646343
3384648
4766795
3320270
321231
1310223
2554266
1757284
4744550
3419027
3965625
4935864
4709029
4919936
4775127
3724541
4968268
323987
994398
709605
626152
531037
1947724
2524081
3472650
1537918
75330
3829100
4946206
3874759
4289875
3887226
3545631
1776588
2370832
2543656
1700298
715022
2655922
3398982
896216
344236
2275734
3032182
4371295
1205289
4193164
636395
1225069
1262672
2911397
992557
932010
132409
1839875
4034980
4870616
3666987
4060423
4259063
4687352
2110291
2544232
4757969
3948646
3353099
3681522
689590
954280
4491662
3997487
1367345
2449644
3014136
1927834
1892630
3088029
2373464
3738072
4737418
150265
3638944
3669648
4273968
4062062
2572814
4081462
3886714
3626883
2824763
2941877
1462092
3135437
2291133
1780156
3621160
3890692
4735544
4588130
1062665
608722
3390516
4068823
991441
180346
1138289
2702996
438044
488123
1229528
2950224
3227165
4468488
3780956
2678419
2819260
2615052
174518
4749706
4764584
696877
2282534
2205641
2516031
4766625
194016
81504
1372144
1446455
1538287
4672959
3306333
4585006
4655645
1732134
258329
4948107
1803971
2959911
3317600
2017525
1175036
3406158
985638
1662778
1842759
4617865
3558427
4836460
3639513
2913645
2423547
3820291
4075388
4969100
2058621
2696725
4041369
4671139
4843321
3834183
39542
2931027
1411250
2273818
2857221
3149906
4237305
3272639
4672533
3856377
4742083
213309
4171718
2945916
2274462
734952
4015234
1829372
1193927
1681929
1839199
1525364
2861576
320568
2301762
1362952
1679666
2461627
4474383
1540022
328484
680834
1347912
1453837
3697879
2721756
2516658
4718964
1651248
4082290
3495715
2333470
2693320
4161146
855063
1218528
4657891
3136270
1836464
2608923
1401511
1723736
4818173
3398337
3001651
4128094
3715406
4691252
1172036
890620
4814382
2219177
2896994
2334642
1467443
4424654
3271718
2189450
2548739
4743312
4559937
4319620
4286962
4902601
4201715
3587244
3089278
1389432
3228
1621768
1365673
4928419
2723356
3863186
4641302
1428572
3989135
2795380
3682367
4862365
2562396
4901510
4030966
2942453
1323209
436306
680635
1079874
2184436
679735
773529
4209546
1211607
3057118
2694906
4563186
3738712
4791965
3218204
642424
4528408
2837102
2459104
1805782
2136599
3827215
647285
2408001
3096474
2872804
1120677
3132018
2536621
1340286
3910861
4523218
717253
1981148
1330042
4085212
810532
367584
1461749
3016336
117209
27611
3922848
1823216
1020135
1993966
3968471
3611778
4856191
4996853
520406
2888597
1327311
1290642
2528567
2599973
131932
1518249
1636459
4261020
1005757
4530641
4814661
649079
513517
562573
375180
2661856
3770952
4629467
848854
399760
3725684
981072
1139373
1909175
3031833
2767427
2447294
1417011
2741270
313184
2982725
3843686
1868188
2917429
1253150
4242337
2586196
4446243
4580775
3479727
4777112
1173411
2395066
1575522
475506
3792031
2341847
607093
4330076
4275704
4210723
3987383
1020809
1139376
3226307
3839644
4594800
921840
4749720
1375557
4102153
4543885
2692481
2813259
2770751
4465929
860202
2980405
344563
3957120
3331022
2981388
1393826
4658220
3553176
3705886
2069765
1333055
2252247
2353558
1195453
3967446
4475143
4059012
190706
1741037
2424341
3848015
1060365
1748865
3954288
655013
2510280
2792809
1310758
274573
767429
2817872
3996660
4305372
4262964
4264234
208989
4284777
3652320
4385549
1107526
859113
115119
4885351
1241338
3981245
4066639
3640033
2420542
3720839
1629000
123050
127105
474592
1328992
3096682
1698864
751010
817182
151772
1555489
4772921
2908221
3333390
1040732
3409684
1592265
1825642
698746
2604525
3978285
3379942
23902
2042772
2511853
4461418
4533150
2245275
1799421
814045
3581133
1871849
4835752
2917016
2995430
4339842
3598273
4582222
1285145
1157546
4034769
4136106
3401796
3705271
390275
864045
4877667
2245913
1366606
1926370
1193548
1714448
2165767
519362
3190763
4189296
3556929
2321754
1721847
4935139
4239959
2408103
1181946
398229
4148675
2776327
2932774
450441
2349378
80709
1321624
1472136
3008050
4478023
402778
1163986
3226841
3319222
3968191
927533
767234
2653747
580045
2594321
3945154
3867264
1775840
2443859
2885413
1944340
387122
3665119
4465427
1591695
4830304
605254
3778919
3245594
1987931
3561617
4421209
606208
4979807
3897065
4910085
1020090
1222791
1314346
3840561
2759408
3162257
3847759
4362471
2905141
1425778
1437929
1293073
4945040
3644072
3205785
4482520
273620
3721095
3607068
474813
4073321
3333500
1858371
3158800
186600
2565573
1160770
1560883
2209564
584380
3984246
3776931
2069305
3449110
2875251
2301544
3012286
3640315
1999700
4545759
3401750
2888142
2548270
3884767
955006
4238467
3818620
3944734
839499
617248
3019236
1419043
3668181
4729572
1606716
3130736
2469249
2101682
4595049
1832427
3130740
4115173
235424
4088318
2022535
2071908
1966220
593249
2434877
2693502
1762725
122445
4591272
3983898
1473419
275933
2273425
2136329
1015492
1858408
4626602
3417785
4664003
4409359
899048
2276355
4426219
3108892
3456200
485217
3838129
2149389
3935857
591662
893652
283286
4565573
4017742
1224321
194729
4894478
4387588
26990
2546955
3668908
2560211
385771
3275956
2195797
3143137
2966037
1525481
4448502
4632942
345126
4313099
3357297
789902
2105509
3176709
1713436
4606513
3545263
3532725
2756196
1919789
2073140
82424
2275116
405300
4922363
281425
3722698
216612
1225038
2722769
2563365
2244526
4147125
4361799
1049265
4481147
4768406
4679849
820691
1704361
1581169
4845810
4709909
108952
557291
3791116
3460576
2156446
1113727
2847443
1863166
2850869
3385302
3099017
3358283
1799615
1318309
4647965
2729621
149072
1663294
1365834
3952070
4500966
3853281
799056
2312108
3597156
2653090
3598398
3585377
4438460
4655100
371784
955380
3300694
728326
1965015
2546567
3234346
3429214
1845516
2274893
176975
1885894
2521369
4202877
1349348
4708113
719422
4125248
3278055
390102
1893654
2508602
841919
1429507
1473791
233506
4649181
4600310
3769590
1620126
3195792
3932981
4885542
3688384
4658629
2926125
1177818
757278
2997901
3880551
840401
3474457
4964749
4029998
2617084
1191658
1650530
3784047
1287028
435813
3117337
1453236
1403439
3300455
2341548
801101
3618276
1078923
4245700
2770752
385609
3231191
3986433
4878226
490694
2353050
3516496
202393
3339754
4413056
287229
1539788
2871225
4301919
3914888
2862058
3727798
4500795
1224973
1227616
4464620
3994025
3701832
3483510
3474272
548153
1345518
443131
295214
732700
2860098
4710205
3343498
132681
3137828
4497806
2306520
512190
3809657
202259
4115067
3510346
3832275
4845176
2666318
2684086
4204533
4997723
4848515
2597100
2289339
3948108
4734878
3775802
1456073
254177
3038629
4800576
1218600
824957
2924187
1024593
766838
4276737
486963
1672221
1597137
2515727
3214585
603249
1331232
325897
1301459
598468
613730
3828995
931876
1101326
2879973
235994
747100
1817434
2962080
3688951
3677964
3347416
1632401
3464919
1914534
4741781
29734
3330163
1702157
1743196
4373159
2519976
3085089
2664075
281933
1437646
3865099
50298
3246901
2130940
4542633
3213505
3185388
3579493
181284
2812822
2115470
999770
919233
337666
1999216
44934
3700467
2079763
2476215
1710004
4621859
4896142
679687
4309143
4722379
1744100
3040206
2392739
2089613
4769962
4031997
3476350
4026508
717933
622552
1426007
886578
2338681
1251015
2468042
3720027
1365081
1433602
4680158
2472060
2950414
1287166
2502297
1084246
2721299
2587526
2271305
665675
4978258
2488571
1747114
983781
2880858
814850
1931781
4747341
1484404
2304152
3340496
3211894
941458
180294
3931094
35825
4591834
3477153
2981255
1583522
1284176
395543
4962319
4627777
2810629
2418554
592740
214128
963849
3368023
1640422
4866340
1400582
549555
4009244
2517182
1556214
74432
140137
3499695
1771043
4155758
1422142
1566421
4721771
4843139
169600
4023224
2348479
2669748
4471892
2848634
620157
3531488
166625
2816251
3068112
3835437
1161466
4765701
4148734
2043484
2635895
541173
389730
1875623
628851
4003909
1620326
932711
1900959
1426882
3674711
2876247
2747024
1615232
3827031
1207478
3800778
3611600
1982152
520991
422969
3993945
21888
3336975
1087261
2307158
298967
4951916
1675466
3104885
2043557
3696479
1226829
3185800
2670877
1798690
37091
2458063
1665340
1439218
4148829
3092860
3589161
1930836
2592124
3265934
1801008
3865441
1312206
4286820
601003
1059113
1423818
936740
68220
4552497
3661343
4330575
2705543
3022105
2154734
1757384
1233198
111683
726209
4098421
4270930
4999020
2558563
3416857
4949418
930413
3298558
4451606
686101
2514588
410296
1034046
903865
897855
902633
698148
544916
3382981
1641242
4125819
1200574
473407
4493476
1593983
4184901
1550052
679940
1513223
1190164
1016423
141711
3221484
2107333
3079587
3168573
4231294
1615615
2509037
686404
3570410
2673637
3522102
3437354
542958
1503093
1491830
3419154
93728
2612972
2968517
4082614
3272711
4650491
3246742
3088806
581480
4935339
2555036
1163436
1460471
496384
3862158
3521987
434827
124736
1138382
1588348
4791851
4838790
1573970
1237772
4001362
3258730
4764630
2499281
3779859
4462111
4529498
515355
2967596
2961096
2602536
3719379
2384564
54896
1713808
3517515
822069
4100431
3350086
4952249
4611739
4194312
4170930
2313394
3527378
3495271
1398717
4304723
4244352
4763411
2046626
1952779
3194715
3291195
2286251
3762271
2124263
2662560
3037876
1072375
1585853
4346663
2604469
2222809
3378074
1852809
3875008
2483030
3165258
3024243
1121206
4673806
382460
1559400
4122655
1076031
1347180
1490445
4842159
1160510
858204
4692576
4088642
4841987
2015642
4952004
2860487
2756992
3761190
4744530
2319946
2793249
869302
3802578
1642614
4472019
3399696
4495806
2975833
1578781
4500763
2987560
4788955
1367013
2770473
584577
2779835
153212
726243
3469293
2197994
1155374
2817749
832621
999422
3542423
875517
1613034
378198
508886
1033434
831600
1260430
522266
4538446
803770
4581240
2335936
2818746
3966467
3406680
728075
796633
4825136
984505
4633874
483024
1330197
3427592
3262433
2120281
2602716
529235
21802
2267196
708969
3041542
4042643
141594
4132023
3323655
4185264
1153904
3708043
3283990
3665302
2390248
4211749
3427098
1180194
3011227
690375
1404336
4936109
3316275
175832
3843596
4867725
958101
4334787
2297628
4136319
3491058
2025437
1723584
1377023
4664126
4270718
3159873
3633557
4913319
3401225
1184466
1706053
2870679
3203769
1503387
454737
3894893
4128400
2796050
2398145
1814391
54359
2647998
892618
50858
4618044
3837250
2642701
2651052
1941151
610328
196736
4481214
834182
799401
2576130
224263
976747
4021463
1850318
1585752
2292953
92238
815126
2556731
4073443
2350606
2389532
2183014
1758422
2793266
2033751
2529545
2307079
3183227
4643128
2398946
1895840
975956
3124135
3663319
564311
4269491
2454815
1104154
213709
789861
973522
1804138
2004732
2246553
1271747
3156152
2524462
394417
4018879
294605
2727097
1935061
4728315
156549
3876671
4573147
2916191
2095606
129162
1966191
1675685
3041745
4333401
4505546
1832576
4966807
4147340
3183456
3291375
2262048
340315
1225584
4590382
4931679
3057927
1593165
3281301
2646310
3812479
1551812
4766700
1044002
2221996
1531394
1621557
1673848
778327
2440287
4291587
687498
1901875
1861876
899936
3458037
703379
1224717
883057
2968520
844483
3822179
4071172
3511291
1021991
3123386
2740333
391805
3718208
423365
1581398
3989409
2344104
3990540
3012364
3240140
4849275
4304160
49508
1302534
3434902
3295390
1013500
813877
1374001
3349961
1169984
1742328
2636206
1813963
3115387
3176975
3672240
3510279
1944321
4872717
174987
715788
1008220
2307883
2346880
1587491
3939560
112640
4206539
25053
1517265
4957221
2884174
4105362
1758830
4969184
1559121
3531988
1180016
1809553
3853400
359592
2692547
2636163
2980116
2062770
3444637
2346339
3758573
2539219
3060216
4985228
3304108
1605788
2542580
4578943
2439159
4350809
2368442
4364752
3994519
4602103
1627774
59162
3733684
4224374
4350532
2221318
1512516
2995890
346414
4582344
805606
2443035
2872402
859613
3157091
1773870
4616788
1987095
1643576
3479418
2513822
1893967
680200
4795676
4395309
4602339
2272952
2905153
79932
1032188
4509908
2344036
1883335
3040795
3488564
443143
866497
1790479
641032
4374829
2460302
3859605
4791550
3774862
92666
4044097
4298409
142172
1105932
3215228
725563
2565558
836978
3543934
4575123
3874547
1211486
4073201
2986959
2911067
4156211
2577008
562209
3448457
4582723
4629053
2062053
4160619
3723241
4840568
2925740
950787
1373834
1718906
4928445
3333375
4195976
1108827
2859988
2948362
1604187
3788813
4985888
3393931
2690420
510818
4560129
1781337
1874368
255441
2457770
4887417
2557254
3909463
1610535
1590851
2317775
3508643
2571008
4178858
4819738
2485306
1056763
2709140
935110
4767990
4698599
776308
2702812
4610284
1703985
2408910
199363
1000783
443268
4205215
134844
2123445
3182179
1388931
4650800
401986
1002292
1506656
3733330
4942798
4560745
2037232
979075
35453
114223
4495674
3308017
4808583
2544036
3794687
2732741
652894
726086
4930006
3649745
4435725
1196095
406006
279240
1927550
2935872
456892
2057327
2169730
3277758
2180988
1596109
690996
2050716
2370395
3502828
3796332
2954679
766372
352088
969539
3920172
1689039
4137323
3000
1044400
1014368
3808625
1500634
3600632
141297
2153695
1647155
241734
1884057
4394680
3414901
906097
2100099
2022220
1155585
2291785
1320209
3348739
1540875
2064408
234215
400353
4348327
2364254
849601
3978887
1556068
4493316
2155054
1787125
4762123
2260360
4559884
253546
3269121
171777
3815324
2356238
4990725
836785
1535787
3905876
795191
4607214
1339307
4540523
3623395
921287
3836376
2113902
4133522
1927506
3906255
3175904
3596364
3152211
1935699
523489
1993509
447500
2888494
3393472
4358993
3900059
3554231
549771
3168242
860784
1118593
4039784
1844180
3266604
4957257
2956588
667787
1397995
4881001
2205747
4686018
2460792
89995
700989
264387
3139781
4166149
4918410
1254974
3911622
3212275
1136554
4685164
2846620
4157098
2679138
3439571
2611381
1006613
2490196
190224
3272504
4468718
1527834
3339974
1830012
2209890
4294865
4642065
1451127
4342090
1808633
2941449
4242603
601032
4262464
667298
1821422
4949368
973715
3005699
2325969
2637825
2445541
1882665
2082853
1850630
2886296
2897587
1426087
2251851
1278290
3155251
2115603
4798104
1670173
322237
4532953
4964171
4242374
3257729
386013
4840664
4668889
851197
2213290
3388638
3400908
194656
261008
934952
1096483
2220235
4739114
3266957
4263631
775725
4182175
2660981
915903
2327363
1358078
1299858
305658
2363955
2774579
2443760
1883529
4005170
4441873
3795335
572381
3195239
4964487
3822712
1763971
650034
2304389
1270351
1981929
1027556
3575831
279475
1692827
2151361
4563159
2148748
934351
4437718
2585535
4345666
859388
816627
1059122
290578
316738
272821
668335
4698363
4954340
3747796
4600712
593416
2355550
1980471
3390680
4316773
1250205
2312747
3026049
3982097
1330998
2225159
900185
246130
320595
3609816
4883347
2139483
2793038
359858
1572034
1666237
3729413
2494246
4289927
3573968
4453925
1499175
1012850
2905183
2500657
2143894
860456
3282952
1003967
2865843
2618408
1843254
3542674
1558363
2161410
4793178
628298
3855724
4576497
3709370
4071247
1429431
2524869
839475
3694796
3839558
2041912
2153913
1506586
315976
2615516
3405243
732974
258410
1961936
2010894
1029708
3252361
338391
2262474
1874828
1591541
2821892
1766711
3306164
2626535
2114533
3482103
697547
2409495
4461786
3390460
4859276
924325
3074104
4989976
4272662
1758811
1997183
3322121
1879915
4493027
3692856
2928548
2530545
3451261
2885680
2328295
4927830
1706208
3495599
4812408
3636572
2461920
1209494
1225359
3493466
2834344
3927917
2567661
4009822
3690166
4529828
4569202
3414291
584303
4531461
4767049
2750971
2363024
635543
602734
3496652
2722550
3902122
425854
4073609
3573419
1099026
1583809
3937670
4125619
3595901
2868215
4142533
4973383
4677111
1975366
1480025
723420
4836040
1200826
2960009
1034388
2626298
708520
3934291
1174557
1439040
4633654
4825656
1982723
3669274
4392621
1074657
4370222
442379
433959
4489054
2478246
1421033
114458
2176899
414300
1009700
2568477
2313631
4810881
4673173
1274141
4990182
1521413
4160573
1462277
3827623
3450253
4654453
3626629
4657712
2115409
4417426
2383429
4849721
3297254
1217883
1953862
4213322
1881070
2979890
1524812
2663683
1142221
4656350
3424319
1662119
3320253
180576
4636759
4003178
549296
1919801
84790
1375446
2728573
3950198
1120227
1224692
4169177
1301083
2662636
4442085
1142705
4731983
3194792
2766253
4905990
3217941
226615
136579
340713
2364316
3219081
4754548
2201252
1631635
920369
362886
598489
2848051
1712583
2662145
2743158
2001475
2981151
1974700
1117278
1972273
4405495
3227117
2079414
2929
3989331
544472
596564
493722
4463001
3138822
3810694
1124837
4066183
2485119
1140476
2087468
2238702
775152
4198796
6886
2970986
506091
58473
1293795
1858343
4857562
625384
1407522
4536924
4476963
434732
2519286
2596696
3085798
3350579
2480779
3224795
4965430
4681053
53965
4888014
3227692
917245
342375
421868
3006557
106271
1289875
4515583
240952
432970
3602158
2912318
2187192
2202054
3494265
3434673
4268093
4293921
1025204
3944367
4592543
3769266
2242931
4873951
4445117
4303680
235679
1563232
279335
2392313
4000628
2150981
1829830
1193471
264219
3568628
3765704
359867
934502
3075005
1539090
2017189
2679970
4620293
1637456
659827
890695
3575697
1344885
3036721
2541374
4107369
2317471
617308
3001407
2605180
2366770
947850
905078
1009019
1046388
4306053
3459080
3319169
1624629
120401
302667
4114598
1343663
1686191
1388370
796630
996117
2811672
1627797
4866312
4616052
766691
2301273
500534
1164466
826973
62097
470955
680920
4594836
358509
197654
1112935
1202799
3358630
3842767
2722106
1767307
504699
3978816
1209222
153194
2467844
4919920
714302
1624419
2021968
1117301
2971421
160350
2210789
887179
678274
4906197
179499
1538917
4579808
1368128
4801855
4139500
652357
1447455
302614
1716194
2130489
2811249
1698591
1573899
53923
486115
3424429
3854892
1645940
2330030
4435936
109985
4657599
2026118
1531325
4071389
3675286
4192812
4948306
4050963
3831417
4967036
3641370
44408
3836776
532932
1081742
3501205
426031
1124902
4656183
756089
4781816
294518
2491065
349859
3491771
892742
3672421
1240352
633951
2924997
4036708
282862
3197859
1521051
1771098
4009161
682628
1363910
839854
3902808
1673493
3289621
4942182
680036
2658903
556708
746786
3361697
2574655
1962769
4629198
1116191
2247209
2630756
4752976
2818852
3439141
3241107
4814122
1482234
242457
2138740
1750219
4991877
3822195
1777721
4704560
1029145
857132
1195251
2812918
4384709
3376137
3191519
1790855
3235677
1945086
2926252
1408081
218190
1305995
3102169
821121
4627945
1611200
375034
1233589
4940709
433569
4251948
3160242
3419303
738484
3052794
2216701
974959
3735307
2136143
4650529
3403057
3131149
3635320
4683606
4793517
1760353
1115687
1537064
2413133
3543647
4713855
1339077
637379
4299370
2036616
2906318
4704427
484450
1416574
1842679
1510672
1521973
215696
4344206
4615963
3249862
234551
3998570
2291850
4806361
957865
2983878
125007
2213629
491308
1939443
3099025
3458142
3056558
1741767
2843792
449904
2236917
1727647
1588912
902665
1564984
3277341
241063
3446540
3485022
5522
3835351
2724703
2522469
2279763
3934678
82684
288293
2689097
18629
1801714
1356885
1423102
1825532
2490752
4609656
4115412
4997907
1388216
2965903
3355585
4718155
2627397
2647395
4112776
4401262
788340
2944845
1444204
2987458
1930400
83939
3648170
3651113
3214018
506798
1079106
4429324
2184221
3085807
4811996
4779599
4578763
979740
781856
2547574
3283152
4002461
2902150
2614315
3701419
3633229
186066
389970
3590432
3219180
3235437
4063093
2557407
908551
1861689
3812183
2084255
4730603
3020062
3988375
1309230
1125269
692151
1654782
2139722
1228237
2556297
4501522
2505211
4796788
1552178
2218519
3834961
122205
1821294
3013309
4142834
2666524
4018299
1486076
1351668
1574733
1309245
1793930
323502
3158894
6436
2900892
4307617
952747
2282810
88770
505242
4180964
2353505
659439
2280215
884647
2397838
4195606
536724
1689310
3548468
425319
2047060
1606609
3115292
4171869
4282223
2779107
1367139
2349374
1357905
1535330
3647425
4925111
2932617
1762279
2042806
2588731
335187
3513764
1489564
3009366
691045
1261438
3716443
3034460
3370131
3859519
1368571
185972
2843286
4714877
4341900
2775951
3052479
2126545
1308316
3037986
494297
1128784
3258013
1977226
262096
1804654
2920810
2305394
1204548
1662064
2757212
2310034
2940238
564663
3307966
817732
4695209
2228104
391122
2270946
2329924
4407064
1348566
495727
1821530
4770430
1429005
1920861
3388760
2404331
3685551
3312022
2839748
3525945
4739529
2135018
2428607
1089014
2339320
1917379
1349353
4383410
4679933
14262
2796306
3633697
2739837
784597
1063884
431133
737273
3702234
4658841
4090486
2976240
3210045
674413
1045150
943649
1426878
4290633
4849805
2413339
636053
3968865
3483187
650972
4240750
4607182
3562568
1061751
2738014
2828709
4102085
3566200
363933
315863
111012
4572645
4397772
1247437
4113060
1237577
1444243
2454875
1260062
514019
2046219
3689318
1947033
4184262
2551412
3253671
3647902
1812645
1939627
4107324
3640832
1574035
2205701
3360159
2890636
1719341
2154776
4897542
4160
2873214
3250037
4672120
408390
2587907
1876383
3082028
4239165
3522076
2099160
1488985
2206170
990713
2628212
1639720
3057603
1736699
851518
416664
382559
2193927
3750562
3924585
4238647
1451995
197930
1599281
177022
820484
1957269
4626569
4063107
4866919
4086961
109763
4154860
1004517
3851258
369147
674521
2811918
2004057
1974648
548833
754845
2779668
2587874
775539
317394
2672392
1276185
2428129
4643361
1663794
245953
3437704
2282400
3762575
4874370
2431030
3922013
4314326
3496684
3443980
3032192
1591111
3399431
2797302
1480651
193933
4583243
2719824
369615
4732540
2410309
1511974
2760657
3519077
3684770
3223801
1241898
2991242
3027493
3175708
2269053
1274146
3548154
4412816
3382269
2423140
3259226
2739185
1809093
3109440
1427118
3994129
214289
63461
4671390
3413158
2120587
1697789
1843178
1118805
2134266
4381717
313039
4632475
339582
4760680
2453396
4993696
2683009
397627
2135473
2852450
3579031
1392972
1125185
3939335
4662012
390738
4031408
1540119
4240905
4335357
57985
3752819
1216095
3478491
2094204
906781
4974129
1113495
2603232
4963711
2983236
2712692
3355850
3716226
4236009
1026710
2186796
2613213
1600379
3964662
3284047
1324883
4172663
3359341
3102087
1340892
3230039
2829666
1223984
4967632
2507994
2568432
2255871
1218750
1230526
2549608
4202762
3798919
2747216
2109518
963566
2668289
2400873
3856631
3244219
166675
3090321
1939902
4904465
1192204
818475
703821
1311281
306420
2516401
1472866
2506813
2600041
2420587
3338258
2777198
1810547
3745637
3395448
1815576
1034735
3126762
2825872
2413094
1286769
3203043
2265568
4890973
767542
4603223
3504761
4966063
1915138
1826745
4778594
2768901
1386630
873571
1367398
2507496
3489091
4939289
4117754
4984287
2943981
239590
1116598
4569892
2854961
3639407
2369478
387425
3607865
1628147
896328
289632
276607
728017
4983904
4277335
2397566
1654848
4593806
1121203
976217
343146
1108475
44925
4318624
2562685
3880500
2275569
549920
3684487
3089250
4480796
1279090
3692123
4887551
4654917
1466691
3784449
1469864
1899464
3172910
1852425
4336816
1341100
1144234
120366
4822368
871057
2322504
3387451
1050871
2795454
4571203
3615842
4953761
1373782
2324590
353139
4064390
3318775
412862
1639524
562166
1551586
611626
4036998
1461201
2851736
465038
4743700
4081526
1589055
2690016
2820178
2569289
3672100
1278322
607321
3516574
3519401
2619008
2636151
3283608
2675864
2820755
1449044
2662791
2935698
4449879
2459767
4311040
3518054
1524566
1612697
3617268
2833223
176833
4685187
4689734
3080223
1040276
3035640
3136435
272412
3217393
1784935
2280815
3170997
608870
1103403
4435586
3573004
1073569
311365
674104
1591301
3454498
2285576
255361
4352105
4015087
2457319
3550564
2284553
3535200
1352118
2284174
1878774
2336641
4708668
4098360
2954000
700151
1925141
4556324
703141
1769598
3836697
1840360
1650889
2320614
2935892
4416916
2772007
186734
1868602
2632392
2568857
1893055
1485991
3468082
904409
4035185
2198731
571332
4605519
704846
196496
1195415
3543098
2705926
3445933
3927943
1288271
4307426
2287535
726793
4873260
1558630
919781
4323559
3878605
2443853
1483586
145409
1787366
2604665
2654654
2969910
2889639
3809499
1272148
938781
3374192
2141858
216397
4027130
2145302
3840492
917272
1448117
4206140
3059193
2142534
1486057
4575136
3330849
2958430
4657178
1659307
71853
1291614
4607626
1094136
4039299
4564299
3123553
2190749
1288135
228014
3818661
903077
3931612
3103900
2716862
3464766
4372080
10715
949505
4255904
1086908
4904098
2494144
3067547
1266600
1937135
3741958
2816937
4545540
4476447
815614
3940953
2377884
4461456
2625965
4095497
2037724
3589970
4579942
2348320
1287555
4836662
3796903
4192105
207468
1425977
2576350
1735958
3242753
1367559
939105
719115
1636064
167782
514669
2554950
4840557
24317
3707212
820569
1355462
3545686
4849446
1697815
4385624
4511673
4136875
605505
1553515
1892237
4453333
562054
4243445
3542856
1574310
4686374
3777921
4099705
876515
1661043
608526
251843
3007987
2710369
3307619
2528173
3943516
83543
595806
3801651
3618018
3148247
2529783
3698942
2684619
4427602
4733802
1645322
2345630
4377484
4229403
2621753
19386
1708099
3468959
3311027
96344
2455533
4247774
3038867
4705082
4037077
3734896
3743631
8705
181690
2700820
4125783
3859570
1118080
2828064
1965356
3134106
4112507
3737420
3080351
4636816
1609112
4438682
421807
1457460
1923379
2952522
2523706
2685560
2395298
4742392
4426608
592954
2502116
451828
4575608
2655888
584169
2442222
4901221
3907650
3640309
379139
1862075
2820219
1351591
4961312
1829522
3066228
285877
4508945
2188928
3015646
1582233
147259
2280883
1178356
1475845
982424
3664495
1604043
2033125
1014942
2583930
4347422
2574262
1474050
4060104
30388
4611795
3000656
418782
3251320
2014624
1633782
3187785
4506276
343409
3421758
1740018
1767161
2781621
2790120
3569771
4097792
122323
61394
2213715
1708224
1548727
2565693
66921
2832092
738570
1850658
3008530
500212
3504938
349563
3605466
3570999
1429179
2133107
3890281
176411
6201
1441282
4079468
3127476
1392385
4736515
1819441
2283939
1748161
3270731
697663
2050731
1932076
4063398
4778950
4200854
3260562
2793313
4643467
355136
4466339
1849412
3655987
2452166
4222231
2109823
1061572
1173177
4349820
2438745
1757183
4201790
4743663
557768
3672074
511629
277330
2834622
232639
91656
4592253
4509073
3736896
1182974
2290396
3128946
2994654
4874558
937335
124099
425260
1217288
4070031
3374725
1768086
4324244
3301722
1574586
4514872
4328284
2559910
2925942
3470792
4718329
1194656
3579401
2055429
3167741
4896322
2316252
2045515
4045693
4490633
4053090
4617855
1922908
4001206
3109488
961750
3510631
3899932
254692
2230009
1311251
2573595
2276904
397477
4461229
3639728
3784294
3393291
634514
1728977
1884282
4797297
4325085
4288187
2054811
4001867
1144764
1255843
4905732
1217782
2126227
780132
887012
4365175
4048046
1121045
1736708
4371425
4610726
1291443
4765045
3354620
1134535
4026004
2328890
4295983
3821215
4752396
4128366
903710
309019
737454
3183043
1118600
3814390
4383562
1762248
3479651
2715011
4789478
2287015
50312
935744
3974559
322198
4518690
666371
1319658
574171
113995
1241843
4989640
3733419
4462096
1193493
1851197
2323540
4940158
529423
756764
3456930
2717822
2362361
3940602
1811462
2523773
2503250
3854735
4452195
1054373
2122503
4392743
4901836
1944827
1665029
1851702
2141077
274626
518195
3740950
2806774
2978089
2751276
4246238
4778184
2197952
1469745
1934452
72723
634104
3232453
3345710
2775022
3416599
3035916
3207237
4451054
2000353
2923612
4266873
1867627
1280670
4498343
431610
531446
4371007
2314739
1413214
2538601
399814
1522252
211717
2132702
4120424
1558597
486409
4083455
4620097
1388197
1704110
3001026
3976070
3131669
3792872
4560427
4307896
3619405
893966
2864792
1476415
2526658
4539341
2969200
2157376
4646336
792430
2640024
4148702
135911
861636
2446295
3631854
264596
2478088
3352947
2284828
1252646
3021621
4677134
494255
741249
1699339
2334448
2872837
3179916
968197
4161951
205457
2597078
3228730
2228096
1521692
1370743
2043075
1159297
3955272
2524206
4349382
303663
2898624
3202435
3665646
3977820
735770
4543507
2823666
3477179
4495101
3164149
1511528
940688
2745068
4668622
4523612
4575535
4670534
1311344
3173033
1837908
199766
4410987
1371438
515260
1971980
2210278
3747037
3588051
1805685
2869502
4241852
332366
336495
2183991
4156337
2121219
549581
1468675
1754549
1147996
2284176
768810
2456650
901066
1404652
2884856
2585868
1071198
293716
3978664
2347000
3563874
1824954
3344319
4885292
492953
3086017
1303705
1870779
4520397
2039467
975606
4414809
1074668
820082
1990245
3917970
1519538
3301348
830261
1490162
1077426
3805115
910546
768415
1570111
4948918
1789825
3050613
2016019
4306000
205238
4087119
1471441
1095012
2845506
4738757
4351767
534077
1061282
2172457
2396006
558803
2861873
1169752
2572755
337934
2979069
3941526
2547236
2487318
3496036
4756513
885524
1106163
819144
2921081
4680381
582488
4050634
3928770
2927447
4946999
4774104
1346554
1484777
4912847
4230806
1759617
1179758
311679
3535877
943217
495970
4629595
1340995
92320
228540
3654953
1954164
1785039
613454
433839
1881428
753492
3956025
649396
441959
3834129
2169509
1786194
1436118
1507064
331910
4254673
4873887
4654160
4285550
1814973
1508099
4904285
13893
4613538
865859
1058669
2972068
3171246
4222052
4215748
3191112
3839432
4258412
2169161
2586681
85932
2450119
3743946
1876269
4938444
3230038
747873
3130501
3187590
1330296
3502622
1378146
238556
3674487
4879102
2365488
1006299
203557
425445
15373
3098838
432556
812162
3761461
1101606
2357614
878128
1508923
4515639
2591965
1925469
2927810
483825
1924482
2296725
3133685
3196333
2341774
4837830
3924860
3336991
2245451
537226
4189580
3831470
1427807
3371084
3845392
1723295
4713323
3486306
3464768
4363935
2030610
2439711
3422493
3904395
1444344
768866
2416921
873653
2345711
4151536
4355461
2603404
2611442
4786557
1716065
2390718
3967996
228924
4508953
228659
893028
3368628
956620
1252889
4719096
1562503
3558036
2648493
3753978
2117160
4836208
1338036
1068984
2835664
1147262
3574386
278860
4753907
4660844
1141299
312053
2442549
3892820
292093
3103904
2048579
1829385
597462
2104290
2135054
3922654
1698909
612597
793448
209146
4556477
3495392
3198619
4465976
4110734
1073193
2150443
72125
3945750
1097068
2427291
1438824
2227292
1016186
4867297
4146998
576096
3756467
490545
4899447
2511481
1183183
304246
2697753
2895916
513868
4774552
4070736
2803825
3133120
319053
871989
2824663
358030
4847814
882450
3686259
3853123
3051398
3119083
4129283
3615616
851019
3317726
2107914
357414
1858270
2409784
4952849
4383672
1274692
404234
1165630
3564607
3136357
4551761
4736350
4804867
4211437
129741
2471446
410275
2626510
3317993
4982034
3534464
1473993
1094795
304478
3384267
710216
703064
4306322
3151097
3875129
4559623
708668
3279763
4187162
4701998
1543629
269757
2079936
1537939
1040522
598130
3356371
3474935
4346700
4247317
1072981
2819391
4383547
3428734
43451
1782129
4795493
3941544
3887404
3599286
633221
1790135
934018
1110598
4398267
4976395
3585707
815059
353505
3954289
4720052
4895349
255140
854673
723812
4158833
4607669
3583228
1412350
4850210
1578293
342297
512790
3652325
360574
2699114
2586522
3807276
4625026
1304542
429561
2784184
2070738
1034845
4721761
4830526
3762826
918034
2746472
459314
3361738
462943
4347890
538827
3867450
424365
3868062
4187567
796102
2222102
2377586
66812
2377192
2996614
2682520
1971381
328925
2538206
3191686
1712759
3479960
3925338
2148080
3084877
458950
3209515
1844339
3162089
49523
205744
3329273
3559279
2876654
1461232
3874504
2170058
2357406
4612931
4663922
2019190
2586855
3949731
3297221
4765737
502916
959517
700604
2416372
869744
3885736
1852331
1355883
4156228
2735931
3390103
3981357
2498297
3866760
239456
2769560
1768001
1964034
3055739
181832
494854
2156956
264975
881135
632203
3179037
3929589
1834421
3160419
1210745
4772433
3246013
909069
2721518
2733998
188228
4804352
2129982
2934837
3192138
3524596
489260
1864025
2115702
286553
2244961
2719963
4670569
1007557
3419025
2394409
387588
629468
240180
4648143
1502763
2752568
4074549
834480
2103054
4117995
4980191
275350
872879
2779449
3087491
1875600
904195
2154100
3846550
4905810
4217530
204644
1420642
2753148
1957515
1249306
1824334
1041453
1874682
4569428
4522412
3820326
2518352
1142280
192898
4844080
4972076
2492494
2860300
1788717
2043353
4618764
4480601
2358270
3795493
2149040
1204498
125330
1177405
847432
4074853
3330922
2373377
1923534
3754661
1027620
505714
4932338
2333264
2229485
996387
1313591
2361148
767878
1173247
511307
2892617
1104650
3799512
3900065
2239716
4567189
233408
3142370
1512681
4991797
176654
184987
3646870
3085959
2184632
4305031
873732
3529056
1733839
4385584
4415834
2828653
1303188
334307
2990113
4669789
2466796
1389305
620840
3076946
782761
539386
2988633
4101464
4791687
3573574
1536839
432308
4387921
1444636
4043447
2943462
3122514
1310151
4433326
1947574
593658
1277107
4017037
4144248
638610
3071684
2697168
4873413
3349391
3388076
2032794
4427322
1824849
2682379
59281
1688517
4361585
1427505
4703468
403673
4860632
3184474
3017813
2702318
3980984
3507513
2870645
4963328
3255667
1567658
3447984
3219465
2466688
188887
1329669
3547992
633569
1961420
2397332
4265659
2920720
773630
1457300
3108426
118210
119973
4477329
2575460
4868950
2798355
2961481
3534540
2457524
1722609
3076273
1575349
659465
4160841
2409850
673775
4190672
4201070
385524
1458935
1757309
2614665
2350631
2780825
2697907
2283777
4593635
1763948
1092326
74156
1271530
3029187
1008180
2019369
2777752
2625573
903237
887910
2784443
1027413
1303571
3202904
1610258
4584350
3102524
1429193
1099458
1374824
3424930
945187
4466906
3397114
3325265
3835440
4911017
2355758
1868590
4822982
3867522
70587
1848088
4130355
1753915
3635104
4856366
1515116
3447476
4487684
3676026
3569834
3215306
680085
3382093
876271
3347281
4745656
3889781
2135855
3732082
1891717
3878736
309132
4671060
3565409
1696962
3334902
4020216
4317339
2713503
224046
417768
2802942
3877383
668129
2607260
1971123
3111599
1222656
1897078
1825381
2040953
3730530
4402131
840640
2073284
2209768
3161797
2465558
631797
392366
1931136
1161699
2142855
4537898
190906
2501449
4602831
384854
1680817
4953737
3150441
4923303
1191537
2579592
3680292
4184325
4846540
4421027
613877
2474430
2531257
34072
1009603
4490913
1630385
4366210
2958549
3555949
1275686
61426
2906714
4082420
4929969
1160289
4120495
2205953
1153042
4370280
3781400
1289467
640160
713630
4179790
4929664
1464870
2587337
4528318
3305856
4935309
533824
1975095
758948
289388
2270362
803193
1560827
1049037
4271782
4217516
2765701
389207
4978949
2871331
844280
1666526
1504417
1451884
1980706
2724197
4923877
4162494
2569320
1620446
3538229
1784433
2263268
4166737
2508557
2120520
3164097
1964296
4367583
102388
1129631
2602325
1261078
602188
1881246
4007669
22929
4677823
4195136
1910564
4624743
4079227
3667264
2292929
1594469
2764111
866474
3689383
1882708
3436991
748956
4241211
3025556
4036244
4397462
4128066
2077570
4763956
388369
273560
2455143
1176441
3354324
2570511
223116
2179371
2765634
4273496
1036629
973565
3195132
3303461
426826
3915130
4975491
4916400
4266724
4136680
865463
4921331
3978155
3905397
1966853
3441504
907892
4598626
2659302
3246333
2440070
2333637
3593281
1004811
4992200
1076511
2014667
3523198
4726513
458046
3993093
4823271
1358889
4034619
225350
1894851
398544
4127762
4065087
1017784
1232325
357275
4127392
3039072
3738294
1600362
2893364
4713837
4447507
3668950
1885039
3054834
4936393
269816
3462706
1328164
1961657
2345120
1664279
1960705
618182
2266756
2727583
4219793
4440673
4637884
3942391
1281158
4033289
2847047
1438806
2242496
559296
3489443
3866716
3843999
1523629
1968818
865699
803386
1283615
1311775
3417903
2052045
2965733
3217921
2697863
4448791
551561
1757602
523156
883978
781070
2387431
4272009
1099381
1302418
4097048
1458808
3354884
3620104
2449707
1492746
575241
644612
4197680
2648920
2266377
3929360
4606198
1624116
2113741
4806789
756347
3415377
4599408
299529
37418
1509413
3878338
4482599
4273445
194920
3813297
3207070
701253
1570095
4037912
2935340
2922997
1128006
1023755
4422293
3437051
3344526
3492874
134072
1808326
3739746
4290539
3065209
646672
540259
3772161
4023690
3273456
4857090
3504925
3093212
2147088
4604394
3697159
2000099
2995093
4874303
2654968
1523793
2983638
1517922
3557507
388857
3759525
2348922
4782051
3731094
2328523
2136202
4289203
2459354
2558988
2456814
3160015
4991218
4569654
2029622
3937367
1253481
293315
1188612
1150225
2117855
3361931
3211348
3005568
834594
4576811
3838175
1442889
1491381
1366419
1269838
271416
4915274
4092469
4187313
74437
3765669
4206594
2133573
3522863
654047
1978791
3845077
1214880
3733071
825805
479188
4375989
2156006
4698845
3649367
3903596
3092166
3010737
2225143
3824457
1916170
2853776
2833739
3963360
394569
4407122
2970914
2674467
3689664
1694142
3979136
260462
4623220
1276068
1103444
3866021
2167434
943747
3376711
4786700
2509259
3520921
4530164
104651
59257
1485190
604470
2990192
635655
571324
2530648
4579710
4073048
4423401
4287453
2673481
4126217
4612116
645047
3692634
3084751
2126819
4616120
140194
3398975
2560107
208676
1414473
1336985
1603545
3268453
985480
1612249
557868
1443792
4226258
4707527
3761600
2087335
2066199
4081618
2860638
3001786
3440666
3105433
326573
2241565
1890596
1984398
3499518
358735
581156
4037191
3860326
1542556
1117512
3938117
4684963
1400890
807958
1915597
1421340
1118905
299805
3969107
1531897
3630412
446168
1229138
4910775
3164357
4372570
2681492
2018149
869439
4640175
4315064
3470880
3834907
1148895
834427
2054896
3394843
1821124
3817697
634209
4356519
4144309
1937431
2987549
2794908
3436723
1976228
882173
1039090
1749316
2616166
229801
3519197
38490
2128460
1039117
3498498
2956409
2907572
1592790
3913298
2632357
2944692
2812404
1220819
1817260
540409
3522553
4329333
1175090
1067601
4725755
452170
4688750
409071
2317711
4732137
1871732
2419968
682518
793515
3190572
206684
2386891
3688018
2641386
2663020
479694
273761
2865622
3417414
3542700
3495033
3140404
964804
136779
3140894
310529
2404009
779436
4408406
3090563
2029754
809981
938667
138724
1797363
771420
744604
643387
2783575
2834745
1602625
1008559
3670549
1617238
3329792
4286040
3950442
3810079
1485215
3214390
3269674
1187833
2372640
3545729
153009
4894207
505616
3628571
1722872
4803862
306428
300936
4328865
2053323
3172671
3564942
3378862
884313
498964
4174451
3574999
1618174
1830808
2993709
2907998
4536280
3670192
3572647
2148659
3868254
2995965
1393572
1926594
1967404
1601142
3337698
388240
2706006
981931
1830457
4267362
2359826
3446024
684013
1612653
615898
3271348
4779164
3179893
698981
3603225
3063342
21874
174873
1105457
1559539
814253
371133
3266412
1016641
824967
2458790
527176
951898
488625
3295946
3889943
1567629
3015040
3454090
3206048
477072
578655
1716354
2738696
4961394
3414437
3526682
4548782
3224489
3499184
1177768
4217850
1046754
79120
610872
3987121
4542442
3316184
3946962
354653
3373632
1981987
3822950
626229
668961
2519789
424080
584354
2397987
4569967
3514430
2434379
2559011
2508032
571747
4710311
1270146
2832877
2878990
4166780
2567249
4973020
252971
3370938
1167600
2624212
1786910
764265
3121628
2179207
860111
943868
2860246
1653155
1338295
4943068
3452476
1138986
534782
4831419
2899147
4922631
1138943
4482942
4924930
2359728
805314
1703028
1810797
2665501
823185
4573363
38292
2004110
4189838
527550
4505943
4590669
1695894
3222284
2947602
2478413
2767948
2397058
4512938
900615
3347166
2361863
4609533
4725901
3604108
4474821
4522670
2912193
2666441
3198274
1661085
2755813
1597126
1386508
480168
1733350
884850
516304
584783
3549077
927523
3793656
3501283
2698318
136328
536450
3588208
1087676
3240945
4762803
2542876
2209529
4256632
2180114
3195053
2268925
4627149
921577
4436520
2866107
1696928
748876
1491821
4551081
3885297
3968334
4104502
883857
2692284
1024361
2214097
2231114
892797
4097379
3336927
606861
2245538
3504945
1477565
4091476
2091298
3415216
4024472
1021198
1489926
3999741
2536227
3674356
614388
2329572
1244282
1684239
18375
218816
1689777
960832
3316452
1490544
2365621
962732
415686
2721078
1001165
3054075
126917
1425827
1745505
3648106
2317305
710704
616233
2881426
4694988
1661753
4120112
1065066
3153804
4174835
2524375
3481307
1440134
416679
2232393
432037
2566658
2506203
2004327
2490123
1177232
1532661
2522239
2808516
2186221
1153905
983466
414261
4158019
854216
1331151
2921014
3795027
4356004
4368851
4989966
420866
896134
272634
2669227
2232645
4403967
3451739
3605057
941027
696069
209823
4249463
4169649
1667433
2382718
542884
409650
640394
3619370
1870092
1212073
2688038
4115850
4508150
1254319
1796725
3246847
3570622
2746480
821740
4264164
2897486
3131432
1447270
1458653
3180234
2339427
341351
3095176
3770618
2962597
4595560
2029081
2070896
3815954
2813766
3906369
1608640
3074076
2421759
1946843
3394228
3420368
3652014
2257961
218309
4564268
428
3095086
4969748
3219142
4413677
3627598
2199647
2404284
2062311
3049546
663121
211445
1075929
403227
71830
1544850
2383124
2932832
449647
1334637
356676
4851367
4410587
4211543
1049634
671058
1475742
4855015
1888494
3118742
772731
730820
853282
3648551
4505945
4945685
2882362
3007281
2427180
369335
4432663
4730561
814306
4283924
3625576
4741486
1209920
3111655
4732893
4774247
3265952
383
4990185
3731793
726217
2193211
4585146
3187946
3720234
4567449
3922320
1421219
581201
280544
2560901
712352
1721768
2942086
4289095
1147655
3123921
4639922
1679167
360251
2098126
3191113
516742
4639121
1917033
295848
3553306
351132
2067267
3847068
1762493
4510109
4119318
1425407
4156811
4078785
280679
2412364
4058872
331339
521313
990256
3731164
1583390
2187318
1336793
4680622
600034
2812731
1324750
2443065
1332960
2731869
2166918
2494817
3843094
2146989
407743
4652686
3065977
2113982
1665072
4271889
3251683
1097542
1694233
2717323
3326648
4100695
667071
3356947
1858564
3409126
4184484
3253153
610403
2996317
495625
1898505
400683
2737550
989282
2854095
465849
2186715
2551211
649315
4736413
2105632
4046161
3435260
1593286
4899589
549767
959779
2357673
3316295
3652301
3806124
59201
1185835
3458083
4602571
4231056
4431152
4351240
731318
1050215
2881762
1310397
909046
2366389
595549
1019515
674225
428911
4289475
2735026
2637289
2941296
4906892
3759146
3030356
2833978
2875365
4515108
292000
2862643
3729555
25680
1401570
4586106
1448660
4626056
272206
296591
2835577
3887587
2651744
1879380
4588707
67267
50367
773742
4237342
716000
1525152
1341379
3487292
1389515
4799571
173027
4931372
2545405
2780026
2284696
3579100
1222659
1245436
443575
4646388
2348788
2405507
4842444
1428550
2607719
169448
3404295
4232940
3991018
3351690
1065352
1587472
194157
3707341
2489464
4941337
1226475
3910046
4209350
3887358
4518888
484532
948446
3417934
1867246
3904908
3107775
4960139
3361773
1447654
4450064
359846
3584037
2204842
2580245
1534552
3672447
2947574
2131754
108775
399224
2712801
1492828
2472427
1875739
2010290
2128550
1019799
1767367
3381238
4473455
1407982
4140643
431984
4048026
4229987
3491544
1415312
653035
1270591
1266909
703634
3470966
3394550
4748337
3742590
1426278
437112
4169944
3846862
4338151
4815358
3490892
3073566
3566732
4963964
1156921
1993665
1131709
4417432
444834
213567
1939451
3062465
3485763
1067175
4595990
3384465
4838216
768792
1722309
1888260
3301300
2124760
1442722
1278555
21746
3856676
486546
1710397
2469723
2523948
1279453
1892243
1852048
3390111
3921830
1660208
3511205
1490788
3538422
941883
264740
2944484
3240219
1403594
3286785
2730257
2469545
2961508
418082
2740396
1861091
4424595
4540417
3082735
3488323
2756936
3189708
888127
1528286
2173600
4961385
1689308
1838192
2951002
4978129
1606595
1944257
577309
2934262
1338021
4722169
1824320
2615017
1686007
691390
3283185
1713041
4190160
4088344
4885821
2735757
783313
1776888
417292
4823570
3799906
4576115
2205548
365809
2687134
109439
1722976
1446854
855565
1201656
3237262
1690767
4554766
1055656
3193458
3296674
437667
1099970
3894716
3950873
978811
3752155
2778183
4868291
2073066
2949561
1867331
2284460
1518936
818414
2795682
2744740
179086
1199296
3369030
1343334
3755443
3291003
2008641
4618865
242826
1438073
3884272
4057510
27409
4881677
3789634
1761128
1406584
4750323
2963451
4702482
1190068
4854084
110507
292800
2114195
1591842
2648603
1571535
3107762
1620532
921185
4479454
1051045
1527816
4940801
653002
4043516
2288357
576723
1404074
404917
1350147
4739212
2321958
3926628
4455438
184699
518916
1910786
2339504
2208037
2404979
2510364
2612621
1039607
3415003
4842250
3305901
3563303
3590842
3951342
387802
2685890
1963173
1534888
3706754
2774270
4599077
4919830
2530566
322174
1023502
4322122
4311674
4254877
190807
4985817
2803075
1471101
1732274
2517161
4238355
4778652
3742784
1159999
3306832
814079
2105481
3068212
757935
2490521
2103313
3495657
1443582
138592
3521200
478949
1309691
2243435
2256047
1800761
4491324
1616110
427358
2847313
2425498
4586632
288908
1657995
4440787
4329439
1606024
2358514
4472381
1028006
3142312
1501141
2947733
3869365
1730428
4518342
1302790
4030197
4955296
270639
4435418
4398665
4000738
42083
4981060
1199664
1109242
2702316
2185635
1686654
1507720
2057057
3361195
3961727
1700347
2612640
2666444
485570
4795947
3154608
2756630
2505973
3852634
3773583
3715556
4995301
671809
2361880
4324098
4045776
4858614
4949102
1593559
3757342
4634812
3101029
1650180
2923535
4478420
1136214
4816204
2106368
990277
1847683
1944755
636590
4211002
1696296
1000602
1455909
4749786
254523
1917409
4423299
3598448
933351
2723331
400416
2989203
4617337
2058832
937367
558183
2072024
862277
3089054
2143669
1096080
3160148
4826517
4419575
3595867
4411154
1646270
3561864
3843825
1221691
2092356
3220461
2235675
3784575
335867
2677933
1465487
2219729
3677090
414335
1644578
2480070
1589382
2033549
1518499
4361041
1323620
3788085
4582885
500877
2108704
3320698
857994
2707167
736235
1485334
1661689
2487130
3059183
4687165
1351853
1594300
1667458
562830
1148070
4390410
1394800
78013
1496303
3493340
2654566
1672186
4217519
1802981
1390121
2583048
4244684
3000638
2080144
1352459
3935936
1028666
1793215
4286709
2288780
4713
1636849
967260
714569
2222064
944929
703304
1162075
554105
4220461
3063505
1092098
2903571
3392806
2382926
2349239
2604803
24586
834235
2716110
2043487
1261322
4779595
982285
1836038
4354261
606393
1864897
4041698
457113
332835
2512573
95753
1706913
2673536
1358483
3736991
4052944
4885055
2496388
518383
1021259
4631664
233562
3467405
3681550
1796179
2226586
2939263
4375250
4260493
3757317
280873
380959
4348326
96011
4036522
258614
266270
1639068
796671
4127328
1038804
2311621
635307
364496
1307
2759116
3821172
4144365
4170120
3401110
3962661
4368230
3493291
2061197
1843005
1651897
3649656
3152755
2464266
966763
1238778
2341598
3676786
3351456
2834210
1224996
4256251
2834466
4420917
991850
1268293
506634
2381530
842052
1188723
1190639
3023791
533931
3402599
3649387
4385026
677770
4963816
859686
3903323
2628038
467415
1230481
3189067
4254898
1941294
944105
148909
562988
3244035
839954
3626477
4668648
267891
666080
808532
389995
1311837
904217
2117869
1737011
2346390
82395
2263998
2645197
2133548
671465
4292038
1457396
676874
1172380
3087767
3716864
1764918
1439868
215298
2275163
4988992
792453
1338071
3425148
1962669
3830774
4105433
3793855
2453471
3969875
429776
4279208
3826713
2959636
3102687
1240846
1991513
2966432
324579
2927298
3663506
572008
2894627
3444125
4084574
1193277
1164724
3054765
175228
157446
2631574
2793969
3263595
4645604
3694293
3666083
4305348
320024
3327489
4494604
508900
1400285
2824924
2437092
282622
3880571
1705065
4364140
1130981
4214185
3082948
2237103
3640805
2198271
320894
4646701
4120529
885478
526501
1388753
4141508
4795491
2314441
2107957
3408446
3223410
3671235
2924138
4639648
994880
1365801
2845710
3572014
146936
2673605
590644
4147820
402898
1915061
3614885
213053
3185284
120367
2012696
3722027
4156043
4252553
2475777
4471042
3687576
2577666
3828650
1490012
4701335
1856138
4335375
2227317
1123626
3188540
1772279
3699241
1873068
4149725
2978262
4561263
232327
729141
2906791
563120
1541818
1114790
3441753
1376629
1085752
847466
4929646
2711326
294629
404153
4309404
3823047
1064459
4402155
2565603
4302363
858255
4039988
1759227
1994959
4740094
3993956
1129891
4585458
2366176
572937
1620027
4305853
671075
1651850
2907274
3891661
2173241
4084034
1484167
2642094
3686936
3978517
1436838
2410072
1692046
1068389
2719942
2324008
3638780
778879
461209
2798730
765667
4595796
3763900
2820499
146946
1926807
3909100
599439
4340029
3768313
2664885
2152742
328566
1983988
2069662
416958
669678
4994745
2815614
1256059
3356727
3996583
4093611
3238051
2174688
1149624
4075661
2911049
3464355
1786235
4318795
3893961
3493355
4099846
66274
1260341
3259167
4821945
2613684
103400
2123366
940977
323903
378097
3562904
564294
1709754
4265257
404772
3144451
984103
2885600
4010827
128313
1458001
554822
4637212
157956
4527057
2730942
4938709
1376103
3660724
3686720
4829488
610123
1990869
3166104
973586
3006546
624007
986045
2362500
3782719
740074
4253044
2381321
3400257
2820941
1840459
1724362
4290013
4608592
28573
481813
1050918
3805181
1907000
42543
2269070
1999740
3546115
118679
500564
1164657
1659594
3147495
435588
2494267
3305864
3334639
4434972
2072655
4285475
3811063
1260006
3046795
4685234
2349888
4576697
223201
1654257
1532613
2909206
1955318
3185777
1614052
1527947
3952720
1587195
2777197
3002277
3815208
1126070
4208739
3962126
4309536
722066
374271
818002
4235177
4734234
4971213
3984531
3738854
4118720
3669791
4613990
4024056
4501373
3619848
624318
4988391
188083
585837
1519199
4956638
4205317
3521928
720440
3049388
170588
2909669
3556937
3483833
57956
4321225
131487
1782345
2647477
3199182
603222
3825248
3288045
3950553
2527085
2302069
4505840
3075740
144675
3399321
1245859
380770
1138901
1625633
2985054
795898
1794761
4969313
980428
2492219
2259025
4032849
3992748
4945293
2527053
4254125
2627409
4280502
4931455
4248938
1129182
864744
3847120
2556101
3877293
2877273
2511862
1786589
3193904
1602545
2947426
1836344
4108974
4248346
3734425
700461
1218985
4805309
1407108
3413948
46928
2993783
3063368
2585353
881000
383580
3557244
4957757
3863860
4390515
2584271
1176757
4206505
4911401
598502
3094647
4166771
3467337
528647
768264
3541906
4616542
2547167
3254544
151871
4135111
1973251
852294
3233975
2536009
257135
3954542
2587182
2929786
4135084
4844866
3508918
2928861
2690347
3443410
4263439
4009030
3329791
4024418
1349142
633708
3756045
3112910
3600832
1693166
1225043
1146421
2542172
4147992
62796
696616
3857031
3167103
765963
1349750
589155
2612841
3608733
2835379
4388132
3465710
2787780
4514627
3072911
1915845
410257
3334667
2009996
2375839
736767
478364
1676908
1553148
1931161
3343063
3340296
2779019
4456219
4648192
4048611
689700
4493296
2333587
797857
4231971
2244364
875137
3004639
2557932
4231284
274450
4297875
277859
4043577
2107318
4462758
2192876
3100844
2861344
1349778
2976273
3050863
2880045
2197051
4565996
846096
439891
4989413
4140593
4011498
3271602
3978377
279961
1248928
4419265
2948999
2751015
590175
4597225
705914
979738
1621620
3238588
3959830
218344
4060756
410660
2727042
2908985
3932641
2093862
4607020
1954349
4572271
998656
3981793
1203944
776270
509046
2495538
4231176
1061533
4789252
4529984
2569054
1202678
4995834
4095462
4829426
313931
3915396
4837544
962262
3587305
4200512
83192
3461738
4784411
3449794
4587014
2146566
917366
903350
2078969
1617669
74387
2346675
1627875
2517309
3079088
1556471
4751464
4880549
570
1710061
4059233
3613534
3372413
2912593
3194099
3400630
3156060
4794474
4938998
4958233
1777368
3527153
4509440
563490
2778435
1326436
1483439
1752185
2476427
389375
3478961
3471548
2040505
3890971
843421
2071264
3080046
792666
588203
2785029
3682548
1300958
3034873
857345
1939002
2076764
1205445
793561
271119
2505459
1044523
2243978
2679019
2684318
1600421
2825357
2036578
1018560
4134542
239269
4763243
671534
1065715
832196
186321
3426497
3278888
1928105
120245
4274022
3707368
3914228
4415809
498634
2115184
1343877
3661018
2394031
4613838
4508914
382567
4560237
845735
2621644
1282187
766161
2975817
3432517
621762
2586142
2549931
252989
1761682
2202378
1232255
1954038
769813
3053092
2410143
1955990
559207
4630085
2019934
4093735
1264588
2903003
3742062
2473919
2730742
3558375
690532
3679007
4799257
4372796
4478733
1057177
2350220
4561538
2040920
1404920
389562
2603922
3437257
2435505
2941853
421590
1020716
4376708
209985
253545
2911969
4653568
4985704
3607486
3737889
4878221
1321909
2852433
2163879
4917791
2434383
4255625
3050470
964095
4977295
856128
4391263
2457590
2212684
3412649
189329
122414
2841261
461237
3196262
4296172
3360332
33797
3230842
2397216
1799798
884158
738650
2393609
4259127
3088016
3452492
4563516
949500
1382160
351705
767085
2341707
4055076
2730964
64052
293110
4981012
200352
965599
2879568
384717
2734033
2036366
3296933
1053405
2562606
226768
3786726
2792959
1092543
4335649
1429184
872134
3825515
2369563
1567287
2356828
180677
218316
59406
3962490
1750376
188128
4455021
4070189
1401222
2864632
2824691
1360416
3492125
4444891
3987996
2462195
3449932
2083512
2465285
2527308
3030917
3179815
2590616
96061
1973471
2653662
2763832
2056045
3543514
4958123
4409000
2663482
3447344
4336808
3805040
881213
2746016
183887
1951833
1400448
750265
1497838
2452776
3373740
4570648
103807
3482273
4338290
4279962
1230451
3670026
1907234
2974001
3539091
2410937
511504
1453726
3085782
1034326
3762480
2889465
3578689
1159641
1995901
2478254
2324242
49702
1421993
424746
708497
2273109
318169
1171957
2411521
2388265
3882236
2343321
1958956
2792878
4995978
2347886
55239
3857098
3885929
201835
63812
4657433
1607455
1965235
2944998
3047317
3088065
1826252
1563283
2033857
4172306
3723757
2468088
25412
2811158
4406722
248986
4352553
4649705
847516
2623959
1729065
2077511
998447
2078817
270540
864931
2567262
3060793
1476946
4939595
4200590
3450494
1710980
3402372
1170989
2984345
1081576
661205
1126081
2401651
3110159
3753138
53505
2981632
1865452
1983101
1441707
1073578
1418285
4268444
4342700
3636129
1848425
1545466
2887416
3807909
1882960
4616304
2076781
3286940
3834269
1420089
2198658
4190693
3597117
305328
3979929
9790
3834013
1619709
2073905
3813072
1385826
2843745
4703960
4551230
1621604
2400388
4527310
1117647
766457
1575437
1875462
4180171
4646603
508325
4683154
1789815
2746453
3014089
3275777
194041
3318551
1755604
4716778
2075886
1136168
1271386
716746
3251079
4431225
3718494
1504568
373541
4727137
431652
3608325
4963259
629761
4142666
4343278
2075424
2651907
1199016
2454912
3246874
2057625
599572
1361890
4635337
225910
1581323
4537350
3786902
972239
4509011
395798
2997488
3861644
4385638
2203175
1009008
1604322
4081759
1534188
1849517
1307774
4188028
4845929
3835601
1805934
4440611
3501790
4522165
135750
1572766
3235164
2723578
4672431
4327005
1207627
940392
1818113
4529247
2903896
1670529
4145327
84981
417236
563397
535128
926476
731013
2695895
1427186
4062369
4719169
4487705
4309953
2330949
287389
3075343
4614956
2242537
2113365
2998086
2145463
3221018
4836537
3848964
1932820
1283444
4201635
4356537
1883805
2007055
1326846
2140538
317749
1939222
1755301
514706
3440688
1776192
3862981
1235707
2398696
1048310
2999224
2215231
2384857
1752914
503889
234642
2060461
2534002
1292840
3100269
749073
681916
4231560
2838015
728439
4249201
4339099
1744196
4433945
639720
3192020
3477055
4023180
2834595
357094
2823330
3969748
3918658
4342061
761349
4723742
3620821
2008302
