499984
500249
501152
498386
499722
501005
501830
499192
499631
498952
498924
500007
499628
499753
499001
500482
501330
498060
499046
499818
498862
500142
500493
500363
499709
501925
499408
500315
499458
499819
499814
500594
499752
499355
500199
500017
502226
500270
500135
498710
499601
499602
501245
499948
499092
499895
499126
501720
500593
500538
499535
500194
500504
501006
499365
501434
499883
499253
500863
499433
500205
499635
500869
500106
499638
499491
501813
498997
498054
500339
499616
501126
500654
500287
501719
502134
500412
500856
500417
499162
498719
501368
501660
499402
500278
498931
499599
501723
501227
500981
499496
499996
500103
501501
499758
500489
500443
499762
499760
499179
499364
499206
500268
498116
500834
498807
500209
498598
501918
499426
500595
499653
500005
499997
499942
499110
500078
500019
499945
500924
498426
500071
500721
501112
498517
500763
498398
499172
501649
500242
498657
499164
500127
498497
500378
499969
500995
500646
500350
500934
500377
501089
500930
497621
499998
500500
499022
500522
499939
498740
499923
500923
500529
498274
500427
500961
501534
499859
499213
499868
500291
498520
499938
499961
498945
497881
499459
499222
499086
500231
498611
500706
497534
500361
500261
498909
499675
500543
501294
499986
499178
499197
499866
499613
499913
500736
499158
498474
498712
499796
500156
501590
501357
500953
498504
497645
499391
501734
499921
500344
499421
499369
500259
500908
499870
498322
500088
500630
502010
499087
501110
500028
498993
499928
499371
498422
501850
499946
499693
500533
499604
498205
499678
501256
500347
501321
499664
497415
499453
500179
501041
498715
499821
500226
500098
498827
499863
500554
500116
501466
498088
499606
500821
498871
499150
500410
501941
499548
498356
498669
499852
500441
499963
500759
499228
498558
499037
499826
499202
500040
500138
500519
502041
501194
498348
498638
500399
502271
499463
500717
500360
499983
501816
499700
500567
500618
500616
500891
500978
499915
499882
502574
499703
499896
498259
500539
499916
500053
499802
498291
499156
498602
499600
500024
501066
499634
501109
499497
500188
500160
499129
502442
501100
501199
499082
498173
499605
500523
500678
500643
499960
499115
500069
499340
500889
499020
499232
500939
501563
499827
499263
499981
497976
499581
499857
500989
498855
501328
500065
499312
499925
498318
499277
499831
500281
500773
499570
500240
501327
500635
500352
499908
500828
500902
499506
499801
500628
503013
498792
498299
498941
502715
499906
500269
499909
499520
499707
499632
499725
499529
502596
500185
498309
502202
499824
502042
499587
498228
500795
501167
500619
500606
498802
501034
500967
500832
498782
499702
499957
498823
500624
498996
499552
501159
498711
499140
499645
500027
499716
499255
501188
499766
500208
500783
501634
498281
499318
500379
500167
500021
501393
499427
500918
499327
498043
499742
499334
500768
500283
500764
500960
502168
498724
500046
499375
500271
499323
499871
499261
497756
499096
500189
501146
496698
499617
499993
499835
500369
499655
499282
500029
500949
499795
500058
500942
500850
501155
499097
501774
499469
499989
500704
500936
498585
501927
499933
498826
499970
501154
499112
498655
500542
499005
500059
501137
501166
499705
499953
501630
499973
500686
502369
498151
500419
499952
500749
498713
500938
499614
499383
499276
499894
500368
499950
499199
500316
502204
500485
501289
498699
500026
499588
503822
501267
500364
501087
499673
501990
499726
499780
502230
499669
498660
499875
499917
499479
501944
500829
501036
499220
500043
499230
499936
498752
500434
498963
499167
501130
499576
501128
501015
499209
500074
500966
499084
499662
500447
501373
500903
498413
501340
500739
501238
500091
499696
499651
498889
500596
500168
500420
499749
501052
500202
501113
501244
501342
499897
498521
500362
499561
500245
500575
499765
500354
499842
499215
499782
499240
499500
500141
498214
500494
501507
499965
499730
502462
499292
498172
499442
502098
500403
500056
500414
501179
501599
500431
501418
500035
499625
500195
500332
500693
501206
500819
500823
499394
498704
501562
499672
499736
500366
498527
499454
500288
500145
499451
499746
499881
499633
500054
498390
499062
499902
498515
499146
500003
500497
500262
498764
501129
501213
498693
498728
500178
497682
500728
501752
498443
501423
499431
502199
500786
499790
499173
498011
498554
498763
499259
502153
500677
501195
500342
501768
498596
501749
501577
500803
501457
501136
498790
498865
499389
500521
498455
500478
500305
500750
499837
500274
500469
499954
498159
500008
502557
498828
500257
501170
499583
499341
499578
501352
501318
500083
500157
499445
502511
501379
500969
500381
501169
501614
500263
500486
500082
500373
499002
500136
500610
500060
501125
499195
498369
498878
500086
499237
500128
499975
499751
500655
501000
499754
499350
500244
501044
499670
501051
501411
498187
499642
499536
500838
501013
501123
499874
501470
499677
500972
498349
500526
498473
502184
500663
500689
499444
501300
500688
500133
500490
499596
499345
499019
499644
501187
499995
501762
498817
500201
498571
500980
499358
498843
500132
501164
501117
498363
498112
499807
501524
498109
498974
497298
500884
499723
498069
499027
499775
499219
500998
498902
498834
499864
498637
501202
500266
500151
499595
500577
499708
501628
499685
501144
498339
499478
500711
498120
499738
499887
500875
501538
499011
499216
500380
500975
500267
499884
499021
498989
502633
501493
501744
500328
500982
499575
500292
499289
502185
501605
500466
500874
499686
498949
499964
500696
499362
498995
499464
498722
499590
501536
501093
500212
499144
500614
501398
501674
499417
502362
499403
499308
500560
498311
499724
498835
500186
500193
499085
500117
500881
500817
500761
498510
498224
500273
500701
499429
498236
500681
499248
499505
500474
500767
500460
498526
500699
500517
501054
501259
500545
498920
499980
500952
498207
499733
498479
500951
499648
499313
500931
500197
500682
501701
500219
499122
501313
499036
500081
499620
499935
499914
499994
498609
500253
501273
499163
500421
499466
499428
499017
500391
502082
500034
499941
498511
498635
500314
499756
498481
499968
500146
502212
499187
500405
499597
