773015
82221
549976
206114
361172
493815
211246
385339
763525
199772
405774
732627
719550
54528
548304
325855
574997
899144
836679
943331
176177
371403
806635
244266
214288
863461
663081
825145
483392
369003
594971
153611
862120
252888
501401
973486
567131
700432
373065
413599
591391
320297
990886
199563
254326
32067
734538
993461
794995
229142
515022
592964
77186
88093
967607
140148
658766
449643
83707
974889
252388
352705
84418
337422
91359
912820
27889
196845
353527
989796
145698
426630
796440
720715
574671
862575
369274
319640
718834
47461
537889
479458
398873
966816
708987
860931
503641
701166
99962
77329
179891
28716
126014
846587
42352
19306
500095
414883
536942
613668
93688
577190
454922
952540
196225
64001
459997
560177
731204
901067
64611
919393
676752
664102
191714
597177
104455
924760
25586
63401
203685
681406
312638
525296
756468
426477
810925
736325
241700
341356
280832
375
907698
380534
193066
147327
93485
347561
137957
330519
119274
45686
449549
712880
712622
214183
324223
527863
718201
527227
204688
450635
386704
556573
632300
512551
258189
403277
478448
185458
84225
456773
455147
916790
245275
446104
513939
949972
558998
170759
675193
69893
961277
588901
515156
860696
313637
443284
263392
883023
305222
801961
465261
729526
50861
477111
560427
460599
888025
770510
373313
287036
4237
786483
669422
403936
363705
761697
915546
866547
72624
201145
757524
711113
495544
789084
721322
738308
895568
386136
374458
764201
996811
418171
995265
418943
805008
190247
473666
43929
263791
168103
73743
389811
976098
546189
886956
701101
56018
112700
116133
793964
80665
50380
944727
264476
273258
720070
844500
146393
262833
415239
429987
343414
421119
297031
88977
679404
119251
300169
150613
614271
292789
419971
653149
105574
46882
225207
709775
716797
896925
473498
601627
194249
462552
121329
153392
5622
63491
512764
349616
11607
642645
206835
169741
881574
643368
146258
119635
777446
623276
339514
970410
678970
231812
799522
344620
385285
253535
691035
294597
36928
221282
775240
337561
984020
161392
348371
788742
312189
586599
607240
627597
203690
689727
472309
368392
111065
445553
969442
534817
692672
631335
140224
419508
433994
321889
646537
566997
706073
984555
970883
927378
491980
758333
590266
736518
688371
384606
665297
835243
393079
242939
404991
280813
109078
397407
718786
355043
406013
138192
354813
590731
960281
693106
880655
549457
609559
79689
878831
402472
122934
429463
867959
544125
653119
980861
33580
648300
502118
746788
20937
541386
896388
358397
705582
856580
925308
260234
545578
516287
710967
825441
249041
192912
466015
457917
831928
998843
891863
178115
559980
290655
586832
324410
302766
280015
881930
747146
877729
308219
821141
642573
27588
278416
22753
436750
14026
294221
613786
76884
987170
673451
298771
289083
924966
927619
254203
33311
448419
435695
528225
174666
223423
70318
28433
427171
401936
476863
368037
838122
946989
534109
81263
424217
101066
121336
994517
611409
258515
795099
952092
88741
840166
653580
230389
114802
922963
289142
383443
853568
426552
880175
924628
47132
962337
601936
301345
177157
186653
16164
482681
48125
359245
986211
608502
142757
84985
258877
616511
12904
63053
936694
171719
855991
253457
286279
281262
169574
123334
951683
577927
824880
905812
482185
636704
907108
369979
482581
766410
109000
369275
56585
318620
482138
638138
813335
905006
156455
786883
258854
791623
947097
590553
326290
636569
31620
864706
308503
471552
824955
557822
608438
677544
798849
157257
98251
981006
142808
975474
551385
74683
924638
372760
908834
115908
336879
510293
740569
604459
872721
285141
291813
332303
365224
523798
804283
116056
489539
839076
429441
770625
526040
920711
402299
566218
632660
210880
128488
704272
119191
134598
499295
641280
499962
434237
929058
734714
67532
820656
841906
664302
331836
127115
847923
249487
449377
653803
739363
746159
506938
333304
572407
469073
872526
128597
389663
586672
549269
263223
249760
973842
289303
89428
526070
676330
756626
445697
654472
447342
965206
386783
765475
335185
93854
62765
675320
428955
84602
993628
602307
477153
553123
52863
596785
129536
458992
102039
31005
107073
46484
878879
822667
393342
49469
456772
170883
350410
896522
519973
584923
517446
954502
633018
728106
325762
96053
233258
287587
202777
193418
861904
938118
779050
61914
901626
549513
931951
492876
886487
117569
166181
281736
752228
681476
828037
433661
189068
955763
99252
498571
833998
310586
599261
979868
955828
241963
277966
291802
98193
613916
47442
131997
908075
506264
238412
584083
755331
115805
511357
349088
782077
493019
345347
320894
489600
496026
73937
64638
791199
725530
259757
933468
932831
235629
964669
480299
75212
423967
758370
830411
616165
240433
318010
516200
618118
549077
734548
380301
711662
240670
930345
973383
827861
489946
983506
629523
53997
591709
876329
137838
708704
912956
338810
410302
881429
770004
905284
996274
31918
864158
442930
576059
792991
958240
150238
266168
789277
705460
37242
470603
959785
840651
438990
350702
717586
39436
457720
331893
181017
752328
668564
796406
800659
16346
560396
151922
158415
706115
614441
480553
71576
503483
251431
389260
545676
6045
14599
399414
795237
370074
967209
989122
710041
240507
210669
277514
989785
380621
39877
310180
987748
797807
143013
294492
298667
47279
499797
421033
731241
729450
673906
59990
698626
441813
440049
48911
603281
437683
529972
210585
399487
498816
175217
477142
866995
609490
786250
730502
322481
715627
269294
94882
61937
356960
66165
737503
875176
7614
260442
891912
482184
597170
909254
685968
450100
913961
785154
967726
774601
96852
626370
58241
761056
767870
191269
706552
875538
81619
29662
652450
143781
562332
736798
512209
513618
819693
780727
73276
18266
77842
764205
344635
643527
301141
183447
232937
361008
337268
210959
905408
269979
644047
17998
219756
428103
655697
783200
740700
896800
519778
259289
539446
312338
540525
185220
147158
834613
551347
611268
562982
797905
632117
868201
32687
487053
840087
25249
224387
670408
270436
591796
675545
88937
459362
811864
410447
356512
19767
943398
382972
532811
333531
271488
99518
539382
705410
947318
45325
266878
148022
630972
60510
758887
121850
233159
214972
821934
520573
788273
192889
437298
820627
126811
648872
198879
971848
529944
103314
292867
380896
163173
817960
504175
233310
580572
842881
692024
894164
721218
63472
145296
686018
362659
527027
908570
878284
948851
552502
250510
33988
699784
724221
312481
845971
185022
849425
523985
269897
736290
437432
140706
412575
252786
69319
617253
89947
943411
225940
327070
772171
433312
988454
678172
690737
552598
382799
110531
526452
202014
602683
7588
664749
977852
478544
423880
119964
138842
750140
274612
307133
894758
225595
341642
361487
321375
250557
70751
406662
275581
142317
112365
876991
589414
450233
442171
559210
227909
474721
653624
691776
61682
667672
568454
762051
145700
764045
501700
109187
414787
839999
179409
827784
694415
361775
232446
794998
232125
997240
834107
96022
593894
33437
250035
54211
410220
296384
188083
363971
226347
785415
129316
484247
676207
228909
176305
997089
450590
39610
144099
635725
489778
264970
321667
928245
660483
275523
493382
253263
146979
467986
914977
934021
45492
316140
402664
561633
268015
203592
703814
733312
588171
450922
122179
341071
678927
414181
173903
97742
325646
387137
216508
83952
37196
529270
823040
322828
258775
207445
995904
753470
339075
213565
584490
543597
60375
286027
342022
907468
708863
301552
55283
534228
254148
8291
190470
746010
806185
393272
89601
754463
837728
442321
5409
207856
172984
341568
801473
252612
609679
689494
510552
955285
227084
963968
153176
695547
797061
840451
112516
977697
220200
17948
496218
563821
684692
6441
822110
521517
468735
549058
395307
914459
339006
779353
303605
519480
11050
616433
348228
329132
780760
866336
104225
13911
388891
23065
335094
35277
873363
302245
33639
246639
398935
102197
355159
247934
976013
718591
372015
655763
457494
157350
429286
855306
263190
341484
660583
829836
127572
817099
57504
413072
807813
207331
988989
579268
399910
31015
367219
165299
647599
162001
110958
106839
171126
851180
671621
495161
582007
986149
85646
245341
132307
477330
16675
863875
486105
159160
234232
649
383749
843799
964862
284034
868397
214856
842416
480798
198113
841712
649407
667706
843692
424913
321629
507577
559586
170064
904410
300267
827505
680027
268257
265076
315533
130833
768751
127725
488542
591977
279517
463642
722997
90174
900454
430553
384585
586937
545278
126367
382324
210262
325618
236845
600516
283303
593484
448308
443207
435827
20984
437560
605558
728892
46435
752136
614422
328671
779114
172442
907873
300076
625559
640233
883277
56997
216806
222959
71677
302168
442036
379059
575722
486284
846053
282312
784277
3932
733280
943362
85801
96059
958198
106758
526893
289602
876055
533667
153595
325409
747635
139421
870069
164225
281717
809072
31563
83320
229398
88833
5873
467775
646666
981679
864314
725452
788579
897885
792563
913997
599773
985526
782467
663917
639758
23967
271581
959148
272233
857506
561855
36968
775523
16215
700330
593419
412818
401689
194184
931457
960372
457146
112811
47376
95937
143357
35785
46821
132235
128037
348331
790762
626112
711604
709064
366518
943712
813670
797231
367703
793708
689319
534389
59456
176688
76385
756619
756685
701070
817505
792000
284424
774132
647828
627087
995903
113073
105718
101615
74488
524652
353037
555570
924588
665316
544129
113888
302042
827372
809096
148129
905595
376624
553826
979667
787881
769400
359450
523917
847628
60020
755461
799938
324896
210138
87829
413137
922985
817351
904724
682102
933790
640977
622005
136206
544482
150921
301870
360122
423187
562283
441829
241679
993799
800454
264386
601187
305422
287346
76258
473641
683610
440390
284580
176264
78468
157881
572721
80532
59381
200696
309586
387262
398013
658481
767084
473431
335594
487085
165266
423358
964809
418187
20172
38261
688993
315538
90470
761474
695509
671202
975800
429456
613383
441227
647679
358236
134386
405089
13505
866219
718563
376550
981675
196755
295256
980159
187124
820421
607859
678384
120923
524300
413448
538269
174796
841810
353467
23085
959048
470387
641301
273619
426571
432323
546294
55101
121528
343468
906210
718932
795894
95178
438020
646871
819918
499934
789735
6688
449802
217768
241185
932931
921279
392025
387769
98759
718203
613139
614468
636706
576331
176985
937089
476020
956871
907457
82538
365191
769945
730365
530715
320133
599630
291437
885026
843490
185052
702661
698182
389670
393624
605816
523540
195992
833162
426778
121886
863331
509907
145067
81264
119726
58756
586319
571121
497200
415238
682093
179399
875684
953693
434247
424309
770806
867761
111389
216035
372354
95012
735922
770999
67198
170134
194692
857085
504949
748558
772558
79359
69685
926957
724653
960048
952044
61436
140732
486613
986387
70526
643068
454397
662083
740710
633105
700527
13093
325601
747013
508603
623315
163931
510594
167179
911462
903217
511666
668696
221704
304214
640816
559743
129595
435687
356587
28139
846431
739269
294167
952584
582298
940399
905106
152968
51231
517490
542012
841220
67419
881617
931027
267747
637788
981368
538078
231165
600728
202267
814632
595914
937973
907344
653842
733608
719440
596944
642396
322948
270807
149381
739354
173776
645695
962847
135800
576974
310043
597482
88033
561733
451104
24563
677043
898043
865239
959612
19857
409140
444132
3364
483131
912984
719300
627046
905936
74002
827672
149522
13094
523321
758518
721170
716595
539049
937059
205063
977834
279290
462879
562928
166790
995495
863704
750493
594238
429663
450402
435170
921122
989821
227636
102704
808030
335615
972879
871464
148613
488191
825307
224605
512936
265354
707695
253285
263504
737941
762588
508833
57448
247889
705616
459155
432356
302416
163766
854429
778711
891862
882083
108719
943066
271595
979333
800647
815692
267614
650522
38203
35387
220189
688968
706642
936655
230420
426790
627995
333608
374396
339711
728373
562992
308754
73428
3619
206436
339178
466579
90762
903808
882292
361159
371611
792792
34941
208546
983221
428554
554617
136610
722260
937834
12778
271500
649870
627209
150278
400985
924254
779235
431552
106209
835589
187343
817205
444523
520131
488066
768618
639775
305471
974627
450182
621889
545679
364234
501108
689380
282593
10362
298975
416375
164195
941923
65408
359904
597914
412197
40226
234434
281066
989195
534693
549101
54217
15321
482738
194737
628303
251466
981457
644532
102385
971487
88676
305883
280436
819482
990654
534015
827586
241394
657531
66842
197231
418166
555023
862704
10
92959
898997
295552
58599
540244
649445
268844
443980
73314
566332
15050
173747
452308
580139
834860
881682
245474
672978
175464
871965
525942
188190
604321
117763
885556
125823
733190
131511
943661
968184
535291
878646
691254
492211
822223
924746
76714
426490
658883
132515
974075
130403
18459
259721
761028
849728
260844
414701
884912
873442
718373
551189
869711
570015
535588
60222
850045
59466
343436
390719
8126
476681
814815
480222
149341
707380
283160
176470
336368
672235
4438
105965
106153
14180
205709
247467
892826
593912
682420
674342
479669
192482
221471
242793
543471
223684
668567
909373
869647
527202
35397
88493
403632
332759
707256
972639
580188
311457
703027
458014
46594
885660
619083
419472
693098
65266
936855
657265
405119
698787
588924
910741
672394
61941
356922
425805
414245
18218
858872
184239
328559
211423
323580
666528
935949
176025
169571
55975
809565
653704
868343
905510
427458
3374
899749
148880
5731
810758
567803
70440
919674
592908
123276
679365
497716
508874
356501
522963
901432
909655
327310
772867
885309
811948
375195
730139
784513
80130
616132
837022
746894
548479
458142
126193
665151
333193
337888
107102
649436
628775
559102
761094
401202
818654
785993
690776
781612
424946
