7499853
7501561
7499721
7498732
7499156
7499036
7501020
7500509
7501783
7498619
7498304
7498245
7501530
7501148
7498834
7498819
7499749
7500448
7498799
7500340
7499531
7500848
7500462
7499462
7499616
7500547
7497014
7498381
7499332
7501340
7499865
7498815
7499750
7500832
7501275
7499551
7502391
7498849
7502632
7499936
7498753
7500276
7500722
7501442
7501436
7501063
7499553
7499915
7499092
7499661
7499014
7500185
7500413
7501093
7501055
7500252
7500753
7500181
7498845
7501112
7500377
7500029
7501398
7500773
7500431
7498078
7499570
7499685
7500189
7499830
7500217
7499768
7501678
7501503
7500285
7499765
7500009
7499331
7500074
7498270
7500093
7499997
7500695
7499675
7501062
7498915
7498982
7499662
7500205
7499901
7497309
7500967
7500263
7498216
7500288
7499923
7499235
7498426
7501045
7498998
7501452
7499810
7500850
7500527
7498887
7502406
7498663
7499465
7499502
7499326
7500097
7500225
7498005
7498934
7501998
7498835
7501179
7500492
7496921
7500363
7500646
7500772
7502005
7500615
7499624
7498950
7500946
7501068
7498737
7500152
7500564
7501951
7500033
7500943
7497976
7499026
7500468
7497814
7499782
7501746
7499988
7500571
7498851
7498105
7498715
7500927
7500014
7501008
7501271
7499597
7500364
7499371
7501387
7500862
7499715
7500341
7498693
7499258
7500461
7497959
7498918
7499584
7500677
7499439
7499477
7498366
7501232
7499976
7497862
7498744
7500836
7500570
7501421
7499798
7498428
7499856
7499193
7498387
7500124
7499209
7498626
7500015
7499333
7501144
7500323
7499257
7499541
7502096
7499863
7499313
7500358
7499638
7498941
7500337
7498364
7501549
7499783
7501251
7499986
7499113
7500024
7500423
7500073
7499219
7499325
7500357
7500582
7500730
7496526
7500167
7500114
7501220
7500714
7501699
7498562
7501601
7500630
7499440
7500766
7500881
7499180
7499641
7498361
7500928
7498765
7500320
7499390
7501222
7499053
7500473
7500213
7497877
7499957
7500155
7499808
7498532
7500757
7500100
7500657
7498052
7500103
7500743
7499758
7500273
7502247
7499027
7498961
7500134
7501226
7500248
7502282
7502178
7501422
7498729
7499490
7499896
7500674
7498735
7500293
7498236
7500003
7499114
7501166
7501028
7498547
7499977
7500299
7499909
7499422
7501192
7500659
7500886
7502796
7499823
7501110
7500214
7499560
7498553
7501479
7501456
7500174
7499906
7501608
7497514
7500101
7498921
7499930
7499307
7501025
7500308
7499859
7501021
7498766
7498585
7500913
7500762
7499674
7498560
7500427
7499506
7499797
7499771
7500408
7499163
7500897
7500569
7498727
7498696
7501073
7501109
7499247
7499683
7499269
7499652
7500023
7499886
7501391
7499498
7500515
7499647
7498856
7499614
7500799
7498314
7500397
7499555
7500381
7499275
7499867
7499397
7498841
7501017
7498811
7500224
7500393
7499420
7498931
7500058
7499690
7500183
7501433
7501668
7498824
7499201
7499978
7500590
7497944
7501761
7500584
7499590
7497527
7498772
7500310
7499935
7499227
7500433
7501862
7501548
7500895
7498965
7500690
7500302
7500553
7500389
7500638
7499763
7501258
7502006
7498674
7502321
7498065
7499370
7498939
7499593
7499485
7497621
7500874
7499296
7501732
7499781
7499121
7499179
7500061
7499850
7500304
7499450
7500131
7500270
7498640
7500079
7499870
7499668
7500301
7499585
7499185
7498554
7499231
7500516
7498691
7499851
7499889
7500653
7500318
7500706
7500356
7499740
7500096
7498876
7498943
7499225
7500149
7500026
7499537
7500088
7500585
7500724
7501423
7499520
7499941
7498418
7498942
7500838
7497711
7498433
7497908
7500441
7499878
7499071
7499949
7498505
7500708
7498757
7499070
7499504
7500796
7499858
7500583
7501097
7500563
7501380
7499725
7500153
7501927
7500639
7498422
7501032
7500889
7499971
7500618
7497500
7499083
7499408
7499346
7498552
7499512
7501767
7500044
7499630
7500378
7499985
7500429
7498391
7499203
7500412
7499838
7500607
7499495
7499679
7499581
7500409
7499882
7501099
7500482
7502112
7498140
7499198
7499835
7502099
7499594
7501224
7499052
7500274
7500094
7500861
7500632
7500577
7498131
7499720
7498790
7498056
7500289
7499205
7500555
7498608
7500972
7499425
7499303
7499563
7500300
7500428
7501982
7498164
7501253
7498548
7500616
7499183
7501772
7498852
7500210
7498311
7499196
7499104
7500402
7499634
7500452
7498625
7499446
7498461
7500746
7500057
7499732
7499974
7501036
7500236
7500052
7500644
7500655
7499149
7499195
7501161
7500219
7500346
7499484
7499919
7498479
7498257
7499452
7500068
7499631
7499357
7498787
7501489
7500295
7499557
7499167
7501026
7501149
7499453
7499165
7499742
7501639
7498687
7500331
7499015
7500544
7499426
7498327
7500934
7500718
7499093
7502787
7497748
7499833
7500144
7500380
7499944
7499087
7503102
7497955
7500806
7499381
7501159
7499242
7501054
7498075
7501657
7502806
7500930
7498128
7500198
7501297
7499824
7500136
7498086
7500734
7500869
7501815
7501012
7499784
7499697
7499681
7502111
7502068
7498657
7499540
7501289
7499868
7497705
7499032
7499396
7499649
7499710
7501349
7500775
7500056
7499535
7500371
7500669
7500921
7500545
7498670
7498679
7501283
7499483
7497922
7501619
7500241
7499058
7499741
7500822
7499170
7499542
7501446
7500338
7500040
7498234
7498596
7500907
7499533
7500909
7500982
7497577
7498377
7500519
7502255
7500579
7500631
7500520
7499279
7500417
7501817
7498290
7500268
7500115
7500175
7500173
7501302
7500834
7500260
7498457
7500038
7500737
7501782
7499628
7500595
7498760
7500596
7498752
7500769
7499447
7499481
7499105
7499572
7498621
7499244
7501558
7500349
7500965
7500707
7499698
7500654
7498527
7499857
7500496
7499907
7501087
7500374
7499190
7498508
7500347
7499574
7498995
7499466
7500926
7500376
7500287
7499299
7500818
7499566
7499501
7500298
7500752
7501183
7500891
7500451
7499389
7499047
7500447
7499635
7497508
7499729
7499459
7500368
7501291
7500359
7501538
7499579
7499536
7500511
7500016
7498829
7499718
7498568
7500514
7499611
7499057
7500538
7498905
7498390
7498386
7500851
7498866
7501473
7498910
7501113
7499795
7499291
7499402
7501285
7500865
7500587
7500157
7498710
7498664
7500064
7499223
7501977
7501926
7500507
7499811
7498724
7500912
7500954
7499575
7498718
7500396
7501534
7499623
7500673
7498976
7502293
7498999
7499829
7498243
7499352
7499922
7500542
7499134
7500898
7498846
7500322
7498451
7497438
7501514
7501477
7498837
7499921
7499973
7500679
7500551
7500353
7498661
7501096
7502138
7500203
7500763
7501779
7501209
7497377
7497548
7498528
7501227
7500000
7501571
7500425
7501457
7499239
7500005
7501541
7500738
7500497
7500628
7500195
7501939
7496012
7499226
7499898
7496229
7498827
7500988
7502657
7501331
7500294
7500275
7498622
7500002
7501052
7499696
7501491
7501550
7499672
7499747
7500831
7499175
7499895
7500119
7498571
7499174
7502228
7500267
7499350
7498677
7499442
7499200
7498955
7499955
7499546
7500792
7500400
7500513
7498488
7501978
7498862
7499234
7498476
7498861
7499653
7500554
7501165
7499511
7498920
7499384
7501057
7501208
7499671
7500651
7500072
7499251
7501094
7499943
7498754
7498473
7498823
7498601
7499238
7500255
7500327
7499464
7500668
7500825
7500540
7501431
7500665
7499065
7501364
7500849
7499640
7502814
7498007
7498875
7501784
7497694
7498655
7500800
7500387
7500510
7499454
7499229
7499539
7501191
7501324
7498913
7499522
7500316
7500365
7499673
7500321
7501910
7499605
7499887
7500535
7502062
7500835
7499951
7499902
7500499
7500561
7502422
7502211
7501475
7500661
7498853
7500501
7500703
7501426
7500147
7499112
7499463
7501727
7499096
7499525
7498928
7499094
7499940
7499343
7499589
7498576
7499786
7499012
7500938
7497199
7500623
7499155
7499855
7501669
7500215
7498936
7499655
7501034
7499500
7500598
7500449
7499300
7499311
7499437
7501415
7499788
7500339
7500382
7499152
7501628
7499669
7498741
7499937
7499832
7497192
7498758
7499547
7499245
7500084
7500418
7500055
7501714
7499431
7500550
7501030
7498969
7499900
7497786
7498863
7501460
7499910
7498793
7498991
7501211
7499237
7499755
7500186
7500042
7499168
7498668
7497610
7500483
7501342
7499699
7502269
7499049
7499573
7501853
7501529
7499744
7500795
7500645
7500172
7498597
7500530
7500531
7500740
7499969
7500385
7500725
7498813
7502538
7500637
7500500
7502011
7499513
7499962
7500863
7501715
7499839
7499682
7499694
7499330
7501492
7502754
7498300
7498958
7501043
7500593
7501090
7502662
7501438
7499952
7498964
7500471
7498803
7500107
7502636
7501611
7500619
7500141
7499904
7499526
7500694
7500411
7502139
7500986
7499509
7499695
7498462
7501655
7498222
7500286
7499881
7501264
7500297
7500586
7500819
7498647
7499040
7498294
7501160
7499714
7501352
7499960
7500324
7500370
7499847
7499266
7499187
7497441
7500941
7501381
7500191
7500842
7500087
7502199
7499912
7502275
7500456
7499760
7500164
7499315
7498807
7499153
7499568
7499595
7499975
7500148
7499081
7500710
7502388
7502315
7498487
7500605
7500125
7499521
7501050
7500332
7499753
7501288
7500609
7498631
7499854
7500523
7499338
7499680
7499394
7500319
7500208
7500307
7500664
7499981
7499323
7499883
7502167
7497509
7498901
7499849
7498872
7499118
7501463
7501076
7497666
7500562
7500366
7500617
7502297
7499405
7500487
7500454
7500259
7500406
7500001
7497978
7498711
7498808
7500494
7499482
7499308
7498927
7499141
7500648
7498529
7500812
7498959
7500466
7501417
7498867
7499792
7499272
7502200
7501752
7499806
7500558
7499126
7500813
7500871
7500031
7498458
7500880
7499739
7498589
7500092
7501037
7499101
7501610
7499443
7500767
7501339
7500994
7499603
7500924
7499815
7500463
7499719
7498685
7498210
7498733
7498618
7499019
7498788
7498240
7497840
7498926
7501013
7500532
7500271
7499022
7498074
7499491
7501950
7499136
7499708
7499290
7500041
7500313
7499757
7500503
7500984
7500250
7500629
7498973
7499181
7501185
7499337
7499684
7499963
7498274
7499378
7499023
7501634
7499184
7500343
7500885
7498514
7499802
7499928
7498474
7497963
7498762
7501337
7501562
7501047
7499088
7499412
7501814
7500936
7499730
7499564
7498805
7500904
7501174
7501060
7500696
7499207
7501683
7500142
7499932
7497871
7500039
7500022
7499728
7500505
7500163
7497787
7499488
7498708
7499676
7500130
7499586
7499030
7498127
7499197
7498689
7499236
7500222
7500467
7501123
7499131
7499569
7500360
7500027
7501577
7501256
7500760
7500914
7497698
7500613
7498265
7498452
7498889
7500054
7499716
7498606
7498878
7502563
7500290
7499994
7499646
7500939
7499429
7500686
7502922
7497675
7500229
7498864
7499423
7500670
7500228
7501509
7500635
7499319
7499890
7499340
7498523
7497898
7499608
7502279
7501807
7500567
7501849
7500018
7499199
7499707
7501776
7499836
7500407
7499897
7499215
7500528
7499249
7500549
7501170
7501205
7499449
7501061
7499194
7499086
7500179
7498388
7500265
7500945
7498850
7499230
7499762
7499284
7500975
7500857
7499945
7500438
7499664
7501273
7501072
7499213
7500201
7499625
7500705
7499496
7499072
7499243
7497608
7500634
7500980
7501574
7500150
7499733
7500504
7500625
7498888
7501443
7500923
7498842
7498838
7500662
7500770
7499345
7500278
7500572
7499358
7498102
7502042
7501912
7499206
7500348
7501156
7499516
7498956
7500526
7500502
7499700
7500049
7498059
7498974
7500680
7500996
7499972
7500548
7498416
7499375
7499523
7501143
7503143
7502094
7501228
7501838
7502884
7499117
7499799
7501002
7497864
7500957
7501390
7499137
7498731
7498513
7497744
7497957
7500246
7498738
7500197
7499774
7500807
7501070
7499309
7499925
7499334
7499918
7498414
7500401
7498749
7500383
7498996
7500811
7500226
7500176
7500123
7501152
7497012
7500080
7501484
7500581
7498667
7500568
7500692
7501416
7500089
7498949
7501171
7498627
7499604
7500903
7500911
7501219
7500238
7501223
7499252
7500227
7499430
7498551
7501056
7498302
7499467
7498329
7499254
7501033
7499877
7499538
7498444
7499837
7499473
7501858
7500253
7501154
7500600
7500202
7499787
7500855
7501559
7499610
7500477
7501247
7499458
7501015
7499391
7500233
7500065
7498389
7498892
7497588
7501320
7498526
7501242
7500890
7498966
7500485
7498590
7498908
7500949
7498769
7499617
7497068
7501107
7500399
7501882
7499913
7501046
7500046
7499959
7501518
7498352
7501117
7499778
7501435
7498656
7500546
7501691
7501586
7500543
7500837
7500829
7500470
7499582
7498413
7499421
7500484
7501268
7498967
7500854
7499042
7500642
7501049
7500095
7500602
7500105
7501637
7499294
7499920
7500676
7501580
7500490
7500126
7499911
7500573
7501080
7498581
7500237
7498190
7499769
7499780
7498435
7501777
7500180
7500749
7499927
7502207
7502189
7499372
7499587
7498106
7501011
7499583
7498363
7499544
7499805
7501186
7498777
7498632
7501507
7499789
7500261
7498443
7501906
7501642
7497593
7501624
7498919
7501425
7501454
7500640
7500779
7499961
7498334
7500206
7499578
7501348
7501625
7500333
7499656
7499989
7500844
7500043
7499353
7500082
7500161
7500876
7499678
7500791
7498567
7500465
7499711
7501300
7501434
7498041
7499434
7499289
7501338
7498844
7503084
7499751
7498448
7501810
7498816
7499777
7502435
7500075
7499615
7499793
7499660
7501758
7499632
7500594
7498591
7502201
7497255
7499480
7499385
7498459
7499503
7500489
7498335
7501359
7498895
7500145
7500966
7501214
7498767
7500733
7501403
7500444
7500524
7501851
7501176
7499864
7499025
7499160
7500472
7501647
7500480
7500445
7499008
7500556
7497975
7500245
7500231
7498676
7500128
7501766
7500329
7499813
7498266
7502439
7501894
7499983
7498504
7500599
7499601
7500870
7500106
7499552
7500566
7499796
7502267
7499917
7500455
7499880
7500269
7498993
7501604
7500506
7500450
7500929
7501801
7499403
7500060
7501155
7500025
7501139
7501360
7501640
7498911
7499606
7499259
7500078
7499186
7502373
7499588
7498439
7502165
7500704
7501126
7498828
7498702
7500059
7500196
7500272
7498278
7500750
7499892
7499135
7498818
7499068
7499398
7498441
7501116
7499106
7498013
7499066
7497890
7500194
7497912
7499445
7499998
7502233
7499666
7498310
7501213
7500803
7498666
7502697
7499754
7500768
7499903
7499107
7497540
7499688
7500981
7500446
7501181
7498860
7498517
7498804
7501151
7498584
7500774
7500754
7502265
7499663
7499834
7499934
7497201
7499790
7500959
7501859
7499642
7501153
7499142
7500010
7500805
7498843
7498081
7501231
7500821
7500469
7498859
7502168
7499843
7501031
7497654
7499629
7499435
7501039
7500852
7501100
7501244
7498042
7499263
7501038
7500956
7500732
7500121
7500021
7500797
7498774
7498484
7498923
7501653
7500223
7500240
7501602
7499161
7500985
7501023
7500960
7498740
7500392
7500539
7500578
7500814
7499409
7502095
7502110
7500437
7501016
7500712
7498595
7500277
7499248
7498748
7499618
7499146
7499828
7500866
7499548
7498605
7499800
7499448
7500256
7498144
7501310
7499767
7497984
7499866
7498922
7499486
7500541
7501469
7497878
7500071
7500916
7501276
7500262
7500158
7498629
7501119
7499487
7498697
7500220
7499657
7498873
7498603
7500887
7497757
7499561
7498858
7499991
7500884
7500036
7498593
7502116
7498904
7499444
7499703
7499355
7501472
7500522
7498896
7499931
7501543
7499848
7499958
7501674
7500414
7501487
7500325
7501616
7500701
7501526
7499061
7501058
7497386
7500242
7501721
7499993
7501098
7501201
7499119
7500747
7501540
7501646
7501345
7498173
7498087
7498432
7500169
7499607
7498028
7500004
7499508
7500077
7498011
7501125
7500920
7499415
7501728
7502463
7497751
7500962
7500375
7500216
7499990
7499791
7501904
7498147
7498903
7499519
7500691
7500345
7500604
7500460
7501496
7501287
7500156
7499816
7500280
7499748
7499468
7501409
7499099
7501592
7498977
7499471
7498231
7500610
7501215
7500017
7500643
7500608
7499852
7501167
7499999
7498874
7499559
7499128
7498089
7498419
7499979
7499192
7497856
7499844
7499746
7499524
7498898
7500828
7500919
7499756
7501501
7499731
7497727
7499191
7501172
7500784
7499277
7499417
7500893
7500666
7499084
7500808
7500432
7500979
7500652
7499826
7498975
7499089
7497682
7497544
7499029
7499702
7499003
7501129
7499862
7501432
7499176
7498957
7498880
7502128
7500947
7498214
7501437
7499636
7499543
7499609
7500030
7501177
7501420
7499264
7498138
7500853
7500416
7499812
7500727
7498771
7499401
7499262
7501852
7497537
7498694
7499157
7501252
7499021
7501567
7500728
7500660
7498764
7501341
7501464
7500386
7501439
7498909
7501800
7499283
7499395
7501241
7499038
7498716
7500667
7500159
7501005
7497979
7500244
7501987
7501734
7500390
7500993
7501101
7498703
7500741
7500675
7500671
7500127
7501666
7499348
7502306
7501649
7500786
7501964
7500592
7499478
7501722
7498509
7501286
7499871
7499278
7501229
7498791
7499305
7499188
7498617
7498299
7499476
7499717
7497910
7501576
7502472
7500391
7500976
7500614
7499411
7499212
7499529
7498380
7498833
7500254
7500108
7500650
7501393
7500129
7499735
7499016
7501583
7500508
7500440
7501405
7500794
7499281
7500658
7501111
7498336
7501805
7501259
7500899
7500647
7500102
7499033
7501303
7500415
7502933
7501892
7499457
7500352
7498556
7500028
7498755
7500122
7501663
7500785
7500552
7500369
7499418
7499942
7499076
7499455
7499670
7499831
7501638
7500971
7501308
7501328
7501806
7500678
7498276
7498761
7502476
7499984
7500330
7500512
7498978
7498378
7501234
7499980
7502937
7499151
7497828
7498405
7500143
7500804
7500649
7501944
7499916
7501742
7500199
7500190
7501925
7500251
7499265
7499968
7498417
7499818
7498447
7500291
7498712
7497657
7499028
7500761
7501679
7499775
7500305
7501239
7499953
7501210
7499891
7498882
7498188
7497516
7499772
7500612
7498800
7499140
7497159
7498577
7502058
7500085
7498648
7499162
7499267
7499633
7500235
7500717
7499301
7499785
7500117
7499469
7501315
7501361
7499220
7500488
7501217
7500969
7498987
7500328
7497211
7500012
7501695
7498946
7501195
7499024
7500901
7499456
7497376
7498066
7498624
7497839
7498021
7498076
7499354
7497709
7500990
7499288
7499801
7502173
7499037
7498979
7498122
7501419
7500247
7500457
7499948
7501085
7500992
7501326
7500995
7499031
7497737
7499722
7501095
7500621
7501334
7500035
7500140
7501378
7500118
7499622
7499558
7499360
7500188
7496174
7499428
7501336
7498057
7501554
7500133
7499475
7502421
7499701
7498168
7498166
7499312
7500314
7501270
7499361
7501831
7498580
7498986
7499860
7500379
7501451
7500053
7501773
7499317
7500633
7500748
7497645
7498186
7499335
7500435
7499341
7501955
7500232
7500952
7498728
7499075
7501527
7500266
7499363
7500453
7497453
7500756
7502478
7499648
7499804
7499845
7502432
7500081
7501614
7500182
7500758
7498885
7500309
7499172
7500112
7501994
7500931
7500257
7498869
7499738
7498785
7499644
7498095
7500165
7500533
7500372
7501081
7501480
7500212
7501737
7499221
7499320
7499510
7499304
7499893
7501943
7501738
7500184
7500932
7499051
7498935
7498316
7499872
7500589
7501282
7498396
7497691
7498158
7499875
7499108
7500047
7502520
7500037
7499602
7500303
7501846
7499885
7500591
7500439
7501075
7501162
7499374
7501382
7499432
7500833
7498137
7501958
7501194
7500405
7499899
7498465
7498347
7501311
7497854
7498654
7498981
7499752
7501103
7500877
7498700
7501598
7501278
7501386
7499302
7498806
7498682
7501864
7499255
7502087
7498725
7501523
7499004
7500486
7501204
7501216
7498701
7499926
7501279
7498865
7498118
7499822
7501763
7498384
7500311
7498495
7500062
7500681
7500281
7500557
7500306
7500336
7501652
7497486
7500950
7501128
7500032
7499387
7499565
7499970
7500922
7499861
7497947
7498870
7504009
7500970
7498297
7499592
7500099
7498817
7500384
7499507
7501218
7500626
7502224
7501044
7498944
7502009
7500537
7501236
7501304
7500419
7499734
7502610
7500742
7499761
7499612
7497720
7498855
7499164
7499400
7500137
7501333
7500958
7498707
7502235
7500479
7501878
7499393
7498643
7500999
7501828
7501004
7499946
7501106
7501298
7498515
7500168
7500606
7499884
7501353
7502305
7500713
7501053
7500317
7498160
7498746
7498358
7496990
7499436
7501750
7502410
7502033
7498980
7501557
7499059
7498933
7498742
7499115
7501495
7501891
7500361
7500187
7500576
7498149
7500534
7499627
7499154
7499766
7501082
7501246
7498436
7498789
7497872
7501931
7499339
7501071
7500776
7498952
7498924
7501254
7500588
7499369
7501257
7498398
7498592
7501065
7501546
7499424
7501692
7500622
7498498
7500221
7499956
7501731
7501105
7501108
7501700
7499005
7500788
7499658
7499116
7500783
7499689
7499814
7498669
7498133
7497932
7500709
7498058
7498048
7499515
7499954
7500334
7500991
7500090
7501290
7499996
7500963
7501376
7498902
7499600
7501120
7502498
7499764
7500826
7502054
7502220
7499712
7500204
7498684
7497990
7502080
7501375
7499273
7501768
7500883
7498988
7501406
7498726
7501086
7502560
7499376
7498574
7499079
7501565
7499841
7500019
7499809
7498239
7498489
7499846
7500731
7501022
7498350
7498111
7499794
7498854
7498500
7499567
7500810
7498796
7502010
7502081
7501255
7498072
7497492
7502049
7499461
7500063
7501091
7498521
7500335
7502803
7500867
7497892
7499383
7497522
7501702
7498704
7499819
7501795
7501074
7500517
7498348
7498847
7498431
7499286
7500394
7500900
7501007
7499067
7498018
7499054
7498496
7501605
7499295
7500697
7501233
7502171
7499260
7501281
7498060
7501178
7500682
7500684
7499433
7499336
7502377
7498575
7500989
7501622
7499327
7498578
7500006
7498321
7499328
7499470
7502512
7499407
7496997
7500998
7497933
7499297
7499554
7499392
7499840
7498686
7500902
7498365
7501458
7499869
7500872
7500410
7497816
7499133
7500860
7497961
7499169
7500474
7500050
7498178
7499287
7499888
7501003
7498333
7498881
7500997
7497879
7501664
7500283
7498616
7498322
7500139
7496635
7498146
7499178
7499894
7500830
7498635
7499933
7499173
7501280
7500211
7500565
7501481
7501430
7500120
7499293
7499472
7501136
7499298
7499347
7499825
7499650
7501644
7500693
7501528
7501941
7500458
7500627
7500403
7501510
7501901
7499776
7499743
7501399
7500067
7501397
7501680
7500292
7498357
7499097
7501633
7501206
7501908
7500729
7502798
7501641
7502342
7498563
7500083
7501537
7497775
7501512
7500020
7498538
7499419
7496523
7501829
7499518
7500051
7500559
7501362
7502419
7497563
7498653
7498953
7501914
7500879
7498490
7501249
7500951
7498196
7499736
7501516
7499241
7501744
7499416
7499803
7498649
7498152
7501959
7501896
7501441
7499651
7498620
7500892
7501307
7498893
7501937
7501823
7500170
7499366
7501092
7501428
7499950
7497950
7502919
7499995
7498225
7500765
7499706
7499158
7498486
7501335
7501343
7501260
7501570
7499406
7499364
7501356
7500422
7501461
7500011
7499386
7498038
7501497
7498615
7500723
7499150
7500906
7499233
7501875
7500888
7501243
7500146
7497167
7499489
7498003
7501372
7501066
7502540
7499217
7501358
7501556
7498650
7500518
7500827
7499377
7498535
7499599
7499591
7497893
7502299
7498566
7499493
7502114
7499479
7498963
7500782
7500464
7502386
7497875
7498780
7502287
7500296
7501051
7498511
7501367
7502488
7500845
7502303
7502471
7501630
7498646
7501384
7500700
7500764
7498261
7500521
7500735
7499827
7499677
7500354
7499228
7502022
7499414
7498776
7498409
7499034
7500478
7498475
7501197
7499056
7498638
7498022
7500362
7500809
7497832
7498342
7500840
7501180
7499189
7501521
7501707
7498917
7499404
7499499
7499982
7499000
7498968
7502364
7499873
7497127
7499549
7501519
7498083
7499270
7501578
7498630
7501263
7498167
7501401
7498830
7501292
7497837
7502027
7497525
7499637
7499122
7502152
7498530
7500200
7499745
7498497
7501535
7498751
7497140
7500771
7500620
7500846
7499817
7499399
7500875
7502041
7501014
7501733
7501238
7498802
7501296
7500739
7500249
7501018
7500917
7501754
7499532
7499035
7499062
7497919
7499171
7499351
7501121
7499779
7497750
7501603
7501522
7502611
7499310
7500597
7499527
7501444
7498698
7498784
7500699
7498324
7499438
7501182
7500138
7498204
7500076
7498193
7500672
7500574
7499050
7499041
7498692
7499359
7500777
7499528
7501648
7499713
7499987
7498543
7501681
7498199
7501804
7499246
7496941
7501673
7498507
7500715
7501083
7498599
7501089
7498675
7501770
7502064
7502617
7498990
7500160
7501645
7501620
7502203
7500177
7502483
7499250
7499686
7501740
7498328
7498480
7498256
7501392
7499060
7497733
7502132
7501267
7502164
7498539
7500721
7500404
7499314
7502066
7498570
7497845
7499055
7501690
7499410
7499929
7499085
7498778
7500135
7498997
7498540
7499530
7498871
7499576
7501134
7497894
7500476
7502515
7500350
7501114
7502551
7497693
7498376
7498069
7499125
7501189
7498209
7497763
7501319
7502281
7501621
7499256
7501322
7500070
7502924
7500442
7498315
7499441
7499773
7498406
7501996
7498929
7500132
7500424
7499316
7498945
7498826
7500315
7501563
7501986
7498399
7498460
7500910
7500355
7501351
7497292
7499596
7500116
7496901
7501079
7501490
7502230
7500013
7499626
7499451
7499908
7498897
7498900
7500110
7501833
7501347
7497821
7501410
7498170
7498534
7500948
7499073
7501607
7498001
7499580
7500683
7499013
7501124
7499098
7498857
7498501
7497609
7499665
7497937
7501042
7498555
7501064
7499692
7500326
7500719
7497824
7499517
7502775
7502185
7498518
7497387
7500685
7501594
7500045
7500987
7498112
7501857
7498947
7500702
7500007
7501024
7499344
7498309
7498362
7498449
7501200
7499938
7498634
7501104
7498994
7500493
7500780
7501720
7497896
7497712
7500698
7500611
7501609
7499368
7497696
7501525
7499874
7498531
7498672
7499166
7497628
7501274
7499709
7502489
7499274
7500953
7498839
7501309
7500398
7500726
7501735
7498613
7497761
7499110
7496483
7497800
7498720
7497851
7498983
7498848
7498883
7499069
7498907
7500475
7500086
7501184
7500066
7501974
7499598
7501329
7502134
7498564
7499143
7502140
7502123
7500663
7498090
7498502
7497573
7500098
7496544
7498992
7501612
7501377
7500351
7501486
7501122
7497561
7500641
7501717
7502136
7500856
7500820
7498471
7497906
7502016
7499144
7501505
7497813
7497636
7499210
7498116
7498415
7498594
7500495
7502106
7500388
7498868
7501373
7498371
7502338
7501225
7499373
7501137
7498337
7497945
7500258
7499914
7501581
7498937
7499017
7498298
7501725
7501547
7497505
7499545
7501250
7497986
7497936
7497920
7501069
7501968
7499063
7499006
7502135
7502371
7498262
7498420
7499967
7498404
7498407
7501027
7502160
7501989
7501115
7498794
7500420
7497997
7498339
7501866
7500459
7501133
7502383
7499497
7497444
7501131
7497803
7498132
7499280
7501729
7498213
7497169
7499726
7501617
7497476
7501187
7497618
7497913
7498325
7497034
7498569
7499613
7498671
7497784
7498972
7501688
7497425
7498821
7502591
7498264
7500230
7501199
7502441
7498579
7497966
7502098
7500171
7502214
7499382
7501844
7501677
7501929
7501078
7498027
7499276
7499218
7499876
7497969
7500264
7500942
7497831
7501404
7500192
7498644
7498159
7500560
7498088
7501861
7502183
7498424
7502202
7499770
7498832
7501466
7502107
7499329
7498289
7499090
7498884
7500529
7499216
7501411
7502249
7502298
7498820
7501207
7498773
7499645
7501293
7501671
7498541
7499621
7498373
7499724
7498438
7499046
7500868
7498938
7500434
7498184
7501141
7499292
7502668
7500736
7498185
7502119
7502731
7501513
7499737
7498067
7498454
7502045
7497810
7500802
7497605
7501517
7500878
7499460
7498734
7501827
7499474
7497699
7501533
7499924
7501589
7501202
7498374
7501780
7499111
7497987
7499965
7500436
7501040
7497992
7502285
7500008
7501429
7499020
7498688
7501726
7498948
7502197
7502244
7501077
7499704
7499224
7497972
7501294
7498925
7498662
7501502
7501584
7498557
7498340
7502100
7502557
7501029
7499356
7500243
7499204
7500983
7501230
7502470
7500154
7500069
7498877
7498652
7502078
7499349
7501694
7500843
7498914
7498673
7501572
7498831
7501792
7501591
7498401
7501794
7501470
7500793
7501631
7502241
7501632
7500209
7499659
7501000
7499643
7501788
7501188
7500801
7500656
7500908
7500873
7502061
7498940
7499413
7501755
7500575
7502719
7498628
7500498
7498533
7498109
7500882
7501716
7501371
7502012
7498573
7499550
7500312
7502086
7502403
7498840
7499367
7498197
7501626
7497885
7501709
7499964
7502747
7499043
7501845
7501277
7497783
7499705
7498558
7502239
7499123
7499379
7499147
7500279
7501842
7500823
7499127
7498177
7499667
7502764
7498611
7497842
7498561
7497350
7499947
7500964
7499723
7497794
7501173
7497843
7501701
7501863
7500491
7501708
7500218
7499759
7498400
7498781
7498699
7499939
7501447
7502034
7500864
7501520
7498814
7500481
7498393
7499494
7498695
7501157
7500720
7501453
7497789
7501515
7497780
7499620
7502146
7497198
7501985
7498172
7501808
7501355
7498370
7502627
7501369
7500111
7502154
7498683
7499018
7500790
7500207
7498559
7498153
7499285
7502053
7497880
7497193
7499505
7501374
7498645
7501059
7498492
7498468
7498025
7498344
7502360
7498714
7499821
7500940
7501723
7498636
7502392
7502950
7501684
7501765
7500536
7501841
7500282
7501212
7500745
7501662
7498346
7498954
7497697
7500580
7498989
7497604
7498354
7501041
7498797
7500744
7502013
7501596
7501127
7501135
7499002
7501142
7501245
7498916
7502942
7501327
7501585
7499109
7498368
7497409
7501545
7501587
7497669
7497980
7498609
7500688
7501330
7501459
7499318
7498142
7498427
7497221
7501847
7496372
7500817
7499654
7502003
7499322
7502169
7501751
7498801
7501793
7500430
7501618
7497503
7497983
7499074
7501555
7497223
7498960
7498372
7502147
7499306
7500925
7501764
7503097
7498148
7501560
7499556
7498930
7500968
7498332
7497999
7501465
7501837
7501710
7500973
7498477
7501544
7497578
7497367
7502129
7497651
7497368
7502976
7501379
7502384
7501860
7498642
7501713
7500824
7499562
7498412
7498036
7502120
7501712
7502331
7498678
7497141
7499177
7501412
7498690
7502408
7500716
7501736
7500896
7500109
7498434
7500234
7499048
7500178
7501907
7498783
7502619
7499427
7498524
7500711
7499514
7501193
7502085
7497802
7498195
7497507
7498445
7498722
7499077
7501809
7502944
7498467
7501365
7501947
7502323
7499342
7501796
7501843
7501198
7501394
7502380
7498970
7498602
7497574
7501317
7498047
7497580
7501965
7500601
7499148
7502491
7501938
7498161
7502727
7498031
7496492
7498330
7500421
7502322
7502417
7498192
7498442
7499240
7498680
7498014
7502340
7501388
7499380
7499211
7501445
7498469
7498252
7497708
7497927
7501651
7502661
7498379
7501368
7500787
7502040
7497788
7500841
7498030
7502225
7500034
7503236
7498323
7498242
7498836
7502261
7501582
7499807
7500977
7497600
7501676
7502208
7498394
7502433
7499202
7498660
7501261
7500048
7502522
7501972
7502088
7501118
7498108
7499577
7501396
7497641
7500284
7498582
7501389
7497703
7498293
7502482
7499120
7502002
7501478
7499130
7498932
7498825
7498572
7501909
7501138
7497795
7502057
7499261
7500778
7498255
7497688
7501748
7502194
7498306
7499124
7498604
7499045
7503137
7500689
7498353
7498179
7501658
7501413
7501346
7498681
7501262
7501747
7499966
7498440
7499138
7501009
7501568
7499820
7498097
7501873
7500933
7501588
7497632
7502079
7500915
7498224
7498750
7499879
7502521
7502274
7500373
7501672
7497823
7501301
7502687
7499992
7497534
7499842
7501819
7499362
7498286
7498351
7502240
7498411
7497820
7501539
7500344
7501775
7497451
7499214
7501822
7502578
7501482
7501967
7498770
7498295
7500426
7501408
7501952
7499388
7502394
7501284
7500166
7498205
7497099
7498879
7498985
7498307
7501832
7498143
7502475
7499691
7499222
7498890
7497868
7498403
7497929
7498259
7501468
7501790
7499011
7498899
7498183
7498073
7497968
7497859
7497672
7498456
7497948
7500113
7498012
7501933
7498516
7498984
7502537
7497781
7501756
7501455
7498971
7500443
7498598
7500905
7498263
7500859
7501132
7498745
7501385
7500687
7501313
7498466
7501650
7498280
7497345
7501693
7502257
7499007
7502812
7500395
7502044
7500789
7499619
7502450
7500858
7501566
7498743
7497977
7498809
7499100
7498171
7501363
7503355
7500525
7497382
7502148
7500239
7497753
7498157
7501354
7502460
7498747
7498355
7497296
7501988
7501803
7498338
7501266
7498050
7497329
7501395
7501493
7497103
7498510
7502782
7498709
7496580
7497468
7501427
7498906
7501146
7501314
7501237
7498163
7500944
7501682
7498717
7501169
7498719
7498891
7498382
7501785
7500751
7501791
7501140
7497768
7502430
7496887
7501705
7501899
7497134
7497994
7501935
7497437
7498110
7497598
7498763
7501035
7498659
7497899
7501344
7500816
7497841
7499139
7501569
7498782
7502396
7502316
7502420
7498536
7497596
7501424
7501299
7501885
7500091
7497018
7501467
7498253
7498303
7499064
7497236
7498545
7497981
7501130
7501305
7497660
7501323
7500798
7501883
7501370
7498154
7501325
7500624
7497819
7502212
7501975
7500162
7498962
7498212
7501811
7497040
7501900
7498759
7498786
7497734
7501158
7499129
7498219
7501774
7502813
7502143
7498623
7498607
7497949
7502534
7498194
7497253
7498079
7498600
7502266
7500839
7501084
7499253
7501532
7498792
7502014
7497667
7501629
7501665
7497886
7501659
7502336
7499044
7498485
7501306
7501221
7498267
7501661
7502051
7501168
7500847
7497553
7501918
7501500
7499001
7497627
7501476
7501312
7498641
7500342
7497993
7497873
7500367
7498237
7498269
7501963
7497301
7502103
7497954
7498512
7500193
7501623
7498614
7498098
7500937
7502805
7502030
7499232
7499208
7501450
7498385
7502870
7501524
7501924
7498080
7499687
7502023
7497364
7498218
7498779
7498723
7501865
7500636
7502115
7502048
7501590
7497914
7501979
7498912
7501820
7502032
7502074
7498894
7502543
7499102
7502028
7500955
7497370
7501660
7498402
7497501
7502156
7502347
7503063
7501930
7499103
7497413
7499009
7498282
7500755
7501318
7501147
7499321
7501164
7498023
7496618
7498296
7501999
7502742
7498739
7501163
7501762
7498068
7502407
7499010
7499492
7499324
7499639
7502172
7502015
7500815
7498341
7502452
7498063
7498546
7502131
7497436
7499693
7501203
7499534
7502268
7501499
7502575
7502071
7498736
7501019
7501332
7501511
7497717
7498220
7502836
7499905
7497030
7498395
7502760
7501781
7496789
7501759
7498191
7497179
7498107
7497557
7502295
7502158
7501102
7502083
7501448
7502000
7497204
7497989
7498383
7497849
7501730
7501753
7498453
7501575
7500974
7500151
7499282
7498277
7501656
7502999
7498308
7498565
7497459
7501991
7498053
7498103
7501813
7498120
7498201
7498812
7501980
7498313
7502243
7499159
7498181
7499078
7501190
7498070
7499727
7499268
7498367
7501350
7498665
7501874
7501821
7498000
7498272
7499271
7502524
7501711
7502964
7498549
7497970
7498039
7497971
7501551
7498331
7498176
7497545
7497195
7498587
7497126
7501995
7501635
7502063
7502553
7502019
7498730
7498287
7501724
7501956
7498029
7498706
7502529
7499182
7502155
7497160
7502038
7501272
7503055
7502325
7501687
7497673
7498798
7498525
7497930
7500978
7501869
7498550
7503092
7501597
7501196
7497597
7500104
7497796
7501494
7497674
7498019
7501903
7497772
7497634
7497797
7501654
7498135
7497793
7501961
7501890
7502547
7501689
7498658
7501531
7501150
7497266
7497907
7501006
7497469
7497311
7497542
7500894
7501880
7498241
7497756
7501010
7497888
7497921
7502412
7501973
7498455
7501606
7502446
7498033
7501321
7502343
7501593
7498542
7502710
7497764
7498275
7498544
7501990
7501627
7498251
