12875068
774413
2811513
8399394
11872656
13417115
1827601
1852806
5472380
7582934
5691162
5799080
2618016
1221219
5664349
1599271
7874318
3132136
14670500
7516942
14029663
11160415
14825945
155641
4200824
478229
980278
6414666
7250944
4318444
9778787
5676034
11178374
12802414
1869634
7790488
9528975
1753796
9709366
5357931
3974620
11868435
10478742
99170
14974577
10336000
5041371
10085862
13311521
11705305
4587299
11029105
12860239
717015
9912493
9651306
5964314
12230371
9376924
3757883
12935724
4593712
12910270
5801153
3982000
1368911
409072
8537427
10662218
14161148
6919468
11193700
12598275
11204279
1783226
1891696
12536067
3854643
8700750
8685178
3085015
6968000
153016
5517386
6702062
13142112
2947082
11981466
14471168
11176906
11634099
11103123
3719920
5281783
5556802
14716972
6891652
2435303
8808133
5219501
5843686
13300764
8904713
5885776
13869344
6713875
12558869
14640647
14385525
3260493
6445594
11059493
12564782
8122560
13789813
977196
11701413
11232045
4792781
14661581
3010111
12264081
995404
13250784
6544247
6324918
14410150
12984289
9786884
7316070
10741150
14933770
5547920
12978364
1894178
13218815
3193494
11014529
11357104
14107812
9374397
9155774
1412314
4747069
11127371
500691
4158634
1228598
13635232
9613726
12129468
12552954
10434039
1082264
3162856
2612419
11922790
10842055
8921473
8024239
8357617
4750757
4750906
1349845
9950780
6908515
10920900
14713285
10644398
2575520
8838727
9078364
10205916
9615669
4992047
8887611
9133566
6130637
14734379
14861753
5894771
3575203
3575807
11646327
2536383
4222337
2980732
12267713
97778
12204010
5109263
14884429
2091342
8529513
8308392
7153797
5758979
766299
11708474
1072955
8082197
12037170
4327824
2804626
2617502
818148
8595476
9089581
7009699
10436625
14290469
6235306
13972423
5960231
12076947
13523462
14098497
10353815
2453380
8923722
13269489
8500604
12322698
5269228
7504216
6230593
7659936
1590847
207078
13987900
9684591
11009682
8080200
800241
12680085
4334864
10862299
12774562
639465
2091503
1271754
13924913
2899427
5938260
746756
14658290
11092806
2416832
12006417
9706501
1279563
13435886
14279790
9174548
12694003
2351300
14467424
179772
11864894
392909
2066709
807268
11415008
11810119
10333977
8102904
4948671
7125114
7083226
1932454
7419850
9947757
6448460
2832602
7838023
8584225
6176372
1450150
10232186
7981823
4670595
9302143
9011238
10199240
3040752
8714903
10896242
3327595
12467357
14561946
14123297
9724238
353505
8172470
9286946
8236547
12541654
3778537
3460155
4555514
7207754
9883859
5101319
8700532
6543479
4274731
9327220
4807560
4444480
11399705
6782482
247225
9022638
11757967
2925106
175878
1700550
8363402
13451031
11355067
11094186
6678054
9310391
1084749
10451163
4360037
1882484
8495916
8870861
4757053
8592447
6482939
13789173
14465801
13791372
1022033
8542521
7966593
13424434
7486653
8779866
1660608
4224930
14404213
12985516
1762666
8465179
8120928
13019679
1370408
3182734
7757249
13587357
7232523
8903375
2750965
12928801
11808505
5280732
6864951
3000607
7184635
1793627
13162142
6315281
7926881
12061657
3893872
10952663
13372699
7559318
3312269
11818472
7957178
7950100
3852354
12750679
10910530
12216436
6553976
2452942
11665215
3106330
11218587
14224058
14146734
2765788
4947065
1031003
7456010
7984337
7600146
8469271
4624455
906358
5857731
621613
10033530
3777375
10596557
3619734
8215802
5809378
2655488
14806397
10803089
3381199
4350153
448881
4231171
5057368
8237598
1017933
9768656
14598398
949083
8544662
1500221
3621622
1862170
1729025
4069018
4470461
5193480
10005207
14657543
4086290
563125
2193740
12374485
7422502
3796148
12730736
2234585
3777466
10496546
12959239
11161307
11317386
10093556
10123078
754450
13510836
12972661
8691003
1527942
8326485
13451971
7505481
1090892
5435031
2185791
3720469
656964
7534279
6036851
9932954
3574612
222523
10759924
6623789
11754832
6448458
9808818
1746283
3873363
10204482
12953181
13881240
354564
10004185
12764883
14426176
12870855
9762717
5051914
3694115
5716115
13355524
7960297
14449354
13444132
2425467
11057700
2790388
4642524
11500202
9923562
1098407
1449267
10180204
4842448
8647610
6460301
11742905
10521067
12605971
2109704
966770
12027042
358197
3268835
4112722
4677397
14433660
7603917
11927612
10757921
10656519
2904494
12023129
9678341
5485681
7999793
13069964
12263958
8742776
6155592
9765846
800515
3262538
12920891
5226619
973091
2862484
13311410
10828393
2000446
1345361
13494864
4809322
7209969
2099675
3004242
206389
172572
3764350
8402400
9085213
1460234
8797486
5931790
10831984
9457959
10057768
6818983
276158
9658741
5728031
6636442
13298059
8475591
3967770
13903516
10383209
8859967
6277035
12480216
2188450
3939797
4671221
12817075
1712102
7540424
14986104
11063993
5900304
7864413
8834896
8039138
87997
12837598
10244185
13297832
4786408
1112388
10976857
9298821
11762419
8231001
11400898
3758931
12109900
1065048
4291674
3840743
1990724
7101572
2362164
8472076
14200378
7857662
13141311
468194
12316700
13197729
4950055
14835706
13845894
14796605
1787046
10089640
14114959
1185275
2882840
7730553
10707680
14150979
12474551
1490947
8999022
12065065
5018501
7098735
11741849
13523283
4219159
4986541
12734919
5970705
2129072
7737791
14748439
13247403
1222534
10330165
3539842
14821856
6238282
6346756
6899440
62420
4278056
13996087
13022506
12224236
3855443
1582478
6276364
12639312
2624160
4211840
13743631
1698884
8024549
983469
5980245
2900947
2302351
1069655
14716419
4944785
5489622
5277526
479151
3404554
881516
12992705
3521104
1192247
8625514
11496483
9620456
3664277
12330490
10062120
3642258
14646587
10950970
11043291
8037322
3074539
4290813
9910693
9808688
9244671
5733746
2314292
9706504
10868825
6001835
11261096
7064003
7979402
3139779
6219238
1629073
13175905
1970926
13366621
13876929
148418
11473510
6131914
9587530
11434928
2049012
10902850
7685493
7417671
3988147
2046987
8560536
9348395
11180890
1683462
7382530
12795052
5267057
11229400
10945573
12019533
11232604
8905408
3186630
2859587
10638880
8158696
14524020
14644267
2786906
10466613
9473137
11892739
8839085
7789410
11438713
14925462
14757172
2099429
5752073
2627062
12489088
1043800
6966778
4018488
2383339
13633514
1373443
11600589
1537934
3360276
4519675
1238787
5777596
13199249
8765763
10689783
9227750
22069
11091155
12170505
11848371
2859924
4894495
9980276
4017998
6187282
14174062
6908338
9864600
1738851
6935256
6994154
37883
6740156
4562545
8020452
617011
9008339
8977515
10786372
10866785
3779979
10790182
9087063
7788134
4649667
10256955
8001394
7442143
1195297
2677822
14544306
9937209
912775
12886047
7809157
3756531
4221703
2056632
4981997
1528098
13887230
2409448
8969736
12643925
217988
6866329
11756717
359810
9832431
5204926
10630888
3291434
12780126
4074156
9608103
11153053
2089835
12341433
200066
7770125
11648710
13983507
6371792
10323693
8827167
258139
13610136
2553724
2165311
2756587
2968411
8201789
8159721
730087
9133810
6379755
14992354
3838301
12292260
13679858
9296310
7778790
7310616
10838988
8269038
91368
6416625
3406615
1372273
1416767
5848928
6984123
13604605
8756911
584191
7037239
10536378
3394566
10943502
7509304
12592825
7454247
539774
4770956
5736097
7899368
8050705
438086
6182808
6549391
6638450
5681552
6197810
10463573
4264240
10214879
10468799
6434438
1143489
2021969
14570549
2617547
7436352
14818896
4988542
8557504
4198450
11945445
9698679
4526516
2250677
8233179
8591775
10126669
4192677
6146101
6121833
8708807
11675898
1627423
12440808
9484389
14913956
13537839
4398292
14832067
2586402
7124090
253183
13220548
2988949
7739403
6179499
7923729
9713959
11288151
14756740
1018074
2147252
9481029
2546648
5020815
69344
10499865
5081716
5049448
13024379
2450784
7922340
13753460
4371830
10702703
5642833
12748619
6587807
2827820
3463729
6721706
6406600
3704255
7033818
10490850
4380292
3457308
5023790
5158686
6323448
6334699
3494977
3547532
4601020
13756183
2362801
10228908
13410865
4434777
14796444
7048838
14131231
1996774
9560969
11743685
3919693
9182315
198139
14941505
1315599
13957398
11491806
2282276
15986
4238981
7866187
6167672
8808398
10331481
9525029
2229840
6169792
7551048
333666
7458591
7786101
9938144
12007301
7485480
178713
11399604
1758224
9636435
6397776
2925911
14974233
3074719
1820030
14542693
11671760
232830
4267240
6858673
8057904
9856881
3924706
3937836
147985
396309
3155735
9593553
2917393
8975568
12315317
13221137
14013649
6284462
2453632
12918905
6581006
2680757
7630081
5922238
14392928
8088889
4749857
8969844
216874
8191369
2847016
13659455
2477683
11351711
12102677
12377921
3242635
10971927
1130190
2837264
10066493
7129042
10435728
2853518
8486797
14190451
5025805
14890235
4159890
9634697
14855778
1320549
10486755
1727346
3466848
11545204
1941545
9127111
1410380
6985198
7949793
13760501
6180540
8826250
12225855
10320576
2057506
4630622
7085721
4472254
12099907
8668954
4049797
1385875
315571
1240944
5583594
10197213
6215739
11005796
12094384
8339588
1349042
3424484
2116972
14449847
1889751
13680650
1720762
12524504
10813117
5006376
6042605
9547065
1678316
13559276
10846403
3392130
2017873
10078844
8834150
12264840
14122661
6529695
5810584
7857069
9102635
5000391
12807739
3375311
4293631
7118535
339327
14039014
1119610
14969671
1036591
3850075
13680978
6788141
10714537
9898037
11952993
9918742
3344151
14337938
9910667
12968927
3506158
7479974
12253431
13992441
12446231
963098
14249031
638706
3017787
14690570
12467505
7847561
824707
7218205
14116678
3392545
6146092
12340066
12423905
1895772
1288621
7536692
3187162
12066144
7416987
1353288
1115320
13330601
1809594
4939591
14681168
13191872
9088653
14910101
3400200
7257697
4456198
3406945
6510003
799250
11070094
6999470
1826652
12747480
5864722
9904928
9836414
7985264
13780567
4102086
3693734
9752268
14556703
7138177
7158835
12297367
2773856
8221817
11354599
5059478
8330715
7820071
14149182
2582025
10863305
4427309
13889569
6300168
9857887
9930265
14031395
12631478
12607746
9234527
9930043
698026
8918162
9690603
11414988
9398709
9184217
6588181
14651772
2334049
9115545
6594181
5037331
7535219
12429530
9971697
6212393
9519075
6599103
8448026
4077078
3635047
7588745
5881678
12248813
8889147
5034823
12173040
5126445
14634399
13139156
8555034
7882988
13030369
527057
11891584
11816947
14136992
7437702
3527561
3589631
11095410
10758057
1057580
6428190
14058944
8343088
1916844
2245839
533608
14610455
3960514
4345410
11532292
11399277
7774229
5675839
12302938
6790891
12363600
4864135
5032277
5096751
2330215
13927989
14463857
320854
6723839
3343997
8387032
56268
10164854
784510
11671449
2212727
2458003
5276061
10111341
3890204
9724102
4523698
5700815
13374780
7710543
580118
1240816
6091711
14442662
4698786
8917925
6402537
5142101
9493567
8052302
5308478
14865813
7159179
4765992
5046346
115243
13299822
14436287
5942578
6777219
9627157
8299044
5963229
9535151
9334102
11096082
7804226
10945491
7429906
14246800
12797160
7846445
13732502
6480673
8708227
9393217
9847850
11268489
2904631
3860754
3804309
9221167
4565877
14585902
12711480
7348938
5963246
9521833
648484
12381430
6754677
14506531
10752244
4817053
11664649
13700086
4404811
190221
13310399
3401510
6012302
882547
12753217
962926
11994787
2457548
7113202
939148
5711463
13339259
1637703
8419392
3956318
12323551
12016602
1389961
4639644
70451
4656049
842992
10650751
12106982
12193793
4868683
6099640
5477778
13455996
4627256
8824795
12606262
7393726
6265603
5453741
9215075
6063731
8172176
5293209
11990007
7151936
10972761
12247387
1404479
8625757
7639335
1956590
11285577
4064882
14862494
430136
12236377
13037295
2053902
341822
12387749
14266012
9382687
402590
2948957
326018
13647308
1951704
10101819
3178620
14358702
3588224
3707659
1354910
5990537
5359029
378336
13724163
12769225
13619521
3428372
7588265
14993276
2113808
12305296
13908581
8298990
4788199
4616042
7307213
3961715
3447999
42365
11710914
4730383
8982902
2427712
1448309
1877073
1822211
8719147
5367041
5044992
7533133
2222389
10379601
11974235
11554679
5166716
7966230
9738085
7740527
6743514
605470
4434661
8486576
8329206
2371654
13384372
10398334
7735214
13156034
2393683
3702729
14187765
7960287
11158886
8774053
5526391
13548124
14686402
11036147
3981427
11509805
7557752
1152516
4333136
10773020
14967124
4915843
3815512
1264192
125641
7036170
9221312
1059549
3750356
4082385
10990741
12873492
8627817
1076288
8507504
4465099
10751236
9498385
14493895
5242592
6131784
3442188
6656926
8546221
2659708
12120078
943353
2451961
8437625
2706346
10474390
2154792
2455032
9544505
11242927
7858043
8137083
11282476
911948
12562686
10248192
10252255
6754207
4424563
11304639
2798977
10623429
3128505
10565054
12054627
4860718
1382199
6470528
1005684
3728440
5657821
6744355
12138429
8022874
1247197
13094131
6975696
6117843
3902547
14539868
10473635
10677962
8594789
292823
8433077
12147099
2977013
8940222
2903658
10234510
10900921
2607737
3675596
8628870
5641701
1408533
8492988
4220956
12629761
244201
10387097
3093372
1132691
185282
12785257
13401995
11539388
2801908
6299952
397684
12518941
10819367
4588161
1341893
9464934
6871509
14555060
234128
13060994
2049945
6997649
5837839
90159
704520
1557062
13681379
4542578
767269
10789041
14606228
13945098
14241531
5056807
7792208
7157799
3771557
6606096
5407499
10412665
1776054
8089470
518493
13559621
10042989
11227713
14201790
8258449
326655
10787512
2836622
11894042
3171897
4509835
3353619
4939609
12132297
4821720
10813181
10449666
4036106
5139793
9408303
4846686
2998263
9344552
12374269
2925042
12639662
5387261
8593954
12399520
11409358
14106738
11819749
11966658
3234085
9464573
8729350
6527567
3054226
2873047
721817
7916270
11006025
12032364
11672642
12382978
4316345
7905445
1681754
6927990
12077799
6654841
4835881
12286630
14487739
7082262
12406155
12699133
9416495
7680979
10366219
3793067
4957181
13476653
1515616
2083808
5407161
6424420
13796434
4638057
1054125
1459312
1009095
6526375
13674539
14270855
4043912
10425971
8569644
5473211
11491361
13176198
7522320
12587962
4115388
664637
10647986
2761834
4712681
11361015
14852204
12577783
8646089
14669306
1744338
10473448
14922916
11265278
13659555
4448286
565501
6806785
3404502
3831458
2855930
4304490
10313981
13360608
12674563
6013545
6901992
7548589
6936346
14447527
3060249
12440302
6825708
26122
11053991
14957386
6381838
6000058
6760879
9600725
2799790
6897799
5940751
2687701
7768283
9858975
7827573
6606228
11346443
14291028
7129310
7828817
7523947
8934532
7207600
3332762
486890
2134828
4232479
5252078
471234
6791506
12725540
11963975
11560720
8484448
3937737
9074337
9825969
966362
13428642
3207599
2728659
7043595
13746904
3201239
719180
12372783
1053696
13324884
12595016
12334427
4001268
2501203
12226884
7544280
1741300
2199722
2675643
1949020
7765467
11291754
12128354
13513793
2660092
8348903
8792380
7266078
4433233
4675255
1032882
6927831
9701023
5631262
11909687
11943384
1097935
422973
7686686
13977384
12493021
11286065
7920771
2293621
4939724
9220563
9893775
4736265
6190902
7110630
11562481
1391339
7284708
5645073
880966
3911274
1710542
5555790
13005667
8700212
8189859
7228945
8286477
6552156
6811988
76581
5625000
5962362
12283229
4268758
6164947
12819056
4221119
14211577
3633578
3587047
8664641
5734716
4489660
13127549
12403886
10885894
13312411
10708630
12093556
4411919
12420019
9747225
6806777
9889837
1179373
13762576
991913
4751423
12813973
11414770
6081855
1255192
13923388
13826986
13344429
7448262
11426495
6179039
13679485
2585629
5850886
14258626
13336017
4003244
13603396
4961413
13625165
1926173
1009099
4411751
5954114
13670955
11722045
4254173
5276418
12641708
7351577
2563433
13831140
5473739
5729433
6618620
12284804
3351729
4688553
5067095
9121143
445501
442972
13331924
13818267
10717482
14526383
1340295
4426589
14597122
153054
6655996
8480919
9540369
2582293
10498119
12549463
3557532
2900739
11497798
9947522
259904
8470261
12253569
10703233
14495134
14907514
11073876
10206532
2277567
3714087
6681125
9464933
7503413
14225808
10160523
278435
2595592
12647076
1677480
7734741
12750325
4943393
701482
7108300
13621886
4202531
3284593
5409089
6141287
11771388
6709909
3148451
4867828
4601120
6280749
9488199
9437659
5846251
5118012
275085
3699371
12837638
10924571
4591151
8303267
9947172
12580867
2585923
6226294
2160989
1906262
4158891
3596051
4895917
2999128
4236315
12780336
2972289
10281596
3140594
13768261
11561274
2224053
3191904
11527736
1662621
4030171
12848371
11305337
6669384
511170
3923991
13631860
4279023
5422365
10679796
7382986
12140506
8070249
4210598
10074837
587053
8833513
14182837
7796280
10240347
13396266
13519588
7444581
56168
2855762
3711948
9964073
8892097
8588837
7694131
13052752
10917739
13658739
13073000
10565311
1127907
7242757
6672024
6759341
27002
6169795
608529
2413289
4128570
9056053
3221103
12828394
4865488
7858241
13671233
13906190
6934984
10243563
12878808
2285724
11976677
13292594
3671342
11403686
11109346
7844783
1867770
12467209
13514182
757354
8837717
1717503
3367500
10834227
6206840
6516221
438913
6856254
13938877
12630101
12438249
9940985
4595188
8967568
1955946
14208599
14129261
1708942
2263166
11992922
7901484
13857347
3162046
11229988
13518062
2853475
5285408
7708603
11523399
8107211
13644603
14396754
14909620
14421054
14350662
4813361
4015155
7925804
12609905
14230250
13453503
11841108
14013662
462635
11364492
1094704
13639425
6945618
6017414
2649209
530582
7799547
5070451
14177478
4318269
13520350
7414172
12182892
6383348
7415326
2774385
1726500
11794276
1424867
5668005
10275051
1120728
8253581
2731068
11498840
11756572
8382877
10884702
9671773
421147
14139859
4111824
14511022
5579154
2742059
515216
7713855
12220310
1453516
1804272
3644621
12447161
6265786
9366988
4642028
5715809
4750754
13023491
8799207
2288123
9276037
3008515
4000192
7581000
13462415
4090745
12534978
751451
13696544
9644646
9324045
11026971
7003299
3322438
8856413
13521183
11448251
4029449
10909957
2557568
9706287
10156171
11006911
14900461
7892128
5016696
8626177
11692598
2986208
13538415
4084760
14655459
4641304
6361039
9966809
5253572
2367805
12985655
12432926
12114643
12819522
9450116
9907739
4675327
6963081
8151793
2169057
7876696
13166304
14073337
11289550
6392644
1372297
7304050
10930075
2984547
13526039
4242219
12561054
3385054
1115660
13297065
4859735
4643584
12542839
2134320
10072331
10652874
3571413
2222624
12390332
14552969
6794536
5809461
577453
12018825
6889955
5353823
6105502
6490804
1159067
11260286
14053860
14830576
8446299
10160518
12526044
7341141
14849188
9060096
11513316
10558239
9202609
14111801
1617969
3786140
7289185
14397152
10999441
8223045
7545969
13411347
2637414
6057894
12454091
11053010
6761397
8768866
9207769
6710276
7546808
13319799
4227456
7703425
5900047
14209225
6528674
5286525
575151
14202350
11770531
2617750
6916089
6506147
3040265
3955303
6021513
7858443
13114300
7187938
8015183
11925110
5672343
4729872
2628107
14877833
13462430
7725908
1094168
6828907
11615544
1731078
12012121
5928508
4582604
13803063
154667
14204894
14268413
4785143
10872608
7464814
3048259
11672445
14640994
12089063
13248976
8833650
10128155
9182501
9884428
6526327
1336607
2401471
9588581
7995896
9285776
5634240
12238290
2950404
1608819
5674414
10524604
14591995
11581007
11537177
8373703
2140042
6388970
12853188
11524975
6979385
14352338
814012
13254998
10428853
6112860
9087323
7138745
3963719
13794596
7165601
316475
12271628
1997281
5627991
3458136
10656296
4614101
5711312
6858532
4214315
6252256
776751
6893981
7384769
4176529
9052551
14328062
11627970
11884394
14009641
9949570
6184666
13937885
1999008
3069917
13016407
2578142
7582750
4564001
5406448
12755774
7550981
3943494
4026498
572751
10085620
7045927
13068373
9319570
11438590
5793654
11359887
3923898
2499104
629730
4157527
14330769
13704599
11203250
14556589
9402307
14872612
6697572
14192919
6174198
6489484
6622973
1351704
5601956
10847391
14900729
5846999
4282262
4596755
972819
13080439
243661
14448044
14786133
2907365
1937904
6494756
9738399
11890208
9230133
8610295
2197385
1257826
11398397
14644471
2565788
4598441
12752089
6166676
10280885
5607313
3932871
11521301
13286280
10852747
5856044
9780892
10220433
2470081
7032189
13720725
3792818
8558848
7438894
2487767
10969886
6626140
4624802
6141357
10434288
12207656
3683531
1185881
13330187
4533648
7286992
4303904
13935690
5464012
11659486
1151735
10835926
14849744
5469156
5485150
6433896
2186520
12431131
5478325
2505259
4393064
10798573
12246047
2844980
4180625
2776806
10016154
12465139
8309380
8901373
11409778
9314539
11301331
14105368
9598405
12589963
12351090
8959958
7004292
5022636
3429608
5973453
3428845
5456327
4942877
4790415
3681395
8009620
4941399
9153820
2157429
12728527
10357171
13272256
13122002
8608906
3458893
5761121
457848
13909110
6462577
10035257
9462929
4901996
345681
12163625
1031278
10267222
11016619
12822433
14193349
6418919
6668686
1593822
14598313
14542085
8674807
7923725
9091551
12649787
13274260
8349865
730495
14398493
6984406
3967737
5258563
2425450
13471101
3754173
10959264
3389425
3392500
5596155
10264867
8766818
1046373
160896
5745280
13376250
11895980
9234853
4567180
12519498
10353971
11314804
14412912
6500095
1146691
11369913
11295258
4475781
7950646
13096586
1267212
9705388
12913105
13311752
6588031
11079006
12591166
11959139
4716171
7024365
1077958
9313137
11464897
387365
8444594
6413642
8645526
11273554
10816527
11168036
11611350
5161867
9963344
9375978
10882381
12518476
11798494
1361759
104531
3245305
5606577
11248762
1827689
12409914
6232745
3337231
1990190
791547
5949569
14206082
9071613
8074988
14261241
4879138
8112151
8218848
6937288
8849325
2770951
4574055
7960533
10874748
13689714
11863586
13879751
1327791
8356241
9072425
6326822
259851
13686480
3884549
327658
6980991
427960
14513765
11172926
1664851
4164878
14130924
6790614
9627576
13542552
2964825
9123714
10938712
10062237
7706051
528130
6236738
2744460
10843117
8774296
7664752
4587918
13702696
3903136
12138000
12096420
5096812
10716253
14067833
14897461
5607026
3796822
287658
3123725
14582854
15989
2046957
4372262
8038959
10642540
2089977
13596733
6871150
5764750
6938920
7443808
14357350
14310952
3485028
10869747
14433462
12554521
9130726
12600401
14803728
203890
11437209
11542906
10035951
1087676
608822
4431022
6695267
14305685
12433848
13512219
2661689
3017114
8714652
14658721
7098057
9116444
5172059
6014864
13014447
11836963
7628515
5703293
11398768
13875487
13799538
2008366
2964378
9298164
4008641
12358147
1813489
1545542
5805793
10281440
10438238
6271903
1618120
6562497
7132859
10696217
8151089
467988
1684806
3032152
5178708
7781266
3100378
6416482
11496133
4032462
3321157
11215393
14077275
7506172
11635955
4550574
14532492
14474284
12226943
5059116
7661266
2130324
5793451
3224105
13238935
14963638
11496285
13743036
11302665
4828270
3232143
13694060
11731378
10957746
11317952
3499124
5046628
1357274
727178
2588347
8749695
6978414
3344306
848562
610535
8979599
12447983
7064205
794337
9396695
2587140
6012398
6558347
3016853
6281120
4757309
1422635
251625
4903996
5939078
3716919
12868072
7235801
12956984
6718865
10364466
11829892
8350057
1251219
783677
3726375
5961416
2201664
4188346
1775609
14447883
3892525
4878991
6179711
4092179
6034592
8111832
11385642
14248259
3780307
2138745
4771021
12123261
2150437
11600584
3724097
460706
2305479
8200596
2631278
8680186
14077694
7020401
4334653
2950725
13036334
3969685
7496503
11017018
12626202
9726102
12025212
3483761
5529029
10591073
4282726
11135864
13436437
2685768
1803959
7136703
4011371
3102413
6983079
1780249
8312459
8143652
12755941
2849815
8730665
11490713
6715928
11688785
1070027
6380124
5427348
1342361
10580188
3483731
2017580
5051587
13687570
8818717
9431607
5627379
13169122
3987356
14939689
10742262
11703228
8333474
6295491
2211493
888972
11519186
5742871
352098
14828002
1757763
7698440
411545
3169010
7742827
10418756
8131735
1503335
11333732
4210780
13386265
13418023
4548997
6896164
9766109
10199138
13872682
10973670
6992867
4994203
1088471
13187301
10089460
1816298
10440127
8053990
645320
10917324
2789897
5487930
593844
6538504
4078794
5928788
2466235
13738682
3932358
14019078
14674894
11152390
2079801
7275437
3225208
7390611
3680464
11235640
13956361
1023444
12566791
14419442
14991401
7729653
9636154
11774588
9356715
14187383
1399680
5763395
12527770
3276861
12292368
6760145
10834291
5841028
3761881
10875026
383299
12836029
9667570
7187811
8329486
4388283
4521203
12246767
6053356
11843177
12735465
13655037
5532358
3556477
4237011
3804280
8997837
12419519
6528149
6436822
294484
6203735
14683260
7443730
11160816
3438531
3487090
6170755
5852573
9749064
5234980
9244218
6055073
13201779
466214
3361137
13140755
12608476
7668293
2231561
11302008
2243556
3319808
4857050
7732683
9449389
6106665
1882514
3393755
5699112
9584335
14024886
1032695
13153456
157990
14603473
7992838
12999523
3796904
10741283
300570
12219145
347041
9185463
9921265
3423533
14739210
8367717
5155734
5092316
2904756
7603553
11913875
8741456
9455255
10581463
4279074
3680848
11995983
1134928
10763138
1894101
956046
9112901
4123147
13171854
6037977
4765219
9034693
12265126
2999593
2823909
1594515
396711
11182846
14133588
14104862
1329530
14686815
6756338
13715158
10102140
3170310
2669097
8777128
8816634
11111350
10344270
8004704
6204648
5369703
3306206
1317567
5828146
12770311
6862413
3293530
238117
3338152
2670065
14706416
5018838
1602481
1871671
14271219
1948363
8032459
2717308
5749426
8033676
6441866
6048157
8672106
2952883
11707073
7883152
2865192
11151646
3007865
269920
13943118
13384836
186176
5415855
11532996
12907451
11333949
10925057
6155581
7506852
11863479
14579694
11018511
7680247
12390923
7180110
13391588
900696
3967615
4652700
10985615
12121609
14427761
4134965
4340180
3970382
3256053
7627048
3281270
2841756
2503210
4517463
5460444
12421331
9331734
266095
10305408
10683333
128901
6131746
5445199
573444
13923585
10264565
14224704
11606334
4937231
7138619
8646228
12773982
10818178
743009
1418891
7760405
11900323
5412225
1183741
7040794
6063415
5807806
8416382
11409542
8422999
9918951
7188807
1727954
10389756
7329080
6793482
1710083
4961665
8343657
3724493
1037189
1874880
7919646
8911078
6456860
4144712
2596780
11891202
13435533
8871493
13982303
10108064
13074444
11038603
14223639
13366222
6016584
5572427
11219382
13227556
14439577
3192355
7999408
7043610
1995491
739172
8724243
3073857
7459268
11340760
13570556
11732844
11690354
1237264
9503644
4323670
1354061
2018734
4855618
11930602
13922815
8645668
328402
6507248
6356419
3780374
2729947
14317317
13520802
10830689
6430399
10738398
12294811
7319709
3819690
9590311
2082652
7816577
624252
110235
13464939
7464909
8450960
13832165
8665219
3222588
4785857
3933432
3704476
8424079
3624708
4011848
12103569
10616867
2631478
11346869
13667274
1815644
3011459
6563688
1786513
8518727
65155
649985
9626613
4359232
2775042
11118942
8531124
8151961
13600759
5169100
1040297
3195525
8585233
7711576
9048032
2283149
13799658
14867361
2045126
3195747
11879922
14089970
4879955
8242027
12646234
5294629
10675572
5897969
7351915
10670968
10595954
11687104
1657933
10559395
13273764
14146605
121011
14201101
2345234
266157
13748555
6642698
2417963
10712329
940852
5638250
427593
12288986
2105711
7941961
10861518
1849954
13085835
11664885
7315389
3118343
14823153
9112561
13015870
1979682
6451268
115825
426729
11653571
4786063
9478949
14549007
11141319
3123541
5063557
4689310
8923244
5426125
9449712
10154310
5832044
8033317
11429196
2394562
12055368
8339352
1036545
5747244
2060782
3665546
3406909
8865672
9187779
14269861
13441968
7651002
5269511
8685865
7803833
7779666
2279646
9135590
14737329
9951869
10056117
5013087
13480403
14994313
2035282
8834590
4250564
3668447
12449026
13672600
3403449
14943619
6481
1389243
6348133
3542159
14041406
10043861
11582123
10323157
5989895
8587648
14644934
14061253
4687401
4487804
8902110
9760539
3189788
11226934
1058710
11702690
11431948
7039602
3699860
1252278
7134581
13203211
2933176
13039195
10021411
6988170
9061825
5795290
981654
5605089
11381814
4226264
3167203
3875990
3122991
11875519
6745890
9613864
9015304
7517986
14745095
11034276
208478
4793540
11872208
7947292
10795090
11476597
6113019
6987110
9732787
12071222
6746555
1241118
4894672
1980390
3600119
223213
7169607
14028030
1309309
6102010
10809968
5890211
10940840
5387949
14846470
7803354
2268687
14039824
927717
12054077
7591415
11029656
10011216
1091543
8445205
1230639
7632741
8385520
13234053
71818
1831613
702803
7477765
9337809
923886
14757416
1116486
8167693
11066185
12640660
1833731
13495741
9432614
164873
12291413
6910648
7619675
10822555
13942692
13897144
5319750
7684077
14526378
9669878
2551130
424139
922945
14330559
10255395
7958850
8498323
5989392
4945971
1983527
2203754
5474087
11922537
12402865
10918867
8040475
13702554
7278382
10996474
1522107
7669622
14011976
2763058
7959287
4258614
6160602
13655266
7584625
9958239
14401809
13280898
14203887
4150847
8595924
125006
1430362
9163357
3125964
4115550
961615
13831096
7354689
3849884
2569210
8645888
504348
8472864
2982100
14665059
14884962
6946621
8387665
10132161
6197457
7750430
3602007
7495258
7457869
14836192
2789755
7244702
13477786
9317638
9999104
1649635
7265292
14076621
7991686
1283386
13596015
5016603
4704939
9728936
8418826
4231440
4794541
10673100
10149077
12808103
14999528
10502529
12331254
12632023
6854234
14375915
1565000
2827670
7070330
9797877
9876218
14162340
6074285
5107990
3749979
10114482
3539515
2426604
14320618
1101768
12488361
11809205
10746965
12812691
11493251
4045523
1546370
2019691
1612886
2194510
11980821
7128973
5674131
5219050
10884035
5012152
12655027
3628027
14090525
5299214
14136465
2196679
14163616
668510
12261435
5913401
4601416
7434599
6981418
14353654
3274997
12312792
11893471
11843864
8932686
5392496
7767179
11374939
5971189
10628958
9319220
3956933
13448525
8564068
10653448
5312749
13298399
3926535
12272067
11007307
2598273
8961907
1717338
14665736
8211745
3190711
12709977
8497871
4513587
14283257
7023187
4198697
11126824
13623817
8712267
7660630
6673777
2334428
10657178
13106179
9983526
2430122
14263754
14156082
907280
5774769
10815008
4889972
1340429
11615095
8885926
8744795
9028022
1563459
14817441
8658618
5273083
6923403
1319533
11123576
1182478
8177931
8782362
10631787
12621975
10281334
7096140
11198304
3123751
7415689
9537370
10471247
2463945
5059645
413042
9648908
14313465
14072786
12466806
5883865
9232284
5063599
4929395
10577691
14967915
962312
9110132
3013244
11598752
8918470
13029455
4980411
13697403
10411252
12920733
12408263
1387644
2934546
5632402
12842940
9042663
3860881
2928691
11328707
39870
6671341
7087256
235788
12522959
13982363
4677496
12080381
8373446
14836725
12080163
3441399
13711075
11263162
9439476
1716495
13642108
698647
518037
11183674
12126420
381120
142485
11772747
8405354
12713093
7367557
9907634
8822499
574725
7669116
14102264
5851556
5983780
9604914
6194305
4771915
6744956
4237164
2425069
8254577
14097264
13146680
5633018
1238627
12668624
11184376
11769850
10418143
2502172
3629952
4548594
14946069
13337281
10601669
2385596
13323081
10476310
12128892
6473049
14348437
9087845
11285015
5300530
3325893
11882443
14219956
12162943
10169856
6763829
8863546
262580
7858708
11074767
2137059
7848885
11831577
5400616
243176
12776524
2189282
3684739
11592921
10534849
12850198
12234982
3876080
8719798
12447624
3420960
13931796
4860893
5528201
13829245
3607761
3763460
5122275
5563173
12859923
5474815
14574187
9019018
932846
8038471
10306232
13378851
2547643
14304144
13558724
14687832
3669613
1399188
3559551
2330194
9035776
13704444
8559141
14350178
4677389
4302925
13725489
12067380
9498576
2490793
63452
11713909
12425936
609209
4659800
6360499
9236856
2658959
6475097
7391538
12163438
14607924
7303197
5254658
12948582
9017552
8011693
5121623
7030395
14257881
9622763
9874169
14410466
14219088
14208617
7256270
10246263
53327
12480178
2979074
8532076
13073066
11022012
8800998
2404256
14145682
6320142
9049013
9275119
4289601
12856864
4147011
9016431
6269576
576619
10730671
4331763
8648362
2002451
14523445
13653349
9112866
9135465
6670044
11065548
3444497
14503976
14140607
14831914
9747622
12193518
11498030
12836239
2358045
6190755
9777438
4622414
1007775
9883000
8444927
2595800
125412
2740632
5110006
756556
3304577
12566212
13706454
6052585
7131844
12571175
4051338
6655922
6410167
11187599
11202835
13057174
2594145
6167173
7330419
1028409
11162659
9429820
3219942
1915642
12417948
13927663
12547650
9151657
10956521
651032
7891320
1318448
3205502
7271602
5251522
9979550
14053188
4347673
1971845
13893485
11654827
2567058
6215994
13716308
10029541
11327176
12402217
8073807
2240327
7284412
1906389
6906307
8033114
1594988
14732613
6924569
6336413
362596
9194232
3229657
12894241
12272666
7563704
8441594
9699244
11783700
1195679
12578122
9850037
12828048
13021865
1145161
11454830
3796098
11569962
6885597
2878013
14320285
10947785
2071193
9658312
11224308
7475230
2624037
3718715
12430967
5432386
8414574
7688430
9137284
288121
4786170
14347628
5888742
12596028
3047709
5318172
4892969
3773819
6488237
5894374
11097458
8526155
8976487
2261123
2314099
10962453
1843425
10846189
2055610
12393212
5772310
5677260
14945480
3366716
6330568
2502093
4281835
12280692
670847
9235622
1723246
5134573
11367822
2376689
8545868
14359677
5562921
11601055
10126614
11423024
13667897
14502511
10607678
4954267
12429114
6559703
2060695
8129180
9309115
6035838
9371240
4555389
1987172
8755804
10041562
7621866
352299
2701322
8528519
11227062
201491
4158537
2404743
4632874
4928506
13436146
4539254
14525725
13206007
13590517
10406799
4190353
9452674
3286057
8234754
1445435
12253599
10325184
6574583
3807512
13529224
5235541
14924324
12379720
5621041
8229871
5970774
12238094
13732661
14698885
14759902
10470351
11359093
13116459
12231855
3311508
10634244
11610654
5673170
2437099
10519897
6545929
12067128
11420417
11125107
3801226
8354701
10738427
13597518
3205705
2056833
9819244
14183218
7791881
8745938
8719045
1232129
14952184
10437236
7573645
13587756
7769333
2104197
3310249
393997
14898800
7001076
5180313
12331654
9722261
1096921
12355726
5413657
5798067
3379273
10437181
14746689
5346858
4402612
12755121
14872123
11573038
12738289
13154312
8065994
11403865
2924123
13141859
4833314
4902951
14193899
2271788
9555804
95666
14537611
4687895
14536251
7373405
9553100
1819228
5944005
5331132
107553
5623006
9109661
6690618
8917947
10083690
5809370
6400484
84035
9960212
13620818
6229375
318560
14914004
10129043
7124334
3666890
11286180
7831499
8801971
4421273
13447422
2806440
6537504
12884918
13219448
1523499
7493065
7959983
14031924
11590119
11711713
2600826
14914642
14154116
29611
296574
4444277
1874708
5140757
1307613
1771199
10934158
14271662
7253862
3239174
3043183
725548
5403886
213932
4626892
6206635
6023408
7497284
95638
2901248
7482966
8327009
14298919
5349280
8256306
7595729
2769265
14843571
2782236
8238547
5278942
6808519
12918669
4842942
12103512
5808679
11359843
1088454
6278229
11121020
8779252
12372170
2873578
2689222
12832655
2584754
2896563
12674205
9651663
3468794
6184917
11261497
1427975
9543558
6652958
14141674
4960152
7689128
9989512
10657610
6414333
5425854
14199732
14416650
7621891
9332143
5702305
12661621
11172398
8634482
12707274
8220414
6209445
5098788
11612778
12375147
14174092
9950572
10560920
7270328
2492829
1742327
14567855
1724414
4206047
6765059
10204750
157641
1575708
9549469
1612212
1449224
7877492
8134901
8878157
9316008
6272317
4780301
3101013
3231614
14847303
10887069
3466473
11711631
2011384
7542765
11330510
9596321
8936884
14874071
10760166
4707371
9286825
4450100
10644271
7352278
5314268
8893228
4309130
7297071
1438927
2871587
10652349
11593153
2200603
5308642
7512267
4745088
8902414
11548871
4734734
1225074
10563575
704697
10700234
227585
13234572
14248060
11476605
3084516
9385973
6530285
5883959
5624583
4603438
9562202
14772767
1607126
1379572
47129
9440472
2821371
2777306
8825685
11878168
6701269
5722358
6208912
4432969
8868009
3425158
2163053
12302233
6312241
5771566
9844360
5200637
14928406
9314871
3201490
14127981
14157391
7831740
11512212
11781752
12553665
6543798
8458651
5661068
13182644
13543668
13581800
10808779
2537642
3505248
8351376
4671658
10183391
2654163
12927824
12282118
4834931
4475567
1683922
6450165
12092604
12367953
5402755
2400166
9004738
12181907
14054236
12859092
2817438
13148481
4747820
6032871
4259338
2435476
3908957
7932195
13938004
9573675
11743523
5389030
2457916
12591904
13617027
12291209
13522543
2541648
1267192
2188369
391886
6520818
12636940
7295958
3335377
13414694
4124136
2847893
12300659
11496812
4238576
3085625
1815341
11008305
4116268
8985514
11494432
7473274
7686648
1765606
7832585
74199
6836908
12570638
10197375
13677582
11106773
13904383
5142550
6443849
5896513
4424230
4799696
7563922
14339524
14377731
10741372
13793357
4440169
7175922
14020183
8199829
14367940
4253726
5499813
9603167
5926057
8623521
8354600
6227668
7969260
10335428
14127054
3834734
11261069
921142
9694256
14892264
4249131
12281159
13947923
2407473
9552427
14380190
11505891
4598595
13352266
1856672
4080662
9218345
9520742
5420523
2527545
1092276
5789136
4450559
4565154
2533209
14769329
12339132
1401015
10600699
4328996
1502320
14974999
13636460
9598335
10993367
6764415
12678817
13938076
164058
13861559
10259578
2958009
8360443
4987279
12780764
1622834
11042557
6366454
10535895
13657720
4466125
5932024
11401198
11177150
5435128
72460
11196228
4424511
6098580
13420849
5094370
6690902
14812050
6687947
783831
8958256
9828332
5322691
12147468
13639583
2146239
14119857
12284241
14797413
7718026
12555515
2433343
1707161
14390089
7174669
12137547
5661845
2237918
11740429
7225597
4622141
7210071
908964
6627575
12841311
11540809
5892018
300260
9520101
11609881
2804876
5899188
9428921
5604685
9882835
8692167
14477340
3588428
11100163
8342693
367226
13883272
3753495
10782639
1647764
5425473
2011524
7129028
9207102
8230625
6758189
11295506
920224
7067908
10884473
6632795
11765695
12928854
3424778
10632837
5106309
1762335
3966219
12587855
14405406
6231397
4491381
2440312
2695961
7150311
14709037
13870171
9839551
12014204
10806612
12336971
14425223
2915211
954227
6260758
8218844
13864778
9949435
2647318
14556905
3045402
10501121
12319569
14643981
14361618
7992079
14300199
13252867
3731033
6273912
492648
6699700
11951431
12650716
13863415
7283012
10573541
9771352
13085810
11683175
6396355
1344286
3364693
12023596
1691550
9562547
3146471
6784963
1461303
14140951
10089915
8474417
11394770
9586170
4876516
13503976
11680949
11902910
14084120
7041462
1966206
6317918
14446815
6747313
8455150
12818988
14317280
5202477
7366272
7298411
9227103
12442586
316292
1983059
12324522
7310413
14987850
8636192
1787978
8955702
14421375
226128
11187828
6054630
10988020
7277419
8806848
2646122
14227637
12772596
2717703
8695040
12817470
7707928
6296183
12382917
6016979
14097009
1751563
11794268
8870747
12995069
4980603
2042197
11734147
10825410
7846309
6404244
11226825
8680489
1674794
14420619
14863305
9295019
5642581
12636741
9443026
8420285
6669616
8293719
2795706
11635764
1420096
1913268
14989765
2736645
6149190
6314538
8074553
11049845
8458077
1420978
5464631
9182926
7761405
14508821
11371100
10114303
4926796
8220289
3268738
5428740
13574714
11078118
4784945
11783350
2424255
3795987
9580500
11427481
3902731
13754926
11560564
6013222
12720372
102665
910245
12350981
14385428
7201886
11358766
10770082
3492793
7186066
9511089
4450469
6481419
3372776
8539720
14175384
11238606
2401091
3983461
1294226
14235254
2200418
6548780
5130955
78638
1286192
14191726
8320234
7012679
8132003
4350554
10040682
5025576
13921681
8226841
14486625
7249532
14204138
9370405
9222073
14204052
14697389
14954522
12821576
10641671
12624429
1426634
3376163
12092953
10739180
13687529
207650
9590946
12613200
2930661
5000275
7338474
12094645
925473
2000895
12410424
11947107
10892363
14548594
12249251
10040049
9224281
13417678
14794011
821220
14918728
9200836
778072
14666661
10852020
8279021
1050175
4967559
10053430
7003016
58185
10553041
2230025
13120205
9295701
13216960
5323852
3492642
9961803
6165630
4516056
3254264
5707371
11295667
720719
10239594
1976136
10313458
3393182
1662438
5385599
7603531
5272627
13187278
5447084
7199824
12737597
4848961
4778205
3470084
2426552
2417899
9642785
14172777
6544601
13919874
12485243
12533039
8055738
7218893
3453111
12395074
11201045
13653763
9098606
14625846
6147970
6160100
113729
10517608
8063612
1494580
3493413
12807666
2428372
9484262
13783915
7265416
4565640
9799697
7349013
9995777
5240435
8054351
6237394
2567837
6412471
6044374
9828927
5505760
4263151
4475157
5673040
2927568
2977507
6442293
4082136
862913
1195564
4402876
13877530
1047247
11168686
2062789
8624500
1046105
2387620
4487217
10803542
2796496
6929892
10765513
2822259
2414080
9398578
2810326
1819281
14370864
11100851
9625903
10439112
14697332
2632288
11574488
14633823
12419415
14187163
370324
5449861
14007073
8937832
5459420
2819876
779701
1514845
7383351
11280591
3565706
1013130
10847977
11982297
13309224
12451594
14819052
9874985
13495846
1834270
1042496
5898577
4952260
9894626
8877564
11491259
9444082
3594254
11258494
7457005
5844028
790094
10010251
4459446
14633176
14161459
13563523
8463876
3072940
3367207
1643483
5223262
13548336
8931793
9310013
13880762
754945
745811
1674382
7066935
3451970
9697769
636969
13643164
13250839
8429114
8798117
6540326
14075768
8524057
4536766
8476137
14823799
6225418
1067556
7590843
13589724
6033464
11183639
13288123
3232372
4880163
11543970
6102749
13249167
14468011
9606456
848948
1427364
3197479
5526280
12475944
8989549
9160084
6208166
14518657
14053196
7113874
2816429
9409750
7795518
10676358
8710484
2489791
12681734
10497865
2813333
6776298
13484015
4184062
5543921
12597024
11557536
145046
2724182
11539282
789524
13602530
7564443
1627574
9614632
5153427
5679962
2867056
3437931
11633434
8204728
9425218
12318281
7689138
11533042
4291546
607630
5683106
14137124
2342819
4023989
4324515
14489547
13844559
6580268
1839659
12377278
12550477
10088633
4789410
10517030
1122334
9191720
9741408
1462894
9311428
10904083
423676
12000790
9278087
6380185
4470320
14806102
5291253
2404174
7283643
4245144
8685720
8321449
12760819
913620
5857069
3741234
9759311
1309671
7820880
7123374
2854042
2507779
11899607
414463
12139664
2908940
4555699
2854784
9677483
11702195
8328980
312743
2565127
11360756
12690625
4645105
12339339
12012215
13169198
12483223
12069472
2960723
11251871
948628
1254588
5686585
10309465
1172129
7528755
4845269
2350930
3390416
12752997
9307796
2789475
485372
10851376
12557505
4389178
2756021
7988271
9983018
4215489
12386328
8968164
2149870
7374808
13645129
12547818
12811164
11935193
8135696
9994548
7329768
5860401
11790117
8948039
2527191
14672567
5117748
2793103
5670811
3844721
12881861
2042351
10567942
9359089
7334287
5691449
3817150
11868246
10294152
4499386
6144917
3979197
1452869
13644241
14110669
13120308
9940125
4932651
12987883
4423793
6521354
13202604
9044500
1602864
11869789
14046713
4053798
2771096
8164405
13753246
10785334
455137
3991209
14605534
12864883
1862690
2280595
4209413
14843566
2142906
14250992
6886724
3912700
6564405
12164717
2169706
6955282
12862154
9097945
5793928
14538967
6786545
13205298
5550481
14492921
99433
6681403
2831619
8475967
825002
12895991
339535
10176904
11008184
613656
1262146
5234660
9019831
8183018
1077918
6971798
14180156
10533480
10045488
5948822
11983070
5911057
14871264
6022808
285692
14883328
14938318
12132584
1966907
1168335
4110489
7976129
11101823
3755726
11528417
942981
14911981
11097333
2151380
11103196
5296322
10070609
7855997
2443976
2888500
9446316
410600
1125198
10922325
7952792
7617732
1919602
8299571
9779165
708841
8826098
1675223
1854069
8990801
14169093
5059313
7146705
14155663
6260888
8461912
14351862
5818677
1933192
10062010
4894878
7977500
3435406
5089824
13100811
1410636
2227552
710441
770306
6615684
9521013
7991579
108807
10816937
11030251
14095705
12805401
14134054
7873414
8514850
1720017
2785212
5131752
8892666
3729333
8572023
9435301
13329337
8783424
1587975
12764057
9076648
14844074
5294249
8919210
4327527
6916795
861715
14268983
10111515
4643273
5192679
9754021
1628121
4970065
10284515
3467525
7937230
8115779
2783461
1863738
194475
6636878
6987517
6872386
4887282
277979
14619292
10995449
2937657
4094100
14205775
1495845
2799071
13345282
4350631
4127162
2054703
7897540
7604131
13138256
13381967
1432852
9223126
1759455
10393721
13656556
8000187
8603970
9174691
9900461
13844753
9664691
11670224
5304960
2829668
5021587
12701537
1460297
9617791
9279102
5349752
3041848
1208326
2500171
9524339
6546717
6663948
4602165
2048242
6636787
2377474
1372680
11184999
2244943
5765744
12640668
2959497
11014960
3452444
3189708
5870541
14280733
2458294
11632562
11434400
2208160
5409857
6707382
579718
13886637
8750208
9213631
10474351
11371933
13005354
2131246
2011354
7711513
10408269
12343086
9938659
3433100
13175617
7847014
3911084
8122632
14742824
7075599
7965954
12105586
430525
8275190
12371560
5158072
12084256
5382556
14609657
7363393
7031866
9199691
4885436
1018443
8783538
3634679
5196362
5597611
6862382
13452201
14389775
9916452
5899580
10400070
1039069
14239435
145528
341381
7052474
11144427
1752315
3292934
2348767
1306262
2866483
12576726
1331486
9318478
11241957
14730056
10250678
1493045
3572542
2322510
8916333
1002122
3129132
14547815
5771451
3103854
1328730
7809095
13478044
4733905
6446288
4716327
13126354
3492701
5486450
9020811
1678273
2348366
9825059
13670327
6140020
14456535
7341335
4991635
1843830
363995
12646810
10873192
8985784
4606804
12304202
12078173
678435
13850572
7014289
10749521
14379797
7422942
6746187
14941819
13597259
6417193
11268540
3976630
8972091
11998038
1369680
127110
10385767
3252288
12640552
11230474
479814
7782560
12935330
6210663
13312399
13395697
6564287
3602025
4008339
4567894
10155921
1638405
2937524
14826056
7317365
4488765
568497
14623994
6229357
12253005
12744250
3325627
10065033
4102967
1401338
8804149
9188117
1325819
11394993
69555
9934650
9434227
9621102
14094333
6517175
2126625
10555384
11131362
7081730
9704294
5042669
4676206
1382310
5269342
9782644
969094
12491994
7318187
7293690
2831065
6993145
10464534
1289622
9380140
3256517
8986518
5778391
4851292
9487233
3494339
9913596
2306835
14267857
12290200
1018587
10677762
9295645
9151026
11560721
66876
8850397
5838484
3142447
4556969
13087674
8507957
9141959
974831
9393628
6790522
10569761
11768490
1646602
13144814
12405592
7099916
8740668
12830000
10938904
7295155
14343273
836130
1079953
2478180
14307740
13648412
4347313
481049
7513302
7812117
5388278
10595541
14623191
10864596
1853797
569711
396649
1680256
10561071
7660616
10887064
3243772
10953253
1628866
5514079
3683075
3925591
1802115
3976680
1181634
615454
1778647
8577318
11187762
7430568
8366973
9253611
4832844
3310944
4850407
12020980
5133013
9332158
5667422
3137598
8903688
5452160
5905346
486314
434450
157673
1004807
14904303
11593871
10210156
10862024
444853
7629256
14192342
10212144
5782239
14172443
5350005
4466190
10469990
7987622
9675821
5552323
7912476
4211239
2685665
4120530
5561493
2330846
11275825
5790865
14584322
10728085
9634271
14602485
13176115
8080953
9197005
13510630
6475388
13976222
10574574
12137674
5392944
14150822
8911617
10355000
1760344
12890162
6775747
791893
6932494
4234094
13427059
7022871
2471269
9850996
6388165
12208602
8735777
2204142
13656767
12081677
11198069
10488472
10833884
6485825
7741472
9889977
6673809
44652
10344011
11604386
1602001
13656520
9645623
373532
622573
6952670
7762763
3500546
11399771
7969751
1759389
1357383
12199708
13811436
13142930
3995823
6433194
7269182
3673511
9938040
4879684
14334841
4690228
5664426
3838124
9014075
7555862
4249084
810755
5992546
5642756
2043135
3332914
8186606
12402542
14085418
8422381
9045035
9982710
14202801
1222678
12672943
4622423
12500437
14730186
5805234
6775406
14372707
12580712
11140018
8983780
2644926
1141770
8863923
10169563
6259383
1641878
6096766
6943527
394222
2244174
983541
3392489
3722035
2319613
14786663
7564862
1863789
2613800
2762067
7422584
894207
6847209
8593803
8263105
6920737
1953883
9520824
8134613
14534114
11473257
12298182
482248
4692986
12882260
5979236
14040176
627781
29766
6772325
10727136
11232952
3944561
220988
1855278
9672098
8136458
10836505
4122927
4293321
14817312
11879982
929301
8586385
2839354
8460914
1171124
6488548
14477174
7929550
35066
1229498
3764258
12040204
11913106
10795159
9026597
13907513
4854324
2313714
916980
6791544
4076118
4437558
8270002
1042169
647499
11761570
11630684
7285537
5736199
9490563
1410757
6323689
11348017
721585
11206677
10094849
82697
4951768
1679386
5718306
9183528
3975940
12883998
8026145
4688042
8497058
10479652
6013394
3081969
7905232
12226767
969594
4345124
4824219
13208931
5312436
5087623
10731401
14702908
12322596
4788365
14319045
3779937
9240618
5637176
9516966
625664
647508
2103280
6751252
3465203
10179713
11441506
9467713
5502783
3591176
6972403
8935167
7610370
9998815
11507198
6354262
9787282
5126300
11415774
5189733
5478878
632265
9420676
2073875
8641360
8172893
10033214
11567614
10300497
9766038
415935
10925972
14664331
10586295
14890715
13629305
915643
202710
6346159
13330667
10127329
1489811
10987236
13404232
6900963
3444556
9630424
11791041
9273075
4369274
13612215
5859533
8047713
952486
599526
12597228
992120
10840408
11793843
7563898
3904364
4521008
11910701
8182131
2261850
13175646
10487381
6710732
2577999
13257808
14534428
9825286
8252682
3998949
5958099
11044830
14767206
5443927
17406
2707874
12950670
6124501
14013850
12633715
4469051
13411555
12280581
6366397
7889395
12204540
14302644
10428530
14683404
11531183
13397697
8952821
3010619
6230876
1017398
9246013
3730779
1505813
653832
11539422
13312313
8734357
12583627
2682434
5910920
14166309
8243719
1945572
413247
8316405
2391016
1009249
10417483
7623316
3679655
3941135
3018834
12871888
668114
11724568
7233718
13270046
4758203
13173060
14185249
4597164
4559945
5867988
1997237
3429072
6399374
11644422
1889903
5158596
5724408
11122146
14426877
600313
2267778
7732816
10122542
2599222
5447915
3865639
4767949
7065788
7298364
115204
10465427
13238633
13494035
4508593
12065999
4330192
5047847
14180258
12528460
2125691
2499869
6540393
11582027
8868662
5392732
7608965
7077181
740967
1080187
1486233
13202678
9252252
2460072
3167097
2693761
1267921
10512318
922251
14508002
14258168
13960653
10441256
9042157
14544747
1624851
1076803
9172724
14365225
14595077
5857477
14480824
11793582
14960288
10424240
3439329
2309118
9902574
1836284
13834373
2768827
14911180
11087084
13458760
4463891
14294429
3625910
7723002
7166920
7004658
13872040
12160744
5214508
1110515
11508883
4403331
14301219
7249150
7012298
3342327
14889546
1887062
12962934
930096
5736385
12251122
2474202
8976917
1652663
13579580
592038
278745
9439314
13603053
5913670
3383781
2039353
14110551
4349731
9210166
663332
9809469
5344556
3615181
5979615
14521477
10724367
6934959
13000651
3851869
3165161
8871795
13581271
5746991
2652319
2592918
5057095
8495074
5967710
600404
10813043
3402991
10655408
5767747
7178001
2647308
14586886
12955598
12930428
12513046
2787911
8317313
13574372
1261832
1628678
12543836
7251008
11575058
13091076
12045291
8539983
4049047
4415267
2673953
14970340
1320597
269720
7792330
10719909
9342897
6570757
916837
3304329
12148333
12721763
8500175
7077791
1678898
1526555
13021822
1270257
10667028
3201946
10701769
7240651
6076630
14052113
10840196
14372204
13420245
11438759
9488004
9992632
5466250
13415472
11363380
7460365
9858832
10855415
153282
14376153
9553860
174079
6685653
5788259
5202169
14765465
6692699
453763
9856751
588623
12887310
8740272
5735756
10857184
6954879
11185582
10265106
11601261
12617868
8892207
3662030
5270297
5608897
11169440
997419
10691934
14275628
1894744
5357434
4580216
10133769
5108073
7090060
6399514
1008394
11686532
8933334
9934530
1121718
2198119
5617715
9681556
3444999
1983266
10615572
10402488
11363148
3732116
5391925
5544542
14840086
285211
443680
14359999
2745385
346191
501953
3476089
8010144
10112544
7885583
557484
5332097
668140
13675977
1932152
546571
9460193
12528390
7642216
5079269
39673
4874932
7011312
3059299
13279769
9625853
9853902
11884099
3639608
3240939
13891184
4323205
1414825
4933556
1477156
3862989
6076387
9485505
12402284
882028
4136357
8222423
6219751
11769001
13998001
4888767
2347905
10070611
3967384
8422865
6248510
4738
5870319
6071091
13352256
13826847
6183791
6859822
4085519
1521687
3280207
3541059
13697131
6812242
10431948
3652074
8496546
7107946
12301320
2343853
8840844
155105
9162345
4536036
12122034
9865403
14205707
281874
1529952
10427998
6024832
11098638
10273377
9424903
7503985
10891837
9699688
12013012
11865557
9446810
12559858
6506132
10372831
6448763
3515683
7463054
63307
9639497
4329363
12834113
14941674
14093172
5900912
1454792
12933904
14960091
4419993
3712522
3410074
14299177
10393203
604803
13666513
14227892
1293381
8196090
10581380
8389347
4315818
159067
10567817
2404086
6376375
4986027
11783009
846557
2958396
8542274
9370032
14024945
4149113
5329392
13728465
9157842
5998715
6433430
7787925
12540123
10181138
4255007
6826527
8414798
4089061
9734329
2800923
5223591
12605314
13597153
8352120
13557555
3239128
6886978
3807368
11058930
1593754
5142079
10825052
2754336
4152872
7609219
10114143
6511501
8485923
3127810
1015408
10630412
4689034
6072111
12241914
14831171
8312954
8265854
5821424
6761741
6779399
11692650
8650993
3028746
14404182
11081394
4521093
12491162
7461428
953592
1865313
12879084
9445228
1568266
11309959
5841127
5080151
3223342
13877304
3758771
6914928
3432825
4920996
7596872
5718416
9880378
10626437
6810199
12666308
10181666
12969435
3461974
10008474
8488322
12927234
2916447
2587173
4057304
13341916
1423334
14086044
2618211
10769008
5047134
1514136
4650281
8811359
5536991
11768616
13269848
2783269
5448442
9218175
4814371
212073
13637181
14076002
6895294
1837730
7592485
1319922
13231044
8269802
8463110
12894603
398095
9596953
5623348
10679382
12236304
1067129
8143615
1929782
11998370
2238997
3342460
14935462
8489069
8494546
3771865
7155389
3271177
13394609
3964767
12929312
8330900
407897
2822833
14913480
10733894
411540
1779109
10824604
12169285
9702051
12950608
9929639
3133905
8040899
7337256
564214
9785008
10094381
978678
12256486
7957574
14282257
3492013
13948102
3864940
8999937
12207424
4902585
13314666
1929250
9577830
14314022
10359951
5142106
13911120
6750914
9403882
2619232
7880420
11383614
13928967
14176198
1867430
8674402
9026726
10473349
1419224
2650194
504626
14198337
7786168
8826289
1825553
9038064
5017872
1136662
9123361
1532789
1914162
8703888
8009726
10051818
8968881
5875830
8881546
8002177
4419421
3785503
9468056
1928610
983912
14629917
4489975
4615555
14258500
3035281
1824814
7792235
9427527
9875834
1059141
4250125
3625332
12532278
7261453
5977877
13695472
5058774
10315072
12155217
6181151
5989288
10944301
5999689
13085674
10463277
13458021
6804496
560574
273675
9704174
5857200
7799853
8747574
4769674
2162843
5336832
7246017
14419729
13931339
14866560
11839760
7899694
13888085
13558723
11529399
3841855
13411535
3386022
9981838
9001532
13187196
1514557
8241484
922811
11653932
719096
10671935
9949618
4978081
4688430
10753557
12679066
4534773
2346948
6726796
2402341
7592547
6946761
2989103
6465589
1370391
587488
4083684
3352190
12871805
2898453
5853595
7631565
2836099
1875154
4192385
10604775
1023948
2872951
10126577
10395919
9270481
638819
11693364
14227616
3957573
12593355
8159889
14523861
276878
5295013
9412101
14204034
1428978
14809590
812177
11896455
11176407
12625048
7004128
2561900
13019816
4159754
10028683
7929034
4508550
13424918
8504852
2066123
2975667
14987091
10914672
6956944
7194582
7480035
8205835
2120584
3008980
3639942
12421312
5595332
2254970
2963841
6041449
12394538
3739918
946074
5732483
8173118
3951086
3720548
9508646
10941975
9645183
10585811
12966373
8316474
6750263
6509267
7988423
7032933
4153460
14150263
11912440
6402432
692926
4034332
9845240
2375584
11778917
5228417
592289
7774806
1470059
12598660
2847388
3542973
7066693
626268
8709006
14669152
9822122
8899613
14397780
9916511
10145339
13160481
14129068
14490141
4991333
579816
3913952
4290490
8872937
7879085
8616391
1676459
10728640
14503274
10063260
322626
6396563
14963043
12979777
14972069
664128
12138418
6218780
11719332
7375473
4451214
11893791
13839684
14711113
9355555
4634464
10375571
3496723
7255415
6563208
105510
5784024
1773737
3489693
5262229
5249781
14121591
13918917
8015244
6622930
9015816
4614357
7139383
1143964
11198554
4043053
14265904
1663047
2628175
791187
513719
12334145
5952309
9121100
11321498
1059504
2597411
8967100
1093698
14925389
746280
9272383
12214441
7765908
891782
13807789
1788726
6736094
3598040
3112511
1412213
1939043
12475780
6007116
12186726
6269192
6702602
11385280
58920
13826283
7899498
388812
12758517
13058730
9613949
2248199
7806511
2894844
9886602
10366813
14387019
9094269
5236456
9788014
11907174
3494626
11846068
11356998
2464673
12511851
11033676
8402870
7565269
14006273
12323904
2910565
7060887
2971758
4389963
9837718
4964159
1818824
9507435
10278535
9500097
1213009
4020030
14102215
2716640
4255058
9651862
7406695
7669171
10131576
13302745
3349393
12291742
6048161
14937831
13956842
8460575
8601274
12677666
3131097
7518137
4152540
12924109
9067514
12302475
4666939
9317784
7384709
8394482
6470834
14424475
3406208
5821969
13770412
5241275
5864579
5582408
7459442
8520035
3668884
12911518
4075329
8597413
11715342
1010075
8018433
7911105
1733274
10627903
9241402
9454541
3088535
2485504
8365956
9433383
2387031
9132110
7900756
10198771
4705336
4237815
3188272
4145422
2292422
11517673
6752839
4395107
10982446
3676112
669357
9652833
409164
12363955
13129685
11577910
4320982
6809487
12653742
5635111
10302361
12985435
13031452
4029527
9209511
8990879
14915445
10687263
10380291
11840167
11066569
12516868
3157232
6753015
3063441
5171637
4787909
974238
365782
1105785
6846495
5880779
12713786
333910
8562606
4894304
11395199
14104206
9319065
8099492
13826105
7917092
7022426
1264390
274587
5898699
11089001
10059022
2337437
2820979
10495705
6972261
8257090
9410672
13600545
3021153
5828348
13163100
14365244
12731817
7724020
9103238
10914150
7995766
10588829
9894498
14002160
10880912
11949041
5618568
8773173
4115818
7650167
13573288
12532456
12297181
4634463
13515463
4052432
9752726
6569211
6434059
10089180
5083707
3846530
7006932
5213705
14907143
8068633
3645983
11653551
12243643
6186182
2665120
3407981
12128683
2946814
4188171
12434278
4786846
2952045
12696265
10119201
5356149
6707893
3406253
10251927
2514034
11962775
12782248
9358093
11225177
3230634
14454293
7084185
13679211
4221758
4725926
1077931
2364647
2267464
14411004
14586857
4090466
14554008
12668613
10292355
14391988
14991205
11995348
11234522
14016740
8201025
10627252
2293724
13303020
14421335
909278
5083504
6892941
11840310
313921
13006949
5155598
6980880
11548648
9133663
12355303
3774950
4290649
1414835
14161521
1935595
10267336
12888083
11699120
7923989
3505569
581393
4024387
1282120
14716619
13340993
9655409
14849833
9231058
322904
3685854
8004154
10360970
10407694
11654728
10754067
643453
8120003
7543870
170042
4491898
12365008
4863104
5469162
4648195
2802858
13877628
10181364
13447343
8618878
8340507
5514325
10048007
418446
11635565
4828067
14466178
13186907
4856802
7106457
10041768
8632479
8668715
13241931
11538248
4381010
764073
12516472
309443
10230711
14612555
11346213
1616044
6872762
6174755
6016474
11855385
1059636
3254120
6427565
2961026
11431190
1485779
5292047
1745446
7509023
4016891
10803382
2087893
3241958
11960016
13254213
8967473
14941867
10202358
13663629
9469533
3761700
10997963
661326
8466604
5206203
5816765
4402008
12715026
10213157
10943169
1256732
13870109
5952502
4483781
14349092
14765441
10485015
12324864
9015175
7623626
4368836
3294685
14092460
3285186
11025035
9128097
1170126
12918200
7264531
9922122
1297834
13499551
8406448
6953487
7035827
8510153
11838753
2268753
177364
7467043
11367984
14390058
3356147
4884269
3313335
14624196
202134
6865337
14370423
6020158
2379477
10843565
12516453
429011
10432495
11087356
3455775
505796
12088127
2224127
3945917
9868066
9513961
9423385
5954024
3914170
11460684
5827080
14253635
1708531
14497430
9677991
12483258
3599009
12334329
7636150
9588719
227225
7054341
9848305
9981322
8232731
9035544
4620570
2985528
1344256
6186847
5737626
5911522
5491223
7566510
10125585
5819799
10559430
10226384
2231250
12569616
6192861
10886681
11838258
10574329
4927260
13870339
5994746
3760893
13872104
13250190
6613584
3113816
14996067
264941
5023919
253377
14456204
3368459
5120478
13459144
11530976
14898190
3195490
8242934
11256688
12105951
162373
12788235
7937530
5851477
11174146
956425
4755320
1627704
4878095
789811
1283729
11441019
6182409
10995960
4308851
14868654
1113643
13163693
12848599
12402929
3874038
6296718
14920963
2723412
82958
8764939
11883420
8921031
12615007
8855056
3960260
9396935
12662448
7500436
4596681
8324289
6739776
6713850
8164383
6043472
9134060
11173101
2285617
10177754
3318110
14428096
3814747
1453029
14888156
1022043
7148559
14487300
6072821
5252730
13440026
3413911
3988696
9310045
4810754
10989082
8254094
6198089
714332
2684983
9931457
10028032
5584731
14706036
2088353
7823559
13763802
8452216
12147187
14943795
2919745
7407793
8628663
438128
5484961
12174619
8933074
11441897
11482352
1060773
3515770
11379254
11105640
11346336
1760317
4885315
3417243
6554070
14101858
1877301
11972080
14225040
8094454
10523664
12699843
11217693
4371935
8655090
13037027
9062655
4552261
14948129
4894750
14023711
756653
7839231
13509868
5944039
2438220
1043602
10330153
10337615
9949314
5546114
5533367
2504806
11164781
6410867
13799923
4805480
10097750
14679593
11919823
14139860
504087
10250664
3386254
8997582
7794996
14962099
1289084
14464991
994505
7983214
6118433
6423297
3081260
9232402
13405463
1396349
2549288
2442607
3391595
9842042
5199142
13005189
3782084
6411052
13612476
11668023
8669927
10644857
11794089
11070350
13648135
5214116
10567978
13799745
4986486
6657143
760440
4959415
6505117
2618316
8750839
5355382
13440109
4592553
3102624
12489764
5042990
10971529
10701179
131536
5749778
12848564
14128522
9101040
11772737
13363986
5906189
953186
2934880
10096432
10264117
5161474
10657386
1388432
1655962
11289777
4496118
8133307
4251491
821649
11841022
9271024
4962837
11480901
12839518
7990365
5524916
224726
9355926
479802
4218831
5176005
2410969
975614
240652
11134671
7600505
10097106
13798206
10532150
2680518
8134530
10878683
11631545
977777
1572281
514157
8035154
