2496591
2500565
2497328
2501859
2503716
2495328
2505752
2504722
2498951
2501838
2504004
2494135
2502449
2499719
2501613
2494768
2496920
2499122
2495258
2505698
2500001
2498843
2502957
2497721
2492620
2498369
2509867
2498332
2495466
2494209
2493581
2496136
2498216
2497607
2492626
2507877
2495177
2501055
2494841
2493619
2502478
2508432
2494549
2500162
2502347
2496333
2504692
2492611
2501712
2499943
2496233
2498437
2505699
2518324
2497086
2505446
2504275
2503338
2500948
2500928
2508537
2498672
2510909
2506486
2496195
2502007
2501181
2497865
2502519
2496193
2503337
2507179
2493868
2490253
2497678
2493364
2505181
2497565
2501019
2500056
2501502
2502039
2503075
2494800
2497767
2502166
2490916
2511552
2498167
2503739
2495481
2496996
2498000
2496850
2501672
2502842
2502397
2500349
2497518
2501442
2498405
2494019
2501173
2493207
2496738
2498571
2497331
2500390
2504628
2501433
2499376
2492760
2499580
2499400
2498586
2497706
2504872
2500061
2498435
2502163
2506988
2494314
2500786
2501381
2500819
2493213
2495694
2501063
2502013
2496638
2504630
2496359
2500901
2496059
2503806
2500783
2502305
2503874
2497484
2499214
2499340
2506915
2499560
2497149
2504046
2510334
2497985
2505792
2502706
2499999
2500021
2502969
2496338
2503120
2500126
2493801
2498561
2500046
2501972
2501099
2502710
2506753
2504542
2500202
2505489
2497341
2493665
2501844
2498429
2497505
2500814
2500689
2501188
2494277
2501489
2497889
2492787
2510720
2495288
2505198
2499493
2500170
2503540
2494234
2495451
2503907
2492101
2510337
2503045
2502076
2503567
2502355
2497052
2500164
2493941
2494467
2506709
2496150
2495131
2500503
2510212
2498603
2495783
2507708
2504619
2499381
2500804
2499156
2502077
2507409
2504673
2505663
2498508
2503354
2496518
2495017
2496281
2499894
2500200
2503653
2498021
2494935
2500607
2498752
2497413
2505925
2483845
2506805
2494899
2504816
2499262
2497847
2503640
2498990
2501120
2502239
2503763
2503611
2498674
2497943
2498124
2502780
2505680
2500521
2495993
2499779
2496907
2493000
2498970
2501691
2511012
2506305
2503677
2495831
2502128
2489917
2496679
2487215
2507533
2503104
2501481
2501871
2499433
2502659
2496953
2499447
2490348
2500009
2504223
2502716
2503510
2496420
2499541
2504516
2493902
2514400
2498214
2496444
2498709
2499456
2487276
2509688
2499642
2505154
2492592
2498024
2505306
2490728
2500590
2491278
2504783
2500606
2488225
2497011
2498980
2500557
2507813
2507576
2499265
2497311
2500846
2503972
2504048
2498615
2501702
2497717
2501692
2501845
2499001
2499506
2490449
2493305
2496582
2495404
2494588
2497108
2496610
2504436
2502068
2496747
2498753
2490311
2492788
2492372
2498629
2494792
2495698
2488112
2500239
2497351
2500998
2500220
2490260
2497202
2500434
2505810
2507892
2502801
2494535
2490817
2493616
2505887
2498365
2501979
2501256
2489401
2497192
2501482
2505205
2510698
2487298
2497684
2508439
2506194
2511076
2496091
2499500
2503923
2504999
2500728
2493271
2503134
2500028
2495421
2503054
2493004
2496114
2502317
2498007
2501069
2496870
2502883
2498616
2497436
2495697
2498320
2503772
2489595
2495337
2500621
2497551
2495367
2496317
2491838
2501585
2489248
2493428
2495038
2497207
2508110
2500934
2500773
2500100
2495557
2499385
2497658
2509665
2496480
2504097
2498911
2494893
2493369
2500425
2506341
2495577
2494497
2500232
2494886
2505216
2497952
2500108
2506861
2495960
2495194
2498096
2494675
2514113
2500082
2503613
2506984
2497827
2499216
2507265
2495023
2502255
2494529
2506536
2496005
2497251
2490786
2497614
2501869
2500236
2500972
2501430
2497037
2499008
2496547
2494507
2507676
2503657
2492577
2499992
2494869
2495205
2503928
2498979
2499557
2500187
2500363
2500047
2496202
2507793
2495604
2497338
2489684
2506515
2500036
2500015
2504155
2503056
2493907
2507920
2496082
2496290
2494214
2500266
2494923
2503234
2491346
2502308
2509918
2500253
2496263
2493918
2488201
2490644
2499475
2488585
2500078
2501985
2496489
2503908
2495490
2495893
2496808
2499929
2503962
2499155
2496956
2501499
2497546
2501131
2497618
2502976
2501964
2506611
2492246
2493432
2494129
2501371
2503551
2501580
2497129
2505600
2493261
2501201
2490360
2495568
2497752
2501798
2498463
2505168
2496538
2498590
2498400
2502134
2494938
2496341
2494450
2502813
2502154
2499193
2498598
2500450
2499617
2498491
2499874
2498149
2493155
2497224
2500832
2502879
2504347
2499490
2496533
2502322
2504917
2500722
2508095
2495422
2499960
2504310
2502179
2496374
2502931
2494969
2498257
2505030
2493564
2495504
2503055
2503163
2496099
2498440
2505576
2498868
2497754
2505047
2487513
2502101
2496765
2506554
2499914
2503503
2502892
2510190
2494597
2498201
2502804
2505234
2500646
2491709
2498846
2502251
2507545
2502090
2506265
2506846
2501361
2498258
2508898
2494769
2503513
2498220
2504038
2495530
2505259
2498449
2502658
2511141
2494175
2496643
2509858
2504973
2493712
2500930
2501867
2499507
2504194
2498282
2507174
2497269
2508139
2495425
2496910
2496345
2496206
2506502
2503879
2496026
2496959
2502418
2491197
2502979
2502420
2501110
2497504
2499187
2499399
2501465
2491522
2503974
2503220
2502337
2504254
2490673
2499523
2510325
2501100
2503308
2493805
2505826
2502247
2504873
2502230
2503795
2498529
2501805
2500365
2504191
2499855
2509620
2504437
2502751
2499706
2499462
2499497
2496365
2504160
2501694
2504094
2502527
2495638
2496362
2498703
2498865
2501117
2492659
2501096
2497870
2498791
2503468
2503684
2512924
2496649
2499562
2502618
2501998
2504496
2490460
2505970
2503906
2500261
2511147
2502587
2495240
2506385
2506818
2499913
2506795
2502497
2503086
2513348
2512838
2500309
2501348
2499987
2490087
2502648
2505703
2503824
2497100
2500460
2501907
2503554
2495307
2502265
2502198
2504111
2496574
2499554
2499961
2504607
2501280
2503912
2506724
2501799
2495408
2497278
2496083
2500157
2494537
2495078
2497930
2497474
2501226
2501193
2499476
2498886
2502009
2501784
2497381
2504364
2503927
2499144
2496391
2508146
2506720
2499445
2499098
2492710
2504751
2495836
2504928
2499052
2498940
2499793
2500083
2498989
2506189
2505852
2494512
2502905
2513049
2504739
2499559
2510219
2497003
2503353
2503666
2503130
2498967
2494942
2490251
2499761
2496874
2499595
2498726
2492261
2497357
2490702
2500117
2505501
2507150
2491649
2501826
2491182
2506361
2497836
2489620
2502761
2494731
2495510
2491799
2499680
2504439
2497439
2498017
2511261
2493642
2507957
2508782
2486736
2489771
2501466
2504370
2495018
2493838
2486944
2493217
2499864
2502120
2499610
2504877
2500039
2495520
2502053
2498535
2504910
2501751
2500920
2507084
2501562
2506016
2493203
2498867
2494015
2501363
2501425
2514673
2499750
2499926
2505701
2503616
2494724
2501850
2500695
2498705
2497314
2495340
2502124
2495546
2493127
2496476
2503975
2503915
2502221
2495233
2494877
2502593
2495061
2503735
2492580
2492851
2500711
2491815
2504273
2498870
2497798
2501098
2495555
2495482
2499528
2497119
2496967
2504582
2501501
2498209
2499585
2496394
2486335
2497216
2507925
2499154
2496397
2503385
2499032
2492362
2503410
2493776
2505987
2493006
2495739
2513043
2497039
2492506
2507125
2501354
2503375
2506902
2510984
2493205
2506764
2505105
2502463
2493356
2509619
2494755
2493967
2504454
2502199
2501390
2499755
2493523
2509985
2501192
2503675
2495833
2502208
2508826
2500578
2501517
2501699
2501323
2497342
2492685
2502832
2490904
2498235
2507689
2504083
2492988
2501362
2501770
2496253
2504484
2508563
2508094
2499026
2494523
2498722
2499581
2499702
2496501
2495846
2492020
2501015
2491494
2497259
2490261
2501928
2508821
2502384
2498554
2498646
2493740
2498921
2500370
2498283
2502133
2492536
2506134
2493697
2499666
2493569
2508134
2504543
2497137
2503192
2507188
2495263
2493133
2513029
2502569
2505429
2504647
2496613
2497447
2498413
2500914
2505484
2492167
2507996
2492043
2495344
2500978
2482444
2509209
2485687
2508781
2500817
2504163
2504122
2493613
2502434
2502737
2510668
2496671
2491609
2502850
2498474
2499378
2497842
2495713
2494657
2490200
2497362
2495879
2506103
2498856
2498909
2501899
2512232
2498877
2498302
2497294
2500005
2495902
2493953
2504432
2497097
2502139
2511278
2499319
2505563
2496645
2503304
2504308
2505452
2506202
2504830
2505271
2495883
2505763
2490385
2508469
2501050
2498034
2502352
2497405
2491691
2503196
2495868
2503490
2502335
2503988
2497548
2498465
2498558
2502530
2503525
2493737
2501464
2499875
2498639
2504564
2499239
2492654
2506821
2493643
2484901
2496478
2507419
2501461
2503147
2500473
2498057
2499983
2503128
2503283
2506151
2493872
2500196
2507575
2501449
2491918
2502275
2499545
2500979
2502102
2500690
2497242
2502217
2504405
2502450
2502052
2495014
2501326
2502859
2492449
2496277
2497114
2496294
2507808
2501897
2500638
2488805
2507192
2488657
2505404
2506842
2499439
2500004
2505845
2501643
2501914
2495445
2498515
2504336
2501683
2503014
2500897
2501765
2498041
2505923
2489874
2491663
2503458
2505120
2499444
2501378
2495369
2496451
2497239
2498058
2504473
2512652
2495622
2495402
2501286
2489777
2509441
2495215
2504236
2501508
2494858
2498933
2501196
2489553
2503955
2499851
2502682
2500816
2500965
2494189
2498342
2503019
2506779
2503434
2492003
2501083
2496068
2499803
2499139
2499526
2498487
2495277
2505861
2503036
2500750
2503219
2499859
2494909
2497705
2496930
2507970
2500496
2505660
2497937
2505108
2503245
2496899
2495905
2493093
2505509
2497844
2501273
2494423
2497879
2499313
2487758
2498107
2491285
2501833
2507157
2501722
2504209
2497194
2496316
2496319
2499616
2498085
2502612
2502363
2499848
2507298
2499770
2502838
2496455
2483633
2496327
2500518
2502956
2497215
2492411
2495454
2493285
2503870
2496815
2504170
2502727
2500371
2508392
2501017
2501435
2505401
2502025
2495922
2496368
2504775
2495776
2504169
2497446
2498817
2500407
2495032
2488900
2502141
2506825
2497540
2497178
2496857
2491612
2492629
2508985
2493966
2499005
2494435
2503407
2502698
2504110
2496534
2504663
2505668
2497691
2496810
2497677
2494392
2495720
2505115
2509569
2492643
2496628
2488540
2502148
2509012
2491770
2495700
2493654
2505809
2505808
2503187
2511762
2497058
2495742
2500898
2499248
2501247
2505903
2504292
2501152
2498489
2497393
2500044
2509567
2501735
2495925
2498481
2493924
2497657
2504838
2498680
2502328
2510224
2500073
2505613
2494489
2506876
2506997
2509558
2503902
2504021
2502441
2501300
2499396
2495920
2499777
2495856
2497869
2502681
2504058
2502749
2503079
2502777
2507111
2499629
2497407
2504888
2497875
2500757
2507466
2503452
2493414
2498385
2502051
2507745
2501107
2497159
2501620
2504137
2500343
2506102
2489557
2502398
2491871
2503736
2502350
2491487
2506039
2498119
2490286
2502045
2502960
2494924
2495753
2500659
2502041
2500459
2502962
2497819
2501452
2499318
2504061
2490651
2505512
2497212
2488655
2496210
2500490
2494590
2494940
2499760
2509081
2504419
2498451
2496909
2499415
2498380
2501741
2504704
2495637
2493530
2504654
2505747
2507280
2511037
2492766
2501941
2503386
2508640
2494989
2502823
2499885
2500203
2503204
2503151
2496989
2494461
2496358
2502512
2494103
2500959
2508228
2508448
2501257
2497854
2500169
2497650
2498237
2492879
2508403
2496433
2501493
2507521
2503364
2496917
2503758
2500949
2505473
2503532
2493233
2501476
2504187
2506847
2499273
2498123
2496262
2495416
2501810
2495355
2500853
2499393
2507479
2496801
2496138
2497170
2505566
2496361
2497913
2507472
2492074
2494109
2498699
2493228
2494871
2496760
2494519
2498133
2493899
2509768
2498960
2502984
2506731
2500548
2497466
2502721
2492049
2497903
2507720
2507047
2510871
2503387
2495749
2495442
2507646
2502307
2504400
2505493
2498120
2500519
2504735
2498566
2493533
2505830
2494481
2501596
2500910
2503368
2501203
2501211
2501298
2509451
2492751
2508158
2497083
2496653
2506834
2500921
2503746
2504949
2504412
2506614
2500984
2492971
2499423
2493814
2494638
2496639
2499065
2503188
2488690
2505511
2498533
2503679
2506386
2496472
2500560
2500913
2503625
2491846
2497199
2500513
2504951
2499246
2497266
2502709
2495773
2497822
2502476
2492688
2497876
2496685
2492331
2498424
2506413
2499912
2497424
2494432
2514590
2505862
2493333
2494389
2495976
2493272
2498894
2499854
2499811
2501554
2503472
2486610
2511236
2505211
2505618
2503910
2492272
2498899
2495586
2505217
2504498
2504123
2508583
2498448
2492679
2499464
2513388
2491528
2503951
2496326
2498778
2498089
2498981
2504611
2496731
2510598
2502115
2500452
2496878
2502888
2500749
2491896
2509235
2487871
2506848
2503071
2501133
2506210
2495500
2497469
2489989
2509790
2508653
2503195
2492716
2500146
2496950
2492240
2501776
2500466
2506944
2507458
2505213
2497442
2498929
2504415
2504071
2505517
2512708
2496308
2495447
2498546
2490428
2498736
2496819
2506692
2488080
2497699
2492210
2497843
2498191
2504103
2499951
2498574
2498664
2503977
2498597
2501047
2499173
2505136
2498416
2504636
2496551
2498303
2493487
2497864
2498749
2507946
2508369
2497256
2491889
2505104
2503136
2499036
2495027
2501046
2497404
2495126
2497260
2501147
2502484
2492386
2494449
2503146
2500988
2495195
2501944
2502105
2499116
2489060
2495054
2497366
2494011
2499280
2506460
2504794
2504102
2510782
2502615
2494034
2496315
2496523
2500323
2497954
2508127
2502891
2498636
2502400
2499135
2504879
2502676
2496339
2488452
2495972
2494773
2500031
2499108
2504567
2512744
2499834
2491717
2498887
2504781
2504968
2490370
2507291
2501448
2501506
2501459
2501136
2502554
2495752
2495446
2496429
2497513
2500049
2503859
2492789
2490241
2501811
2505916
2500023
2501879
2507936
2501945
2501243
2495645
2508663
2489184
2504379
2493416
2499736
2503259
2505274
2495212
2503326
2504866
2501177
2501757
2502854
2495834
2503246
2499403
2497299
2498394
2494157
2508406
2502430
2499221
2500787
2496743
2494859
2508241
2495412
2500114
2511787
2507021
2492559
2494420
2501057
2500604
2490627
2493545
2492187
2500798
2491850
2504068
2489448
2495944
2496337
2501359
2502948
2495790
2494930
2492001
2494806
2504147
2504767
2498035
2502876
2502038
2498958
2499979
2488829
2495457
2499609
2499355
2503787
2499514
2500746
2502405
2501994
2494426
2507277
2508524
2505316
2497070
2497208
2495214
2496260
2498130
2512640
2509719
2504307
2500265
2497411
2500414
2494684
2505627
2492025
2489554
2501593
2492457
2504869
2496673
2501646
2495878
2501558
2498228
2492280
2501369
2504921
2499049
2501526
2497133
2496736
2500243
2497715
2505867
2502492
2488573
2499243
2507660
2494905
2498764
2487538
2502326
2491421
2505860
2496409
2506669
2492233
2506026
2504407
2497902
2501982
2496622
2498883
2498090
2509120
2498008
2500193
2492146
2502092
2508015
2496350
2502631
2506400
2495144
2497687
2499673
2494329
2503997
2503645
2500962
2502867
2493023
2498889
2499353
2497437
2496677
2501528
2502060
2502766
2492821
2507790
2494272
2504646
2491642
2506547
2493836
2503980
2500189
2498627
2501148
2498884
2490831
2509126
2504897
2501520
2490416
2506467
2502197
2504475
2493026
2495939
2498677
2502037
2501839
2493955
2493826
2505603
2499159
2497615
2503062
2499711
2496401
2497228
2497586
2501522
2496580
2502531
2507778
2511537
2495322
2501885
2498576
2497776
2506422
2493684
2501918
2496064
2501431
2507213
2506588
2493335
2497514
2511191
2496561
2501878
2504686
2501989
2499012
2494541
2503291
2498208
2507432
2493974
2497863
2507741
2492601
2509487
2503190
2506056
2496897
2496003
2503559
2507975
2500697
2489289
2501208
2501761
2502256
2500035
2500982
2500561
2501373
2498525
2494583
2497561
2491097
2504263
2500550
2510835
2495796
2495544
2498500
2500539
2499977
2493672
2498866
2491540
2508855
2501153
2506771
2498652
2492174
2503519
2503302
2495505
2501773
2501649
2498751
2499747
2494269
2504210
2499038
2492469
2497839
2501258
2494726
2501249
2492610
2503112
2498595
2496416
2505523
2488370
2498517
2504319
2504084
2500206
2500167
2500346
2506736
2496847
2505670
2499019
2498793
2499745
2496926
2500987
2498317
2494775
2488920
2502321
2504834
2501543
2500065
2494966
2492488
2491517
2490688
2502636
2496798
2506000
2500732
2502172
2500623
2495352
2499993
2497888
2507570
2506799
2490354
2493539
2493304
2490316
2489886
2499911
2499781
2499723
2502987
2501114
2507413
2495648
2500639
2494967
2505220
2503343
2505048
2503553
2493367
2495441
2491725
2508955
2492282
2499134
2502325
2491678
2497810
2499215
2500571
2497539
2503015
2496877
2505689
2500707
2498543
2496370
2500398
2496567
2491551
2502567
2495342
2498022
2501577
2495789
2495339
2500381
2497646
2500378
2504668
2492173
2500584
2496902
2509938
2501303
2497279
2505399
2499175
2490596
2508946
2498564
2501227
2497081
2497781
2502417
2500345
2492554
2509353
2503089
2503738
2497710
2492415
2493106
2508418
2502967
2500753
2494606
2506995
2503132
2499312
2491999
2504645
2498975
2502824
2497184
2505850
2504305
2493824
2499275
2501806
2498164
2501159
2499050
2493935
2509737
2504403
2495732
2499308
2502063
2500726
2500267
2502550
2502970
2503369
2499034
2501002
2489640
2490749
2498171
2489440
2496218
2493077
2499197
2500201
2506045
2506532
2488183
2504124
2501287
2496424
2502232
2502070
2507677
2492742
2505013
2495450
2497088
2507343
2505851
2500668
2497496
2495573
2498689
2503463
2493247
2491096
2499131
2500087
2496030
2502614
2494553
2496618
2504893
2497229
2500315
2509135
2501527
2504566
2501322
2493579
2508222
2500549
2504835
2498443
2503475
2498110
2497811
2501005
2510384
2497765
2494335
2504264
2501820
2496119
2492199
2494078
2497359
2501553
2497322
2497428
2504184
2491835
2496570
2503948
2495198
2507930
2502634
2506118
2496908
2506601
2504789
2493339
2501455
2495621
2499343
2498359
2494142
2502246
2505000
2497468
2497891
2500042
2499823
2504664
2500999
2502566
2493661
2509007
2504812
2510677
2506061
2499729
2503542
2497679
2506206
2508518
2496357
2499938
2483330
2502558
2498965
2494790
2498490
2498681
2502343
2503155
2497482
2492588
2492458
2496226
2492231
2498127
2502728
2507097
2505795
2500731
2498568
2499696
2505474
2489160
2493195
2497355
2495655
2491000
2499982
2500883
2502655
2501915
2493793
2501601
2503085
2492735
2495241
2498200
2494964
2496768
2504907
2498928
2498795
2499107
2491178
2500874
2501607
2494690
2504978
2496037
2497296
2494926
2498192
2499178
2506587
2504026
2490442
2500357
2499474
2502061
2496031
2499878
2492018
2501388
2505282
2496603
2495051
2499816
2503533
2497210
2507729
2495156
2493397
2496265
2496366
2493682
2502718
2503193
2502835
2494835
2493484
2497206
2502635
2494890
2506858
2512442
2502688
2498433
2494409
2502601
2505085
2508307
2492537
2498923
2503182
2497382
2499284
2508709
2503016
2501122
2490585
2496524
2494851
2498270
2498311
2488009
2501397
2509019
2508604
2500051
2495706
2504109
2508610
2495687
2498170
2498766
2502890
2502809
2494403
2498093
2505184
2507219
2499270
2500626
2490811
2505530
2499395
2499897
2500494
2498197
2503891
2505856
2503790
2496951
2505286
2490953
2494362
2509440
2491739
2492852
2499728
2500953
2508082
2502408
2505170
2502596
2502109
2499119
2504066
2498562
2493528
2503734
2504333
2493895
2502583
2494140
2504942
2499016
2487849
2502280
2509773
2496346
2507823
2495582
2499018
2497946
2503307
2489101
2506801
2493706
2497412
2494310
2502736
2504368
2501000
2501022
2502396
2499299
2499820
2508858
2496554
2504422
2495721
2493679
2502446
2489052
2507132
2505869
2498450
2504207
2502260
2501684
2498376
2503661
2506449
2487274
2502515
2487964
2500946
2501777
2505300
2500054
2495611
2496654
2500351
2502427
2497773
2501471
2509671
2491126
2499695
2499509
2501467
2503138
2493531
2505070
2492744
2497997
2505574
2492104
2498287
2504769
2494878
2499431
2515400
2502201
2500863
2508680
2491059
2490149
2507473
2493291
2497245
2497344
2499477
2507556
2508088
2497283
2501658
2501678
2499004
2500723
2507854
2502746
2499769
2491712
2502703
2499231
2503663
2501759
2492651
2492125
2507849
2504975
2497121
2506169
2497065
2504087
2496205
2500451
2503547
2511558
2506500
2495913
2502494
2504470
2500302
2495903
2507243
2499603
2506054
2511132
2499030
2498762
2493036
2490533
2493021
2503429
2489126
2496730
2495603
2494052
2494517
2502438
2499792
2495703
2494500
2499106
2491410
2502303
2508987
2504445
2504827
2496757
2498861
2500611
2481753
2502190
2502579
2494619
2502453
2492037
2502622
2498691
2496110
2498600
2506093
2496271
2504583
2503546
2508839
2507344
2494636
2504948
2497963
2500217
2509973
2495876
2491950
2500443
2502244
2496120
2499608
2501535
2506043
2496632
2499251
2499058
2499835
2500278
2506089
2504105
2501552
2501124
2503435
2498995
2499606
2501900
2503462
2498131
2498544
2503358
2496166
2501790
2495332
2498801
2503834
2502868
2505428
2494959
2493382
2490547
2504871
2494208
2507276
2500393
2500583
2497726
2505074
2503731
2497017
2501291
2504449
2499935
2503419
2507488
2506078
2504049
2496027
2498345
2498828
2498632
2504604
2497681
2498567
2502603
2505098
2494486
2497599
2501584
2499620
2489238
2505846
2504393
2499908
2493734
2498520
2504327
2496461
2508261
2499282
2494510
2506552
2494669
2497794
2502086
2496966
2495103
2500939
2501432
2501113
2491064
2501231
2496885
2498789
2509903
2496655
2508060
2497099
2503309
2496990
2495830
2497764
2497966
2496597
2497799
2504534
2507743
2496194
2497633
2500838
2496503
2497248
2494069
2499698
2504195
2501946
2493888
2501760
2494702
2500702
2499351
2513111
2500060
2503174
2496330
2497523
2498466
2498341
2498210
2501439
2488172
2499287
2497723
2498796
2491543
2500933
2498585
2499682
2502991
2495570
2506298
2505775
2505486
2505434
2505858
2501606
2503342
2495685
2499841
2507302
2489397
2496399
2501766
2493696
2496540
2506120
2501450
2496219
2503753
2501016
2510440
2500567
2495460
2508318
2508034
2505669
2493221
2494589
2502902
2500941
2499646
2508900
2491961
2506338
2511491
2497383
2507706
2499587
2499986
2497790
2500025
2501075
2503994
2506132
2497375
2490882
2504811
2497235
2494307
2493594
2496446
2496957
2497762
2499764
2491699
2497101
2504903
2496404
2497672
2494805
2493334
2503926
2496307
2503614
2496349
2505365
2496234
2494754
2501130
2504625
2501763
2503340
2501060
2494937
2491484
2493316
2505601
2504909
2499812
2505424
2506912
2505944
2497916
2489513
2499338
2500305
2499264
2502205
2513033
2490954
2500761
2499104
2491109
2500476
2498937
2508615
2500812
2496303
2494085
2495041
2493612
2500681
2504969
2493574
2494005
2509319
2507038
2494381
2499183
2496181
2491760
2506955
2507622
2496164
2508544
2508913
2504754
2501241
2495384
2502641
2497363
2493638
2499511
2499422
2492984
2498255
2505705
2495448
2496019
2501913
2496081
2501538
2499337
2498166
2505966
2504985
2502624
2495848
2495059
2501004
2493707
2499899
2503258
2504738
2491512
2501556
2500625
2499794
2509038
2493683
2495470
2487650
2495185
2503837
2499211
2500924
2501742
2495755
2493851
2505990
2506161
2509389
2503710
2495135
2507393
2499533
2495550
2493005
2508517
2494868
2499002
2503751
2495684
2505068
2492705
2499483
2497542
2501843
2506022
2488594
2500879
2491780
2496872
2497284
2504762
2496022
2502233
2501207
2502079
2501514
2504406
2498947
2501080
2501762
2500641
2507029
2494102
2500748
2498358
2496215
2505151
2506340
2497285
2499320
2505993
2504806
2500228
2498650
2490231
2501252
2504332
2507503
2490080
2491870
2496352
2499602
2501248
2498606
2492363
2486886
2499469
2497524
2493885
2498158
2494097
2500468
2497620
2497168
2500554
2509366
2510043
2502459
2491901
2500720
2500544
2501306
2508173
2497408
2494603
2496595
2499465
2495488
2497073
2509310
2491434
2496775
2498019
2498908
2502466
2499413
2497252
2503266
2497941
2495353
2502002
2505716
2493013
2507384
2497585
2495992
2496264
2496287
2498346
2497925
2497992
2499584
2491647
2505570
2493236
2499997
2495652
2514360
2500579
2496474
2491407
2503831
2497720
2503618
2498919
2506862
2489489
2497824
2503898
2501128
2508440
2499521
2498643
2499212
2506383
2500709
2488571
2492407
2507558
2502185
2505260
2482065
2502932
2505531
2506423
2494169
2493016
2503129
2494652
2505518
2493857
2504278
2503706
2500245
2504964
2494920
2499424
2505183
2502939
2492782
2493053
2503191
2503788
2502223
2497628
2503703
2508676
2503440
2498637
2504381
2494297
2496229
2498040
2492817
2493844
2503767
2495281
2499647
2500288
2492256
2504923
2502529
2499208
2495529
2503537
2494906
2499740
2496536
2496830
2501474
2502203
2504731
2497782
2499574
2498037
2492947
2496072
2505461
2513630
2508723
2497643
2503001
2497511
2503887
2511962
2502021
2497987
2497885
2502616
2495651
2504826
2504324
2497292
2495692
2505529
2491868
2513476
2496855
2505415
2510841
2498145
2497457
2498641
2504679
2495676
2509774
2510808
2501176
2500918
2496506
2497929
2497044
2502829
2501888
2501149
2505444
2501548
2500818
2498418
2486178
2506430
2500694
2510486
2499194
2508220
2502951
2500229
2506715
2500105
2500030
2501666
2495115
2499635
2504117
2506234
2501213
2508374
2500925
2498432
2508323
2492067
2497590
2504532
2488921
2507664
2504862
2507638
2503095
2506391
2497077
2497574
2505343
2493553
2498059
2497939
2503025
2505829
2496688
2505179
2492026
2510227
2493468
2499255
2500961
2490513
2487086
2496905
2492107
2501310
2499229
2505190
2500600
2506613
2497395
2504093
2497429
2501961
2514135
2497981
2496797
2507258
2500772
2494624
2506083
2499688
2498032
2506656
2501975
2498669
2498741
2495359
2501690
2503289
2494343
2499946
2503825
2496813
2502999
2502582
2504541
2508719
2489058
2487541
2504392
2501210
2503068
2497163
2503098
2489963
2501251
2500337
2501289
2500752
2496008
2490951
2491428
2498954
2497809
2507980
2493198
2498835
2505333
2500168
2504129
2494147
2497261
2494030
2500741
2494289
2509089
2496771
2509001
2505951
2495943
2500643
2500248
2496447
2503398
2511303
2509997
2504186
2497303
2500072
2501509
2506592
2499599
2496363
2498788
2506157
2501025
2501707
2495617
2509667
2495063
2499314
2494703
2499989
2496756
2495076
2499039
2505152
2500347
2503292
2506691
2499261
2505986
2499654
2489212
2503023
2505783
2497305
2493165
2493664
2497188
2503504
2512423
2496314
2491928
2495537
2495435
2500071
2501834
2498880
2493985
2506110
2493172
2489905
2496754
2496837
2499604
2500263
2505097
2503020
2500457
2496117
2495395
2497671
2490226
2498697
2502831
2502496
2494185
2490857
2502998
2490732
2503039
2491232
2494595
2501171
2502106
2500608
2496028
2503530
2511654
2504000
2496843
2491813
2489884
2492500
2498374
2512217
2497112
2499061
2492102
2504127
2497995
2498352
2512511
2506115
2506645
2506359
2494434
2504072
2498198
2490686
2506084
2507977
2493676
2505978
2499357
2500290
2497630
2500442
2502006
2498028
2503588
2494397
2494383
2500224
2505721
2497091
2495571
2503527
2498095
2505226
2513706
2509420
2509231
2493788
2506564
2508519
2512435
2507273
2500821
2500415
2495486
2503515
2499305
2505859
2498462
2496714
2502126
2497128
2504598
2507112
2498560
2497597
2496625
2501195
2490584
2491660
2485092
2492308
2502448
2506404
2500250
2507142
2507426
2503284
2500356
2502893
2501630
2513145
2500339
2499703
2498946
2492672
2500428
2501932
2493224
2500238
2503409
2497935
2503545
2491270
2493040
2500307
2502909
2491964
2504330
2495667
2496176
2493603
2498578
2504357
2506192
2505880
2496635
2503469
2498665
2509883
2494852
2502910
2494668
2495714
2495619
2497454
2498727
2500662
2497180
2487873
2495193
2497372
2496795
2492661
2489542
2503206
2490011
2497665
2504629
2493411
2492224
2498805
2498327
2492133
2491885
2505929
2499370
2502660
2510500
2501030
2508654
2502697
2499055
2501470
2495393
2496449
2500008
2510412
2491751
2503026
2503776
2499487
2502605
2500401
2503869
2500507
2501044
2506190
2503942
2503913
2509134
2495168
2505135
2501524
2498771
2490167
2498141
2495839
2487208
2491090
2495113
2504554
2497512
2505329
2494345
2501103
2507224
2506939
2503885
2501357
2490913
2504462
2501817
2495172
2501295
2494697
2501073
2498676
2495085
2490884
2501180
2499450
2499195
2503996
2494229
2500738
2496751
2502591
2499345
2506806
2496231
2503484
2500956
2499295
2502900
2498254
2504081
2502360
2502338
2504200
2505346
2506214
2495035
2488154
2494261
2503461
2499346
2510607
2498020
2503872
2496268
2504590
2508747
2493803
2504367
2491836
2495052
2496282
2509632
2503099
2503207
2499056
2500848
2500938
2498519
2506188
2498837
2500504
2502589
2499237
2498048
2496197
2514855
2499896
2491142
2493253
2505026
2505655
2504433
2505128
2499177
2495256
2500074
2503072
2494575
2501278
2500828
2512993
2502536
2506381
2490544
2502499
2495938
2505632
2492700
2500419
2496200
2499547
2503896
2501217
2501842
2498976
2504703
2500740
2497494
2496237
2493457
2505540
2502937
2506785
2504188
2507511
2501097
2495562
2505039
2503791
2492344
2506059
2497190
2502336
2507122
2494783
2494963
2503805
2497820
2500132
2495001
2505797
2499453
2497244
2504213
2495104
2497219
2502990
2507450
2496532
2495728
2503880
2492334
2490866
2493413
2499593
2485248
2494227
2508145
2505163
2501479
2506325
2504805
2504172
2502314
2501647
2499597
2499801
2491553
2489021
2505250
2500829
2510359
2497931
2496781
2488042
2498179
2508236
2493317
2500538
2500272
2509798
2489203
2500529
2497069
2493687
2497096
2497204
2491970
2510973
2506837
2493407
2501545
2498335
2493052
2497680
2508594
2503941
2492586
2493307
2509334
2493250
2497733
2506546
2495230
2503200
2491181
2504157
2491072
2503651
2505036
2505557
2495954
2493658
2504961
2487408
2502899
2507253
2505066
2496140
2507128
2501926
2501223
2492333
2500760
2506028
2500185
2493485
2508673
2494305
2502377
2504906
2500076
2489559
2496299
2498042
2502034
2497420
2501697
2499657
2503659
2504062
2507991
2499035
2507894
2500011
2495191
2490571
2507040
2508011
2500683
2492484
2502952
2500769
2498180
2506172
2494913
2510858
2495850
2490552
2504457
2492997
2503802
2508849
2507363
2504325
2513837
2495886
2504371
2503929
2511729
2499041
2494643
2505516
2490427
2500911
2510198
2505534
2494400
2503070
2507838
2496689
2500128
2492161
2504996
2501816
2494837
2485621
2496061
2508553
2491155
2500438
2496417
2499576
2490214
2490290
2499555
2493681
2498018
2502701
2497455
2504042
2493204
2498383
2508379
2508107
2500854
2491624
2492143
2497784
2502677
2495680
2485171
2501119
2506914
2499375
2502454
2497510
2498436
2503121
2494040
2491483
2490743
2498227
2499011
2494646
2498610
2489585
2505932
2503754
2507543
2496783
2499973
2500427
2501519
2498516
2505422
2494750
2496988
2505313
2504795
2499467
2496508
2493521
2494254
2502808
2507438
2500184
2503953
2504050
2496980
2495653
2501785
2496790
2496893
2500268
2505842
2495187
2502191
2500262
2489885
2500522
2498471
2497370
2504417
2493254
2502361
2506473
2497254
2506983
2498169
2497388
2500612
2501408
2502855
2508761
2499944
2499809
2503067
2508534
2506175
2490963
2507572
2509590
2502183
2504577
2504565
2504512
2489507
2495489
2500440
2499123
2501001
2499196
2504404
2494013
2497692
2496973
2505612
2500142
2497010
2501212
2492831
2493602
2500515
2506705
2490009
2506954
2506517
2496657
2502598
2501438
2490879
2497713
2506165
2495005
2499527
2490268
2514157
2497440
2495043
2502094
2507306
2505416
2502073
2504078
2502143
2502753
2503946
2499625
2501846
2508367
2501092
2498836
2507804
2496015
2497593
2503057
2498599
2509898
2495824
2502083
2503830
2504544
2501242
2491929
2507524
2503506
2508150
2511548
2494492
2495882
2493190
2503288
2495491
2490309
2495015
2502323
2499325
2494342
2497110
2501629
2493287
2494779
2491288
2506900
2491518
2494181
2499170
2506704
2499082
2500270
2508003
2506303
2498069
2497703
2507712
2497329
2499388
2505801
2501567
2493337
2494313
2503886
2492127
2496611
2499994
2497240
2497076
2496148
2496620
2495853
2495733
2487501
2508992
2497805
2501423
2514870
2503366
2493882
2496496
2504352
2501662
2498514
2497005
2489868
2499347
2490604
2496411
2498625
2505304
2502520
2506605
2503090
2506612
2499207
2505616
2497701
2493115
2500090
2494735
2490759
2497450
2504954
2499759
2496066
2505143
2507947
2490856
2496686
2492139
2493100
2498392
2496389
2500958
2502755
2487701
2497171
2501510
2500055
2496865
2497683
2504458
2505087
2501969
2495825
2495589
2503939
2502599
2504745
2493944
2494740
2506708
2512106
2490896
2500766
2497655
2497169
2507340
2497274
2511386
2506549
2506936
2496103
2498915
2500283
2500598
2506323
2501355
2500655
2501902
2485524
2508312
2503722
2501021
2502856
2499825
2497849
2494521
2500907
2498204
2511406
2509125
2501549
2500543
2500541
2500666
2494160
2502301
2501074
2491369
2505694
2503295
2491105
2498452
2496144
2500282
2498686
2497467
2499619
2492888
2503114
2500043
2499883
2506860
2505953
2502026
2501639
2491448
2503081
2503843
2515620
2498512
2510561
2492953
2500019
2499950
2497139
2508056
2496866
2494233
2498134
2506561
2501237
2494699
2505594
2498105
2506501
2497625
2508238
2512660
2505883
2495561
2501240
2495420
2501413
2495225
2497280
2495069
2502592
2510942
2501031
2498139
2499133
2497825
2503505
2498457
2501736
2498423
2491604
2506167
2498047
2502906
2494777
2500188
2500671
2495757
2501873
2495897
2501797
2499621
2502011
2495612
2507845
2493313
2508698
2495405
2499048
2506384
2499062
2503251
2503713
2504232
2504135
2493147
2502672
2502645
2505485
2495130
2491176
2501233
2501695
2503993
2498052
2503415
2496355
2500368
2500992
2500704
2500412
2499822
2501908
2501076
2498229
2495207
2503538
2495255
2503971
2499627
2503492
2496418
2495220
2493497
2493392
2502036
2495114
2505004
2491673
2503569
2494642
2503260
2503630
2498298
2496514
2500665
2491814
2496075
2500058
2504204
2503925
2502192
2497117
2498588
2508915
2502847
2505584
2502600
2504463
2496097
2501204
2507077
2507062
2496191
2499632
2497492
2506826
2503281
2501731
2503141
2496203
2501931
2502130
2488126
2500993
2494041
2499860
2507805
2499031
2500094
2490824
2501146
2500597
2490211
2501991
2489069
2500794
2499565
2498458
2492329
2500461
2507917
2497368
2507092
2500199
2493759
2503118
2494422
2498808
2499222
2498393
2496517
2495681
2497993
2495209
2504348
2499624
2509071
2498873
2496106
2499910
2487092
2488055
2507585
2500902
2497998
2506835
2502505
2500679
2498503
2497923
2503560
2495300
2501281
2504353
2507020
2512655
2502410
2494240
2505421
2497057
2501429
2502313
2496770
2504229
2496690
2490073
2498202
2500123
2494182
2500095
2498507
2494066
2501095
2499389
2490473
2498240
2501764
2495592
2502994
2495242
2499158
2489799
2505212
2494469
2496159
2494944
2503664
2490610
2499907
2491833
2507421
2501267
2496982
2505253
2499876
2489414
2507924
2500484
2500810
2502538
2491795
2496306
2497556
2498642
2498415
2494243
2502254
2508997
2502783
2510595
2498371
2495929
2503636
2498740
2502049
2497415
2496149
2491598
2492938
2497453
2497430
2496158
2499033
2495040
2502653
2503762
2501132
2495009
2496160
2503324
2503041
2494968
2497177
2506223
2498468
2494772
2501091
2504349
2493876
2502502
2501889
2505907
2504723
2497577
2495192
2503007
2498667
2500470
2504027
2497642
2501053
2509196
2498194
2494686
2505199
2493378
2496631
2501405
2499959
2508860
2497948
2496428
2504335
2501641
2499278
2498804
2501615
2504981
2505106
2507260
2503649
2500555
2510208
2505157
2494168
2499272
2503761
2499836
2504922
2503275
2500352
2497570
2499552
2492470
2489770
2503900
2503960
2502647
2508129
2488148
2496201
2499669
2501671
2498356
2506358
2498271
2502853
2502160
2501360
2496127
2496589
2501954
2493757
2500281
2502705
2498634
2506620
2495120
2507342
2505964
2500151
2504063
2504266
2493363
2500780
2500610
2503080
2497774
2492015
2498147
2494183
2500204
2487176
2490242
2492617
2500190
2509754
2492140
2499917
2502440
2496588
2498116
2503238
2494598
2506581
2505696
2501675
2501336
2503650
2498783
2499457
2492664
2500111
2513014
2506940
2493310
2500677
2499891
2499611
2499408
2502959
2503349
2508121
2494384
2493990
2494821
2500104
2494134
2502651
2498138
2499819
2501228
2498848
2506659
2505122
2495410
2506759
2497537
2493807
2501657
2495840
2492336
2494073
2502851
2497640
2507427
2504533
2508119
2493922
2494804
2505023
2507988
2498821
2506133
2493622
2507625
2493231
2502285
2498348
2502946
2501858
2502297
2494125
2509296
2497583
2502661
2501851
2504818
2499023
2496380
2496001
2504168
2496888
2486088
2496727
2501284
2497452
2494144
2499517
2504902
