3451908
2223022
1720442
2347735
2103211
3475061
2119777
4747008
3842660
2512254
3587122
1789826
2198205
3161286
2685976
4643217
1911305
2742352
4638511
1947926
3048649
2050590
3555955
4917986
982457
1369087
1595677
1252689
1344593
4721499
2753704
642857
2997025
3782302
1466154
4338646
3098492
400128
4586311
1123369
3470297
871344
4582109
4218689
493688
2269349
4274895
4920145
2716565
1013092
2021054
1569785
1965704
3071680
4145407
2346565
4249346
21245
3868680
1209691
3681800
1615675
3406400
3927651
250448
3863822
4350075
481989
1404054
604744
318994
916045
1599347
4255070
1447239
3428905
4162001
1271681
3439021
4179027
2132644
4020074
2657173
837439
1996958
3813238
1444889
4023787
4319677
4596894
3260834
341216
1450214
1826265
1910557
4942327
3081316
4344890
1445501
360387
47895
4912895
4339739
1413558
1597770
2939679
712966
3074642
349367
360176
1390884
3444781
2687021
3411937
1803545
897120
80000
2554114
4206748
3139623
248004
1095745
2590341
3176190
92752
192559
2492993
703971
4890515
847965
2917062
4592167
1507084
2048564
1956865
1123598
3216351
1555919
1949174
2358027
4320413
2869246
452445
4812629
1322702
1043061
3537369
3325259
62188
3682962
4652026
2053621
1743141
662232
1414003
4667234
2235572
3082822
4021303
3425022
1191737
2406019
4163556
3991307
1350560
1216526
1147728
1950318
3463110
2950673
1353904
4288401
3305699
1744160
4404202
970148
2414408
4994415
1295553
1459417
2256593
3544130
2474862
2525908
1689296
4895683
3406598
3299945
3169896
2805697
3782189
221915
4434072
19214
3737272
1421859
2912006
3634862
981652
3604592
3147909
4998289
4965750
4327170
1296112
945569
184187
4527772
655934
2727863
2340360
4058902
1552191
334478
837831
2695042
1431220
4995766
4601131
516381
4657806
3353205
1359151
3500081
4222331
3819229
220722
898118
3594192
3212343
2129181
804807
1478670
4432125
4499492
3324794
943414
2276066
3118060
687714
2457467
1049313
2617820
4371791
347748
3803718
1082483
479124
3573784
4639627
3133178
2383195
1914539
2897823
3012934
4140229
1462553
717389
1180530
98377
924778
2145336
1448999
1629351
2865527
2641500
1162038
1291466
190147
228959
310711
3276059
4191754
3884006
4167815
152603
567782
1581139
3145319
166156
3985287
3978729
4033165
4743879
4403364
2158586
316921
1840321
4181430
1230550
2779050
4177007
2799863
4362559
4199171
3886695
4700386
1122893
463625
4806632
3714045
4174785
4924044
2076098
3999408
3076509
2735939
4590657
186136
1197265
1817123
3951265
2954045
977066
3474413
4534173
4132284
3679231
558660
1220492
4701
3577518
1222956
104416
4711866
509837
3480476
86317
3982758
4347808
4377537
1565673
2315829
4778852
423047
2597468
1269481
4492455
2555232
2054088
4436289
4451423
1597514
3287838
2748853
2367345
1115152
1439048
1859674
251359
203092
1044423
2969523
645603
4569921
626519
688687
3059600
1957694
1151714
2248332
4434783
1603162
3638110
4259552
461178
197560
987286
2618131
4088243
1460970
2793336
3690033
1796057
2096959
2528781
4261090
2115244
3145289
2622721
3784829
533221
3499756
2139903
2199813
801877
2577365
3249437
4094180
721121
528658
3176617
46404
4222195
1338912
832781
1234077
2965678
460582
4038217
2703227
2103751
1934006
2490997
1522674
4222391
4915889
4604507
243032
715001
905569
3697412
2547093
3899552
3964367
2671256
3191540
2360280
1575752
3420716
3549952
4200617
553443
2222484
1439034
3863791
3323661
3135053
265955
3860854
4502406
3175689
2662537
1450246
1656573
4905864
701344
4094779
4260097
725227
1090773
1327324
1002375
3525014
761907
1599404
4338020
4596453
3935301
4384411
4388921
3776593
4525183
2330934
1168620
4548735
339862
4940092
4165919
739425
4352171
2532471
3853465
3031801
2734564
1160585
171286
4145891
1679786
1964601
3467619
314386
1870413
1692454
4405930
2981472
2110853
1261351
1591177
2897581
2713565
3833320
2720063
1592088
1587550
3372640
4205050
940363
4311619
3936572
1590806
3027490
3603506
4295902
3778568
3810267
2471021
1934760
4935722
550781
832101
3161959
4333396
1989219
1913471
3844667
255194
3907338
442908
2307989
2820308
2942109
1145593
2137739
4173571
4806701
2324009
2310687
2805012
2380030
2909063
2280733
2181712
2584943
2179223
4768997
3506679
3845881
2878627
1689648
1742210
4146455
3957591
3941205
1465139
2517583
2725377
2029050
4525269
818476
1329506
85442
1653815
4491254
454584
4405194
3019556
4892236
546709
3877915
3028930
1604595
2026800
1181608
2714422
55069
858736
709052
1766321
2089479
2054250
1151156
2394821
2899942
4463527
3353149
1825725
3587148
438750
168451
4325748
2091431
3514850
1813839
4377339
3896768
4783953
1148139
341698
2726998
4163967
500015
442265
1520670
77742
3381897
2046041
4421040
3107847
237043
2667020
1752366
4084497
1802186
1392225
2441558
845036
2147269
4800653
213515
1431501
2983590
152752
3722770
2340941
3794442
1796204
4477120
4908939
980205
1334362
2553937
2607204
1509026
1500710
3070334
782323
424088
1035024
4800927
105506
1497908
216582
4488200
4277804
132004
1388051
3074521
4799567
2520704
1337258
4327198
1763456
3005899
1589765
3864414
1086907
1121910
4275507
2732428
1713740
1649579
347614
3414574
2571261
462414
1822600
2064545
1878592
4382738
3457059
1849953
517572
1590132
429880
4734228
4094473
946596
4145863
2480222
2575336
1723418
99933
1542326
1852513
4647651
571448
2905344
69162
2016933
2416213
1075905
83569
3574697
4819586
4326662
3737969
2116047
3186094
2001764
1590457
968202
1031862
1672101
1642385
3627119
983563
4925748
1695262
2079356
303894
2517100
4877932
2041464
1433941
1977315
499945
50834
1318068
606586
4997015
2400058
129582
362717
3955259
642490
1086573
2613349
3148722
1874979
1855727
1568780
3264355
1292226
4249723
4434050
4796790
2818555
417407
1672642
343522
1096113
31895
4483832
4723643
4633666
4790066
2674146
4916361
4034334
4353770
3093294
461483
3008115
2704873
2296578
4779628
3413082
1777592
2490835
3801399
992018
4917353
4876318
4574741
1481002
355417
2988776
1267968
1525353
742891
4506494
4958079
3395982
1233768
4832900
3590113
2726364
1018872
4056267
1679821
1977648
4734029
548184
284212
1699242
2356531
2027384
1613364
3085850
4961478
4830210
1672763
3215395
1839184
3608640
3332249
4305216
3851118
4213195
3741876
313735
3884464
15907
2900028
3810352
1513897
4501498
2578586
4127621
2264637
817837
1793175
1879375
805921
15407
2413387
3856374
3490504
4071384
1623524
3115512
1642015
3485236
2193459
1564045
806078
2037211
819375
3586844
651855
1195911
74428
3202428
912331
958411
2204245
4594480
3775037
4928330
1134192
81009
1460776
951623
2523142
3030597
2883593
4204216
2058611
1717472
3734508
526143
3395092
541513
2520093
4769812
409766
2257822
4181053
2983664
1355571
3746483
3758870
4281752
3621897
4245732
3659642
3504731
3857782
3988404
904692
3295215
4944123
925120
2619069
1696381
3457202
1064550
2396469
521133
3617343
3308577
2880268
2585951
1094619
2063107
2278684
2964265
2754831
1921717
754615
971441
4333368
1945558
3591743
904311
1237782
2052262
560957
3116742
3109354
4979695
1598642
53038
4557865
3371822
3149852
2393802
2726043
270144
4061345
478819
1775207
3251839
3388431
3480498
388939
1841038
479388
2922052
720653
3301689
3723134
856535
4082349
4712361
2137389
2481201
4180629
1631341
4103315
3789652
2164567
457643
1595424
4007994
632190
851366
173651
3606657
510130
3391569
1028317
781814
3998707
4784144
4068872
4400831
2942873
2139318
1585813
2463864
3628080
810319
1529765
821946
1233412
3189162
3720618
3170525
8580
2096828
3292076
4245178
4413466
2356575
1582179
4419297
244812
2105509
1100538
310504
4856629
4422804
2877556
2606481
4337894
3181395
3830837
305005
1439316
3546206
1346518
262111
4599822
4047253
3670216
1082501
1313407
3458465
279331
2021086
975449
1832190
4380047
3858422
629221
3349076
3920802
4212470
859961
1676175
2499926
2614394
2303614
1247179
626077
2823305
2861004
1956965
719339
3782051
1520588
4502523
716224
3362406
2705358
1047045
4421286
1062647
3967989
2513231
2306580
512710
444320
3189009
2541908
2405457
93738
1676815
4626102
4478731
3384715
3596655
2749227
4253579
4502694
1198982
1876384
2327863
1102414
718851
1207360
3266996
792762
1464669
274224
1264226
476931
4070828
2301926
4933474
2552934
266115
2090935
1075174
2755846
4742271
502675
49137
310259
4580741
855952
877239
2237409
2039931
2639612
1086849
2612049
1620777
1493804
2810329
2252838
2261965
4985948
1531774
3352154
1651679
1825526
4392150
715035
2115521
1286120
4068874
4550287
3730743
3487707
2408287
612684
206810
1511069
4074984
2240609
1747595
4855670
2979085
4948151
3217885
1264853
112544
4992424
463006
753656
2541609
2234780
3755333
1877394
1716181
2035647
4529146
1395977
1784814
1816103
3012208
1910101
3357421
4185516
3693023
3093097
2561624
164572
2765385
2730030
4338722
2109685
894421
1543420
2755133
4743509
123595
1636
1442169
3590964
3958331
443742
4863607
899271
3748379
2139706
1570062
4026274
436046
1587359
1486400
2546258
1911322
2465613
4846339
4163486
3988708
3878051
1668299
559038
1448134
498180
3581722
1606697
290207
2171572
1710570
3027792
1162772
4501291
836057
4963259
918060
3827114
3147624
578758
1660917
2021285
2046350
2702772
4673540
3122941
2388998
3645860
4203352
426718
246702
3090325
1009457
2566823
2916807
552135
2110666
4842886
3913517
3048820
3374498
1501528
4274907
3303197
1309135
4268605
4899346
4738092
4418665
663026
540410
225427
675539
739376
3663039
2958134
4747168
2598182
543995
4937197
2413652
1044837
1858507
2413753
2578072
4254746
42753
3175025
2588349
1985150
3998145
2994618
1375137
4568921
504969
1973980
542894
3577408
2449711
2098670
3912453
2912714
4860870
3713020
4313159
4485802
2360220
1936021
2108873
866225
4692837
4641181
4008528
1258171
2641541
1275555
3930881
2596932
20900
1708942
2318541
1350333
1614657
2178955
1097088
3496628
394214
3437346
781018
956924
1188748
1499992
2637292
285771
4602045
474847
4514027
3114548
1914212
4510855
1804936
3117821
977395
1798904
986688
4366386
3138606
1624563
965818
4683048
1770006
517816
4390472
1245964
2113602
937772
1256157
393963
2372924
4323924
1202646
2200236
4735100
1091358
1735306
4994019
943696
901445
1757185
919656
284298
3787182
1825909
3983076
3186831
1182518
2742610
271351
1691023
3684480
3645721
3633861
888014
2082665
3879811
129782
4992927
4373976
3632528
1765777
2085962
2337240
3885234
1459256
885402
3087364
2346651
2159879
3489297
4485701
2795550
4903684
209287
4739571
985485
904893
229840
732142
1836647
4646943
767984
4991972
2501616
3948578
3367975
4753411
3903273
1108919
4598123
1530022
2554647
2811079
1343200
3979087
3324922
1899541
3911176
4955203
3903337
943006
1145673
4816354
623061
4247786
4357217
623970
925302
4098584
2044751
628611
1753585
4269085
2443974
2649069
4018638
1016536
1865989
3656075
1800029
3007442
3748641
2628183
2484490
1837199
1117440
4737725
1252364
364973
1942398
4367252
4538936
1123525
1869479
2077543
2825659
1214425
546328
2729082
1894605
793438
1412459
3247263
4848408
852652
2572397
4000852
1618698
1219473
1694616
1374828
471572
3116138
2020356
4376269
455030
227578
2919788
4667162
3396930
2609787
1239512
494827
2926796
948433
4922407
4444031
2536691
1768834
4867350
3303308
3967956
3216242
4997919
3330959
2783939
4874011
3439087
1167291
1000016
157481
2677833
430718
2776223
78663
2588454
2688200
1771041
2828268
3469324
700282
1909624
4878390
3950495
513108
3408870
4999600
3565819
396587
2926220
174727
3998092
3321011
2569342
2373497
4703127
4834639
3446989
2340309
1475767
2700642
4677828
809049
3302583
2946295
3338332
3271957
2187056
3533315
2468780
1608788
2858901
1836993
939607
1242133
1640909
2378057
2500236
284613
3600282
3261134
3307538
1100341
36303
3241186
693034
3256781
3089205
726980
3418828
3424246
2580542
736020
4497562
322781
4073697
3798633
1027314
583345
4841480
3841985
4914348
3867725
3946639
2262207
905035
2811387
2817829
2960629
551642
4939808
2937752
2925811
1399058
4619314
4968033
1419093
3564310
393897
4510170
441525
4450674
4253909
254430
1147829
4114763
1279243
3879731
2619029
1272513
557932
3837074
1642030
1206778
4786311
4342336
3526886
4655483
3764191
4061589
2642441
3917239
3289268
1881375
4712099
1471683
4027332
4488035
4293162
4874764
4070858
2475451
1495261
4189138
1913477
3251553
3611055
725289
958878
4503095
3483581
883308
3973608
1559622
662178
2031590
2090187
4499227
2853757
4508177
121808
2065024
3744901
196167
1543121
1084668
4980965
4716792
1412219
2913436
1246607
1588868
3151895
4830927
279777
2895830
4849403
1913373
4167379
439697
1415340
4739088
369431
867232
1236751
1477304
2918436
3898300
3466054
2314858
4426187
3793297
1791205
3113593
2605798
4981423
3757029
3859442
4282525
3848297
3203287
730660
4652991
799303
313287
1849575
454299
2965045
3033818
1742389
694969
484468
1113877
857006
2894511
3562208
1071870
3984268
3678959
3497487
451737
3860095
1985553
4916005
3912968
4884532
1725951
1418692
4714627
4470249
4562157
3898598
1014017
555527
2609224
2293227
3745140
4422584
4219005
459475
3875875
3470009
3041703
3127044
2578208
328011
2495750
3635434
3143013
3477024
2810710
64672
2542267
1515714
1925727
3651000
2254326
2111878
3373667
2921155
2020897
2659713
196745
4115089
3298478
1933489
2920660
4560431
577345
696587
3990690
4404001
3226477
2663240
687975
19356
4393357
1520051
4953671
2768108
2522891
56117
3846539
1360013
4708080
2405269
182474
3723161
4279787
4147295
3593503
1843456
2511233
2831020
2429473
736849
4985863
2361765
4958062
1742281
4750983
2389121
3626369
26641
1691738
2591321
3768640
1981568
3388545
3942523
119604
2139659
2125697
2177326
2986499
4976975
4241078
3764636
4884341
1314221
1510344
4527990
1826444
1584634
1176024
4364129
4805008
706491
3996050
3244981
3544942
2063925
4215726
266628
4802697
2435810
3925765
3985688
1216722
3436399
127762
4447572
2404835
1005111
3383712
2374802
3139953
4921314
4527522
339040
1895236
2546502
608633
4712960
3023119
1490275
2200503
4272660
4771727
2789584
4681092
1810370
4133489
2786750
400380
494428
4896961
2420354
2142610
854126
3963349
1826556
1946694
4433834
662376
1940264
2596142
2458550
2594458
3734639
4770146
4858660
3081274
43272
3779479
3398763
2811613
3227158
4970450
2219581
1764073
2337234
4163764
4112161
684380
4945629
1785252
4691985
403349
272571
1956921
1549566
1317848
3317614
4064144
1169217
4046646
2348395
773585
2901367
328482
3696372
1560387
3619606
3757533
3053542
4890471
3346289
216832
3420927
4982310
4723435
3746232
1138290
858029
3838178
1843278
4741712
4109405
3240919
3726608
442783
1680737
1177551
1397835
2808533
555705
2024390
4848789
2540613
2841927
705654
3825228
2636391
3071638
1956507
2548905
4217753
683057
1690008
886738
1188591
3165581
4673602
2122185
104001
2894342
105215
1887866
4755077
1508667
3237587
2866583
3087184
135266
985115
1236447
3503516
2945633
3165489
1881920
630402
1545978
3095939
3388502
2546816
1666996
3359745
4036966
1468800
2036861
3444379
4414479
713155
2045168
1472822
985131
3318747
1585934
1378640
2559191
718361
4367032
4405741
3627268
2409759
2799807
2407709
49587
3562098
2770970
3441260
3423840
3414583
1855602
1069416
3293827
1822209
963233
606139
2743232
691626
2283857
435502
1517024
4695400
486711
1667906
2744748
2058983
1984499
2466327
338628
2496672
1845410
2088580
4896213
3770280
1989608
2644922
3998144
4166486
4338878
165706
724990
4433767
2774872
3536554
947310
1211640
3658559
130163
2153274
2233674
2780865
347745
2169819
1599614
3831245
513283
607268
2578185
3122986
4779993
3582704
1151312
1405405
3383177
1438230
1378133
1100501
1886787
1832714
3614198
275459
4703785
4457115
552422
3223997
1192288
2868610
4409096
1015828
2196906
822881
2297066
4209861
4895776
1065536
2096517
1044814
1578014
4849304
2046722
3477816
3234207
1315593
1154607
2463339
274127
1133661
2819800
4362126
2603449
4377798
3680505
571844
453906
2126186
2217046
3690985
1751081
1058195
1167541
4788201
1195460
1558810
1260167
890627
890026
2886866
3599460
4228708
2341263
4087374
1450511
1823341
2986965
3176659
4358615
4750068
4855579
1715471
1423609
208464
1637079
839536
3035106
4048065
2212488
1630529
1788285
2705249
2949453
2915737
4410857
4448548
2343006
291601
3737262
1671095
2964238
718014
2866711
2952672
75256
4723444
898979
2276472
1754040
1187408
1282724
2817721
1544826
1689404
428936
3767013
2903339
4368802
4252962
1183792
2088431
1458697
493629
4337227
1289291
4038331
630517
4227332
2012660
4387357
1908602
4889641
4464775
3942377
2627580
491804
1348360
2016572
1040337
2710209
2216276
4393027
3018692
733473
2135748
1434842
3389991
351547
389933
3527033
3130689
754418
4700620
3855433
1153316
4647893
4270335
518635
1792357
3508348
2269139
1685037
3555828
4227890
2306759
864356
2101055
4446641
531557
1159965
3347442
3009460
3337338
3433123
2937652
3132422
4965110
917658
2852621
4600531
2128307
2386297
4312547
4549981
491362
4722681
1620656
3760031
4747670
1069377
1434846
3045626
3276246
2772688
1511887
2210469
245391
4324478
3703512
1030864
3005344
732454
3428324
791579
3635669
3069764
3656504
1163631
175132
3836059
1721145
1957519
1652236
2715033
1630076
4416110
1739331
3502087
1788437
1371237
3972026
938657
1377676
3903907
3808690
465350
252671
1278300
3654266
2463130
2551762
2538493
893047
4904613
4576000
3047808
4509464
1071483
4578441
2965976
1720736
436875
2663782
3598083
3826099
536812
4277343
859532
2971647
1217180
3274783
451273
3897327
4153713
3885877
2586657
3578284
3717062
4123460
787179
3937631
4356121
878872
560144
3113626
1003547
2466147
4383242
4063535
4702143
505519
2630436
1318848
1379285
757507
4714610
4886204
4546189
3405911
3482821
3332557
1107878
1754303
1163426
2273141
4519902
4859330
4728525
2866207
4081028
4665426
4998464
299259
4944516
2286897
1515459
2577273
2870874
2337220
4065043
1524522
549989
989771
1994393
583521
383038
4542520
1144464
4967813
380669
1208165
3492941
296333
4096387
151208
356932
4655119
2662287
3446689
2831868
2525871
4153052
2629865
4921480
4390062
4930195
3847188
1496702
332534
2481540
3463751
3300811
1699416
2911859
97020
2434123
423156
1484601
2741958
3792062
247779
2378888
549895
1703156
1779267
4383950
3638488
157586
3155709
2579384
2881569
2559680
3215488
1698670
1128203
1718764
4193415
793094
1688309
2849140
2706692
2947328
2426234
4925557
1097179
986788
3688724
793346
525248
2811834
1865928
1119711
3342768
3906347
2322254
3634350
1680050
3320523
3669028
2346188
810416
1346769
1137116
2340414
3106419
4727826
1807221
917869
810424
2828696
1691668
1130116
2019791
4636705
1736708
2299322
2221733
4883429
3261599
1876449
1951648
149160
4222966
3258171
3944465
1349441
694441
2034833
3923140
3679378
1792502
1538877
4160995
1836636
3150172
3548214
2344108
3979437
2624883
387915
1758795
4579791
3793003
4890825
4745418
1112742
4713275
839361
2735073
965341
113661
1057370
4700243
1880766
547794
132074
3821074
4447509
4159842
3101894
374757
2333239
3947733
1046253
2495091
4259468
4270733
2991174
2928624
4998897
4683741
3528355
4618901
2766442
4123623
4772375
927306
4595313
4841646
1177632
2309788
3646870
2638355
3609619
114700
1955555
4911827
4263804
4794763
1158736
1699206
4012316
495607
3680178
131860
1239452
3632326
70401
2765421
1870646
811323
2285289
4242759
583485
1366683
2095548
33824
1404157
1401217
1914961
4693487
339083
2673819
8146
1326798
2995012
2358390
547959
686322
528789
440276
2201843
1297523
3241704
3414281
263033
4077373
4780657
1156708
1601069
479623
1408038
1344298
4855845
2114570
3766233
367007
2434994
1907863
948055
2924275
739600
3524401
1202615
4220043
4909375
2198703
3686858
1183032
4587890
3259440
2814526
4548566
4555168
1218725
4979899
4634223
3522588
1652487
3753594
243968
599866
1055744
1250887
568790
1560438
1742433
665315
2977482
1536902
3377609
4681229
723022
3012981
384946
3575190
439990
2259339
2819698
3576814
