3494516
3498987
3487568
3508356
3497576
3499083
3501547
3514131
3512558
3501731
3495134
3499545
3509354
3499819
3491263
3510388
3506647
3503293
3510181
3487098
3492153
3491791
3495033
3498254
3517857
3493306
3500793
3499550
3489168
3494188
3500319
3499803
3504086
3507995
3502506
3488930
3491735
3496778
3495420
3502482
3503007
3497022
3500375
3490190
3504792
3495402
3506516
3490268
3504941
3502640
3503304
3493582
3491014
3501532
3500014
3487680
3506418
3499800
3492158
3508486
3498538
3503226
3496520
3498679
3504858
3488136
3501654
3506752
3500288
3489907
3502697
3486617
3508994
3501394
3510105
3506278
3499755
3509046
3511974
3504883
3498678
3501002
3486297
3505792
3494450
3487493
3510870
3501264
3506081
3490680
3506362
3510087
3497062
3499207
3503591
3506599
3499263
3496291
3504506
3503732
3507976
3502364
3507878
3499846
3504561
3500711
3500602
3502657
3494061
3500137
3496129
3494976
3502172
3491000
3491164
3494609
3497279
3499257
3497425
3516353
3501862
3503883
3500080
3490381
3505571
3494465
3498985
3494579
3509176
3510274
3494095
3490166
3497270
3499391
3491646
3507079
3495091
3497310
3495212
3497569
3505732
3497628
3501275
3510517
3505064
3501993
3506344
3510074
3499467
3495595
3504217
3497463
3499562
3491046
3493040
3492879
3496099
3513016
3496931
3484289
3488643
3495302
3505392
3492893
3509165
3509316
3502294
3496273
3504913
3499456
3504153
3488111
3488992
3499341
3507551
3504959
3506698
3499941
3499424
3493668
3495341
3493817
3507588
3503122
3510351
3499232
3516426
3492570
3506288
3499470
3504461
3496566
3494555
3494865
3499802
3500387
3502103
3498532
3495415
3488169
3497254
3493365
3496373
3511479
3498234
3502844
3492868
3503429
3509470
3513949
3490073
3483032
3496033
3486871
3509546
3491794
3488328
3495801
3490687
3506812
3506969
3504612
3494077
3510969
3498129
3490342
3500699
3509641
3510991
3502689
3494711
3498921
3488972
3506731
3498348
3503344
3501366
3497096
3496874
3497268
3497862
3480831
3494438
3496145
3489819
3494519
3490988
3501326
3511857
3502583
3508842
3498969
3497891
3504804
3497660
3506751
3501891
3490015
3503843
3493836
3495737
3504789
3502059
3502099
3505787
3490524
3500359
3497529
3503738
3503418
3502796
3496901
3494864
3505907
3515158
3503702
3489979
3513163
3509950
3501752
3505550
3501008
3505528
3491943
3500175
3502109
3483263
3493893
3502159
3499174
3506263
3501405
3500347
3488017
3504949
3506683
3507797
3494446
3487934
3489514
3489317
3512495
3491631
3506985
3503870
3505334
3513176
3504877
3491465
3499271
3511340
3489518
3494594
3518120
3507990
3499412
3497565
3511185
3498635
3505311
3496607
3494021
3499657
3506260
3505359
3502321
3494415
3497995
3498945
3494949
3499996
3501370
3496423
3498595
3494256
3503224
3495210
3501624
3491289
3512643
3495388
3499075
3515043
3498803
3493820
3505249
3508168
3493196
3495437
3497680
3500953
3498687
3494838
3497263
3508087
3507007
3506365
3502776
3509460
3491165
3505755
3491544
3496182
3509692
3501621
3496664
3496809
3508222
3496460
3493316
3501314
3507983
3501197
3502034
3496922
3503892
3482730
3494597
3509291
3507716
3490685
3498449
3504652
3501692
3506689
3493986
3510573
3499272
3488447
3508421
3506211
3497104
3507228
3500657
3498147
3500924
3503297
3492067
3497567
3511507
3500661
3501047
3498588
3504229
3501677
3494657
3507250
3504985
3494343
3498375
3504803
3498198
3509746
3500404
3493471
3504252
3484786
3494311
3489656
3524192
3495318
3492932
3498473
3503977
3493381
3502373
3497175
3496854
3501492
3489685
3498105
3493491
3491930
3493058
3507169
3497053
3514221
3487694
3498161
3503535
3499993
3504637
3514593
3502491
3504665
3497233
3503460
3498774
3509863
3495957
3499956
3502501
3497336
3490569
3491210
3493004
3486555
3511276
3492129
3498235
3490976
3496964
3492252
3511357
3499250
3501040
3508729
3495167
3503646
3513110
3495096
3506422
3503698
3494742
3499168
3498284
3499987
3507510
3504900
3493908
3501341
3498978
3500979
3494419
3488125
3500682
3505251
3500255
3507303
3495802
3505468
3497334
3498542
3500763
3497394
3495187
3505434
3492532
3505499
3494161
3500035
3484040
3512117
3490919
3495995
3509126
3506595
3500717
3497401
3509365
3499983
3504826
3490649
3502868
3498020
3502212
3504219
3505813
3499205
3501759
3491269
3502183
3508515
3496533
3492401
3502044
3499367
3505078
3504523
3504488
3503602
3493644
3492501
3497653
3499141
3500522
3509421
3508656
3487631
3497045
3490284
3499193
3487747
3502725
3492443
3495519
3490485
3502671
3500449
3502836
3490702
3502826
3507364
3492706
3499964
3504477
3498371
3507937
3496302
3502441
3496764
3506158
3515027
3500781
3493609
3497522
3502258
3507123
3484966
3493056
3495672
3502770
3507042
3497809
3507595
3496341
3507244
3497342
3492493
3486815
3497023
3508392
3507318
3498897
3490824
3489815
3509974
3503981
3492171
3499485
3514230
3487433
3504424
3496440
3506551
3501457
3498227
3487816
3499247
3488335
3506328
3490923
3496219
3497636
3502752
3508989
3503340
3489131
3504893
3499279
3503678
3501478
3494666
3504471
3509785
3505234
3507596
3485003
3489336
3510794
3483863
3508431
3491584
3497658
3499816
3501176
3508831
3498526
3502637
3500872
3499525
3491499
3500705
3502421
3516583
3515444
3504011
3512610
3502105
3493066
3509184
3499756
3492574
3507048
3498463
3505557
3496768
3506787
3500324
3502695
3495717
3503163
3511482
3499085
3491828
3501291
3491233
3511096
3493627
3494775
3504796
3490508
3498243
3509552
3503092
3492201
3497764
3514351
3490428
3489374
3492946
3495733
3482151
3494888
3503174
3498486
3503001
3499740
3511772
3487627
3488639
3493995
3493762
3497855
3496860
3493103
3497227
3491516
3502737
3498668
3494530
3497049
3494704
3491057
3492302
3494074
3497326
3508950
3502855
3513282
3491502
3485859
3495734
3498686
3499392
3509025
3511778
3497142
3519601
3499598
3504045
3484750
3482007
3510288
3510021
3501269
3501385
3514361
3503866
3503907
3500945
3490847
3490836
3492578
3503299
3502884
3497642
3495742
3500165
3491565
3500687
3494250
3500381
3500016
3503513
3490245
3499774
3494799
3503002
3492533
3496053
3504290
3502832
3489402
3487644
3505176
3492150
3510081
3516901
3506451
3497183
3500245
3501319
3492142
3498752
3500604
3501215
3498871
3505979
3497280
3510358
3501302
3493466
3508958
3496893
3498998
3503935
3497702
3499481
3516574
3507333
3491864
3491760
3493608
3500437
3493321
3495800
3500148
3501397
3501726
3504823
3497067
3499461
3508374
3498226
3499443
3501784
3489702
3499906
3494763
3510529
3488789
3500868
3503751
3503861
3505165
3501343
3506384
3493592
3503445
3507597
3500129
3503058
3491823
3496647
3507210
3502302
3484447
3497875
3508385
3491569
3496669
3498840
3498706
3505970
3490776
3507814
3508757
3487072
3501216
3486546
3495470
3495159
3489294
3502839
3504683
3503553
3500353
3497377
3507665
3488107
3498362
3501941
3506151
3507366
3503302
3498930
3499538
3488604
3498646
3504830
3507122
3501914
3508737
3515098
3494220
3499350
3497092
3502969
3497511
3515757
3497783
3490617
3499648
3509716
3497978
3508277
3492798
3506884
3496696
3504060
3498574
3506606
3494399
3492777
3510196
3498876
3503131
3495619
3504282
3505475
3496132
3495604
3491340
3508315
3504117
3508100
3499240
3495220
3508266
3508818
3500456
3494861
3499524
3492797
3494766
3491466
3503249
3495757
3490982
3484964
3494039
3504318
3497831
3494990
3509555
3500624
3501213
3509464
3497758
3477110
3502906
3500734
3505058
3501978
3504358
3499119
3510727
3509721
3507018
3499318
3496306
3495274
3503999
3498285
3501129
3499044
3494129
3503016
3493299
3510850
3506063
3503091
3501573
3492977
3503534
3496270
3494252
3491652
3500627
3492038
3499344
3494787
3502452
3497204
3511152
3510824
3494848
3494996
3499822
3505553
3492260
3491453
3507854
3522962
3507546
3492757
3500393
3503469
3498269
3491324
3504169
3500110
3489922
3491190
3497615
3516655
3505613
3498628
3508268
3495288
3500634
3509388
3498634
3499200
3501329
3493631
3507512
3499333
3505446
3501052
3505065
3498189
3505262
3510712
3498046
3513672
3490552
3491257
3489550
3500725
3496691
3500962
3510225
3499346
3502951
3494368
3503458
3499701
3494544
3510656
3489481
3504180
3501456
3505379
3490512
3501323
3510848
3501894
3501045
3493793
3508157
3490862
3505458
3502463
3500344
3505618
3519412
3494505
3494303
3492884
3502505
3483165
3499520
3498013
3496050
3498883
3499556
3505205
3503451
3496447
3499670
3503701
3506201
3501293
3485909
3504842
3510470
3498841
3510369
3498324
3503065
3499007
3507044
3501846
3499061
3494171
3511066
3503690
3507856
3493522
3502751
3496084
3493549
3506523
3507297
3505387
3507550
3492703
3495775
3501816
3491480
3496463
3509821
3498531
3503912
3496103
3504852
3494052
3498006
3506837
3503561
3501975
3497429
3499854
3503051
3498416
3513737
3497937
3493706
3517064
3508056
3504679
3504807
3495214
3508143
3497733
3505396
3507276
3510463
3504919
3510821
3506893
3500784
3495647
3500922
3491687
3509162
3507195
3515085
3505999
3492748
3504316
3498895
3498406
3500758
3500989
3484424
3505112
3503087
3505771
3497258
3511288
3502133
3502188
3490400
3504091
3501224
3505129
3506722
3493687
3507041
3502504
3494947
3508732
3502766
3510170
3496817
3486278
3509201
3504296
3504031
3494475
3498513
3499599
3499370
3500204
3486613
3504369
3506719
3494900
3502775
3503034
3493496
3506237
3496374
3489179
3493023
3497507
3495448
3494081
3502741
3501351
3511783
3499488
3494855
3510758
3502313
3504391
3500337
3496425
3492396
3508191
3494080
3499885
3507262
3498043
3506658
3502447
3499097
3504764
3505675
3494819
3494320
3501945
3509040
3504507
3499850
3509869
3521912
3495539
3512525
3498482
3504516
3490567
3501081
3498685
3495260
3500019
3498970
3497496
3496464
3503159
3493638
3500416
3498228
3504473
3488326
3506677
3490028
3511880
3499124
3509013
3504349
3500619
3493759
3500073
3502025
3506051
3509495
3488355
3504472
3487281
3499574
3505648
3501863
3494272
3494393
3499669
3497998
3502041
3501365
3496613
3506249
3507572
3503715
3493952
3493032
3511970
3491103
3501579
3492248
3506156
3501121
3488405
3494822
3499499
3510161
3498136
3505263
3499018
3511504
3503104
3514819
3499486
3498633
3506068
3494223
3494726
3500011
3496675
3509806
3516448
3505656
3499954
3502644
3497542
3495747
3512237
3490947
3505101
3505038
3505059
3500573
3500542
3502471
3500424
3501157
3496790
3496233
3496277
3496715
3496031
3491786
3515155
3490408
3501761
3504448
3510131
3501582
3509976
3495941
3515188
3494771
3505426
3495016
3498650
3508346
3504443
3502022
3497438
3499328
3503381
3503179
3496290
3509378
3490180
3511373
3484372
3492531
3499569
3496235
3499732
3506008
3495224
3501409
3498385
3493406
3500496
3493399
3502480
3506466
3514365
3487188
3506700
3498539
3498827
3503318
3498363
3499776
3518553
3497219
3504112
3506525
3497731
3512212
3509524
3502797
3500103
3491798
3506247
3515750
3506634
3514210
3500356
3497798
3484379
3485339
3483324
3504503
3503770
3500336
3511285
3501132
3492670
3494863
3496494
3502647
3492686
3512601
3507088
3493904
3496774
3496661
3504162
3503655
3488481
3516979
3504106
3508211
3504537
3497369
3496706
3514124
3510315
3505033
3511923
3501907
3509337
3510069
3495815
3495892
3496310
3503071
3496859
3500827
3502263
3500561
3498420
3515947
3502180
3506295
3498951
3499801
3504360
3508201
3503180
3493367
3502992
3493189
3500091
3502255
3495639
3508284
3508798
3504269
3510335
3501381
3504338
3499384
3484758
3504163
3498684
3498747
3504933
3498849
3496247
3494697
3499289
3503543
3504560
3501460
3517096
3511912
3506016
3492471
3503813
3509235
3499011
3494860
3510801
3496785
3510478
3496553
3498504
3499611
3499415
3490970
3503281
3486318
3497829
3488669
3504357
3497982
3501459
3493062
3495753
3504825
3489757
3502112
3496844
3501011
3492543
3503552
3496082
3504674
3497193
3499389
3497288
3498295
3506267
3501698
3510049
3508152
3506427
3483692
3500060
3487954
3499469
3494979
3491271
3505244
3492821
3499765
3507736
3506450
3494274
3489555
3496943
3494825
3503717
3502029
3503110
3506527
3509036
3493531
3484282
3486857
3497810
3503533
3495748
3498906
3497158
3505362
3499017
3498614
3490725
3498744
3505383
3496963
3494142
3498590
3499157
3505761
3501389
3505416
3504704
3513319
3496619
3512427
3505706
3490452
3507733
3490712
3507245
3496230
3494104
3507382
3499651
3498212
3507752
3502054
3508444
3497804
3512005
3488062
3495674
3491922
3506795
3508308
3504800
3499533
3505486
3490120
3496120
3501056
3495074
3501917
3504059
3492309
3504129
3494453
3504341
3507951
3510186
3507480
3506355
3506475
3497900
3506426
3504247
3501647
3495324
3494981
3499397
3487786
3498392
3498433
3494119
3499181
3499036
3502377
3496180
3506730
3494791
3509867
3501757
3497201
3487624
3503430
3492874
3484045
3508667
3497492
3505067
3499417
3514939
3492749
3487927
3494043
3500765
3515759
3496820
3506667
3497850
3510132
3509047
3493626
3507381
3497244
3479188
3506639
3507891
3498861
3495447
3504889
3498912
3500828
3495743
3502523
3502934
3514529
3497024
3506547
3498875
3490732
3504497
3494873
3504795
3491329
3486011
3489775
3496319
3498453
3488202
3491957
3502342
3487094
3503756
3495983
3484933
3503537
3506497
3490195
3503142
3503306
3486715
3504531
3478591
3503988
3496596
3495543
3516529
3499532
3497866
3495605
3504020
3492901
3509560
3498660
3509657
3493813
3505951
3500141
3490708
3505463
3504667
3496303
3493933
3508270
3494909
3496771
3505799
3493729
3504568
3502088
3507233
3491204
3507390
3502660
3507801
3510872
3505141
3491560
3486176
3492705
3499683
3505368
3491946
3486497
3498401
3504142
3507904
3499886
3493208
3505441
3495642
3502909
3513786
3491512
3487582
3496616
3494490
3497234
3508874
3505754
3494287
3508078
3498336
3507664
3516113
3506832
3501750
3491033
3505462
3507323
3507775
3491901
3503450
3496728
3504155
3513334
3496229
3496079
3502793
3488644
3497361
3491459
3493877
3492741
3492989
3503510
3494581
3499580
3495730
3512684
3496405
3499427
3504548
3502252
3497842
3496496
3513471
3512300
3496472
3496959
3501098
3501756
3492497
3495906
3500465
3497501
3500972
3487792
3492912
3509160
3510434
3504918
3507108
3509506
3493347
3495407
3504284
3501465
3498577
3495321
3495230
3512000
3505484
3494639
3486409
3492193
3512302
3497128
3498087
3503478
3491368
3492226
3501404
3503930
3497431
3492993
3488252
3505628
3504866
3500745
3495385
3495147
3496952
3487951
3500311
3502545
3506116
3494302
3507278
3491509
3501089
3498249
3506912
3506448
3511392
3504009
3505381
3497892
3496492
3492053
3499188
3501544
3502003
3497407
3497719
3489266
3502470
3500649
3495002
3497681
3509536
3506369
3498604
3491475
3500334
3497339
3516669
3502683
3508218
3506784
3495622
3495670
3501305
3495099
3496831
3493413
3515220
3496775
3500598
3503176
3511135
3509653
3500541
3509164
3507487
3493889
3494867
3496751
3502746
3498957
3497471
3502511
3496066
3498140
3508129
3505104
3507057
3505767
3500346
3483764
3507720
3481808
3500087
3494210
3500388
3505422
3500484
3492519
3499269
3500368
3503742
3508833
3498560
3495985
3495030
3502360
3498613
3503321
3499666
3502319
3503944
3507357
3503957
3492243
3506090
3501235
3500693
3508196
3496714
3496799
3504040
3503294
3488208
3487169
3502967
3503375
3503461
3500959
3506138
3511141
3499635
3495086
3506646
3494995
3499644
3493267
3505210
3498341
3487089
3491928
3497864
3496626
3497352
3492832
3504510
3490124
3495279
3495854
3501046
3497251
3498630
3500095
3490994
3497298
3493216
3509255
3503082
3491285
3483849
3496173
3502083
3501948
3509383
3493147
3497703
3484232
3497962
3495453
3504545
3488058
3498602
3497793
3490656
3502014
3496326
3494513
3499547
3500220
3510459
3496543
3513798
3496375
3491840
3499592
3497410
3507605
3499904
3515467
3502691
3495454
3507684
3484948
3490773
3502810
3491178
3491678
3496868
3497903
3503266
3506176
3497938
3506915
3490525
3502389
3496574
3500138
3494682
3496210
3508020
3497065
3502192
3501075
3510875
3498403
3501350
3501777
3515143
3502278
3490270
3501912
3496548
3494174
3499988
3503199
3508990
3486592
3507267
3500485
3500132
3499852
3497445
3488064
3485217
3498806
3501785
3508804
3491513
3500855
3502078
3489860
3502330
3499613
3503548
3502792
3500847
3501189
3496995
3506886
3507398
3500942
3511623
3496070
3500142
3493343
3511027
3486777
3509963
3504210
3504670
3498426
3491222
3510020
3495732
3485267
3496763
3510521
3509919
3512193
3491243
3506255
3498530
3503687
3504496
3511490
3493844
3497418
3493711
3500447
3508102
3507928
3505556
3488247
3511837
3507292
3500392
3500863
3500155
3497630
3502175
3508969
3495947
3505947
3511527
3494432
3505428
3506459
3510713
3506952
3493143
3500167
3507207
3497561
3515063
3503724
3498759
3496718
3493677
3497514
3496006
3504377
3492754
3497930
3501014
3494954
3501100
3501958
3502467
3515934
3499396
3506772
3496096
3481424
3492019
3495184
3499196
3499274
3500764
3491812
3496246
3495121
3501072
3495560
3502021
3508113
3506701
3508637
3501892
3498556
3504436
3514864
3500226
3499895
3500595
3479949
3501765
3499208
3498564
3509681
3488414
3507509
3486033
3510748
3508709
3496479
3509817
3495319
3509561
3491761
3500502
3511118
3500386
3497693
3496029
3504212
3494770
3502157
3491942
3493856
3500362
3495303
3497082
3495190
3493814
3498511
3502904
3491505
3491914
3503868
3497956
3501191
3494621
3494267
3492674
3501164
3495772
3493181
3498952
3505883
3498497
3505860
3507417
3491136
3502555
3508352
3499466
3514024
3511900
3506097
3508395
3503182
3491626
3498435
3503578
3506342
3499031
3506067
3499667
3497885
3498572
3500203
3503723
3497351
3501609
3500257
3492403
3489624
3498585
3501796
3487457
3503546
3489999
3510745
3492104
3498681
3506617
3509500
3502461
3506678
3504178
3488762
3502124
3498620
3497430
3514492
3505245
3493002
3485788
3506366
3493197
3502362
3507247
3505812
3498569
3493936
3503301
3492267
3501238
3509301
3497031
3498100
3500308
3493794
3499398
3500526
3483573
3492261
3512245
3509058
3499783
3496885
3501103
3500825
3504309
3494649
3499548
3501929
3504167
3500340
3498181
3500562
3509030
3501728
3497314
3495120
3500109
3510562
3492265
3490589
3503325
3503987
3499033
3496557
3500453
3490425
3494566
3502802
3502821
3499197
3505933
3501342
3510481
3502181
3501126
3509294
3504080
3491375
3495176
3492872
3500608
3494961
3508076
3493150
3508753
3500495
3502745
3489784
3504019
3502359
3507511
3487338
3499472
3508598
3492041
3496683
3496452
3499646
3495164
3502047
3496498
3502152
3493091
3507201
3508460
3495018
3511814
3512250
3501463
3495881
3484311
3505018
3503563
3493642
3496875
3495243
3500441
3504749
3494277
3497403
3492816
3514926
3504682
3489279
3505555
3509344
3500341
3507271
3508783
3493764
3488982
3502182
3518115
3492548
3502510
3486193
3491359
3507129
3483072
3507001
3498399
3499068
3515235
3502146
3512951
3506799
3495943
3501963
3508186
3502614
3496174
3495278
3499236
3498383
3485761
3506128
3506350
3499219
3505716
3510482
3503454
3492766
3502989
3501805
3486416
3486235
3487022
3504649
3504661
3499645
3516489
3502840
3499605
3494346
3496261
3502046
3501204
3502561
3486342
3491463
3496023
3495100
3481652
3495268
3514566
3491636
3513472
3502206
3499238
3507396
3498755
3511952
3486930
3495905
3491421
3493475
3501655
3509973
3499329
3504299
3494097
3500248
3490474
3498188
3492943
3496194
3496226
3495984
3488738
3495057
3495546
3497987
3494741
3486168
3498224
3498213
3504041
3491338
3503241
3499899
3492840
3509951
3491589
3493068
3510735
3487076
3503107
3502778
3492683
3505402
3503382
3492717
3497505
3500674
3512240
3490957
3483546
3507686
3496408
3504469
3497766
3510026
3508998
3500792
3491729
3507696
3498802
3498834
3509499
3508511
3497436
3497113
3503190
3499590
3493464
3497277
3512348
3486831
3489027
3490187
3488321
3493517
3503759
3504202
3494038
3499820
3506749
3483581
3499404
3498272
3500045
3493684
3507021
3507656
3508093
3515101
3507034
3496623
3500775
3504206
3510328
3488476
3498787
3502883
3503413
3514770
3518444
3502217
3511518
3500521
3490619
3496205
3516523
3505932
3510258
3504347
3499487
3506398
3508493
3494917
3493074
3487425
3505543
3499716
3496025
3506272
3499900
3500646
3494064
3501868
3503748
3504157
3510153
3493553
3512937
3502694
3491716
3500673
3494745
3503395
3501188
3485368
3494729
3508312
3503714
3498331
3509359
3505052
3503964
3488086
3497203
3499535
3500607
3504425
3511559
3501108
3518796
3498790
3498571
3495499
3496509
3504308
3497246
3507409
3494051
3502185
3494101
3499679
3494690
3509415
3506734
3503012
3508137
3495804
3505884
3491907
3495132
3492397
3503557
3490516
3504283
3509736
3502858
3495241
3500548
3490762
3493625
3494708
3495398
3497026
3502069
3509214
3503267
3503392
3489339
3486812
3506014
3494736
3500296
3496888
3506632
3502538
3501520
3503858
3504429
3500767
3500559
3496824
3495963
3508324
3499145
3494508
3507883
3501834
3507608
3509332
3501246
3510307
3509491
3495602
3496457
3490138
3493921
3507926
3502106
3512375
3490334
3508118
3504518
3497904
3499475
3497489
3498913
3500601
3497110
3500258
3502060
3500779
3502245
3500157
3498215
3499976
3496705
3503741
3517051
3488123
3489086
3490851
3506942
3499577
3508360
3506728
3501054
3489680
3504010
3501467
3506776
3507451
3502101
3508132
3505404
3490154
3500594
3510156
3509039
3488237
3500123
3501182
3489342
3498721
3509345
3506747
3495922
3505508
3490549
3505460
3507307
3512716
3506221
3499991
3506953
3506280
3493186
3522128
3500546
3496883
3490690
3484437
3503737
3511117
3512940
3496407
3503009
3499482
3496687
3491730
3507028
3506284
3498777
3494897
3502089
3500036
3498003
3500680
3492209
3505147
3490710
3509479
3508591
3492758
3490466
3511919
3501702
3500625
3509987
3503564
3501577
3504680
3493864
3497420
3503123
3494121
3492529
3494536
3486994
3503236
3488680
3500702
3509494
3513905
3487037
3491208
3514404
3506228
3497143
3503420
3488858
3498653
3511573
3499603
3481472
3499695
3513633
3501861
3491665
3514548
3494994
3489386
3494057
3510611
3510952
3498549
3501689
3503684
3496709
3499079
3503432
3487504
3489767
3519939
3491469
3498825
3493323
3506378
3504528
3515369
3491605
3501373
3501799
3503089
3495287
3503185
3513078
3497315
3502189
3491514
3494047
3499096
3495675
3499936
3506570
3497878
3509698
3508013
3496268
3512129
3502351
3503800
3498344
3511115
3492307
3496367
3489355
3500239
3502896
3501403
3501180
3499457
3502024
3513570
3503844
3496259
3510386
3502040
3488912
3506300
3488619
3490076
3502809
3505774
3492236
3510813
3488757
3486204
3507781
3497548
3508558
3500032
3500010
3502979
3491832
3504265
3492218
3504030
3503708
3487748
3502139
3488523
3494335
3497720
3498581
3494048
3502248
3508062
3503369
3504805
3499653
3496745
3509791
3505634
3491956
3493744
3492326
3490297
3498194
3491759
3506846
3487235
3500086
3491643
3503633
3496339
3509570
3510877
3502534
3514480
3499534
3508072
3502249
3504468
3492033
3496106
3501872
3494783
3483350
3506590
3504241
3496886
3504775
3506499
3499211
3496142
3497194
3509173
3489341
3498387
3505532
3505872
3508028
3495954
3492761
3489139
3505867
3500276
3495125
3508964
3497665
3497098
3498713
3499845
3506992
3499843
3499137
3498130
3500089
3503831
3505742
3499184
3497145
3504703
3488685
3514153
3496741
3514344
3502618
3500002
3502696
3487330
3505255
3492653
3511182
3502905
3499785
3502200
3508465
3491237
3496384
3505151
3503503
3501795
3497985
3508060
3499035
3510413
3503550
3498510
3510209
3500626
3502881
3494180
3493080
3513270
3505981
3506583
3508198
3501576
3501534
3497297
3511100
3497806
3496773
3476574
3487444
3486671
3497286
3505914
3496601
3501976
3490750
3509496
3496451
3499142
3508597
3489726
3503617
3491635
3499245
3492528
3487275
3499810
3501633
3500797
3496366
3486845
3505330
3490034
3501044
3504085
3505291
3523912
3507433
3501226
3499019
3504029
3507936
3498505
3501729
3500616
3509520
3506774
3498701
3496620
3506874
3513891
3493910
3507478
3497304
3501537
3503876
3499357
3495608
3501713
3506170
3509515
3500113
3504216
3507631
3496937
3504591
3503579
3497299
3502714
3498065
3501273
3513608
3493305
3491396
3492016
3496670
3501050
3496920
3495359
3502298
3505120
3489258
3497008
3489375
3498743
3489672
3494630
3498963
3511093
3509948
3491508
3511585
3496677
3485477
3493755
3501990
3488633
3500937
3493239
3499195
3500277
3500973
3501826
3496104
3498835
3490364
3505972
3509726
3494747
3485594
3504573
3502374
3494362
3502390
3510130
3497311
3508606
3514849
3496222
3504275
3496835
3485263
3492580
3501141
3500173
3499712
3510005
3516154
3516793
3492641
3506017
3511167
3490616
3491450
3501688
3503922
3491568
3500648
3491042
3503549
3500090
3505621
3499372
3508295
3511031
3501279
3498831
3503536
3496045
3502726
3511838
3497825
3503081
3490582
3507337
3485843
3501357
3504607
3488910
3486223
3502611
3494034
3500621
3496694
3508462
3490534
3500961
3507302
3513174
3498173
3500746
3499026
3498458
3486905
3501618
3504455
3509782
3495648
3497955
3491458
3503246
3496542
3499496
3492210
3505673
3496849
3488173
3498484
3510937
3499529
3497367
3493735
3492768
3510383
3497666
3494830
3509977
3508463
3508124
3499183
3501140
3499972
3492387
3499394
3509110
3492826
3492971
3505973
3492103
3496338
3503792
3501408
3502051
3503891
3495872
3507895
3511034
3500987
3508645
3500252
3499888
3496909
3501953
3509369
3492190
3497737
3507030
3498418
3495696
3498266
3504855
3499167
3505782
3512818
3499323
3507423
3499406
3495209
3491476
3510159
3504239
3492567
3500814
3500180
3495399
3495694
3511807
3490631
3514681
3493630
3508474
3501742
3500171
3499003
3500706
3500911
3510652
3498573
3497404
3499509
3490651
3510476
3495884
3511158
3495576
3500366
3509600
3499713
3498022
3491152
3508439
3498598
3490978
3503358
3497003
3497722
3499702
3508467
3491578
3513743
3494417
3490927
3505346
3490023
3497459
3508425
3506406
3499146
3497708
3498021
3506726
3495793
3501421
3500459
3490735
3517637
3493960
3509356
3500474
3503908
3494433
3494351
3502820
3493971
3510852
3503657
3500354
3507753
3499813
3489348
3493894
3493664
3513386
3509631
3500475
3510043
3504317
3501210
3492498
3491667
3490352
3495799
3501957
3503336
3495601
3492020
3499681
3505214
3502487
3496976
3503976
3497290
3494412
3490460
3492576
3497078
3496767
3496314
3501634
3506540
3496549
3501528
3496253
3507653
3481382
3501407
3493796
3501221
3489964
3496359
3505385
3500283
3512213
3493249
3498901
3503130
3498821
3510254
3510416
3520321
3497307
3498506
3490327
3508916
3488214
3495094
3510242
3504851
3493268
3495964
3506489
3492281
3496313
3486601
3502928
3494560
3509839
3505794
3497124
3506256
3490925
3486953
3509395
3515517
3502363
3501203
3517123
3507355
3493726
3508037
3510251
3509897
3503268
3507789
3500325
3500835
3496345
3501111
3501037
3500302
3496720
3499694
3509219
3505879
3507658
3498902
3516244
3491785
3501969
3487262
3494920
3503927
3490437
3511450
3488613
3497986
3501451
3502418
3500553
3497504
3495623
3496758
3493111
3491592
3505690
3490481
3503355
3498968
3501835
3502394
3497225
3511717
3503438
3510034
3495218
3491231
3504432
3499678
3500295
3496181
3505094
3492997
3496772
3502528
3511048
3480365
3496251
3498725
3502458
3502284
3502086
3497239
3514196
3501563
3497004
3511948
3488832
3502874
3495357
3503345
3508681
3498671
3494332
3502560
3494133
3494227
3489453
3506820
3496900
3494913
3499091
3488710
3505320
3487866
3511113
3488329
3488311
3503928
3501304
3495835
3504172
3491187
3501962
3501884
3505896
3499565
3505969
3497897
3494156
3509438
3495833
3507110
3510976
3494296
3497574
3500597
3499132
3506935
3494365
3486225
3503476
3493802
3506750
3499505
3492771
3497313
3500143
3494797
3508197
3502500
3489124
3496434
3499364
3501819
3498775
3497470
3503777
3501555
3490798
3510025
3511266
3494436
3497499
3495065
3502178
3496467
3492355
3517182
3502738
3499892
3500902
3495807
3485308
3511016
3507632
3498145
3508305
3503919
3496207
3496577
3501485
3486292
3499440
3510742
3505021
3506105
3491448
3491890
3493607
3496599
3495201
3489081
3495500
3498715
3503864
3488801
3501951
3500584
3511130
3501766
3505637
3495389
3491696
3497088
3501260
3503206
3488951
3512838
3501228
3499203
3503713
3490896
3499948
3492769
3494751
3502799
3513235
3491669
3500371
3505270
3492259
3498645
3491266
3498948
3509567
3515633
3499508
3502641
3510883
3488656
3498652
3497202
3505928
3501214
3480834
3500808
3499630
3508231
3511993
3507325
3482702
3514836
3493853
3493116
3510908
3501086
3482771
3505400
3500350
3492050
3506194
3488427
3507407
3506984
3492710
3506618
3503475
3509626
3503362
3490510
3500866
3497794
3499459
3494386
3507065
3495271
3496055
3496779
3495653
3497646
3499223
3499811
3469399
3499133
3500304
3489061
3494699
3502907
3503239
3495561
3505371
3508256
3494213
3493950
3500042
3496526
3511020
3503878
3490063
3514413
3492449
3492882
3504221
3507136
3502773
3503446
3503963
3499600
3492718
3498247
3488463
3503357
3513535
3498933
3495552
3500024
3502426
3505429
3500839
3504987
3506825
3491301
3506183
3490879
3501548
3496489
3496753
3493375
3506533
3502492
3507153
3495442
3507481
3516823
3491377
3501430
3490491
3508159
3495483
3514708
3509143
3505367
3510063
3500873
3496672
3498203
3508578
3504908
3486423
3500124
3505005
3500896
3492793
3509059
3497860
3489416
3504134
3509020
3500008
3504812
3505231
3501687
3508038
3512615
3506740
3509144
3497091
3503827
3488706
3508991
3490448
3490097
3509405
3488245
3509218
3500065
3501346
3502027
3503240
3499304
3494429
3491894
3489970
3510766
3478004
3499588
3497894
3499099
3497060
3509714
3481872
3498768
3498317
3500438
3507917
3505574
3483904
3503391
3505728
3493200
3509538
3503821
3496279
3493663
3486060
3499627
3500642
3510461
3493449
3501327
3492887
3502110
3504196
3510142
3503527
3505741
3492845
3505647
3495917
3492957
3491286
3504177
3491517
3502562
3499116
3503127
3500172
3493648
3495705
3496158
3495050
3502337
3500062
3497881
3509349
3501282
3502673
3494754
3501552
3498852
3492563
3512665
3498071
3513015
3506838
3486361
3495017
3500525
3505073
3505357
3505597
3506058
3489265
3486041
3498274
3495421
3488964
3489910
3495440
3504779
3494712
3493244
3500399
3501610
3499215
3484811
3503221
3506474
3491217
3496551
3498979
3497600
3495277
3491732
3494715
3511381
3497555
3497685
3499143
3507647
3495616
3495812
3502871
3500051
3493632
3500063
3495106
3502830
3498367
3506777
3489864
3494648
3485412
3503045
3504231
3499191
3495280
3503170
3509872
3499210
3500834
3509217
3501886
3501207
3511918
3494147
3484007
3495910
3495523
3510405
3489231
3501462
3510561
3493650
3494936
3504846
3489751
3495692
3507860
3490983
3512551
3495916
3504105
3503592
3491311
3493061
3500788
3502130
3503635
3508219
3500260
3507306
3489211
3503337
3490706
3502730
3502958
3499108
3501639
3499539
3509593
3505008
3500867
3502877
3495704
3506142
3514827
3509051
3494646
3499315
3492661
3497767
3492846
3487421
3511460
3508279
3504643
3511756
3504072
3506934
3506972
3489178
3500164
3496100
3500564
3496646
3495612
3503771
3509606
3502256
3500317
3504260
3502786
3492079
3493751
3502288
3488561
3497238
3493603
3491098
3507452
3505825
3496519
3498533
3496286
3498732
3512680
3483869
3494457
3508251
3502123
3493594
3489977
3494118
3509300
3490243
3497013
3515434
3495185
3493289
3504234
3503120
3502167
3502579
3507594
3494821
3490401
3508602
3489149
3485819
3502366
3503289
3498509
3506493
3503874
3498440
3500097
3501128
3492572
3496030
3492955
3502297
3505014
3505430
3501779
3500530
3495725
3515483
3500305
3490684
3496387
3513082
3509113
3512319
3497723
3506351
3496954
3506937
3503079
3494716
3496948
3496899
3502817
3503484
3493597
3501850
3481755
3510849
3501641
3498940
3494206
3496276
3499946
3511469
3493452
3500256
3505039
3506959
3499767
3508533
3498512
3497971
3493527
3508103
3495450
3492414
3506680
3495908
3499128
3499104
3515549
3496453
3500192
3498501
3494869
3501064
3489353
3496493
3494094
3507607
3501178
3493610
3501147
3495061
3508298
3505688
3488760
3501433
3495851
3502413
3507857
3508627
3502062
3500083
3495788
3510702
3485445
3498103
3500445
3504784
3499978
3489063
3497575
3497994
3504005
3491733
3496043
3497946
3501461
3503826
3504423
3509108
3505061
3506649
3498109
3504640
3505012
3490357
3503739
3492784
3505564
3500071
3496822
3487283
3492233
3505302
3503801
3497797
3504382
3494367
3493962
3495897
3497649
3502740
3485897
3482901
3489397
3505535
3502448
3498903
3505601
3494735
3511408
3492721
3491265
3505200
3485892
3495887
3501422
3509023
3503405
3503914
3501657
3494448
3484562
3494062
3493643
3500130
3497178
3501479
3497968
3506119
3494486
3508403
3495700
3505952
3502943
3500429
3502603
3503135
3497570
3484898
3500748
3496965
3495901
3517439
3503396
3498958
3498160
3494532
3503066
3506023
3486202
3505070
3509348
3502747
3499310
3503194
3484959
3503084
3509767
3490674
3495471
3494409
3506686
3516264
3511019
3485810
3494927
3512409
3513185
3508202
3499493
3495035
3494583
3499728
3499749
3486457
3492125
3502710
3497597
3497626
3506320
3508404
3494217
3496973
3490008
3507743
3495072
3496208
3502333
3502378
3501839
3498299
3501741
3509834
3497043
3489183
3501660
3500820
3490738
3518429
3496743
3487857
3504482
3498541
3487985
3503252
3500274
3494499
3490759
3499479
3493776
3496377
3506112
3498365
3511777
3502304
3494466
3490912
3477084
3498627
3505558
3497694
3500430
3492313
3498057
3506550
3497868
3499204
3502610
3513124
3496074
3487132
3507475
3503904
3490217
3497283
3506931
3507774
3506712
3486213
3513782
3514089
3504765
3493907
3496354
3497837
3494764
3503595
3506801
3498322
3497393
3494793
3500551
3506548
3493385
3498793
3488304
3504634
3510714
3500951
3492849
3514078
3488419
3504951
3505050
3493865
3490484
3497015
3498454
3489428
3512174
3508526
3506254
3507112
3500684
3496879
3498293
3493474
3502368
3500012
3495338
3493639
3505710
3502291
3500768
3505281
3508248
3492843
3492316
3499147
3509673
3490365
3499844
3501131
3496413
3515114
3510256
3497287
3498522
3496041
3502131
3501474
3503466
3504699
3494698
3494970
3498910
3496660
3496559
3499720
3498552
3497661
3501586
3503786
3491109
3497063
3511998
3506457
3514728
3499342
3495677
3501674
3500637
3505880
3508473
3500462
3509907
3491417
3501997
3494610
3495846
3492802
3491900
3493870
3511246
3494533
3496012
3501635
3498490
3491479
3501093
3503290
3500690
3491543
3507864
3494827
3505154
3490208
3500318
3492980
3502717
3511439
3498222
3490886
3497134
3503804
3502536
3500111
3497396
3501920
3495027
3503736
3505016
3497077
3502305
3499781
3493523
3507223
3476545
3498216
3486858
3487090
3503342
3511441
3505363
3483363
3514273
3506621
3503996
3500996
3489099
3487182
3497540
3507851
3512609
3498380
3502551
3494181
3502267
3505170
3497942
3494551
3510239
3485708
3503457
3497100
3495022
3502219
3499700
3494640
3504753
3518494
3502593
3491886
3498832
3500810
3511824
3504420
3505744
3484381
3508813
3498908
3498085
3499836
3498376
3490850
3497921
3495031
3511725
3511946
3499345
3503271
3503471
3498593
3496921
3494883
3510695
3479661
3498554
3498442
3497664
3502381
3505242
3514745
3504610
3505858
3510402
3501242
3502382
3507556
3500643
3515985
3496459
3502151
3492410
3493855
3507459
3502063
3495024
3501828
3497683
3508272
3494826
3492551
3505695
3508507
3504061
3499267
3510857
3488112
3500543
3498359
3497898
3497924
3504780
3494842
3509439
3493919
3505503
3497713
3501237
3494143
3510112
3506175
3511785
3501640
3497452
3502434
3499126
3504339
3500043
3493219
3488350
3487784
3493753
3496199
3494737
3501455
3501012
3499495
3491336
3494279
3505700
3502383
3500817
3501125
3496399
3500357
3515564
3493110
3505525
3498427
3499123
3500635
3517020
3494774
3503730
3498816
3511192
3490745
3486200
3507839
3501382
3496621
3500320
3495975
3491130
3496969
3485643
3503158
3487561
3496245
3492675
3501209
3495641
3496737
3504946
3495770
3491115
3492716
3493980
3491654
3505350
3492622
3511943
3499779
3505964
3507661
3495895
3494522
3504343
3504770
3496343
3496913
3499944
3499337
3499331
3490148
3494411
3504137
3495980
3507621
3488631
3504255
3512172
3504404
3499086
3504075
3502270
3496504
3510232
3508217
3514692
3515218
3504734
3500306
3498657
3504678
3498447
3492096
3497643
3503966
3496059
3504042
3492892
3494941
3496858
3498535
3496157
3502762
3508469
3507526
3497603
3504806
3494876
3487494
3496202
3480675
3490044
3505273
3487547
3500322
3502065
3508092
3497052
3503175
3499252
3508114
3481067
3498662
3492704
3507913
3507368
3508247
3512165
3503331
3500004
3502980
3509819
3501550
3506261
3501368
3509571
3496128
3486017
3490790
3511183
3488080
3496497
3494749
3491705
3502195
3496346
3498298
3495165
3500980
3500170
3494289
3503187
3488564
3492750
3499553
3502454
3494105
3490661
3493288
3493916
3496300
3496032
3494313
3508343
3501263
3504735
3511716
3507999
3504413
3493562
3495019
3502037
3515647
3490114
3497668
3502437
3501400
3497905
3509596
3518181
3503696
3509282
3491727
3508228
3492870
3504190
3510380
3512259
3510095
3497537
3490866
3496998
3500168
3495863
3503283
3506423
3486536
3500894
3492042
3499668
3498457
3498246
3492203
3501251
3495014
3501571
3497186
3499871
3510285
3509407
3503729
3504277
3503869
3503750
3489663
3498870
3506040
3497648
3498281
3500759
3499962
3501391
3495008
3503094
3507464
3516236
3494109
3499062
3495070
3501423
3501448
3490935
3509654
3500861
3503074
3502638
3495511
3505546
3513149
3507855
3504135
3502542
3503774
3500469
3512688
3496797
3504867
3499435
3495934
3488302
3500218
3492589
3505401
3502655
3502494
3487415
3505686
3499073
3489591
3484337
3498638
3508638
3485726
3498034
3502393
3510163
3500079
3492230
3503555
3500737
3503372
3502392
3490274
3483609
3515088
3509276
3491473
3497479
3500710
3503636
3494110
3491573
3506336
3514203
3494003
3496984
3493713
3509913
3503168
3501073
3496243
3485352
3500289
3496402
3491927
3516402
3486037
3505443
3511741
3494301
3491677
3504707
3512892
3503467
3500261
3485090
3505844
3490625
3495806
3505854
3500552
3500631
3492994
3514867
3512701
3502262
3505936
3509435
3492286
3509192
3511173
3498551
3498438
3506572
3498562
3495244
3502849
3505479
3501743
3500181
3502781
3499092
3512292
3493763
3494776
3501916
3494371
3506375
3502887
3502478
3497775
3489896
3507563
3499339
3488485
3508154
3492354
3498813
3495494
3485479
3499283
3516746
3498378
3488507
3491945
3492608
3509228
3503682
3497735
3495171
3492681
3492093
3507655
3506364
3501554
3503489
3509042
3483678
3499111
3507394
3502327
3509472
3496163
3508368
3510001
3486590
3495990
3505469
3493313
3513639
3498548
3495490
3495849
3503948
3510375
3505457
3505088
3496891
3487618
3498746
3493169
3499758
3502502
3504517
3487987
3503984
3492137
3508622
3494345
3493959
3502739
3503126
3493966
3496716
3499637
3508811
3499658
3491470
3491300
3501545
3501946
3499937
3485040
3499861
3487210
3504156
3504408
3499663
3492726
3508213
3510861
3490666
3496807
3509455
3492337
3501845
3499608
3501344
3504022
3498116
3502300
3501717
3494135
3502161
3498563
3497706
3507935
3493386
3501276
3496941
3510465
3496800
3491142
3484946
3505889
3494758
3507815
3500488
3501848
3490963
3483414
3488810
3506393
3506656
3497907
3505472
3501475
3506674
3496793
3493472
3491988
3498580
3501229
3504752
3507603
3494934
3500378
3504932
3513585
3492383
3492972
3505313
3508286
3504154
3504975
3504143
3512007
3495115
3506908
3495137
3509341
3508957
3499231
3506965
3510765
3500707
3498886
3505983
3499414
3484776
3497697
3489439
3495307
3509658
3509148
3491166
3494159
3501591
3496754
3495104
3512429
3497641
3495172
3517591
3495632
3499736
3501239
3497296
3505077
3493524
3497756
3491511
3499259
3504452
3504926
3508748
3496717
3506822
3500385
3503525
3498619
3501162
3497172
3502520
3505355
3490754
3499809
3498015
3506708
3497486
3495613
3489090
3501278
3497538
3494971
3500507
3501965
3502439
3503428
3507522
3495713
3508348
3508911
3501608
3503129
3503718
3506592
3508817
3490110
3500837
3491249
3498257
3506907
3505941
3490591
3500700
3494233
3505987
3503502
3488219
3501992
3494141
3505069
3504183
3511548
3498292
3509769
3504766
3499285
3495684
3501723
3492759
3497593
3499101
3500027
3507582
3491228
3493067
3501921
3507414
3493613
3492982
3494835
3508509
3505514
3497235
3496000
3493266
3497632
3486714
3516495
3494290
3492111
3511463
3497089
3504541
3498878
3490654
3488625
3511478
3496615
3511186
3506905
3504166
3500028
3505122
3498929
3492926
3505459
3498477
3502240
3498163
3501841
3504927
3508505
3490907
3513168
3506103
3486938
3503195
3494255
3493690
3507492
3509001
3489398
3497000
3501362
3493954
3496949
3498049
3501277
3500636
3497662
3496808
3502886
3494106
3499284
3501358
3496461
3505882
3499596
3494635
3491849
3501201
3496581
3514054
3511446
3502405
3499757
3497776
3505668
3501899
3499989
3493130
3495493
3500421
3499575
3507970
3501748
3506941
3506872
3502819
3499436
3502427
3499016
3493333
3515699
3490193
3505567
3493560
3495582
3505611
3496924
3511978
3490949
3506349
3503807
3491113
3504977
3503262
3505375
3506945
3508871
3501039
3498132
3510847
3501932
3490861
3488735
3510211
3511053
3503661
3519180
3497346
3474212
3501565
3505369
3495063
3489780
3495348
3499227
3498974
3506101
3497295
3506178
3502619
3499714
3495681
3497309
3497807
3511290
3502004
3500455
3505866
3504651
3500457
3503024
3505816
3508321
3493982
3508953
3495124
3496988
3501232
3502272
3488918
3496429
3500227
3500408
3498937
3495556
3494424
3503899
3511577
3506503
3505600
3502795
3487607
3494496
3511550
3492290
3501363
3495406
3496336
3498321
3502687
3514315
3493674
3505638
3502625
3480154
3502665
3495085
3496990
3492124
3499507
3505343
3514192
3499206
3505963
3488308
3498008
3507429
3503421
3498967
3487241
3502489
3503233
3495658
3489754
3493476
3491825
3500528
3488852
3497659
3507807
3500723
3501312
3516880
3497782
3501494
3511442
3499361
3485681
3498515
3503328
3515605
3493081
3510472
3514449
3502612
3503816
3506484
3503884
3509921
3493370
3496386
3498327
3520741
3497502
3494756
3503674
3503040
3490614
3504361
3501605
3509027
3504787
3493807
3503043
3504720
3496130
3488514
3510166
3491611
3507843
3499887
3507662
3497163
3511539
3505619
3510353
3513356
3495208
3498892
3505909
3511122
3495787
3491712
3495961
3506224
3496213
3495786
3498096
3488931
3498778
3491691
3493808
3492411
3491137
3490054
3506932
3502315
3494297
3510289
3492136
3492278
3502404
3518196
3492736
3495741
3496667
3487035
3486526
3488585
3492194
3502651
3505724
3487899
3499374
3499433
3496176
3503103
3489293
3511102
3499734
3510598
3509529
3503940
3511593
3503385
3513652
3501315
3496414
3500187
3521980
3485411
3509893
3489028
3500104
3501083
3499826
3510806
3494717
3515000
3508678
3488755
3504063
3493590
3513218
3486570
3503642
3509929
3488974
3508262
3496887
3507824
3500013
3496946
3500100
3501838
3497360
3500838
3497366
3504983
3492133
3485918
3512833
3496713
3499931
3488600
3498938
3484065
3505707
3513694
3495687
3494795
3492831
3494604
3498410
3490386
3489973
3503164
3496866
3498424
3496567
3503498
3506793
3505791
3495646
3494840
3504199
3494565
3504278
3507354
3501538
3501299
3511904
3495965
3504873
3502213
3500050
3495327
3501071
3508442
3507825
3498229
3509887
3508676
3502154
3493602
3495352
3507473
3503152
3492505
3491813
3487614
3499838
3497475
3506340
3485674
3504389
3516594
3500506
3497676
3508625
3507251
3509104
3496604
3503783
3511116
3499721
3495200
3501168
3493447
3496335
3494687
3504021
3510443
3503607
3491866
3504761
3502326
3498717
3495570
3505107
3510756
3507490
3507586
3503010
3483638
3499857
3501711
3496294
3504856
3504688
3498225
3491776
3490438
3505536
3504728
3506089
3510921
3495633
3492647
3508858
3493992
3498690
3500547
3495536
3492966
3503279
3496917
3515902
3515429
3485716
3516670
3483051
3511704
3505136
3499420
3507441
3497820
3507000
3492611
3490358
3494170
3503483
3496072
3491445
3508045
3499639
3512412
3489677
3486986
3494878
3501790
3498072
3504176
3507593
3502939
3494060
3492347
3500575
3506314
3505048
3502095
3506234
3507310
3494434
3490956
3492628
3490242
3510715
3513475
3497176
3497064
3505665
3509374
3507865
3489898
3502921
3505032
3508006
3503245
3480449
3510007
3507493
3493895
3509994
3495265
3495111
3494557
3492883
3505124
3509619
3513944
3491260
3507806
3517395
3500294
3497068
3493878
3504638
3484778
3509467
3501981
3495932
3480416
3506681
3485385
3498469
3506186
3500409
3513948
3500345
3501443
3506135
3504104
3495986
3492023
3493694
3487065
3504058
3503857
3497991
3505685
3509801
3498050
3500473
3499641
3496475
3496688
3503433
3509048
3488346
3491595
3504115
3500665
3504416
3497467
3506612
3503326
3500974
3507938
3505875
3490273
3513303
3490828
3493314
3514753
3500342
3497840
3499432
3511886
3504218
3499682
3512027
3502897
3491275
3501020
3488771
3510323
3492421
3492864
3510733
3484817
3512003
3502582
3500898
3505218
3490343
3505338
3497012
3497972
3510918
3502512
3509456
3503779
3494076
3504386
3492018
3510511
3496168
3505027
3497266
3499855
3487097
3513906
3499385
3499491
3493541
3505736
3496910
3502596
3498676
3488331
3500450
3494837
3492013
3504538
3492905
3505405
3494632
3497863
3496837
3506402
3506764
3492587
3496810
3496531
3501200
3492086
3509194
3512689
3501502
3496252
3501130
3495837
3499480
3495532
3512478
3507715
3500859
3501767
3495923
3503529
3493372
3496062
3489142
3497111
3493976
3512418
3501787
3502039
3505538
3506102
3496802
3489549
3506584
3506445
3508503
3502712
3491715
3498949
3490917
3486753
3496867
3490974
3509516
3495039
3515310
3488884
3495644
3505945
3488809
3496562
3490597
3497515
3496736
3493749
3493766
3495193
3492583
3503664
3503743
3495088
3498714
3493071
3498544
3498264
3483470
3496606
3492712
3498436
3492921
3500057
3514319
3502567
3504650
3501611
3498164
3496747
3499118
3502010
3491003
3495678
3502166
3504375
3501150
3504412
3501557
3496285
3490635
3503855
3490928
3501734
3501809
3490465
3497160
3506597
3494070
3506502
3500021
3494922
3505445
3505341
3510194
3499241
3494169
3493981
3500125
3493280
3491395
3496221
3508777
3503650
3504333
3484198
3501703
3494024
3507211
3497248
3485807
3489963
3493402
3485041
3511961
3498357
3511337
3498631
3499697
3501808
3508975
3505000
3507791
3510532
3509537
3486721
3500067
3498624
3491043
3501371
3519265
3492606
3512640
3488616
3510076
3501901
3502345
3490171
3498277
3492655
3500092
3513140
3501663
3507069
3492047
3490576
3498144
3514738
3496156
3504730
3484636
3493885
3505554
3502750
3501222
3491236
3500638
3491739
3490568
3497884
3505545
3503427
3500034
3501446
3515476
3494375
3499498
3499405
3500791
3494773
3486588
3485767
3494829
3495038
3500550
3510418
3488061
3487326
3492545
3491366
3497902
3503784
3488740
3502851
3509420
3508532
3503719
3498405
3508664
3491037
3502508
3503597
3499768
3496656
3507939
3517325
3513954
3485556
3500611
3495991
3494058
3493398
3494179
3500609
3499808
3506990
3514041
3503594
3495237
3509097
3494247
3517269
3506568
3506290
3508923
3499922
3491723
3502067
3500790
3502232
3505856
3498004
3500718
3490506
3511077
3510401
3493939
3492933
3502332
3499402
3499687
3483733
3507707
3485283
3500149
3501658
3495814
3498882
3501290
3503133
3491332
3503209
3498220
3497132
3504417
3484867
3491697
3499164
3498197
3493819
3512513
3517384
3497191
3511789
3500253
3494023
3484926
3504755
3480789
3486542
3487682
3508648
3494111
3494684
3502005
3505679
3502324
3490566
3506160
3493251
3507886
3507125
3499655
3499684
3495386
3492130
3507894
3512268
3506005
3488729
3495549
3505164
3502269
3510053
3501153
3495020
3488967
3498231
3505083
3496330
3499883
3498839
3504961
3499224
3484815
3492357
3488412
3505168
3499477
3505657
3499710
3493241
3510117
3502081
3505662
3499918
3491294
3502767
3501116
3511510
3498817
3503495
3492250
3504322
3495252
3504418
3506244
3498052
3510866
3500722
3497896
3496996
3501029
3518344
3502424
3510626
3501774
3495979
3501642
3491133
3507454
3504152
3491387
3502009
3516496
3503229
3502429
3506975
3496972
3502486
3501991
3506425
3497647
3504323
3506676
3490331
3505775
3492940
3503508
3488960
3507115
3511106
3483036
3500372
3493506
3507897
3493778
3501429
3491229
3505935
3496935
3507567
3494013
3507646
3488614
3488223
3501789
3503707
3499144
3503853
3511877
3491413
3502891
3503255
3504572
3509912
3500876
3493702
3507439
3503323
3492619
3501252
3506113
3496798
3506009
3498838
3489806
3501822
3500615
3514063
3498016
3496398
3496410
3502600
3500720
3502204
3487586
3507544
3500753
3496945
3490882
3493906
3503057
3492590
3506133
3498280
3497581
3499399
3497237
3487958
3500662
3491281
3493341
3505307
3500887
3508666
3501361
3501477
3505678
3505881
3495928
3498253
3512903
3503227
3502901
3502203
3497911
3493826
3500982
3506213
3500154
3493400
3506546
3493658
3520076
3498972
3498448
3511915
3505495
3491349
3492132
3492064
3503121
3515636
3492951
3492478
3498141
3506737
3497823
3497300
3491330
3497119
3498824
3502285
3506011
3505314
3494679
3501614
3498400
3506573
3505413
3499985
3494420
3510931
3500567
3490532
3510682
3512886
3492487
3491374
3502667
3498162
3496540
3496663
3492579
3501156
3490647
3503032
3496200
3490107
3513312
3488253
3490057
3502594
3495680
3493859
3507058
3505047
3497174
3507835
3495056
3506259
3501289
3483439
3499317
3501874
3505204
3504475
3498599
3493015
3489790
3494236
3484520
3510782
3491837
3514373
3502662
3491021
3503308
3505971
3490873
3504570
3514378
3490751
3507255
3500272
3514938
3490127
3491970
3507192
3505260
3507224
3497519
3497147
3503995
3496961
3493492
3510510
3511692
3494373
3501936
3487099
3493953
3507242
3494327
3504614
3496011
3492161
3510851
3503541
3502806
3489110
3492177
3502755
3486965
3485035
3511532
3495427
3510829
3508303
3497020
3488940
3518261
3503982
3494987
3486673
3494680
3510930
3513881
3503309
3501499
3512151
3495476
3507927
3490839
3491583
3495059
3501185
3494405
3509827
3506144
3508396
3492464
3501447
3500582
3507536
3491857
3502893
3505370
3492586
3509672
3502857
3503248
3510249
3502586
3499217
3492317
3499049
3495751
3498360
3503035
