3413004
6085346
391652
6916845
1929490
3842168
6267680
3115869
2283643
3512357
5842712
4173402
4254943
1829470
4032656
708260
2233969
833822
3747857
6581782
2256111
5923711
5532063
584981
3289421
3929967
636358
1266726
1890890
5695316
900126
5419544
2152472
5164244
2076232
1018294
3378699
6468025
1992839
3706374
507564
3460857
1632444
2623058
3219300
5054745
511576
1076910
4102304
134618
16081
262942
6951523
5633678
2709614
426351
1702550
5250592
3675126
5416784
2866189
599692
5961932
2981753
2154993
2929208
2555823
5110641
4633310
3812696
2603522
4382051
6332832
5810572
3262204
2885190
4123648
1028959
4709881
5672266
5857289
4075604
1793797
3591308
1329225
6859026
6019884
1489071
6983844
2405794
5421736
3587507
6685121
5487941
4670388
3654920
4465319
4764499
2993869
273717
5492250
2794277
2182384
1263749
796042
6248513
2320186
800988
553405
4966755
1080302
6060098
5189196
4180793
6702823
1191798
720026
6770516
3616024
4649136
3824078
272371
463840
6100985
5293006
1391405
2515163
5760671
3293416
234391
3115626
4027101
5389087
3769211
2550652
165962
6248327
5143275
5153483
6742294
85458
1756962
351975
4428456
2981934
2039835
4956948
2332478
6949404
2681842
1961455
992948
4746471
4404637
4415034
5697613
1314842
2362492
5085842
4584106
1196118
2513967
5500334
3838087
6181251
3003453
3583065
5059494
1365960
6025824
4637138
2071325
6252535
3794331
19991
2771434
3741443
1727588
2470101
4511825
3338437
3165210
2070319
6790557
6018325
4090367
3474071
3845442
5953298
221146
6410677
5648354
4680286
1103363
2830304
2304662
4032309
2444042
186700
2298523
3540457
542336
5572117
5991116
6074197
3491192
2884407
1142620
869966
4951549
2647965
3220776
3754934
4514848
492393
4920422
1654964
3040277
864193
5010721
2824422
4250892
200005
5975308
2011350
5575061
4129790
4397076
3606060
439405
80562
6905962
947962
4006850
4480432
5690385
711267
5132473
5427850
2238640
5512078
4889885
355029
5135118
5891478
1971701
1869971
6466872
2655344
131006
3222335
4381868
5460177
5992949
6716501
3942826
3707660
3465846
3649312
1493674
3940012
1270430
6981441
771371
2562397
3962907
3366071
3462786
5321116
4137095
5820472
1730534
5976819
6836550
382579
6982653
2435069
3110487
4620749
2428214
5419795
362757
4254554
218119
2005888
1592888
5218169
272786
2242089
4271540
1344471
5173451
2528208
5163582
1768103
4301768
5013082
3921260
634463
168426
3251705
1004858
365098
6630741
1106931
6068015
620474
1145457
5938370
895796
257693
6529734
6343246
3334152
5441207
1842503
6678169
3991931
2987765
1932621
847444
3606885
6652382
2605481
1403135
5493873
1538474
5476084
4875076
3187785
4792654
1845120
146080
2525347
5712149
2160375
6183143
1243885
950198
2452969
130639
4744586
402426
4521176
926320
5352041
4591860
5574357
1379317
6784670
4244697
4390481
5718878
1307764
4996998
1189049
1589772
1827810
2195244
4789721
3985549
4610518
4937852
6236239
2403469
2486669
5851899
1048448
4122769
85773
6813033
2447143
6206551
6561815
2177853
1293469
6276627
1375454
774708
3831491
4644738
2539287
1231532
5279268
5386172
9591
6458192
5255041
6697831
4778388
3864291
3411109
2103830
3630330
2942671
4200104
5458087
3733424
6060197
4766988
1534352
725615
539568
451779
3962857
5572854
6525236
5760109
2177396
6147018
5119728
2765325
5639555
2009401
5952240
1846117
2784582
3653520
3228568
5408493
975581
338670
610255
577543
563221
4409874
1119938
4864883
344247
4686548
5177421
6406802
5134565
2294719
6268462
2415649
2542941
1542488
855822
166160
2868491
4175718
6973551
174913
5806060
2403872
4606775
2650518
2775835
2319723
997815
5328582
2814741
3944344
5087820
323369
774026
830404
5341674
3479548
1946503
2822597
4365731
4769833
696782
1951749
1942852
4657439
3301552
5043464
1243141
4147650
1791624
1184545
4973195
5174242
2389401
5675413
4945281
5780537
5778534
5838180
3407577
4334258
1038782
466291
5467038
6726615
585815
496411
31115
3010927
1955129
2558611
1859169
6711570
919120
353916
5096037
4381808
3982832
3782485
1892262
3004291
5823908
170052
277020
6110973
6410081
6570361
1099827
5573890
831686
4999519
2467516
6053849
3240859
2066522
6798949
3987200
4182764
4663488
519335
1717632
374193
4741234
5985298
6336994
2007162
2444848
4364594
2033301
3283368
5629846
6550532
1232479
2804866
5058930
6144768
5752949
1227962
5076744
5617809
3112949
1097414
6444544
2984431
4994949
2251438
5369108
2284395
6389235
5188869
5495889
82871
5834413
4089598
2131596
4764844
6725193
5419956
2349052
5597800
3879450
5338455
2827285
517244
232135
6921686
1418115
4647802
71933
3318692
4996258
3929782
5906343
617299
5922685
1188075
4187284
1659651
145027
437042
6010275
4500978
4813731
2358348
6466195
6859118
1403050
1186526
6041768
4962990
1165982
1555530
4339427
3178997
2571189
5535017
6441037
567991
3669016
6180363
4216158
4570248
1491838
2494276
5439656
3064500
3540279
6558832
6620987
6543988
1741417
1845891
2801842
4553534
4082946
5886519
3232239
5382764
6245440
642318
2976171
391767
513075
6768067
3249834
2051203
4197926
6176422
3591016
3739359
972785
4722331
3958817
4043683
585484
3593651
6431508
4508063
3189503
3217124
2631447
2994286
6701663
6931302
216293
3142979
3827965
2373423
2124790
4710889
3397207
3179429
5953854
61538
6444210
5474243
1771774
5710328
3574394
3348127
3203926
161854
2487143
1449630
5183061
1919480
5238577
5941561
475963
2363534
5369894
2394915
5428222
6036527
5714513
6851213
2448161
5569912
6118071
5208931
570906
6233574
3712775
3170378
1083209
1358916
969430
5069778
550551
2934783
381877
5576639
2693472
1360641
4177665
2603251
5035470
2324105
6346416
6132886
4265928
2445411
2686830
2576227
267854
4571984
5715203
1026707
2791572
6879609
3904588
2944503
6212230
2264003
536636
4599863
2960483
6300626
6514066
6290601
4892213
6925408
5792339
271959
5912990
8427
3222497
5408055
4752127
6354620
2872036
3358112
1188417
2457916
1623836
1782540
2521378
721999
5932055
4355364
5200157
4865914
5160531
5015370
5525845
4765565
400510
140137
554914
5561595
3645255
4753305
5311072
6851651
5274157
5356724
6111392
3189187
4929824
5049521
6344579
865935
4214992
175438
5617467
667324
1906230
6678142
5487148
5907318
4890589
2190259
3190899
3868717
4605342
6956184
2370810
1282119
2539849
6687666
1786784
108121
5241557
1250607
6269936
6903042
3182945
1766577
154268
5904568
26890
2839613
72713
2973273
5077087
4583415
4623309
5520366
6108524
3967745
4497186
6597238
4379181
4485405
3864250
5163551
6876214
5122009
5435304
482351
317725
2989330
2540878
4041079
2235588
3595114
772651
2723208
2374139
6643759
6195540
6964502
6952540
3929462
5882266
4596960
3860674
3030283
2391655
4057955
3348135
5522002
3300080
4034027
5639390
2780427
5082169
6162345
6251125
2726146
661515
1458077
3703432
732442
6863937
498503
4123518
3214394
5664861
5135821
4155013
880382
3067162
5105576
4751395
2976694
1828924
2847171
3489121
2907990
1809031
6987067
3553412
4952963
179626
5510441
6939849
6891725
6838615
934080
2795693
328474
3748453
5941034
2557353
2954068
5224817
2693608
5351267
3591018
3322984
430490
5418446
1725315
5061829
5340816
4241512
6910890
5634344
5204762
3725434
840761
3913312
2081254
1464733
169194
494133
4189376
1468533
443559
772627
3477955
5889726
6675675
2809865
4320129
833683
2743448
3541989
2912799
3850195
3147579
5741249
1218607
4868263
6902706
3852142
1640677
4951980
581058
1978311
2338723
3275651
543453
3116876
325740
3841898
5269387
3234915
5054031
4889418
2250363
4664079
4252049
4877981
5894511
3252817
3983192
6124781
3894685
1724053
3981500
4252088
6037995
6271744
2007462
469283
3209932
3383462
3751292
1152435
6360816
2414405
2170080
3906088
572448
1760337
4578166
4443269
6950491
2807206
3653113
5930663
1685584
2558811
4257990
4501921
4057027
5587828
6692099
1963247
6071683
1266095
5213051
3209228
77736
2665375
6823509
3251800
4424378
1082235
1114118
5757063
1031287
2756689
2095752
5993400
4321420
3754794
1633957
1133924
4066643
800678
5406617
4684535
372051
1878049
2578892
5969552
6677576
6710443
6747825
1181290
4544899
4166047
5995465
3333693
3493746
4951036
6223258
5692903
4800948
5884127
1931830
359276
4139611
4598102
1234270
2639456
5888827
17385
2679843
1724088
3512712
6550694
4038838
4731942
2380409
1307199
10824
1259465
1368082
3010559
5948586
2028113
330925
5116089
1140104
4265518
3995441
5307393
3827306
5371800
6552125
2302748
1784
6887677
1304965
1503563
3605328
3519353
4932949
4136618
3773007
4829865
2504731
6292649
3315209
6169230
2207652
4425298
2828098
5150553
659720
3833040
1458048
6630822
5249740
6411072
5490166
5034479
5128421
1454607
6091535
1733124
4069041
267436
2085099
4255995
497490
5300794
2706675
6987502
3709400
4918529
4250146
1909594
3906892
6299882
3663387
3995999
3565885
2839668
3321500
1180211
5495084
1982718
3155877
2786609
4893422
817182
6494076
6116906
6065405
2328148
4907966
477359
2649024
3021969
1327648
5530591
5211248
2311483
6277824
2457335
5058592
6894393
5045326
1234047
4843433
1962239
1502972
3259852
6395984
4504986
5512417
5034595
509997
4134129
856384
60026
6716041
1953817
1587111
3257205
4982679
4419603
3897992
4156463
5924645
644266
2864166
1179981
5140315
3985273
6068738
1779756
3887639
640141
342279
6164565
6834664
3539399
5780517
2965524
3788586
2940174
4660985
737024
6272775
6565952
4183320
2211734
402685
3291453
6681302
5523652
2909513
889192
1988244
5586863
6197583
1813205
2944542
4181066
4166386
1818420
1657414
4036565
4139501
2107200
3415600
5820972
5440088
2036504
5121922
4517894
2568363
6165530
5199937
506830
2492741
6502235
6696730
2232108
3725678
822451
2026029
4269762
5007872
3320225
514795
6101321
1010803
4986530
3263288
6345783
6749508
1488095
6523827
2926909
1593262
4234569
103980
4882508
3114638
4682861
2835614
4794972
5554079
4650268
3235772
2727983
3310616
4814117
385837
6956348
5083806
3871221
3176000
2504674
6883605
1114726
4631175
314201
2602396
913680
6637234
3950406
3623778
4901533
2195616
6896443
4332263
6023269
6722490
2191291
1318216
3324824
4890855
4086360
5807103
2458510
163047
316687
235524
6403780
2359784
5103015
3596086
1584544
1582579
3875108
1804734
6411627
1936418
2340579
5686652
2388811
3929266
3215817
2265056
4850877
4884057
4564428
147722
161774
616240
5740623
2899377
2666509
5534935
249020
928679
6491481
4002559
417644
1261643
1869630
6217278
3653630
5220693
4921120
2830955
2566031
1594099
2783591
1664861
3875782
2845520
2053762
6250962
5640861
5694113
251007
2353423
2259609
2827527
6323836
5003693
826116
3331591
2069689
4896840
3655
2855092
5914072
1276991
1682531
2439326
2425182
6933914
2342314
353539
2160668
3865481
429611
3861505
6206928
4404958
6806249
3233303
800761
4269132
2207370
184744
611128
5113020
6330516
5486435
1743300
3154178
3664888
1386609
1886953
6556434
3966398
3240516
342011
4493360
5167377
1508485
2056756
3771050
1929619
3824592
587019
4772933
3240318
257551
2446542
1177739
5494502
1943648
3873043
4262728
1045523
2888376
2507456
6635677
1749042
3836625
961986
2087516
4051483
4436865
4254653
1262462
6248110
1172242
5723008
6761924
5879052
5535997
5905440
1072207
5003782
535552
2679282
145576
2966646
2364821
2243385
4595769
709517
772092
892895
1261053
6663876
2055144
43415
5005655
6493173
345815
653549
903624
5019982
2538661
804555
6029840
2243545
130986
5844982
2912171
1397349
3339506
2376721
4037008
5293189
223904
2183016
1967280
2663994
5525402
724233
1831160
370518
5828198
2578647
2071467
2614881
5812615
4495500
4681765
5145719
3305243
6358611
6952304
3942872
1929469
3353603
795281
3280818
4386358
587076
4768629
4812303
5772053
3129499
1995345
1342457
4341593
6276865
591315
580970
757399
5627866
666532
3214096
6137647
2704603
3896352
4638814
510999
3301598
3590687
2500978
2498773
4157035
4294372
1563020
6086887
5952423
468033
3062465
3741824
5613110
4804449
3203153
6409415
5960629
6226608
5568281
2791960
1666081
1433155
2867732
367413
4266441
3964096
171605
6718325
937042
2819479
3731854
465300
5034126
4043411
185467
4283276
3946699
6833359
1270245
4916311
5502834
283655
1924768
6138114
1651384
458655
4553342
4115015
1433659
16922
3918048
6958744
5057432
3059412
4434530
2056891
2277334
1036075
135296
3973221
6167988
5524766
1316031
3609766
788843
3327192
3601621
4254090
6432191
5395998
1249681
6623061
3507258
4479525
1021284
5979555
4551883
5809028
1563817
2151857
5927901
2971990
5767230
1259491
4978572
1524331
1552697
6907375
6800187
4244750
2088628
6727388
3969046
5172699
5840551
45684
4898579
3743172
5263676
6211183
2001846
1892801
1310405
3673063
3681718
6160749
1856070
4125883
10364
2796235
4569036
5247559
5111316
3726947
5572303
5165276
6359326
4877166
6246556
4317955
971972
3224049
5089522
6654838
5117007
3540582
1477945
4451949
548581
2925670
3479759
3151373
4144743
2177170
1253107
1726183
6933730
3182559
2202441
1381280
4011798
1076314
2225236
3851859
316515
1339834
2545621
5738116
6350152
1094885
4951148
1358563
5131360
1228053
1750397
3115610
3032578
6046856
4371425
1207010
6868465
2983166
4615377
1555066
51965
6543343
108265
3557206
5386571
4478332
1045027
6081155
5272835
5349403
5487675
6857497
4953968
1599055
1538480
3124413
4645528
1526138
4005922
2825397
4167572
2269855
3535929
1826623
972590
5318183
4025938
424070
6542889
4860732
2041631
2007096
114505
3129904
6544961
3670405
3977927
4868056
336365
1645281
6960536
5493493
3572393
5362728
3722241
1054797
1248710
478302
6520512
3922261
4249304
376478
5244362
5030155
4563297
2337504
3843798
3191991
5442102
63959
1778288
491214
6362184
2680126
853373
6165039
3423245
5420878
160410
2842848
1996660
578614
1995044
5371090
826299
2601664
2718361
6785459
5209378
3472204
4568725
3343491
2042144
3115822
595386
5923086
5711795
3740707
6243449
3909266
2493274
5452283
6187864
6755732
1201511
3851401
4535329
4690657
4961611
3730855
2643994
4431112
4150339
9817
537114
5993595
5528527
2860003
1043624
3390411
3735422
2022575
3902370
5159472
2227175
1031163
4250491
837484
6741249
2611176
794013
3971144
5856008
3446033
2494110
6123565
4570483
1166250
5998725
1767600
594352
3774597
2907975
4612928
4217713
6242696
6833273
4596384
100603
5374063
5159437
411352
886708
712155
3975425
3677223
1422563
447277
5448418
3414043
2720091
2892874
644190
6920928
3363227
2777433
2063445
6459807
3141307
4172526
4734916
1325852
5184105
1016547
3972792
2572309
140061
4520055
2224646
4523483
5812422
5200319
1675628
2375466
5236628
6584092
1143942
6468946
5060570
1104388
3080721
4147576
4848066
1150067
6946856
6447704
1141977
4326908
1713161
457737
2631080
6011896
6178413
5962001
5695185
506952
6574559
1536104
80670
2690555
2178589
4449877
1327308
4907028
5211908
3053091
1898701
4348810
1989000
1754402
5846530
6112993
2433010
366180
3601850
3967773
2503648
1431257
2171886
629467
6249411
4152304
17535
756215
7090
538060
4556572
5755132
787652
3412955
158305
5254596
6519837
5136633
3925583
6847273
6385527
6303275
5549986
5219221
6203746
3363534
4963068
2167715
4600880
1945918
281353
1874259
2898143
3187156
4522216
3370888
768300
5772002
1758077
6680275
2004806
3207647
5443149
6795898
2065377
1588630
2801948
6940167
1097571
5852731
1239122
3783760
6606129
4375163
3014057
379577
1242932
1396382
6295166
1441036
974885
2619847
1453563
4134389
1694241
4041094
1461221
201626
3698418
6812987
6611513
2962553
4265707
4513752
6031891
3061182
3454153
2557245
3436420
975276
6987176
4972621
1170729
6971973
3819508
6298424
2948787
915668
3968658
5394364
5459548
2271423
5082360
6224289
529154
4258091
1667160
827566
526900
3674524
3241484
806842
5134278
5227771
3262370
4232662
4617346
5865644
3497934
5442381
4901254
4205892
5311092
4146682
1981161
6412328
3216259
3379401
192671
1404013
5934608
3518566
6534599
3170456
2548076
2830614
655493
3029887
4226048
4255447
4906530
762225
4264855
3395826
5095051
4917558
2979712
2077846
4610690
5657636
6500066
6181933
5551213
2212202
745055
2558774
847202
3150013
3811620
560360
3540828
5412292
360714
5104646
3599112
3677944
2629423
3955584
69210
4864788
6434941
3286907
6217781
1463900
5888332
2060598
1313706
3596491
1671388
2212268
2251653
801209
6589209
6107546
6585869
5260998
1878885
4590970
6791037
2499495
3479126
5952573
3860520
2471252
4532906
1257767
1922481
728569
6212638
3122394
4912332
2209133
567039
2232488
3835689
962521
4674279
4837314
4056439
1349969
359481
1924615
2861983
1772783
3519596
3195157
4150942
5317754
4905788
3618627
4957011
1404088
6003851
4054800
4803674
3780374
5553758
2936975
4634436
52263
4769362
2426586
872775
5005810
414528
5851423
5154741
2173053
3323069
2679936
5030594
2378333
1967862
3392580
4962167
5156978
119402
5562508
4105653
4300150
822851
6980389
436739
795562
6581418
2737075
3308980
6748369
1781421
65510
443815
52529
3890289
4370779
5380059
6314505
3830854
5373580
349819
6857489
2513183
2146882
5081809
4924706
966942
5167839
4031585
2773613
6923406
5058396
715352
1660838
5137503
6335561
4948209
2934909
5067689
5205921
5861402
897709
474470
5906566
5518696
4692192
4256495
6982632
3846190
2061871
965404
4628983
4096767
216550
6213231
2224141
583738
1164298
4041983
5962034
1625016
3800884
721538
1853373
3318158
1957943
4466823
2231811
4903922
1006208
1597977
634342
5295886
901728
569820
501311
1392619
4013489
5959499
4386449
3845203
5551299
3788549
1483747
5599863
719791
2569635
6605363
4898041
908918
6969860
4229316
3576484
2004643
5114310
2486024
3304879
3415769
1800909
6060605
5401477
4871025
6696392
496020
6700732
2197177
1667973
3799934
2135144
5623181
2595495
5232422
1743224
547689
3394444
3797248
1145330
468522
5367525
5981117
5091563
4429006
2948429
4328989
3915388
6691608
2675127
6564865
2457974
4655888
2912921
2016853
3172247
6010533
5266716
478777
2262632
2111022
725390
6900933
5390513
4835505
4960979
5913425
3463849
49949
1873765
2929042
6387423
5558140
5297194
1973520
5564737
4636888
3195242
6421797
4582602
4586936
5088803
6419124
1575909
3994784
738973
2126223
6942045
6166178
3468656
4297694
3091862
2132198
856315
4482051
2217635
2476457
1122904
4116901
4153062
582009
4627167
2984409
3296439
2877098
2588279
1700683
733831
6419039
596793
2485924
5428693
2567925
1727637
1573325
4186011
37255
6209107
769723
3153566
4765314
708581
3788848
2499743
1081431
1098809
3275290
1339220
5949529
5137838
6321403
563152
1975347
951113
6200425
5634384
3985421
4597903
803589
2497917
3564343
725684
414728
4057291
1178675
2119008
4259880
4352594
6764795
6911256
6041914
4124425
6998214
4625511
820272
2071663
5603147
6283799
4377203
1366157
1843196
151413
5842883
3597950
4802098
5324581
4302176
2214424
6589655
2124130
140643
3373110
753836
5125357
3597395
6626538
2479918
1125707
3409205
3590900
6939666
6227014
5087653
6463865
178777
904590
4498092
4591503
231863
5404130
5889778
2802177
889292
928578
5289906
1870496
6392015
1692324
6812379
498927
1323596
481033
2430647
5451697
2448592
5470271
452477
146308
5410031
343189
6558261
3793079
3773275
6897153
6444335
2986743
1411680
1789038
3562345
3628202
4269190
387079
536165
951253
6051455
3150626
5316650
3081695
2736125
3891974
6320651
3147535
4064757
4186815
6530088
3112487
4126505
5977214
2721686
4815188
4495541
6505340
2248119
3540515
6309447
4590099
4696115
3519992
1227781
1625335
120778
6326388
2090768
4202265
3186750
4211777
4391745
5743767
3689409
6032274
380047
2032895
3097010
3170960
270310
3976142
3853501
5185691
4642003
2452191
973278
42305
423604
91742
5072008
131307
6531131
6911224
4521324
804061
3265499
451593
1490647
5508006
2765744
1173615
5097856
1257664
3978079
4208749
5304710
6772279
955454
2774404
6344549
5721011
1077024
2470812
2777179
667317
4361809
82322
6385031
6692629
2750162
401748
5114039
4128994
6121236
4548739
6739498
6244687
4075702
6245071
231543
4456470
3131899
197632
4837254
3291680
5152768
6812036
4843318
1536661
6207220
3604555
2870549
2642379
689008
1710851
2187310
3355703
5627996
1896545
2067156
4549207
5947843
1936985
4147467
1924072
6604361
1121654
4881363
220975
4888195
5252912
6498160
936527
3706319
5095420
2782876
2336785
4945593
1355077
964676
3028135
739513
6955545
2564832
4148353
931538
6560693
5545380
5889439
3316907
2219877
104816
5151665
1178503
5111017
3519931
4576429
1790482
6071480
2661592
6686444
6957270
44894
2036463
643223
4486414
424066
4152385
971954
839107
6264033
5405477
3303507
5610090
3871878
1886330
897337
1235029
542369
1371618
1855640
1041824
1246012
5413406
4322904
2083830
3742084
444659
5488909
6660987
434224
3471600
5842167
5351367
2532672
1464865
535964
2191127
4518479
6154393
795094
4155316
2450756
3102321
5307892
4325885
4038946
6174163
4199141
2435952
2955639
6066139
5441881
5243731
4046698
739430
382620
3317089
621397
4009490
3135650
6344100
6344850
3659702
3468832
188350
3265440
5752844
1369247
6508338
1538693
716194
2206944
6120265
1248693
1626500
960612
632344
2594805
4589211
4389664
6795160
1255444
3123182
6860739
945945
2595630
5000293
255123
4136010
3535216
1604495
3710471
2551694
6664767
3331393
1230789
698088
1638580
2474312
3191093
5088812
6714706
2392926
296336
5914343
3001171
179314
4597496
1002334
4635675
1632939
6199799
729171
2735996
5077852
5277271
3045945
762012
6709849
4800842
5573573
3843078
2891833
6928851
3974150
2618672
2584274
6140964
5533892
6229681
253418
112935
1088111
1550384
4310506
5708428
6191762
3930190
1790208
1922739
1307719
4091810
5841236
2755598
1229234
5702536
1823560
3862063
4461087
395990
5447782
4574380
6989306
4036864
2486982
4907283
3560007
2902203
2145344
3708548
473613
5828404
2082332
1461186
1831307
714019
2515440
4620399
3901914
2361350
5889937
1719504
5300317
6539456
1784229
344239
3603629
5495995
6100552
3440204
288683
2018965
1947503
1638430
1009222
435469
2652466
5231254
5399975
3477161
5380898
1135258
1535855
2221719
3686127
2169734
3928107
4735571
4558854
1904196
2240236
6542975
6761421
6530612
2275800
6392648
855237
2243655
2391581
2504815
3920709
4906751
2121802
1965635
3092807
3684069
4415291
11046
3684375
4585180
1392033
6568052
4560422
318077
1467268
1475717
4333201
4537501
4900547
3766935
6405169
6140020
6773558
1501523
2453976
3813663
2788551
4467679
4362632
6124008
4582805
1379651
2750560
2363969
6579591
2546988
158298
2544520
995814
2621655
1999388
1493013
2499599
801524
341567
6956163
378436
6784059
1267068
4866534
3131485
1607865
6195527
5057998
1428711
3346066
2338131
3877786
4906200
5366614
5560320
1356110
5946115
1064605
6291930
1695240
508881
769987
2598223
6168947
196994
1278318
17138
279733
406996
5119612
461278
6625967
5468074
5555890
2092233
3277719
280399
4111625
1258270
260869
3202152
6180719
6830234
6954328
3361669
4027855
3993692
4129657
1994860
1854423
4968311
362607
101533
5767220
4856842
5478658
3015031
3357789
1658840
2915074
6082445
3924734
1458737
1885010
2464531
3962198
741628
6039348
3432541
3120664
5567360
2442822
5569363
3785596
4335736
1172366
4432809
3912525
3809575
1420561
1977061
5072010
3986134
1833435
6283565
1377282
234627
2567220
3374659
497837
3421982
180140
5620984
5290928
4786463
1925946
198228
4792937
4638858
26687
2894007
2503358
1952017
6761688
4101952
4591956
2119003
1158777
2078843
884775
1887329
6632813
2577053
1100525
3698296
1741926
1709557
6127234
1069583
5474066
5054292
4464599
1201375
4648191
3208442
5068063
5414696
4778515
6849873
3353324
487059
2584538
531961
4672393
2937173
2103240
1500818
5762190
3177528
2116653
3034357
6952750
4340583
3853879
3673127
5115919
2489406
2949437
5939038
4127050
910894
1456288
3891946
3257576
5732395
1238789
2052544
1777994
396249
198473
1717460
1446982
6005752
780036
5464607
5911824
5851566
1296422
91343
1391103
5434616
5274187
5645981
6673314
544095
2417973
2524401
687930
6924286
1176118
6948922
1966118
6659429
2103231
3398357
3667687
5127416
4078050
6540360
2400351
6782902
4272474
3153616
1682462
2362941
1217553
4426584
6259095
43088
2326934
1864408
965137
4656393
2661350
4305853
6907042
3490416
3224512
5664184
244421
5388446
1195974
2664945
2218644
1483673
5151036
4141723
5370586
981009
3569918
1674867
869754
4667530
5820520
620321
5001144
1669277
6408389
6232296
1911610
4705128
3726277
2170100
5647463
938912
4298418
2636698
6252903
2477788
1514996
1379178
6673152
414213
1305358
6715273
3409450
761823
6504013
5682154
4546384
6153497
1289866
3328344
4789584
3729868
5326708
6979613
1524115
5193792
6265739
212787
6918448
3355407
4517723
3370992
5085266
5844937
4854918
1015194
893465
3471598
2383354
6950756
98992
1433176
919242
5503180
5183102
2345808
904432
1371941
5396717
3857822
3592643
2645580
25913
5031141
751315
759539
580089
6665692
2157163
6224455
2044005
1321381
3527132
3466
2312321
1996598
2902556
5384662
2370864
373459
4598069
5456440
4690929
4756560
4960777
3338133
3060087
3369253
114467
6563064
3315275
1040473
6263381
787010
2455701
4456862
291932
6302892
3457307
310885
1808736
4927790
3128476
4962033
5355161
5603296
2960212
644889
2200011
2816997
2304549
6600050
1260974
1426660
1225056
3262857
1054350
3247364
4526152
2241786
5460705
2005043
2220417
1360553
3198290
6802748
4069463
4704518
3550634
3166737
258929
5523284
808362
1207456
6568283
4877320
5509857
1454365
3233660
201639
4184463
5581148
2880703
1468355
4647118
4904148
2468610
1840431
5578749
1719674
1747082
6217716
6736385
6785139
1366655
6855469
6184939
55587
5524133
3544392
6526811
5690108
6355713
2323025
1864964
2511145
4399654
3778708
3186468
3294380
1352597
3483471
6457417
1683012
6789181
4395929
5708177
2388633
6643860
3815560
2573690
2123895
1548587
2340478
1403338
1552563
1968179
4444593
5445266
6713667
4634470
3802873
3013238
1391618
1249744
685835
276051
5265999
1858985
2920350
2788257
141898
3019601
3076078
3230646
6789906
6600523
1605446
5234169
1268786
5389991
2797661
1317944
6813024
2851524
4274285
4569325
6298861
3801323
120511
583969
1717396
6916068
6035512
4301407
3128751
2909977
2667659
1250648
6302921
2084315
2762773
3023809
6172763
2246614
1821772
623422
2049444
4571232
3019253
2112519
2621259
960113
560883
4140864
2183809
4243425
1517978
511951
2136963
4994706
3338490
1327746
3147250
6825127
5671053
6679625
151221
1122155
2173168
6035773
3174821
1070760
2927702
3705548
6108055
1210878
5376236
6195506
330557
5764219
6655465
3031704
6886053
1077135
2793047
3089833
6458691
1622727
5178407
5951973
6322259
480199
1003914
2299067
2389294
6734438
3747577
3447994
4178209
2707073
6732134
496990
5441127
2173001
2476075
5326690
5106959
4823737
2210950
2832670
278497
1667707
2579544
6901449
203684
6877094
6522480
376517
4470285
896703
136558
2411596
3773229
3207355
5037811
4248418
4837804
2926943
1863658
6021874
1873760
5753235
2510914
6691818
3025385
6700133
3469415
5341680
2016662
633164
1260905
6564924
823125
763176
6540361
1185148
42910
2799678
4777273
6349121
3496210
3393879
2455061
1379497
3108049
5409711
947761
4617588
5228894
4438453
3367156
4499901
4123927
4232782
898538
3938847
1946122
4196057
5161277
3003871
3496553
6144643
799755
5499215
3398044
6624007
4035232
1923319
4369722
1091773
3871265
4602152
3479931
458687
4243276
4062132
5425878
4440709
739077
1604759
2243708
64587
3981176
5435062
4878479
3606449
2614722
6093881
6463510
3678675
108625
2933235
108313
3757466
1085642
6816813
1106007
2998308
1818021
2180576
6263913
6416926
6901118
2392805
685402
5454925
6994860
2410361
1800042
6601117
5747948
5302118
4231088
262189
6517628
5963368
4406403
134109
1930034
55359
6209542
1079204
2364246
5398443
504965
6074027
738543
206409
5176620
5891778
3508085
2792494
1812402
5925109
2360385
151224
1741132
1221705
2745355
6378319
858027
5212698
2972625
819378
1502366
3494780
4969631
5547148
6548785
4909605
4262307
6919913
1511792
3747812
4521272
1416517
1632838
4912754
5963414
6017258
5089969
4779340
6737147
1271773
5803097
1492586
6348515
4174099
6470461
3284778
5435757
1175850
6775914
2001262
5226165
2759543
6131335
3537439
