2500220
2500898
2500929
2498498
2499939
2498215
2500500
2500508
2501250
2500465
2498945
2497214
2498828
2500661
2498808
2498874
2499314
2500107
2500147
2498931
2499345
2501212
2499275
2498715
2501571
2500106
2499147
2501202
2499278
2500225
2501146
2499882
2499594
2500023
2500005
2500903
2499183
2500412
2500897
2501659
2498430
2500662
2501418
2501604
2500366
2498922
2501489
2501377
2501653
2499324
2499665
2501740
2499551
2500334
2500076
2499112
2499845
2500527
2500418
2500071
2498080
2500336
2500668
2500680
2499349
2499150
2498696
2498838
2500371
2500610
2500018
2500733
2500793
2499310
2498656
2500846
2500080
2499678
2501166
2498419
2499456
2500677
2501427
2499802
2498865
2501229
2498782
2499991
2499739
2499762
2499011
2499389
2499505
2500675
2500519
2499628
2500058
2499100
2500534
2500710
2500541
2501075
2498957
2502031
2500138
2499355
2499424
2498585
2498814
2500063
2501087
2499941
2499772
2500213
2499240
2498712
2500327
2500458
2501105
2499307
2500077
2500299
2501110
2499913
2500619
2499637
2500451
2500556
2500708
2499871
2500725
2500393
2500420
2500445
2499319
2501176
2500297
2500960
2499128
2500939
2499894
2500615
2499717
2500674
2500998
2500817
2500402
2500808
2499237
2500985
2501976
2499363
2499193
2499464
2500946
2499533
2499285
2499579
2499297
2500895
2498747
2498795
2501955
2500017
2502051
2499705
2500232
2498967
2500272
2498391
2500925
2499475
2497848
2500827
2500551
2500810
2499534
2500865
2500888
2501350
2499958
2499819
2500239
2496704
2500983
2499403
2501118
2499539
2499854
2500530
2500238
2500835
2498309
2499929
2500030
2499029
2500643
2500088
2501566
2501262
2499179
2501499
2500100
2499709
2500490
2500816
2499614
2500678
2500586
2499722
2500672
2500616
2499095
2501279
2501007
2500165
2501495
2498997
2501612
2502203
2502037
2499250
2498648
2498351
2501436
2500084
2499910
2499712
2500086
2500160
2500513
2500061
2499376
2500991
2499232
2498684
2500189
2500132
2500304
2501265
2498304
2499321
2499847
2499571
2500709
2499911
2500296
2500593
2499629
2500720
2497930
2501145
2500638
2500535
2500405
2501154
2499093
2499870
2499156
2499840
2500129
2500596
2500413
2497324
2500233
2498410
2497405
2499116
2499284
2500807
2498966
2500509
2498516
2498308
2500547
2502336
2499822
2499799
2498659
2502452
2499662
2499069
2501059
2499946
2498211
2500503
2500444
2500860
2499848
2500321
2498813
2499607
2500861
2500004
2501365
2499394
2501324
2500684
2501431
2501307
2499266
2498586
2500352
2498965
2499733
2500035
2499837
2500517
2498904
2500611
2499790
2501996
2500214
2500863
2500452
2499114
2501173
2501233
2499909
2501039
2499191
2499985
2501398
2499367
2500629
2499749
2498620
2499489
2500008
2499303
2500333
2498643
2501104
2500118
2500344
2499197
2500585
2501422
2501062
2498842
2499639
2499370
2501465
2499766
2499018
2499601
2498115
2500010
2500314
2499168
2499963
2498638
2497490
2499144
2500884
2500712
2501284
2499869
2499566
2499134
2501140
2501779
2499823
2499244
2499016
2500166
2499789
2498989
2500481
2499466
2498452
2499585
2499794
2498186
2499744
2500117
2501650
2499002
2498168
2501055
2501181
2499809
2499378
2499180
2500357
2498626
2501019
2498924
2500414
2500487
2500319
2499668
2499834
2498423
2498867
2498480
2500307
2500156
2500244
2498798
2499782
2500869
2499805
2498745
2498953
2501372
2501387
2500093
2501846
2499568
2500025
2500278
2499295
2500382
2499415
2499734
2497592
2499316
2498793
2498640
2497590
2498991
2499933
2499102
2501596
2500580
2499942
2499895
2499761
2499842
2497709
2498768
2498208
2497579
2500372
2499774
2498800
2500014
2499065
2499713
2501518
2499590
2501538
2498554
2501551
2499422
2499523
2500683
2501484
2499344
2500942
2499898
2501109
2499471
2500873
2498617
2498824
2498773
2498871
2502245
2497506
2500231
2497969
2499796
2500544
2498858
2501107
2501934
2499897
2499954
2500840
2498418
2500799
2498440
2499880
2499927
2500280
2499239
2500753
2498855
2500154
2501410
2501957
2498047
2500136
2498552
2500886
2500116
2499290
2499611
2500470
2500502
2499649
2499698
2499940
2498759
2498921
2500376
2500401
2499740
2499778
2499225
2500024
2500658
2500566
2499748
2498534
2500906
2500102
2498542
2501206
2501819
2499690
2500791
2500589
2498905
2499327
2498797
2501100
2502012
2500862
2501168
2500756
2500403
2499997
2501099
2500007
2500350
2500369
2500624
2500186
2501283
2499760
2499527
2500388
2499481
2501699
2499364
2499608
2499207
2501563
2501585
2496673
2501364
2500234
2500864
2499411
2499696
2500754
2499931
2501080
2501961
2499907
2499479
2499703
2500446
2499647
2499545
2500424
2499517
2499554
2500489
2500843
2498556
2501182
2498995
2499255
2501194
2500797
2498719
2499723
2502710
2500471
2501111
2502146
2500872
2498777
2499372
2498592
2497741
2500316
2502713
2499248
2501245
2501174
2499395
2500054
2498792
2499664
2501340
2500383
2501419
2498763
2498882
2500676
2499902
2500188
2501434
2499681
2500428
2500633
2499482
2500043
2500703
2500092
2499050
2498790
2500163
2498942
2500036
2500460
2495953
2500003
2501082
2498380
2498625
2500663
2499829
2500155
2498297
2499059
2502550
2498864
2499249
2500879
2500315
2498815
2499063
2500073
2500958
2499177
2500767
2499763
2500171
2499438
2498735
2497836
2500236
2498429
2500261
2499514
2498224
2500318
2498983
2500322
2498885
2499885
2499356
2501259
2500829
2499813
2499891
2501162
2499708
2499663
2500177
2500978
2499729
2498544
2500349
2501374
2497813
2499138
2499379
2499866
2498539
2499510
2500202
2500041
2499549
2500199
2499675
2501494
2498446
2501282
2498551
2498685
2499645
2499563
2500707
2502060
2498292
2499853
2500462
2500578
2501749
2500359
2497562
2499251
2500311
2499396
2499779
2501607
2498614
2500699
2500721
2500367
2499231
2498490
2500997
2499892
2499262
2500016
2500247
2499352
2498740
2499574
2499687
2501101
2498443
2499292
2500546
2502374
2499385
2501390
2498364
2499338
2501026
2500526
2498243
2499253
2499937
2497837
2501078
2499825
2501333
2501257
2499402
2501297
2500249
2498726
2500693
2497336
2500848
2501681
2499454
2501276
2499393
2498549
2501352
2500623
2500896
2500491
2499795
2500111
2499469
2500933
2500178
2501457
2500323
2502027
2499421
2500133
2500485
2501421
2499928
2499818
2499704
2499676
2501544
2499091
2500277
2499643
2500353
2498710
2499682
2500597
2501574
2499627
2498927
2499323
2500881
2501550
2501397
2500425
2498633
2499765
2498159
2500989
2502468
2500195
2500392
2499714
2498483
2501375
2501157
2499919
2499299
2500579
2498062
2501909
2499130
2501131
2498518
2500205
2499219
2499300
2500013
2497607
2499635
2499293
2501246
2499602
2500745
2501628
2500185
2501683
2500151
2500045
2499996
2500564
2500293
2502518
2499832
2499584
2500558
2499793
2498688
2501969
2499136
2499667
2499606
2498716
2502862
2500565
2499488
2500771
2499804
2499967
2502489
2500894
2501320
2499288
2498750
2497844
2499716
2501327
2500953
2500940
2501278
2499754
2500174
2500876
2500050
2501185
2500320
2501899
2500498
2497833
2500913
2498593
2499864
2500889
2501519
2499803
2498346
2499436
2499390
2501440
2500298
2499646
2499808
2498602
2500802
2500032
2499727
2499311
2500822
2499780
2502941
2499770
2501378
2500221
2500263
2499746
2500785
2499535
2500740
2500146
2499758
2501874
2500743
2499538
2500090
2499862
2500932
2499691
2501330
2502499
2501796
2500065
2498705
2499673
2501490
2498870
2501435
2500618
2502247
2499541
2501030
2500831
2497903
2499908
2501028
2501832
2502665
2499115
2500159
2500329
2500267
2501813
2500417
2499418
2500390
2500613
2497941
2498751
2500834
2498464
2497724
2499238
2501460
2497910
2500871
2499572
2499625
2499441
2502407
2500936
2501225
2499374
2499455
2502279
2498909
2500328
2499968
2500224
2500523
2498568
2499227
2500987
2501472
2500493
2498132
2499916
2500880
2499868
2499828
2498801
2499006
2501790
2502024
2497788
2501383
2499302
2501710
2499618
2502860
2500499
2502320
2497883
2500984
2500775
2500866
2497799
2498901
2500650
2498537
2501232
2500416
2499377
2500389
2498774
2500128
2499151
2498884
2499117
2500744
2500109
2499743
2499106
2499577
2501083
2499857
2499644
2498847
2499176
2500755
2500965
2500982
2497672
2500279
2498783
2499037
2500295
2500553
2500201
2500682
2499368
2498374
2499873
2498968
2499800
2499294
2500645
2501003
2500730
2500621
2501114
2500168
2500637
2498902
2499315
2499413
2498093
2498295
2499030
2502457
2502808
2502434
2498785
2499274
2499652
2500806
2500642
2501877
2499387
2500440
2499661
2501606
2498634
2500356
2499974
2499260
2501885
2500464
2503240
2499434
2498339
2500235
2499613
2501032
2499457
2499767
2499004
2499222
2500560
2501545
2499816
2500746
2501987
2499710
2500335
2497885
2498781
2499957
2498958
2501029
2499013
2499753
2498951
2499694
2498188
2497925
2500818
2500137
2500127
2501682
2500026
2499336
2500779
2502005
2500671
2501207
2499973
2500885
2498647
2501469
2499145
2497499
2499860
2501673
2500365
2501858
2499596
2499159
2501477
2501778
2500317
2499017
2501270
2500289
2500724
2500911
2500934
2500469
2498379
2500027
2501897
2501298
2499044
2498400
2499964
2499970
2500524
2499621
2500269
2498950
2499332
2502225
2500410
2499692
2502318
2500545
2501782
2499610
2502200
2499155
2500908
2499333
2498328
2501228
2500374
2502264
2501611
2502026
2500511
2499986
2499082
2500787
2499718
2500909
2500074
2498917
2502531
2501218
2499515
2501136
2501287
2498428
2499408
2498621
2498962
2499791
2500783
2500347
2500505
2499226
2501861
2499759
2500550
2499938
2498802
2500135
2500482
2501809
2500531
2501010
2501106
2499855
2499366
2500789
2499062
2498622
2499209
2498327
2499034
2500449
2499591
2500122
2502211
2501403
2500639
2497782
2498624
2500056
2500062
2498990
2496707
2501424
2498271
2499101
2500686
2501072
2499211
2498061
2501122
2499783
2499711
2501281
2501018
2499993
2500910
2499984
2500157
2500786
2500634
2500824
2499480
2499272
2499254
2500608
2499546
2501139
2500554
2499322
2499328
2501631
2500734
2501717
2498787
2499932
2500765
2499543
2499072
2500131
2498681
2499451
2501467
2498791
2500104
2499567
2497530
2500536
2500282
2500764
2498678
2501023
2499755
2499555
2501363
2498769
2500398
2499502
2500472
2498851
2500275
2499230
2499126
2498985
2500943
2498961
2498955
2501069
2500781
2500905
2498766
2501370
2499619
2498247
2500108
2500951
2500255
2498361
2499666
2499320
2500124
2499786
2498405
2500130
2500229
2499460
2500230
2498893
2501050
2500520
2501021
2499166
2498879
2501368
2498547
2500839
2498894
2499914
2499265
2500563
2500048
2501871
2500099
2499163
2498837
2500995
2498425
2499821
2498764
2499887
2501309
2500434
2498914
2501626
2500411
2497995
2500310
2499731
2500355
2499129
2499201
2500882
2500305
2498455
2501020
2498789
2500427
2498699
2500632
2500548
2501898
2500422
2501393
2501009
2500738
2499483
2499494
2501718
2500408
2499003
2498219
2499348
2500012
2498683
2499360
2500368
2499830
2500066
2500706
2499109
2499099
2499858
2498831
2498433
2499461
2497850
2499807
2498345
2499987
2500287
2499884
2501011
2501169
2500219
2502241
2500777
2499924
2500842
2499824
2501263
2499070
2499578
2501532
2499598
2499976
2501311
2499756
2499777
2499732
2501041
2501963
2501373
2500752
2499856
2501089
2501920
2499576
2498118
2500830
2498286
2498803
2498280
2501300
2500330
2500203
2498933
2499633
2500773
2500692
2501334
2499886
2498230
2498919
2499978
2499852
2500836
2500397
2499977
2500640
2500006
2499532
2498812
2500516
2501205
2500669
2501137
2499945
2498761
2499317
2496858
2498741
2499719
2499453
2499995
2500158
2501753
2499915
2501247
2498707
2500281
2498762
2501910
2500175
2498717
2501941
2499465
2500262
2500772
2501693
2500599
2499296
2499210
2499439
2501562
2500959
2499357
2500241
2500038
2500833
2499899
2500854
2498969
2499972
2498660
2498261
2499966
2498042
2501883
2500901
2501008
2500838
2498362
2501719
2498173
2497921
2500609
2498266
2498517
2501073
2498832
2499008
2499020
2499558
2498454
2500569
2501835
2500488
2500000
2498427
2501316
2501759
2500145
2501559
2501616
2500259
2500660
2500245
2500697
2499890
2501217
2500915
2498573
2500209
2500528
2497326
2501223
2499686
2500507
2502767
2500070
2499228
2500504
2498819
2499350
2499061
2500689
2498497
2498654
2499386
2501432
2501715
2498830
2500021
2499423
2501662
2499844
2498582
2500981
2499560
2498011
2497629
2498607
2500665
2499812
2499867
2499587
2500784
2499846
2498229
2499312
2501867
2499817
2500800
2500957
2499442
2499459
2500582
2499506
2501017
2501647
2498494
2499750
2501401
2499540
2500303
2499246
2500243
2501856
2500276
2499257
2500087
2498065
2500532
2499000
2498804
2498296
2500340
2499064
2500409
2499998
2498546
2497828
2500399
2498794
2499223
2501485
2499435
2498284
2500973
2498988
2499798
2498355
2500309
2499196
2501464
2499074
2499158
2501481
2499990
2500698
2500363
2500052
2500391
2500962
2500313
2499877
2500666
2497808
2501539
2499720
2500179
2499589
2500595
2497914
2500461
2499218
2501269
2500851
2501033
2501291
2502235
2500271
2499267
2500883
2500200
2501321
2501386
2499384
2500614
2498291
2500161
2499648
2500702
2498489
2499428
2499169
2498523
2499980
2498612
2498341
2499792
2499595
2502424
2498006
2498057
2500419
2501525
2500406
2499626
2501801
2501057
2499346
2499258
2499103
2498686
2501836
2499547
2498287
2500197
2501788
2500258
2498651
2501215
2502262
2501623
2498623
2499206
2501579
2499728
2499306
2499445
2500501
2501052
2498052
2500466
2498912
2497881
2499405
2500242
2500015
2502306
2498834
2498596
2502173
2500938
2500813
2500496
2499588
2498817
2501037
2499525
2500139
2500362
2500935
2498441
2499015
2500379
2501159
2500360
2499764
2498702
2501535
2501351
2500607
2500853
2501529
2500181
2502955
2499865
2500515
2500291
2501209
2501148
2500142
2500478
2497862
2500286
2500741
2498993
2501156
2499443
2501163
2497834
2499484
2498125
2499861
2500429
2498388
2501429
2500655
2499944
2498491
2500441
2498630
2500256
2499362
2497779
2502302
2499283
2500228
2498588
2498541
2499969
2499512
2500114
2500919
2498270
2501143
2499334
2498892
2499630
2502082
2499463
2499953
2498312
2501241
2501613
2498558
2500926
2499659
2500647
2501656
2499298
2500115
2499573
2498226
2499449
2499872
2501911
2499751
2499141
2500288
2500430
2499252
2501138
2500040
2499839
2500283
2500852
2499025
2503404
2498344
2498037
2499409
2498632
2501770
2497539
2499473
2500442
2499499
2497962
2499695
2499337
2500370
2498581
2499689
2500097
2498779
2499287
2500270
2500770
2501091
2499582
2499896
2500696
2501253
2499397
2501178
2501317
2500776
2500841
2500144
2500716
2501498
2499741
2498009
2501314
2502809
2497319
2499683
2499412
2499152
2501367
2500980
2499490
2502194
2500400
2498888
2499632
2501736
2501830
2499960
2500125
2499624
2499089
2501453
2501406
2500302
2498155
2501487
2499878
2499133
2499458
2498560
2501015
2498897
2501043
2499735
2501067
2499679
2501661
2501227
2501045
2501638
2498532
2497861
2500248
2501128
2499107
2501081
2500208
2501238
2497423
2498980
2500600
2500096
2499597
2499934
2500394
2500572
2500206
2499282
2501271
2500078
2501610
2499638
2500567
2498524
2500570
2498881
2500301
2500265
2499189
2500290
2501838
2500591
2498972
2500380
2500033
2498732
2499930
2500747
2499125
2499677
2499992
2501852
2501868
2498094
2499841
2499548
2498848
2499820
2498561
2501392
2498320
2500748
2499195
2501191
2498385
2498757
2497493
2501751
2500343
2501048
2500717
2501727
2500467
2499058
2498151
2499815
2499052
2498979
2499524
2497994
2499989
2499137
2498526
2499088
2499737
2498887
2498522
2500002
2500443
2501707
2500646
2498476
2499264
2500337
2499949
2499604
2500120
2501353
2501339
2500631
2500437
2501994
2500292
2498472
2499831
2501196
2501249
2500486
2499286
2499581
2498975
2499186
2499247
2499380
2499086
2500704
2499104
2498771
2498742
2501599
2498598
2501222
2499444
2498160
2499745
2501766
2501689
2499277
2500433
2499983
2498869
2499039
2501116
2498786
2501141
2498340
2499487
2501655
2500103
2500089
2501476
2499773
2498123
2499988
2499427
2501042
2498821
2497149
2500952
2500605
2500432
2501134
2500193
2498157
2498711
2500484
2501027
2501924
2500180
2500326
2501447
2499528
2500687
2500210
2499742
2500726
2497877
2500719
2499198
2498550
2498692
2499536
2500044
2502218
2498816
2501765
2499420
2501593
2499671
2498507
2500308
2501126
2497117
2500949
2500518
2501224
2499511
2500867
2500492
2498723
2499110
2499447
2499359
2497361
2497904
2497356
2500148
2498873
2499975
2500196
2498907
2501183
2500602
2499956
2500855
2499076
2497462
2499143
2499651
2497988
2501117
2499205
2499154
2501903
2500778
2498820
2499583
2498555
2498939
2501542
2498722
2501952
2498594
2499326
2499164
2500575
2501743
2501362
2500020
2500332
2501569
2499121
2499801
2501226
2502338
2500878
2498519
2500153
2499721
2500001
2499432
2501014
2499680
2499936
2500961
2498844
2498575
2500211
2501543
2500306
2499132
2501698
2500346
2498811
2501063
2499192
2498318
2499688
2500811
2501288
2497280
2496975
2500377
2500215
2497187
2500184
2499955
2500285
2499467
2499108
2498725
2499935
2500246
2499057
2500576
2500378
2501293
2500046
2499119
2500300
2499827
2501654
2499699
2498664
2500110
2501258
2501347
2502028
2502179
2501821
2499615
2499301
2498809
2498731
2499501
2502573
2498407
2500628
2500022
2499185
2500606
2501547
2500828
2500134
2502395
2498482
2497902
2500921
2500736
2502326
2499079
2499875
2499041
2502191
2499521
2502542
2498178
2497841
2497898
2497110
2499888
2500635
2500037
2499784
2498007
2500626
2501071
2500522
2497521
2498434
2498852
2500636
2502319
2499165
2501004
2499903
2499508
2499437
2502036
2500384
2502847
2500972
2498868
2501394
2500950
2499843
2500875
2499785
2498031
2499028
2500064
2501066
2498935
2501709
2502103
2501056
2501199
2498462
2500917
2500252
2497970
2499653
2500345
2500457
2498671
2500067
2499670
2497151
2499730
2501755
2500034
2501230
2500673
2501802
2499153
2498981
2501266
2500172
2501708
2498589
2500809
2499410
2499971
2497888
2501488
2501615
2498579
2498206
2498597
2501273
2498690
2500542
2500804
2498488
2499361
2501150
2499612
2500112
2499564
2498044
2501947
2501954
2499478
2500375
2498129
2500226
2498342
2501750
2498353
2500916
2500348
2500454
2499268
2502231
2500899
2500216
2497650
2498850
2499171
2498694
2498682
2501054
2501696
2499556
2500729
2499850
2498107
2498571
2500081
2501200
2500986
2500902
2499235
2500273
2498934
2498693
2500167
2500164
2498736
2501086
2499893
2498563
2499959
2501405
2499430
2500512
2500439
2501522
2501600
2499565
2499075
2500571
2500450
2500695
2500537
2503362
2498227
2500173
2498970
2499768
2500803
2500051
2500150
2499373
2499544
2497797
2498360
2498860
2497934
2498823
2499600
2499113
2500204
2501516
2498543
2498460
2498676
2498603
2499309
2501859
2498655
2498861
2498439
2498225
2500098
2499531
2497826
2498714
2498876
2500625
2501413
2499036
2499229
2498845
2498511
2500820
2500568
2499124
2500351
2499078
2500907
2500931
2501000
2501404
2500711
2500701
2498149
2500870
2500681
2501507
2500769
2497816
2501580
2498253
2498545
2498746
2501817
2500763
2501548
2501475
2499149
2499353
2498306
2498492
2500031
2500688
2499276
2498799
2501530
2500801
2501323
2498510
2500312
2501619
2499904
2498029
2497806
2501640
2501643
2502315
2498998
2500533
2499570
2500438
2500727
2499879
2500700
2500552
2500331
2498754
2502824
2498846
2501402
2500644
2498176
2500694
2498977
2500083
2500042
2501049
2501433
2499365
2500648
2498883
2501565
2502182
2500079
2500837
2501149
2499172
2498557
2501675
2499925
2501175
2499693
2500149
2500019
2501860
2501198
2499139
2501036
2501231
2502331
2497644
2499507
2498923
2501772
2499561
2501784
2499431
2501235
2501533
2500969
2502196
2499477
2501070
2498856
2499270
2498698
2499173
2501092
2499769
2499140
2500338
2499068
2501540
2499027
2499399
2502486
2501260
2500095
2498058
2499291
2498508
2500948
2499470
2497827
2499339
2498398
2500194
2501085
2498399
2500794
2499081
2500240
2500182
2500592
2499922
2500475
2499775
2500060
2499622
2498531
2499814
2500900
2500423
2499426
2499382
2500483
2498461
2498982
2498661
2498896
2498404
2498330
2498937
2501783
2499982
2499609
2498642
2500768
2499194
2500659
2500480
2498233
2498051
2501520
2501568
2498392
2499259
2502722
2501614
2499135
2501721
2500251
2499497
2498629
2500190
2502180
2499280
2500059
2501201
2500436
2499725
2498770
2498753
2499642
2501244
2497871
2501466
2501342
2497758
2498249
2500453
2499398
2500435
2501866
2499318
2499797
2499035
2501948
2499234
2498672
2499836
2498487
2500268
2499097
2501343
2500826
2499040
2501338
2501506
2500587
2501395
2498569
2498572
2500396
2498737
2501102
2498530
2497949
2501763
2499111
2501289
2499182
2498503
2502142
2500426
2500386
2500529
2498036
2500039
2499516
2501040
2499060
2498277
2501305
2500198
2501256
2498371
2500620
2499400
2499569
2500521
2498126
2501463
2498613
2501074
2499961
2501133
2497819
2498701
2497927
2499187
2499900
2499391
2499080
2499833
2500094
2499650
2500105
2500964
2498335
2499241
2501505
2498956
2500742
2498228
2500968
2500690
2499965
2499876
2499586
2497802
2500812
2499190
2502341
2498447
2500126
2501629
2499123
2499202
2501115
2500218
2498250
2501737
2499943
2499371
2498999
2497691
2501369
2499452
2500774
2497563
2501336
2501448
2499492
2498918
2498089
2498749
2501959
2498548
2501739
2498778
2500714
2500893
2500463
2499053
2499912
2499776
2500750
2501785
2501329
2499289
2500072
2498299
2501444
2502186
2499462
2500601
2500284
2501208
2501500
2498098
2499067
2499342
2500868
2498606
2500713
2502664
2499215
2500373
2499204
2501120
2499009
2498755
2499446
2501357
2500739
2500152
2499021
2501875
2502206
2500796
2502652
2499476
2500456
2498060
2499181
2499216
2498835
2500963
2501618
2498448
2502812
2499024
2499605
2502087
2499122
2500654
2499863
2498332
2498565
2498456
2500760
2497282
2500762
2501280
2501492
2498866
2499923
2498680
2499369
2501425
2498081
2499654
2499033
2500506
2499520
2500728
2497745
2501890
2499771
2498849
2501013
2498307
2500257
2499096
2500857
2502904
2499233
2501034
2497283
2499504
2498170
2499617
2499950
2501674
2497744
2501512
2499087
2499553
2500759
2502018
2499048
2497990
2498959
2500731
2498403
2501822
2502543
2498431
2499419
2497935
2498984
2502123
2499781
2500937
2499951
2501077
2501561
2500832
2498069
2500974
2501493
2500468
2500169
2499485
2501012
2498486
2501084
2498772
2498300
2501776
2500455
2502785
2498605
2500890
2498978
2500679
2501243
2498481
2500845
2497337
2500207
2496984
2498822
2501598
2500588
2500653
2499273
2498020
2501358
2499416
2498445
2499706
2500395
2497790
2501001
2502443
2501103
2500187
2500617
2497698
2501474
2502158
2496703
2498839
2500947
2498895
2500858
2501044
2498187
2498595
2502901
2498154
2497873
2499917
2501982
2499343
2501524
2501180
2500381
2502093
2497290
2502072
2498675
2500971
2500057
2500667
2498018
2502035
2499526
2498618
2499448
2501221
2502267
2498414
2501006
2501482
2501528
2499559
2500082
2499383
2502637
