2979187
1887490
1998558
2210793
327226
1023190
211795
3583115
3988086
4669475
2340240
169478
1090529
1859507
4253991
2352686
4445530
627620
3365987
1828977
2330544
3301620
4048515
3795072
1249805
2343292
3856822
2897223
292158
1455431
869604
4211879
3510049
2382190
4449962
449620
1313156
4936211
4100766
1767591
3103124
2778448
1582077
4814796
2306812
1194314
4859140
3959313
498234
3038811
2117697
581258
4341832
2053347
635554
1415317
4453351
3631408
4239765
2398502
2011021
1267686
2045044
2012680
80228
2806729
4758204
4879481
3302538
753781
3446044
1578169
1528257
553398
2940412
3567305
286701
2308268
4328104
4256098
3044781
581729
1002530
2994418
2338567
4593782
4228267
1184741
638097
3278416
4009382
2339914
4981267
537877
4169623
1167421
3976980
52507
1674530
1615296
1616934
4496676
2997472
3670613
892717
552911
4363874
1653448
4424405
2209532
1032925
3707760
2577673
543889
211012
2828096
1673391
3587659
123120
1208872
1283361
3815741
1325823
1000228
786333
4487153
2807714
3765160
216202
2246753
2394799
908928
2465416
480545
4791784
299810
3764331
3458086
2350566
220985
1776633
2253901
2203508
1834102
3345536
2605262
2384927
3738817
2395633
2217864
2117410
1633457
865507
2667217
1674220
1170877
3329543
2886917
35401
2950799
427224
1859046
2434065
4410848
4071708
336369
3032489
4609907
3152098
2517281
4441931
2352388
3951962
4482757
2740212
3852046
2769666
2565698
1249874
4133099
3505744
1411677
357700
4046536
1492106
3107426
2356857
2490113
4370569
4730015
4805038
3479727
4270357
1505693
2712734
4172359
2615317
1945128
1627229
4334436
595693
2474867
4209788
4282075
2739034
4662480
842486
362917
2850129
300592
3770211
96260
1271555
3342347
2361167
1706186
2347358
2214588
351582
2650310
1897888
719528
4722819
589469
1303685
3259003
495456
3892588
2282512
2545096
4331358
3592509
642266
3067066
231474
101967
118851
4067693
2474239
2248204
4091418
287964
465869
3968995
3859411
2894050
1885481
2029272
445489
375093
1452577
3666198
3207695
502917
1301194
4098506
1009201
4688637
3822213
3542221
2309031
1852322
2245426
4235091
941455
1092758
1453720
1836115
4796129
183246
767571
902913
1185961
1621000
183124
362716
3757980
1624126
1787997
2117303
1762161
852927
4201224
3042036
572446
852875
465194
2376441
4931912
3250297
4706488
1002468
286673
237586
4885359
2945814
1346885
4795267
4771145
714992
705825
3974735
673158
60712
2927616
108363
2050974
3433689
2202160
1753936
2214941
1028428
4258593
1266883
1816552
1252426
3102568
3966612
1168534
1213517
3848235
3156601
4081383
331214
3466501
3344704
1926523
287148
944851
3190431
3410743
148948
3819753
2650210
2308679
3029508
4058380
4941663
3385178
3002592
361772
1978796
4337749
4615865
3777237
105945
2984497
1808743
3481814
559325
4688029
4297563
1584371
1328753
506299
1469236
2252380
746974
2292157
4617633
4023664
1504497
3882264
3081103
1765749
764187
1118125
109947
2414977
918237
4589238
2318258
1382130
3297942
4469797
3933102
3901102
3989144
4081800
2185933
3557593
4547372
2402839
3630204
674118
3258260
2394957
333257
3347240
4991765
3666000
3616516
50550
1366180
2550820
2183641
438307
3194943
813531
1322841
3595323
1223601
1724391
4873003
1979014
2759546
1340426
946867
1371430
1794484
427461
1404647
2466538
2136090
1866785
2248563
3383149
2912242
3229173
2671948
3388525
2573554
2353971
1348007
1810131
3911193
4071729
4265060
1303052
2525996
2626482
623240
1769291
3934803
2606571
4104217
406430
3633772
3432986
2754504
592306
3976841
381351
4703104
54306
854303
2160515
1952397
1819422
3908401
2986015
926514
4099725
4222424
4733793
233133
3094858
3854125
2220217
2831295
1212481
2971915
4448941
1465292
1149654
1476180
3863508
3143545
3327366
327854
3501182
4871677
2981016
4977240
3277185
4865851
4934776
2443248
4342583
1102022
4632877
3109131
915420
1805852
946551
1786862
4459540
3394222
16365
4432722
4952008
1681548
800184
3731026
4443392
2038062
1253749
4718416
642419
3049864
332418
3410256
4705610
2943595
4406130
637778
47402
1096268
2830714
1233568
1284609
1107676
1848688
1617920
2749113
4152539
1102347
1149873
4856221
269150
2608485
3017108
4767519
1032133
402185
215990
1580873
602232
1310486
1633514
4015561
3073473
4733822
3205020
2067374
1116077
2178042
2985069
1368028
2700948
182350
1104181
201399
3458413
4797676
2566743
1431576
720995
1980401
3299610
4758121
3180720
3839041
1023633
2762816
2556897
3430704
3477846
1580513
1154484
2459735
4286348
2429904
141491
3831183
483738
2972583
3040617
1568566
3153383
3759348
2891918
115165
674781
3545197
2711122
803867
2189421
1818278
3075256
3929500
4867206
3222467
411662
2299984
1176622
1999629
4998520
2582400
2299867
3715724
3496697
1965834
4973717
2256648
4861482
1386428
1196736
733925
2071146
1689191
2125157
1327500
1062988
1213822
4314113
3618712
2686219
4912625
3135560
4582102
4781510
4030960
3510531
1738974
3562328
1095551
3807154
370926
1054392
606055
4616392
570360
2741059
1181515
566988
4013022
2935291
2845514
2851857
3666458
611199
4704632
960461
3923312
2059066
1202643
873529
2624787
1609103
3159184
1861438
2993597
4990700
2917957
4990330
4634370
1025445
4557851
1087203
4433423
991316
3122670
735294
53210
2661029
1513456
4482422
4935419
4163697
2213148
3953992
4018404
1230387
3945469
1532790
4371500
691926
2878490
3241171
2294171
3946951
2396585
4551166
11707
1223957
587236
3506679
1940807
4226060
3936232
4320023
2451973
3440938
1834742
3298861
988662
1343048
627113
2485479
2706349
1244064
165731
3027324
2808817
1212927
4745556
4722164
4674878
3374206
2316056
3104379
452789
2062360
4891967
4584752
3547010
4689236
4227882
4627055
861707
3409374
218627
2223517
1760889
1967951
720413
4919905
1289462
4984549
4000374
752988
3344890
1309802
2471060
4359222
2785965
4914990
1000540
1469413
1265729
646342
4471661
1468244
4287431
4597585
4740814
4006422
3076387
533665
3958504
4868476
2005061
919943
2216117
2198824
3605782
1993858
4369664
1779138
2222119
3382891
4181117
4420308
4458539
3717668
2117522
1907085
4406363
4163153
3874128
3728541
3378878
1237261
4697225
3356891
3991570
4246772
2730501
3194134
2886486
1141647
411979
3522984
2241236
4907969
2325392
1864367
3415993
2734019
2447158
911373
2067976
983164
3348617
2092961
1673349
1032184
2967326
4224608
2104869
3958664
3035066
1996237
1616909
4774678
4911797
2471560
23337
3797647
2623107
3127378
3406272
4940867
4914078
3481291
4164800
17471
1638170
517370
1189203
4418240
1398926
2756878
1660689
3096308
2266747
4613307
3087162
3233185
3341062
4945152
1534804
1414929
1457652
1858782
3216720
3624105
3835242
3746253
3302272
3327709
4751047
573954
2713705
792160
4748015
4797804
4020746
2432253
3700140
4391934
3190701
1876389
767142
1310839
1040042
2231515
1115944
3888540
1841441
452499
2919897
1495306
4309703
3912178
3413683
1032587
3890654
3843464
4150312
1530530
3226474
4754567
419613
3461971
4069725
2136825
3948775
3451136
4115831
969449
3346351
3678875
4379526
4366389
4783168
4581657
1419566
360040
4375344
3437780
1485467
3668806
645077
2782755
3194676
2737826
4741700
2265222
4719930
4700655
498909
1092576
1483173
1386659
3322802
2187768
139603
1404332
1374647
4408006
1068315
4600355
2590589
4232409
647079
811468
2104552
142187
4405474
4859019
353980
3705796
4076179
4421624
3539362
3677414
376728
1086827
4009370
729998
4494425
4839543
91022
1187069
3910328
991121
4625047
1669462
4768252
956279
1491993
3339294
3553785
3381515
1389746
385535
4280359
1126520
2168755
2841829
32347
392521
2861168
4070817
673859
680871
2212209
2672551
3739766
2655027
3948325
4504537
4940828
3342519
3358989
4317229
4852381
2815048
4540789
3437945
402712
1067586
884050
681129
768608
699008
1558161
2185369
2315012
307659
2291782
181193
3063276
2029900
2942688
264365
4587288
4961668
4592680
289502
294970
491273
707976
157495
287100
3680709
20058
3885905
3643618
1945792
2246939
2226403
3685001
247888
3952801
1890036
517277
3127911
3288025
4214784
3594611
190896
2911210
3058867
2768185
4442223
12063
3030700
2859457
3851888
1173256
3589852
2370738
3428413
1551191
4432706
166272
4085639
4779
2435911
2909126
3198172
3928376
246503
61904
77971
4165206
2888698
4625565
1085812
4351780
3097232
2874246
3939681
1878683
509428
916947
2740806
2432985
3404215
3447684
2734183
1194629
4673147
951969
2795642
940104
416369
4734127
1948132
1541380
4453526
1680587
2739378
1698133
3218145
3834612
767958
1102510
701193
297545
1790693
3002380
3364596
3480278
217923
4669266
4953862
3307990
975888
33996
1638369
2377013
1990506
2255399
2244139
4954821
2025761
946591
4063808
4168262
4970843
152019
783821
4809182
3814507
80289
2524243
2335337
1380340
3613453
1879084
3108276
54521
2461741
757072
2669575
2949584
4050545
1117023
3185031
1879244
2248964
423311
1120515
3685444
704820
2573282
3389285
130792
178990
4789573
1881423
1929887
4138214
2973420
1040895
1657375
3646684
4206594
1904281
112107
1055934
2381198
1143811
2164837
3368778
1381716
3221264
3405634
4951530
424158
3203838
1050385
879060
2105163
3082962
107107
2114743
1560214
2460051
652640
2935876
516344
635772
503956
1292338
1420037
3840212
2780929
2465786
310092
4831516
2850454
1265201
3350121
2721114
2942939
2198730
3373059
797984
635176
1436709
185890
3589224
4537553
3360888
4412080
1777114
3979597
2560602
1920302
2649356
1186837
3924851
3625989
4649798
2815024
4340855
993967
1146026
2836824
4007090
3981569
3405865
4683146
734964
668038
4813913
3420055
874333
1241721
3962256
3367599
4737781
3228461
920289
3481171
3723905
58402
2642472
3960564
2003365
1511271
1689079
4389858
2252030
615393
1016766
1508024
4439138
330426
4935965
3179295
1751898
1632050
4297209
3494935
186830
4980083
3806358
516143
3284244
2780267
2599506
9332
2187262
4352342
2683057
3576705
1848345
3258424
3874132
2547319
272621
831285
4497540
2599036
4929630
379412
1697166
1774641
4247478
698776
3077355
1026153
535429
3036815
3088184
3560151
1652416
1575456
924500
62195
1112686
49234
1731268
2366866
13720
4506211
1335687
3309243
887546
80496
3556771
2874317
3454930
382667
3042527
2233558
22332
1219765
1828998
2733379
3757256
251037
1290018
812385
4571958
3593757
2570378
1685311
1410415
380582
51794
2058259
4710061
3639966
160401
1115871
3930763
3246443
4394607
2274250
3271953
2666946
3636886
3097628
591553
2966440
3838627
1501365
58587
390227
2667604
814164
1810413
910503
1866198
3301101
3964269
1743541
4083229
3736201
1680874
545672
3143732
1612221
3593238
4451077
743559
4025809
2816620
1234223
2551566
927052
366382
988372
2240794
2490402
3706367
3558504
2759873
2688564
552668
2998672
3091133
480444
2001931
4407218
4734628
3144347
170631
1931958
4983748
2805063
2409031
1716474
347241
627997
3133314
1248991
69922
4885149
2641934
3111692
461802
2847857
2253866
1270855
985969
14493
2553965
1065479
1293842
2079052
646943
3047431
3584005
875683
2526889
2704919
3590747
1363971
816987
1009807
4692250
1168182
4501270
1858921
1470272
4339994
2713178
202744
2415308
276237
4187630
2570095
1096657
111328
3668458
3889173
649854
3392297
1430965
3296508
2128762
2045691
3998608
4787813
456116
2300207
1816265
2002652
564995
4654881
2058809
2186775
673878
3175231
2644094
3664808
348429
2157430
2347486
2767028
1976616
279729
3539094
650081
838044
4939725
4910601
3141878
2891556
4683365
1127309
2975296
80570
3483242
689951
4977022
4206124
3261233
220248
4417634
1591383
2350619
1207314
1940922
3005206
3097191
1019449
2361348
1033432
4635138
562465
1597223
4428002
755635
1460757
504412
2115585
3024454
1612952
4835517
292554
391877
2587216
4777167
451684
2004404
2682628
79523
1407394
796791
3840788
4465324
648378
4141750
719095
3605630
4603541
606700
3624233
1976035
4313036
76663
2690082
4251312
4102307
4949968
4619918
4918631
1339481
2500420
3274690
592844
2211019
826633
2473605
3298532
1752210
254405
703435
771235
4373985
1832251
4293003
1293497
2400870
2229868
2697342
4128590
945689
357465
561549
3783514
4212235
4156947
4858437
2102950
843231
415446
387710
709142
3999205
503063
4641759
1983724
4230342
3181052
2399818
2947420
4924986
1568962
3479464
4300783
2395356
2976757
2598993
2704370
1355199
1257676
4265215
3720032
4517095
385200
3674085
354462
416520
3484151
4547713
4091167
2932405
1391010
405761
2790051
2914639
2414402
606721
1576475
1936699
652529
733533
4008237
1052253
1916979
3719715
606729
178400
812790
153941
3915467
1187244
1028356
4548696
1084910
65028
2555683
2969478
4696471
2710288
3428217
2920817
1349235
1768648
1726605
82943
987541
1226925
3271511
388096
1678414
2291958
4729040
487409
360875
1177840
3084681
3661575
2867987
1469051
486248
2015555
568259
1719437
1114397
788243
353757
1106810
501425
3934370
4695238
2392556
2597255
636288
3234540
1270709
517182
3488502
1737467
3142925
1569123
501616
2574682
4447169
2188213
2166079
1142411
394277
2534269
4352606
2298057
1766638
2357605
2836778
3390129
4588487
2957315
695718
635317
1434859
804338
3056156
2634496
3534434
4645597
660720
248629
715916
1340857
2842632
4373830
1442672
4040925
3995873
2605748
1274828
523878
626215
755211
911274
3331292
3489303
3393690
4390525
945137
4268658
1000382
1868128
4024312
3829484
440339
145589
2817633
3524671
1180641
2787182
4754456
2871006
3554168
1255407
2474394
3223576
1352025
803766
2067544
733681
4711043
2912967
2031008
2849057
3235489
564787
864840
4609819
2488055
3746994
3453216
806034
1334069
112263
4029706
1102531
4479058
2612415
1764118
3937778
705613
2442216
2347575
889148
71460
4502123
472498
1416096
29664
2793991
1958362
1899309
1537093
749779
2142045
171102
4743972
2472882
70876
405566
1763143
1223345
2876550
4664004
4926305
3560887
2685147
996245
275211
1357747
1267289
2005868
588811
1237615
1875734
1939140
2032939
3542051
3295854
2301121
4524343
1008493
3348298
3829888
394854
1920276
4194884
2643203
3327807
4290266
2701586
2699908
4287245
2070570
2936541
4448708
2338015
4454595
4258091
1217689
348775
1165588
2442132
4686731
3936716
2684656
4142088
404906
819860
2637485
4182557
2969798
4143400
993141
805408
4084468
597901
4532821
2270147
250191
4258712
2315727
4186402
2577928
683295
4096555
3262936
2504735
1478363
2920501
2464159
3982782
2766203
2699
1686579
417206
1702589
1391636
4285020
2572181
4162628
1937658
3389182
3112082
4744941
2656306
817326
32381
2899159
111027
2783071
1544418
3130264
17484
98042
2676662
4699510
3403169
1308419
1518079
2232083
435016
3846006
4565294
1294374
4899140
3999785
3612105
2432280
2877758
1567973
1584478
3984035
1022070
3209152
3544936
3127292
3780216
2628128
991340
3434877
2551884
3000271
4902193
3688234
4349602
2874897
3797326
2462621
3882807
1901715
4447737
4443806
3585924
2926408
3782210
4539334
4596510
2633481
2442546
3040517
2566751
4414176
119652
4160815
650288
10821
75115
112324
4127930
4011843
2840849
1997767
443519
3494217
180184
4116186
4183242
2152174
1119967
3405222
157404
1465344
4817948
3461659
3402357
2520638
944528
1491113
3611580
4776842
1680601
301204
3337826
1101552
2800900
4201497
4840582
1498459
2804854
2322330
281302
1369465
4832010
4738214
4729430
4138844
2701970
4444639
3020628
2107381
4221126
1394800
2946247
1730601
685509
625347
1782549
265051
3029999
320760
439919
3627801
3884999
3656705
3495695
315157
11533
1584218
4742669
3964852
3795601
1469307
1477445
1329104
1934781
3008650
3064116
943118
237500
2117112
2398533
2257451
1272791
2403547
2829721
2853843
4385306
941042
852658
433308
1478199
393265
898581
4554542
2956901
2213254
1015742
3366823
769216
681077
2719442
4979938
4604168
1456380
4971214
1355796
1936378
2517919
4729045
3924883
4268091
3889288
1547513
4566065
2842690
1885048
4961317
1280231
1638080
3061468
3423556
2137809
3778341
3079500
2458763
87436
3531993
3238602
3899296
3507319
4651682
2347459
1092155
4798046
802102
1763522
2581226
24426
321389
3759980
4081626
28655
1493925
1939034
2064899
2465524
3163581
2933688
2958714
3946045
2893733
61375
912543
3507952
1402659
2860676
4395742
2941323
1926661
1455172
3501809
3996154
4640953
2034088
4677014
3678604
2153317
480278
2909130
2055483
4297415
2722080
4816308
937029
2432681
2150701
911792
2497713
2580151
1398220
3906443
1149033
3936077
2247698
3540647
4364591
682395
93492
4977035
2511715
2254728
4814347
4627754
3355350
2496794
3782185
2797344
716373
4716833
92441
512419
667287
2071983
2746617
3587141
1696419
728508
3984383
183233
2552821
4997454
4525280
2991238
4811153
2070742
2221009
1192377
2705026
2188311
228040
3572498
1643036
4758157
799049
31806
4297101
3266363
2236832
4541294
3666618
3457322
4028796
4347031
1692673
451805
4158838
4523949
1478561
3264226
4781952
3566861
973503
1638612
3700743
3724726
3553236
1739648
233351
2290045
1695446
1945869
3616148
3473256
4637976
1763742
4911199
2896241
3287170
2197935
942623
1621291
933555
2469514
4831601
3230529
660360
4286248
3675415
2446304
2724755
4027225
1712143
3541092
1794113
4828169
3740134
3089541
4021138
2461040
2618504
1525689
2825869
1102362
1537134
3325584
1302708
1092270
4058075
2551968
1876375
649205
3575598
323881
3106981
4499676
1921366
390292
2385412
2232366
1760925
66384
4328918
4784985
2025387
4956606
205879
993295
662183
746665
528187
1956641
493419
1296048
370329
2002526
559557
818580
1728536
2022696
1644375
2935554
2255897
3639474
1726831
378708
3556978
4963351
950635
238190
880393
1575897
1238138
2126137
4254558
441240
2016033
2624407
2370191
4063494
4781622
2735758
4100839
4448921
4369804
1916300
2517996
2860797
965307
1093321
2997131
3089946
226081
3762227
683688
2818144
2960968
1030250
404287
2088893
389292
2132357
1679941
1712806
2569902
1345369
1445133
4186916
385798
4810410
4555142
4739228
4318163
4464593
3726388
706694
275690
3080270
3624503
4858231
1176473
1807248
370312
3174000
2970339
4657767
4494206
1217008
655619
4811108
1417674
1082589
4559880
1662401
4171087
4056178
4745481
1191925
1326331
4619009
2318470
2329738
776076
277954
725937
735364
1741552
686186
3965981
1032288
811015
223496
2814482
3787839
2268958
3680378
1472226
3154946
1247373
1391808
2872421
1895801
998434
1958813
2517762
426608
942330
2901522
2630190
539746
1685048
857298
238996
2834229
2930223
717387
1586470
3864908
2914572
807497
699966
2377383
4166513
783313
4282090
611721
263814
1167389
2619124
4891398
2059712
4563180
4445443
1975115
4676836
3524906
3113708
1137196
678964
887130
1986253
3104286
1923749
3671775
3506491
4532914
748290
595745
2313764
4997289
2750728
35580
1338335
2818227
3085507
994521
678085
2449929
3498808
926890
2690116
2642463
4865923
1241319
1649731
4993961
2726044
3799221
4361656
2743817
3418503
2158199
1266804
978126
204452
4671759
343821
1567683
4867881
4174158
101592
2995328
2698277
3673701
2347202
3475940
4970644
3873243
3846283
233943
481642
4025768
1785752
1107729
769277
3144025
1538191
2867513
2012498
93261
2872601
2731193
3231139
3444677
343688
4909527
2743631
3595151
55245
221238
2591671
1074491
2811377
1517017
3914215
2989500
2870022
4629265
4636514
617725
3726609
1919132
2515942
253958
2425672
4261757
1414347
127229
422306
996859
4338655
1049225
487405
4856748
2164747
1206
1317072
3044304
1184951
2729840
2813993
4116742
155967
1957577
1640762
3921599
4287942
997701
4277374
863624
792342
4230401
658438
558354
965759
672379
4978315
3877993
4816936
783872
4426540
3784280
3447653
4816441
1759837
3371256
3173899
2236507
655013
3832233
1719281
1776603
4826159
2430530
1290010
934632
2609389
1306084
522382
2653581
2688739
1900713
48178
2364320
921656
10182
1455329
3671531
2422585
4497534
4963418
1673090
3132193
4643757
1039040
3232841
2476247
327888
2049969
795246
4456015
1904519
611548
3697778
3159959
893010
1564959
3516887
2035440
3741069
2626338
4952152
3254897
3386873
1807780
4013940
1873682
1044666
2400050
4739997
3809492
429901
381887
1030458
2682607
527598
3559913
1262441
3276833
1605892
1759482
796044
4136069
2335396
1775495
4123702
2666722
4497734
3602414
3361730
751038
4839464
1027308
4428461
4700573
1987284
553222
4747702
1519321
586454
2579599
3566626
290614
48164
2263892
2035602
182069
525946
2641850
4772924
1624339
4296176
2859702
1454912
2580766
1961655
1283106
625592
4845247
3437397
3484041
590215
3372512
2757741
3041917
1853810
1134082
3509307
4637992
1301357
3367439
2350950
654451
1618230
1122928
3795345
838653
2659976
2456005
3815617
1303192
1198007
2334300
2428363
469230
564612
4187558
1816804
1879211
44602
692026
4909311
404760
4157456
1834552
3456961
3996892
707861
899251
4775206
1967522
1999885
1210966
3564900
1671331
134337
333733
4196480
3890861
2189515
3479813
1839647
4255611
4822388
1160038
584907
3010796
1750392
1995706
602445
334677
2926162
4206685
1419409
644326
3664967
1016545
279438
3686537
297279
3529356
3661170
491156
1522632
3279231
4564205
455542
1773591
156166
2964452
3987948
180639
2149231
2464978
1238641
3171194
3703526
1669856
1167984
4678709
2637040
2658254
4014715
3246287
2590181
1829907
4500527
272285
517727
706921
4158610
3807782
4127760
1088156
1727388
3510431
2408592
4979864
2681863
709488
3547135
955779
3415425
4550163
4632862
2318712
1332720
4137315
879923
4896135
3526237
3030172
3100552
1637149
3484770
3332654
2946188
3420041
269957
665163
761556
3396859
2695503
1968602
793631
542859
111820
2164117
87151
4053468
162290
3079297
1989233
3138124
2673278
2475492
4111903
3080009
246290
4484559
3694910
4009295
617187
3936237
3558109
2539181
3858738
777813
2417315
1708468
3239591
537720
1150960
4291016
292702
985720
908894
2365760
1414205
744528
239851
3446551
3148167
4053072
47727
177303
2486019
3589939
758549
4037909
466547
1442224
2310174
2447119
1574069
17787
1712018
1940123
3507951
4742963
3463421
1068530
4541537
301434
3155446
1883929
2009664
2179623
281349
1104478
4165024
980414
3241232
2335176
3628479
396728
3311267
1865798
3633829
721828
1998369
3076565
4378109
2263882
4426518
2896146
1912267
3649477
569373
2099188
1669088
2853848
4561831
2559184
1596633
1726223
1214035
3116762
3176517
4901516
52036
2528181
4109612
583829
1791172
3899846
4712169
1386890
1528468
3716526
4920583
4854613
2631991
1992606
3309581
4288533
4989963
2939328
1445451
1654727
2185478
1664064
1333873
3900250
4692922
1141124
978913
1492040
3575565
4402241
4857166
1571693
2049302
4057063
3092991
812374
2877573
1676002
4519954
143104
4249226
2209828
2617616
1264975
1486970
4686775
2152548
4029495
2196659
3874507
1049778
737989
3754559
1633379
4792259
193442
1791697
1307006
1516962
4189711
3513358
4748134
2437382
3196179
3676123
1369457
994556
1156982
4825552
3030206
312108
3125598
3337981
2549988
2583276
4143719
307957
3220655
120571
2446948
3854283
3107357
3105525
838233
4424209
2770104
4338955
4394280
3167568
3189670
941690
3702888
3899207
2630769
2251393
2998676
1061918
4609154
3955702
1286313
625188
4189286
3829561
1602822
2824299
2591678
520530
4430272
1640363
1318498
201139
3690829
625151
2490456
3668656
4465714
745661
2566598
3613454
4272475
1795554
1738625
4101003
1287416
3218466
2055645
4290934
1089906
2036069
1621346
1032037
80270
2278776
833820
2569133
4796522
3562446
4624465
2144034
1414856
2032836
3453989
431024
518409
2632973
4091069
1870065
3178103
3532884
2035980
1021191
553593
4543714
2567957
2923637
4835657
2905296
2609669
4346932
1704770
3535940
3608078
2422241
2971926
3961165
2060863
576480
371886
2140021
1975705
4125110
2474433
3761638
796178
3395403
3174284
854782
3113076
2465626
3269624
4706871
2779834
3224949
2212888
1279972
4184161
962552
3382609
36599
3614056
2832417
2767274
3492201
3148745
3556542
2586654
45575
817205
318307
3046529
4449663
1319164
4589129
4647877
2438488
4533281
846320
4113778
4786687
4192997
652082
3562341
4867635
1361647
4040583
3221381
3937048
3551
61749
2938839
2488805
1543864
2166726
3164060
383612
183965
23905
2240639
1571429
2743916
3425067
1248784
4945071
1592899
1427981
3156977
2790324
724628
4695515
1752850
1344003
1488840
2339490
3990987
4088097
940312
2530222
3463258
4227083
983497
2720544
89453
4265034
1072872
4950690
4333208
1631784
1703235
4108521
3115387
4998611
2378736
250128
1274310
2783450
53988
1679373
176354
4737005
4695650
1298939
4185862
2942174
2923627
435665
4182160
588552
4374157
1432216
1430655
3379307
1402267
2722434
2044622
1761841
431217
1462529
564920
124040
902525
423310
3112778
3113104
3566161
3676697
2811579
196177
4865438
2464968
4424739
3221136
2022210
2118297
3542853
4851229
3278484
398625
2829726
4043539
4197955
116208
4803467
2653101
247131
1746623
803169
253630
635229
2302426
2636686
1147280
3929655
2442761
4077879
4766505
2939911
2845846
3748695
710332
60164
4652224
2580299
2330946
3088642
4636487
1156666
3986657
27080
4775336
3047159
277629
12060
2594378
3536686
4253441
2460083
3671988
1965254
2690403
4994501
4199266
2650638
2689755
4939947
4317
3528325
2362637
2588979
562058
1545273
2696593
1228918
3360563
4642446
643414
3822060
2876198
3085042
2331942
3694756
104296
3428114
4062777
2402931
2016728
1480329
1034217
1672092
1997722
2864844
3096147
201925
2592900
4045781
1564243
2913849
1259100
2204902
1455961
4511297
4700482
4306068
4784343
1543592
3427927
3683223
316124
2359382
1732049
2585472
1906328
341267
1969608
1193821
3425827
732572
4348948
2121119
716076
4533475
198512
47815
4083578
2364927
3949320
691186
3893555
3999338
3443523
875834
2902347
2351011
3196900
111061
100346
1978222
4609237
4400040
922495
3982898
2946656
1751870
3985171
1227984
1155927
329818
2748834
4223014
209944
929840
2572254
4903801
2152336
2050977
3648257
2136680
2849963
2071425
3171759
2439700
2493509
2271881
1207779
1571288
813127
2535973
4246014
117795
1443744
1642411
1921108
2795551
336021
3573179
621184
3321101
3862583
3668536
3165163
4952880
1949597
3910282
3270047
3445378
1939717
3028396
1570105
889342
4349580
4097243
1060107
91827
59897
3692586
2692919
3882644
1649727
4891262
3450709
1475795
1973573
1981815
2267503
3264484
3633956
3233199
3769179
907617
3185828
2001757
2044270
2367096
4877289
1723351
1907652
2691737
4031899
1652998
2152943
2119200
3057674
365013
3256328
1610949
4662305
3078393
2655189
1908973
4532270
2593973
1305434
2575207
4026323
94541
3046998
3564250
3633954
527097
4777685
2756950
1792805
3345763
4943099
2962455
749204
515062
4575551
3937772
3362813
1717346
805270
4281337
786554
1920389
3803198
1436574
3489351
1432280
945530
1355883
206592
3996097
2318496
3477227
3044697
1279552
2959501
924986
2981350
426891
1480348
743885
2343056
463410
949396
196298
4941487
1728143
218224
708109
2090311
1318257
3114602
331818
2354530
4049771
173770
481728
3854708
2901728
4265830
4107063
1884039
3162332
4829942
170477
2797872
4521676
4626498
1257636
4176369
4006031
846643
1776885
2623931
209913
2069087
2872829
2148408
2820406
583476
110686
2296386
492523
2305413
2951048
4255392
3444081
2781505
3130074
3774603
541918
2815028
2650874
304539
2204771
1351115
4167726
149794
2080094
2066303
4069386
4147083
3757874
2980020
4331648
4619769
3168132
2830156
4807004
4809942
926862
2682767
4718477
1459833
55164
2405615
1817195
2578556
3849991
910090
2683810
2486246
3443213
4039673
4708065
3586318
3126020
1082780
3514833
4604325
3357713
4513672
969377
797948
4932588
3915394
329500
720092
1442542
1658916
4434198
1601636
766302
4153597
1651960
3382194
3008597
4510660
3242480
528403
696288
205903
1859670
3234883
4164811
3253679
2374885
3406820
4641086
2999218
2382970
1052133
3535809
2633896
4731817
257293
4247236
1690409
3007189
2228187
177787
1606926
14201
1654955
114300
2100418
3117090
1170281
4565431
1582722
1772685
453384
936743
1646545
2495412
3656929
1392111
4514120
1205900
790075
1606890
2372343
4991633
2747879
4396968
3989195
1290041
776519
4651296
1918772
1546052
4375
4303017
4502067
1354462
1561831
3665743
1678320
1019011
2196879
767669
3236095
1996222
4040538
4426489
1058961
1125258
1664002
3595555
4281405
2488610
2671746
1290748
4537729
1865614
3642186
1104143
1298273
305667
3073271
4488849
2498814
1092277
3447520
2069530
4626982
2242701
1243093
2615659
613922
4386589
3744829
1268848
1275076
3641702
945514
4856027
3374097
4429352
1149883
151650
1491332
4360284
2796590
762999
4026164
2718356
267298
3612900
3371373
3384261
3247241
4137831
2411866
4377545
4471839
779064
593840
3713828
4193854
4586696
3471231
808210
4308849
4720805
135686
2161235
2723956
3260931
2484985
375284
3401098
4626545
929308
2940297
692444
3647176
2604730
3080438
458724
1165162
3387917
4959798
284375
4022907
3069391
2967776
4204242
4829677
2599524
864186
3338156
4214106
3291401
4514258
1785106
3995926
4729571
3303036
258644
4403876
2753302
4521362
3276527
3135588
101722
3301157
2183934
3307627
1111665
3532269
3286696
3864610
3690203
4400743
1082873
3267717
1293912
4402562
3440292
59953
2267355
2427733
2318795
4661836
3505055
3166435
915136
3127277
1527103
3627645
821055
3936957
4204056
2143549
3396160
701719
734992
3424734
2407445
2062896
802622
3606999
1703011
3949185
638938
2743290
1918519
833716
1136494
192758
1669811
584970
2951955
3332928
3891619
1679458
3989948
3157551
2033235
2002258
2777023
3278703
1479608
181739
601634
1525237
4287232
1599003
2464806
3325525
2020744
3858444
533776
3263749
3735962
3924826
3629917
3154180
1814769
4586383
4739594
2132706
1923032
2749184
1068244
4632765
4775585
464021
3348227
2106833
1919622
3756123
4986765
4141771
4920031
1926197
721274
1649588
133937
2408579
3679957
4047982
3896819
3646459
2403199
4382414
2068333
4485461
1262701
4828441
2880808
4887800
1709541
4891873
4344026
3226419
1327814
1223056
1804974
1106697
256014
4317852
1087666
1401674
1000494
4173963
1807829
4949551
3448043
4655423
3632511
4039870
1525765
4125975
3602111
2312393
1657558
4076507
1777785
2782518
1931619
4225285
3608836
1826791
4593959
2316871
2980681
1538825
1447187
3430178
1562403
4825069
655356
3978139
4401364
4286525
338242
1040808
1058781
3117894
4851320
2721994
1315923
1628077
90732
4836013
3337754
3094464
2791179
3668836
451848
4119788
1233036
3561092
1573103
1034464
2174871
4943420
2958296
1782793
3429566
1418020
2162518
4979977
382108
302459
3123137
3016191
2290691
502313
4752438
1028294
4103779
552571
750094
3075193
3939357
2670716
3246569
492287
2216649
1837578
4192264
869176
2599828
813726
230210
450908
1949459
697578
1213000
3322682
907578
1369190
3721125
3035650
4722731
2998387
917801
1020742
2878380
4241022
3067254
73968
3928568
1019792
2866994
1988861
763787
2697840
1705301
3405296
4171555
308476
1009950
3481625
4246777
2846612
2371864
3516014
2004002
4235181
4758248
2316146
3670923
2145229
3532510
4524339
4308760
4981318
4847295
1848440
3208973
1116316
639653
3986321
212749
3044427
689105
3023726
1160609
3919867
1140911
1113286
2888457
4226212
1802378
2070830
4709595
4701970
183711
1341371
4106442
94606
3077090
2413571
4417958
321353
1103289
2971071
2520860
3459749
2016451
4274217
4577471
3154155
2963021
2626258
1895447
546824
318566
4453154
1978176
2323051
2704568
2388666
3355521
2131312
2442692
1432447
2041465
57511
497230
3048377
181240
4855725
4179599
1123634
3155339
371137
4772070
2406348
1134720
3008294
145748
242708
2802012
3746720
2373374
2796722
3338687
3301318
2512439
1928024
1863491
4912719
528550
1003005
526011
2054560
255000
2251509
4856138
3623474
3855426
3011528
3152939
580953
1960750
4958170
1146171
1968104
4816043
4072703
4278306
3832625
1737565
2528945
481870
1793258
3498169
2477085
497612
854481
4596983
4710525
685178
2563976
1500085
4976187
4020007
920912
388943
138624
1774929
703196
1027085
1828906
1091437
126466
25276
2987164
3657894
2660125
1787905
2860274
2925412
2695772
1916537
2872046
157796
478090
2191100
4503250
4847275
2598792
316373
2509617
3400830
3729988
2600054
3662199
346318
1639647
1542277
3659876
3266937
2809100
780132
3877449
1709771
1240197
4290318
4796805
617023
1249464
1374759
3304929
3519605
1184308
1873020
4533417
1018219
1589765
1419391
3059225
3385423
2228521
4632230
4831894
2702311
4241184
296242
2302321
2360012
1044725
308243
2737359
2010826
3248752
1798080
4499590
2841093
4232598
2902949
4748558
4106310
1886289
393206
652038
3717804
4718527
659342
3598959
1593333
1065843
995161
4364741
3489454
3075378
3542615
765672
4397280
426206
1376420
30530
1379526
1006082
900610
1070401
147344
2560514
2621084
14971
3842916
3111066
492560
860643
227563
3639533
2161221
1459307
4783025
2755964
2227484
711596
2748865
452851
2949181
1582548
2596954
4921254
2283895
4894575
4746373
241887
499010
4458350
3911612
2207230
2381232
3031727
164905
4565164
2672736
2697773
3432329
3876834
2422133
2945455
1312013
1902888
1252389
3783704
1466319
36980
2162876
4581665
3078495
502284
2489559
4392158
337729
1574134
2734967
2031118
2114863
1398391
601451
1880430
2923039
591032
4519491
164125
1229483
1666634
196449
13018
1977762
1371552
4018286
2832175
2998636
2135328
1449780
3479616
2771434
1394571
371251
2005055
4815723
4028482
389577
4517984
4080483
4522495
3905835
4497590
61592
301795
2983578
2944555
3100929
1093256
3471945
810808
3804249
1929093
1109118
1246645
3169131
3538884
3672263
4151431
3231548
1169188
2787403
694200
3443215
3650139
3905680
3568038
1560845
3462815
756568
4147172
4466862
2613455
1840205
3480483
3060179
2903436
4403784
2547434
4811245
2369784
1363767
2244327
2355654
3442210
3224143
1282558
3070203
3559528
3236035
355876
4867764
2831116
4817277
263094
4539437
1804283
2294903
2361199
2812336
3355161
717074
2450003
4060853
1092429
2550
2280350
3190884
3250380
4353358
4206281
3243430
1589461
2661869
279604
2545918
3182109
1085849
2090561
1068908
699718
2008754
323524
4587543
1019636
2283615
1045064
835529
2991950
4101675
2897365
2366497
1730439
4996081
4780546
3501314
2715138
2596256
4694279
2050478
2971492
30780
2020705
4001888
2949313
2521497
941231
2119861
1921624
3930685
16169
2763213
1939745
4662235
1647012
2327621
227484
4142314
4813678
730486
3722856
798594
1993316
1264624
3411631
3695383
4966044
1614383
2774125
108309
1931008
394442
4688127
419083
4675891
3058777
4752016
2515183
1300913
853315
137572
2018464
3015751
3566583
3167668
4358969
4582833
3627211
1240900
4267732
1789337
3349026
4362866
312058
273231
477130
2172371
4253878
1101275
1556260
2575162
2165879
3411897
1764161
3145626
39509
4677915
1583584
3677015
344539
4944540
2736258
1023584
4152429
4873461
2892425
950928
1137634
545161
1284485
3034045
2048956
1652037
1023899
2448158
3140264
2072664
4512147
2493186
4888657
3832095
1081153
3471335
4303453
261619
4848049
3329962
2379584
3456692
2324994
102337
3104871
4930823
4777122
565117
3077051
2705988
3024160
1353645
3609506
3970203
1756220
4352989
1503711
4272780
291882
1027094
4921876
2622359
1772596
199959
636093
1784999
974186
4187233
462371
2057670
3967531
1323450
1273824
3402365
4447559
2081615
2592251
2430220
1405927
4143405
3457844
2652519
1171689
4141117
32426
340463
2789121
4027361
2983491
1057578
2157661
4531138
3801674
2194576
4850143
1262166
4017192
1853203
1310649
1030799
4570864
3443772
1780997
912574
540463
2601692
3720298
4921684
2314827
3028073
2583334
303965
2637802
1578950
1999600
3664038
2730822
3434154
4201739
240281
3529822
2753737
2474987
1771381
3482505
4035106
2507065
632937
752336
850699
4084782
3500799
4467725
2348080
4843696
4059185
1257309
3949869
3354169
4264045
653046
2282491
4505767
323269
1998066
487750
729178
2665393
3038911
4791052
4787988
4939268
479116
2372902
1195686
4341481
4516915
4833442
3449569
2721239
3333986
4754080
570042
826936
3382301
3764304
1051138
2347537
2589442
1297618
2734532
4376057
305935
1130235
4382683
1583576
2933650
1799294
3966354
56658
4345279
2773519
3423754
2208130
3323082
4524418
1212240
3747091
2237710
36915
2999255
345276
1391000
1310962
1216021
2223702
1414794
1550077
143559
2081737
4105460
2683983
844516
4755143
1035420
178053
2604932
207728
3679643
2325508
3115768
4925085
3370445
2606893
48318
2677676
3159153
4694957
2840822
3572216
1242624
2712835
3157984
3624521
913313
2108995
2162712
2823539
4476825
2872428
4690883
1034359
4729991
4117057
2358187
4747343
1832619
1169656
1669354
1667427
1508176
48844
4101463
359970
4152106
2944860
4018342
1378087
2286132
1007158
2201169
168118
2988574
2088900
3997370
2020154
4096256
3439966
2846476
1033204
301642
3132761
2463790
3590657
476280
4227259
613549
2190291
180986
198275
1069941
4193613
871023
2248693
2239135
4417196
3972022
257204
2147759
3566494
962464
158497
372136
4410908
4838474
1661130
2164924
3733153
1370252
334720
4714990
3995089
540799
2377458
1597227
698651
1008769
1262366
4708654
3710894
2942920
2547794
4350991
4127498
2635817
3920644
1766441
2069894
1613326
2783755
1064771
3507031
2307463
4084237
3454210
4339293
4621042
3485130
435066
1820028
2596457
4986199
2014907
3743042
4325826
3546130
372955
1179592
677390
2592512
51671
3401905
1146441
1913407
2153275
2926276
310840
4714702
2377229
513887
4996914
4778657
1730067
2685766
4718398
560589
1803817
3978375
3108229
86235
4105643
3886250
3540670
4441403
1419458
2146519
110839
1069863
2255661
1483462
2218841
333752
1806985
347084
2855702
1914814
3981193
2023095
4575117
2215047
2842433
4709160
784229
3421207
482617
4811008
3061829
1520595
3259036
3981254
4161285
1067404
1593636
2063260
418565
4873897
3670237
519033
1945226
745310
4861561
1546830
66353
780578
356798
4527524
3225446
4953920
3919027
1032378
4994946
1812818
1998457
724291
4354605
4673778
2250576
3256518
91577
4246412
2553963
2244634
2170887
3260576
4143531
891056
2651013
937143
1069692
785420
1316961
4091554
1327337
4929932
3838071
4615863
2576149
1860658
2477982
4274529
3482614
3912139
1095874
4032289
3515588
2695384
4335180
4333668
4517611
4864191
3642739
2076720
1183785
2508873
1478757
1292931
1676410
1369052
749776
1630930
3399283
4125245
2963616
799240
3822336
4860774
2407492
4840077
1409329
4446754
885920
4451580
2217711
1902930
1582495
1943026
4953440
4296975
3847467
2300499
3564053
2745031
2040667
4295067
2061090
3981227
4501112
3735154
3619448
1763105
412591
2385809
4262033
536379
2486324
3045549
1333816
298921
3709486
727802
2874467
2656728
3342415
1010203
476990
2216247
2149796
643407
3281503
4673388
3782370
3848991
2519531
3071884
4098282
3415793
2747829
3675325
3973100
4007749
383794
3256674
169159
3189215
786871
2222038
4889625
4787855
3582112
2442790
2847276
3109394
1430821
2384079
3992826
1790645
2547186
2371228
4635723
4473358
1073503
555256
770597
3954863
266625
8968
182620
1146817
227645
3508984
1852803
3344436
4254207
564436
246156
4861103
141056
2219012
435555
4260028
3806653
1257642
833144
540549
396145
927219
4931716
739850
360214
739043
1694288
507554
4441293
2221242
150283
4858685
4209819
382857
3709124
2824139
2883527
2574789
3390761
4202883
895053
4944033
4652071
4107998
2853247
2391954
3926838
603217
1292710
4606983
3975490
1383371
1543407
4806591
4256576
4478227
138921
2517126
1496499
3558151
1849209
1132285
2962115
2689825
3011924
726040
4813252
2732867
2135971
1901360
2058560
4699148
4047070
2784539
850789
1060276
1469458
378771
2109978
4658141
312216
496988
4090898
357949
1008404
2215026
1112737
362057
4318288
1777789
3139388
4178520
4310191
44581
3049544
3968382
1128259
4740527
2287797
2433802
1601137
3001130
3698639
4649056
2186609
769374
502730
677596
4591020
2525386
4768811
1650743
2110642
1151358
427270
1330757
1855385
4642735
1488281
4376570
4861536
289019
4322111
2181426
495323
3094243
4007946
2313507
3609489
905626
3021471
1122304
3672281
450274
201849
28734
3749752
3731360
1193146
3308872
399210
760544
750569
4482621
1200001
2967799
1719560
